-0.000526433,0,-0.000496482,0,0,0.9
-0.000526433,0,-0.000496482,0,0,0.9
-0.000526433,0,-0.000496482,0,0,0.9
-0.000526433,0,-0.000496482,0,0,0.9
-0.000526433,0,-0.000496482,0,0,0.9
-0.000526433,0,-0.000496482,0,0,0.9
-0.000526433,0,-0.000496482,0,0,0.9
-0.000526433,0,-0.000496482,0,0,0.9
-0.000526433,0,-0.000496482,0,0,0.9
-0.000526433,0,-0.000496482,0,0,0.9
-0.000526433,0,-0.000496482,0,0,0.9
-0.000526433,0,-0.000496482,0,0,0.9
-0.000526433,0,-0.000496482,0,0,0.9
-0.000526433,0,-0.000496482,0,0,0.9
-0.000526433,0,-0.000496482,0,0,0.9
-0.000526433,0,-0.000496482,0,0,0.9
-0.000526433,0,-0.000496482,0,0,0.9
-0.000526433,0,-0.000496482,0,0,0.9
-0.000526433,0,-0.000496482,0,0,0.9
-0.000526433,0,-0.000496482,0,0,0.9
-0.000526433,0,-0.000496482,0,0,0.9
-0.000526433,0,-0.000496482,0,0,0.9
-0.000526433,0,-0.000496482,0,0,0.9
-0.000526433,0,-0.000496482,0,0,0.9
-0.000526433,0,-0.000496482,0,0,0.9
-0.000526433,0,-0.000496482,0,0,0.9
-0.000526433,0,-0.000496482,0,0,0.9
-0.000526433,0,-0.000496482,0,0,0.9
-0.000526433,0,-0.000496482,0,0,0.9
-0.000526433,0,-0.000496482,0,0,0.9
-0.000526433,0,-0.000496482,0,0,0.9
-0.000526433,0,-0.000496482,0,0,0.9
-0.000526433,0,-0.000496482,0,0,0.9
-0.000526433,0,-0.000496482,0,0,0.9
-0.000526433,0,-0.000496482,0,0,0.9
-0.000526433,0,-0.000496482,0,0,0.9
-0.000526433,0,-0.000496482,0,0,0.9
-0.000526433,0,-0.000496482,0,0,0.9
-0.000526433,0,-0.000496482,0,0,0.9
-0.000526433,0,-0.000496482,0,0,0.9
-0.000526433,0,-0.000496482,0,0,0.9
-0.000526433,0,-0.000496482,0,0,0.9
-0.000526433,0,-0.000496482,0,0,0.9
-0.000526433,0,-0.000496482,0,0,0.9
-0.000526433,0,-0.000496482,0,0,0.9
-0.000526433,0,-0.000496482,0,0,0.9
-0.000526433,0,-0.000496482,0,0,0.9
-0.000526433,0,-0.000496482,0,0,0.9
-0.000526433,0,-0.000496482,0,0,0.9
-0.000526433,0,-0.000496482,0,0,0.9
-0.000526433,0,-0.000496482,0,0,0.9
-0.000526433,0,-0.000496482,0,0,0.9
-0.000526433,0,-0.000496482,0,0,0.9
-0.000526433,0,-0.000496482,0,0,0.9
-0.000526433,0,-0.000496482,0,0,0.9
-0.000526433,0,-0.000496482,0,0,0.9
-0.000526433,0,-0.000496482,0,0,0.9
-0.000526433,0,-0.000496482,0,0,0.9
-0.000526433,0,-0.000496482,0,0,0.9
-0.000526433,0,-0.000496482,0,0,0.9
-0.000526433,0,-0.000496482,0,0,0.9
-0.000526433,0,-0.000496482,0,0,0.9
-0.000526433,0,-0.000496482,0,0,0.9
-0.000526433,0,-0.000496482,0,0,0.9
-0.000526433,0,-0.000496482,0,0,0.9
-0.000526433,0,-0.000496482,0,0,0.9
-0.000526433,0,-0.000496482,0,0,0.9
-0.000526433,0,-0.000496482,0,0,0.9
-0.000526433,0,-0.000496482,0,0,0.9
-0.000526433,0,-0.000496482,0,0,0.9
-0.000526433,0,-0.000496482,0,0,0.9
-0.000526433,0,-0.000496482,0,0,0.9
-0.000526433,0,-0.000496482,0,0,0.9
-0.000526433,0,-0.000496482,0,0,0.9
-0.000526433,0,-0.000496482,0,0,0.9
-0.000526433,0,-0.000496482,0,0,0.9
-0.000526433,0,-0.000496482,0,0,0.9
-0.000526433,0,-0.000496482,0,0,0.9
-0.000526433,0,-0.000496482,0,0,0.9
-0.000526433,0,-0.000496482,0,0,0.9
-0.000526433,0,-0.000496482,0,0,0.9
-0.000526433,0,-0.000496482,0,0,0.9
-0.000526433,0,-0.000496482,0,0,0.9
-0.000526433,0,-0.000496482,0,0,0.9
-0.000526433,0,-0.000496482,0,0,0.9
-0.000526433,0,-0.000496482,0,0,0.9
-0.000526433,0,-0.000496482,0,0,0.9
-0.000526433,0,-0.000496482,0,0,0.9
-0.000526433,0,-0.000496482,0,0,0.9
-0.000526433,0,-0.000496482,0,0,0.9
-0.000526433,0,-0.000496482,0,0,0.9
-0.000526433,0,-0.000496482,0,0,0.9
-0.000526433,0,-0.000496482,0,0,0.9
-0.000526433,0,-0.000496482,0,0,0.9
-0.000526433,0,-0.000496482,0,0,0.9
-0.000526433,0,-0.000496482,0,0,0.9
-0.000526433,0,-0.000496482,0,0,0.9
-0.000526433,0,-0.000496482,0,0,0.9
-0.000526433,0,-0.000496482,0,0,0.9
-0.000526433,0,-0.000496482,0,0,0.9
-0.000526433,0,-0.000496482,0,0,0.9
-0.000526433,0,-0.000496482,0,0,0.9
-0.000526433,0,-0.000496482,0,0,0.9
-0.000526433,0,-0.000496482,0,0,0.9
-0.000526433,0,-0.000496482,0,0,0.9
-0.000526433,0,-0.000496482,0,0,0.9
-0.000526433,0,-0.000496482,0,0,0.9
-0.000526433,0,-0.000496574,0,0,0.9
-0.000526433,0,-0.000496854,0,0,0.9
-0.000526433,0,-0.000497307,0,0,0.9
-0.000526433,0,-0.00049792,0,0,0.9
-0.000526433,0,-0.00049868,0,0,0.9
-0.000526433,0,-0.000499573,0,0,0.9
-0.000526433,0,-0.000500586,0,0,0.9
-0.000526433,0,-0.000501706,0,0,0.9
-0.000526433,0,-0.00050292,0,0,0.9
-0.000526433,0,-0.000504214,0,0,0.9
-0.000526433,0,-0.000505574,0,0,0.9
-0.000526433,0,-0.000506989,0,0,0.9
-0.000526433,0,-0.000508443,0,0,0.9
-0.000526433,0,-0.000509925,0,0,0.9
-0.000526433,0,-0.00051142,0,0,0.9
-0.000526433,0,-0.000512916,0,0,0.9
-0.000526433,0,-0.000514398,0,0,0.9
-0.000526433,0,-0.000515854,0,0,0.9
-0.000526433,0,-0.000517271,0,0,0.9
-0.000526433,0,-0.000518635,0,0,0.9
-0.000526433,0,-0.000519932,0,0,0.9
-0.000526433,0,-0.00052115,0,0,0.9
-0.000526433,0,-0.000522275,0,0,0.9
-0.000526433,0,-0.000523294,0,0,0.9
-0.000526433,0,-0.000524194,0,0,0.9
-0.000526433,0,-0.000524961,0,0,0.9
-0.000526433,0,-0.000525581,0,0,0.9
-0.000526433,0,-0.000526042,0,0,0.9
-0.000526433,0,-0.000526331,0,0,0.9
-0.000526433,0,-0.000526433,0,0,0.9
-0.000526433,0,-0.000526433,0,0,0.9
-0.000526433,0,-0.000526433,0,0,0.9
-0.000526433,0,-0.000526433,0,0,0.9
-0.000526433,0,-0.000526433,0,0,0.9
-0.000526433,0,-0.000526433,0,0,0.9
-0.000526433,0,-0.000526433,0,0,0.9
-0.000526433,0,-0.000526433,0,0,0.9
0,-0.0107251,0,0,0,0.9
0,-0.0107251,0,0,0,0.9
0,-0.0107251,0,0,0,0.9
0,-0.0107251,0,0,0,0.9
0,-0.0107251,0,0,0,0.9
0,-0.0107251,0,0,0,0.9
0,-0.0107251,0,0,0,0.9
0,-0.0107251,0,0,0,0.9
-0.045,-0.0108383,0,0,0,0.881
0.00781023,-0.0104954,0,-0.0114778,0,0.901
-0.0041673,-0.010545,0,-0.00979787,0,0.901
-0.00449836,-0.0104261,0,-0.00947693,0,0.9
0.00326281,-0.00969866,0,-0.0102312,0,0.9
0.00549588,-0.00905108,0,-0.00928552,0,0.9
0.00491353,-0.00858211,0,-0.0078671,0,0.9
0.00589853,-0.00782544,0,-0.0065919,0,0.9
0.00391635,-0.00757791,0,-0.00518473,0,0.9
0.000730056,-0.00776797,0,-0.00359129,0,0.9
-0.00363258,-0.00857196,0,-0.00290869,0,0.9
-0.00345736,-0.00817558,0,-0.00353125,0,0.9
-0.00297456,-0.00762981,0,-0.00451764,0,0.9
-0.00289484,-0.00730795,0,-0.00532618,0,0.9
-0.00366388,-0.00729158,0,-0.00604323,0,0.9
-0.00266054,-0.00640071,0,-0.00742873,0,0.9
-0.00460252,-0.00713807,0,-0.00827286,0,0.9
-0.00549016,-0.00740222,0,-0.0104581,0,0.9
-0.00600764,-0.00751134,0,-0.016658,0,0.9
-0.00566871,-0.00704185,0,-0.016658,0,0.9
-0.00513893,-0.00641062,0,-0.020001,0,0.9
-0.00387772,-0.00516009,0,-0.0252858,0,0.9
-0.0032861,-0.00438631,0,-0.0252858,0,0.9
-0.00392824,-0.00469594,0,-0.0264866,0,0.9
-0.00358379,-0.00416852,0,-0.0284972,0,0.9
-0.00420755,-0.00321831,0,-0.0301988,0,0.9
-0.00474243,-0.00304367,0,-0.0333663,0,0.9
-0.00478703,-0.00291044,0,-0.03703,0,0.9
-0.00552666,-0.00282213,0,-0.0412349,0,0.9
-0.00479706,-0.00278229,0,-0.0462605,0,0.9
-0.00226008,-0.0027803,0,-0.050921,0,0.9
-0.00226008,-0.0027803,0,0,0,0.9
-0.00226008,-0.0027803,0,0,0,0.9
-0.00226008,-0.0027803,0,0,0,0.9
-0.00226008,-0.0027803,0,0,0,0.9
-0.00226008,-0.0027803,0,0,0,0.9
-0.00226008,-0.0027803,0,0,0,0.9
0,0,-0.00859407,0,0,0.9
0,0,-0.00859407,0,0,0.9
0,0,-0.00859407,0,0,0.9
0,0,-0.00859407,0,0,0.9
0,0,-0.00859407,0,0,0.9
0,0,-0.00859407,0,0,0.9
0,0,-0.00859407,0,0,0.9
0,0,-0.00859407,0,0,0.9
0,0,-0.00857926,0,0,0.9
0.0116317,0,-0.00840178,-0.00586425,0,0.901
0.00689438,0,-0.00823508,-0.00388553,0,0.901
0.00754022,0,-0.00791178,-0.00248551,0,0.901
0.0123767,0,-0.00720169,-0.00113064,0,0.901
0.0088142,0,-0.00693415,0.0013029,0,0.9
0.00539913,0,-0.00679982,0.00316249,0,0.9
0.00528338,0,-0.00630747,0.00419732,0,0.9
0.00355316,0,-0.00610933,0.00512866,0,0.9
-0.000597525,0,-0.00661795,0.00591429,0,0.9
-0.00178839,0,-0.00660656,0.00540239,0,0.9
-0.00346506,0,-0.0068561,0.00457183,0,0.9
-0.0018715,0,-0.00599161,0.00294104,0,0.9
-0.0019604,0,-0.00569911,0.00196393,0,0.9
3.99484e-05,0,-0.00439577,0.000915872,0,0.9
0.000284657,0,-0.0038331,0.000775913,0,0.9
-0.00170189,0,-0.00455615,0.00111164,0,0.9
-0.00226947,0,-0.00457953,3.74254e-05,0,0.9
-0.00249778,0,-0.00443383,-0.00154751,0,0.9
-0.00244092,0,-0.0041119,-0.00355049,0,0.9
-0.00222241,0,-0.00367291,-0.00523092,0,0.9
-0.00170945,0,-0.00299879,-0.00814586,0,0.9
-0.00129344,0,-0.00237318,-0.00814586,0,0.9
-0.00215491,0,-0.00282974,-0.00871286,0,0.9
-0.00239446,0,-0.002858,-0.0103627,0,0.9
-0.0028198,0,-0.00269931,-0.0119923,0,0.9
-0.00303205,0,-0.00257085,-0.0135408,0,0.9
-0.0032227,0,-0.00249601,-0.0164797,0,0.9
-0.00324961,0,-0.0024271,-0.0206254,0,0.9
-0.0026063,0,-0.00239601,-0.0252179,0,0.9
-0.00132204,0,-0.00239446,-0.0273177,0,0.9
-0.00132204,0,-0.00239446,0,0,0.9
-0.00132204,0,-0.00239446,0,0,0.9
-0.00132204,0,-0.00239446,0,0,0.9
-0.00132204,0,-0.00239446,0,0,0.9
-0.00132204,0,-0.00239446,0,0,0.9
-0.00132204,0,-0.00239446,0,0,0.9
0,-0.00706204,0,0,0,0.9
0,-0.00706204,0,0,0,0.9
0,-0.00706204,0,0,0,0.9
0,-0.00706204,0,0,0,0.9
0,-0.00706204,0,0,0,0.9
0,-0.00706204,0,0,0,0.9
0,-0.00706204,0,0,0,0.9
0,-0.00706204,0,0,0,0.9
0,-0.00704987,0,0,0,0.9
0.00119562,-0.00698353,0,-0.0102251,0,0.901
0.000109157,-0.00689582,0,-0.00956294,0,0.901
0.000964178,-0.00672262,0,-0.00885773,0,0.901
0.00311706,-0.00638619,0,-0.00830583,0,0.901
0.000832936,-0.00630923,0,-0.00708753,0,0.9
0.00369031,-0.00568334,0,-0.00662662,0,0.9
-0.00105009,-0.00607145,0,-0.00537559,0,0.9
-0.00163365,-0.00595165,0,-0.00530081,0,0.9
-0.00225983,-0.00587531,0,-0.00539145,0,0.9
-0.00511768,-0.00649422,0,-0.00569947,0,0.9
-0.00641425,-0.00684253,0,-0.00670012,0,0.9
-0.00349235,-0.00568013,0,-0.00870346,0,0.9
-0.00186917,-0.00479585,0,-0.00970503,0,0.9
-0.000860832,-0.00404669,0,-0.0100826,0,0.9
7.65957e-05,-0.00323415,0,-0.00980214,0,0.9
-0.000381578,-0.00314816,0,-0.00917906,0,0.9
-0.00139465,-0.00346466,0,-0.00848376,0,0.9
-0.00181367,-0.00348044,0,-0.00866616,0,0.9
-0.00198618,-0.0033646,0,-0.00934218,0,0.9
-0.00123893,-0.00256456,0,-0.0102284,0,0.9
-0.000634755,-0.00183202,0,-0.0105745,0,0.9
-0.000450858,-0.00142864,0,-0.010168,0,0.9
-0.00101291,-0.00169616,0,-0.00943673,0,0.9
-0.00204176,-0.00245281,0,-0.00943738,0,0.9
-0.00225932,-0.00172363,0,-0.0112709,0,0.9
-0.00326856,-0.00159943,0,-0.0124572,0,0.9
-0.00357515,-0.00150468,0,-0.0170714,0,0.9
-0.00340702,-0.00144189,0,-0.0218354,0,0.9
-0.00305576,-0.00141355,0,-0.0269584,0,0.9
-0.00170707,-0.00141214,0,-0.0296949,0,0.9
-0.00170707,-0.00141214,0,0,0,0.9
-0.00170707,-0.00141214,0,0,0,0.9
-0.00170707,-0.00141214,0,0,0,0.9
-0.00170707,-0.00141214,0,0,0,0.9
-0.00170707,-0.00141214,0,0,0,0.9
-0.00170707,-0.00141214,0,0,0,0.9
0,0,-0.0099389,0,0,0.9
0,0,-0.0099389,0,0,0.9
0,0,-0.0099389,0,0,0.9
0,0,-0.0099389,0,0,0.9
0,0,-0.0099389,0,0,0.9
0,0,-0.0099389,0,0,0.9
0,0,-0.0099389,0,0,0.9
0,0,-0.0099389,0,0,0.9
0,0,-0.00992177,0,0,0.9
0.00362203,0,-0.00980997,-0.014945,0,0.901
0.00207333,0,-0.00966047,-0.0136417,0,0.901
0.00162705,0,-0.00944979,-0.0122543,0,0.901
0.00964427,0,-0.00863865,-0.0114477,0,0.901
0.0090472,0,-0.00812852,-0.00900885,0,0.9
0.0075291,0,-0.0076991,-0.00668531,0,0.9
0.00583899,0,-0.00733916,-0.0045236,0,0.9
0.00248722,0,-0.00739711,-0.0025932,0,0.9
-0.00147227,0,-0.0078466,-0.00154114,0,0.9
-0.00344152,0,-0.00804142,-0.00190508,0,0.9
-0.00488721,0,-0.00822713,-0.00272743,0,0.9
-0.00527374,0,-0.00813291,-0.00416363,0,0.9
-0.0037513,0,-0.00723861,-0.00603099,0,0.9
-0.000723693,0,-0.00545799,-0.00771413,0,0.9
-0.000806203,0,-0.00504175,-0.00747782,0,0.9
-0.000964306,0,-0.00468096,-0.00734713,0,0.9
-0.000807952,0,-0.00414302,-0.00738734,0,0.9
-0.000776319,0,-0.00368616,-0.00724589,0,0.9
-0.00129732,0,-0.00364406,-0.00733751,0,0.9
-0.00132471,0,-0.00328572,-0.00781087,0,0.9
-0.00148729,0,-0.00306164,-0.00834161,0,0.9
-0.000747382,0,-0.00210679,-0.00915086,0,0.9
-0.000993572,0,-0.00200394,-0.00890706,0,0.9
-0.00214923,0,-0.00273166,-0.00899361,0,0.9
-0.00229861,0,-0.0025368,-0.0115672,0,0.9
-0.00309534,0,-0.00237086,-0.0115672,0,0.9
-0.0037454,0,-0.00225091,-0.0147018,0,0.9
-0.00355818,0,-0.00219025,-0.0190731,0,0.9
-0.00275153,0,-0.00215118,-0.0248318,0,0.9
-0.00153043,0,-0.00214923,-0.027707,0,0.9
-0.00153043,0,-0.00214923,0,0,0.9
-0.00153043,0,-0.00214923,0,0,0.9
-0.00153043,0,-0.00214923,0,0,0.9
-0.00153043,0,-0.00214923,0,0,0.9
-0.00153043,0,-0.00214923,0,0,0.9
-0.00153043,0,-0.00214923,0,0,0.9
0,-0.00877102,0,0,0,0.9
0,-0.00877102,0,0,0,0.9
0,-0.00877102,0,0,0,0.9
0,-0.00877102,0,0,0,0.9
0,-0.00877102,0,0,0,0.9
0,-0.00877102,0,0,0,0.9
0,-0.00877102,0,0,0,0.9
0,-0.00877102,0,0,0,0.9
0,-0.0087559,0,0,0,0.9
0.00270648,-0.0086619,0,-0.0137256,0,0.901
-0.00222678,-0.00861933,0,-0.0125154,0,0.901
-0.00472419,-0.00859988,0,-0.0119116,0,0.901
-0.00649444,-0.00861986,0,-0.012062,0,0.901
-0.00964665,-0.00885451,0,-0.0122718,0,0.9
-0.0123565,-0.00923076,0,-0.0136287,0,0.9
-0.0208689,-0.0107644,0,-0.0152214,0,0.9
-0.0262825,-0.012353,0,-0.0190302,0,0.9
-0.0359156,-0.0154791,0,-0.0245163,0,0.9
-0.0436023,-0.018943,0,-0.0331102,0,0.9
-0.045,-0.0215149,0,-0.0448807,0,0.899
-0.045,-0.0232841,0,-0.058861,0,0.9
-0.045,-0.025116,0,-0.06,0,0.898
-0.045,-0.0270679,0,-0.06,0,0.896
-0.045,-0.028982,0,-0.06,0,0.895
-0.0862366,-0.0556381,0,-0.06,0,0.896
-0.134842,-0.0908597,0,-0.06,0,0.897
-0.15489,-0.111225,0,-0.06,0,0.896
-0.147197,-0.112439,0,-0.06,0,0.896
-0.139051,-0.11211,0,-0.06,0,0.898
-0.12877,-0.10968,0,-0.06,0,0.898
-0.114983,-0.103988,0,-0.06,0,0.899
-0.0915459,-0.0843206,0,-0.06,0,0.899
-0.0795825,-0.0806385,0,-0.06,0,0.899
-0.0583686,-0.0846747,0,-0.06,0,0.899
-0.0445495,-0.0853379,0,-0.06,0,0.899
-0.0411902,-0.0857756,0,-0.06,0,0.899
-0.0391628,-0.0860807,0,-0.06,0,0.899
-0.0344578,-0.0862336,0,-0.06,0,0.899
-0.0344578,-0.0862336,0,-0.06,0,0.899
-0.0344578,-0.0862336,0,0,0,0.899
-0.0344578,-0.0862336,0,0,0,0.899
-0.0344578,-0.0862336,0,0,0,0.899
-0.0344578,-0.0862336,0,0,0,0.899
-0.0344578,-0.0862336,0,0,0,0.899
-0.0344578,-0.0862336,0,0,0,0.899
0,0,0.080571,0,0,0.9
0,0,0.080571,0,0,0.9
0,0,0.080571,0,0,0.9
0,0,0.080571,0,0,0.9
0,0,0.080571,0,0,0.9
0,0,0.080571,0,0,0.9
0,0,0.080571,0,0,0.9
0,0,0.080571,0,0,0.9
0,0,0.0803084,0,0,0.9
-0.045,0,0.0789659,-0.06,0,0.899
-0.045,0,0.0770437,-0.06,0,0.899
-0.045,0,0.0744498,-0.06,0,0.899
-0.045,0,0.0712403,-0.06,0,0.899
-0.045,0,0.0674309,-0.06,0,0.898
-0.045,0,0.0631462,-0.06,0,0.898
-0.045,0,0.0583472,-0.06,0,0.897
-0.045,0,0.0529951,-0.06,0,0.896
-0.045,0,0.0474504,-0.06,0,0.894
-0.045,0,0.0413969,-0.06,0,0.893
-0.045,0,0.0354854,-0.06,0,0.894
-0.045,0,0.029438,-0.06,0,0.895
-0.045,0,0.0234672,-0.06,0,0.896
-0.045,0,0.0173122,-0.06,0,0.897
-0.050203,0,0.0081318,-0.06,0,0.897
-0.0756268,0,-0.0140946,-0.06,0,0.897
-0.111036,0,-0.0466667,-0.06,0,0.898
-0.138203,0,-0.0748876,-0.06,0,0.899
-0.141976,0,-0.0874663,-0.06,0,0.9
-0.142749,0,-0.0968378,-0.06,0,0.9
-0.12949,0,-0.0952791,-0.06,0,0.9
-0.11015,0,-0.0858609,-0.06,0,0.9
-0.0925021,0,-0.0761325,-0.06,0,0.9
-0.0830783,0,-0.0812888,-0.06,0,0.9
-0.0170597,0,-0.0859468,-0.06,0,0.9
-0.0129557,0,-0.0887345,-0.06,0,0.9
-0.00573727,0,-0.0911847,-0.06,0,0.9
0.00478188,0,-0.0925599,-0.06,0,0.9
0.00804449,0,-0.0928388,-0.06,0,0.9
0.00804449,0,-0.0928388,-0.06,0,0.9
0.00804449,0,-0.0928388,0,0,0.9
0.00804449,0,-0.0928388,0,0,0.9
0.00804449,0,-0.0928388,0,0,0.9
0.00804449,0,-0.0928388,0,0,0.9
0.00804449,0,-0.0928388,0,0,0.9
0.00804449,0,-0.0928388,0,0,0.9
0,0.086448,0,0,0,0.9
0,0.086448,0,0,0,0.9
0,0.086448,0,0,0,0.9
0,0.086448,0,0,0,0.9
0,0.086448,0,0,0,0.9
0,0.086448,0,0,0,0.9
0,0.086448,0,0,0,0.9
0,0.0864479,0,0,0,0.9
0,0.0862779,0,0,0,0.9
0.0109679,0.0856866,0,0.00904733,0,0.9
0.00438124,0.0844714,0,0.01012,0,0.9
0.00354914,0.0828405,0,0.0101916,0,0.9
0.01137,0.0813474,0,0.00937612,0,0.9
0.00424428,0.0784823,0,0.0111735,0,0.9
-0.00185188,0.074972,0,0.0114785,0,0.9
-0.00441247,0.0713028,0,0.0104788,0,0.9
-0.000761178,0.0683761,0,0.00869003,0,0.899
0.00762459,0.0667395,0,0.00725687,0,0.899
0.00511452,0.0625086,0,0.00913944,0,0.9
0.00546543,0.058814,0,0.0101869,0,0.9
-0.000227831,0.0526821,0,0.0116693,0,0.9
0.00117989,0.049025,0,0.0107648,0,0.9
-0.000984732,0.0437152,0,0.010711,0,0.9
0.00190485,0.0409033,0,0.00931314,0,0.9
0.00406306,0.037978,0,0.00936497,0,0.9
0.00451739,0.0342445,0,0.0108201,0,0.9
0.00351742,0.0297572,0,0.0132919,0,0.9
0.00123429,0.0241836,0,0.0158083,0,0.9
0.000246568,0.0196864,0,0.0152157,0,0.9
0.00147379,0.0171333,0,0.0136273,0,0.9
0.00105529,0.0135282,0,0.0142176,0,0.9
0.00109747,0.010597,0,0.0134241,0,0.9
-0.000912121,0.00611476,0,0.014167,0,0.9
-0.00193127,0.00426508,0,0.011294,0,0.9
-0.00405923,0.00237736,0,0.00642183,0,0.9
-0.00453726,0.000944238,0,-0.00245961,0,0.9
-0.00316074,4.32298e-06,0,-0.0125609,0,0.9
-0.00125124,-0.000403776,0,-0.0189007,0,0.9
-0.000630748,-0.000418362,0,-0.0187189,0,0.9
-0.000630748,-0.000418362,0,0,0,0.9
-0.000630748,-0.000418362,0,0,0,0.9
-0.000630748,-0.000418362,0,0,0,0.9
-0.000630748,-0.000418362,0,0,0,0.9
-0.000630748,-0.000418362,0,0,0,0.9
-0.000630748,-0.000418362,0,0,0,0.9
0,0,-0.0156644,0,0,0.9
0,0,-0.0156644,0,0,0.9
0,0,-0.0156644,0,0,0.9
0,0,-0.0156644,0,0,0.9
0,0,-0.0156644,0,0,0.9
0,0,-0.0156644,0,0,0.9
0,0,-0.0156644,0,0,0.9
0,0,-0.0156644,0,0,0.9
0,0,-0.0156336,0,0,0.9
0.0171879,0,-0.0153341,-0.0173704,0,0.901
0.014024,0,-0.0149516,-0.0139826,0,0.901
0.0125352,0,-0.0144566,-0.00802114,0,0.901
0.0170905,0,-0.0134679,-0.00413404,0,0.901
0.0142906,0,-0.0127938,-0.000815137,0,0.901
0.0113781,0,-0.0121498,-0.000815137,0,0.9
0.0157654,0,-0.0104556,0.00167142,0,0.9
0.0137359,0,-0.00962016,0.00879512,0,0.9
0.0117625,0,-0.00885654,0.0120968,0,0.9
0.00761828,0,-0.00883824,0.0120968,0,0.9
0.00225241,0,-0.00957192,0.0138747,0,0.9
-0.00305016,0,-0.0107657,0.0118055,0,0.9
-0.00575461,0,-0.0113274,0.00834671,0,0.9
-0.00397312,0,-0.00996489,0.00569564,0,0.9
-0.0037082,0,-0.00923832,0.00569564,0,0.9
-0.00335262,0,-0.00842094,0.00328868,0,0.9
-0.00285405,0,-0.00750207,0.000847348,0,0.9
-0.00390851,0,-0.00747737,-0.00113312,0,0.9
-0.00425456,0,-0.0072,-0.00350709,0,0.9
-0.00405872,0,-0.00655337,-0.00638941,0,0.9
-0.00331418,0,-0.00546844,-0.00926968,0,0.9
-0.00236137,0,-0.00418432,-0.011913,0,0.9
-0.00145346,0,-0.00292005,-0.0132757,0,0.9
-0.00146019,0,-0.00245298,-0.0140012,0,0.9
-0.00164125,0,-0.00209134,-0.0136866,0,0.9
-0.00150225,0,-0.00179956,-0.0133798,0,0.9
-0.00211292,0,-0.00158398,-0.0139145,0,0.9
-0.0022099,0,-0.00145094,-0.0149042,0,0.9
-0.00153013,0,-0.00140913,-0.0170738,0,0.9
-0.000876932,0,-0.00140674,-0.0176278,0,0.9
-0.000876932,0,-0.00140674,0,0,0.9
-0.000876932,0,-0.00140674,0,0,0.9
-0.000876932,0,-0.00140674,0,0,0.9
-0.000876932,0,-0.00140674,0,0,0.9
-0.000876932,0,-0.00140674,0,0,0.9
-0.000876932,0,-0.00140674,0,0,0.9
0,-0.0082826,0,0,0,0.9
0,-0.0082826,0,0,0,0.9
0,-0.0082826,0,0,0,0.9
0,-0.0082826,0,0,0,0.9
0,-0.0082826,0,0,0,0.9
0,-0.0082826,0,0,0,0.9
0,-0.0082826,0,0,0,0.9
0,-0.0082826,0,0,0,0.9
-0.0182411,-0.00830784,0,0,0,0.828
0.00977337,-0.00810104,0,-0.00488133,0,0.901
0.00615285,-0.00793602,0,-0.00328912,0,0.901
0.00421508,-0.00774046,0,-0.00195081,0,0.901
0.00579749,-0.00732902,0,-0.00120695,0,0.901
0.00465053,-0.00702935,0,6.67046e-05,0,0.9
0.00800391,-0.00616589,0,0.000858412,0,0.9
0.00273474,-0.00644615,0,0.00266746,0,0.9
0.0023683,-0.00608193,0,0.00318886,0,0.9
-7.463e-05,-0.00623622,0,0.00366901,0,0.9
-0.00329482,-0.00681451,0,0.00348494,0,0.9
-0.00506124,-0.00718336,0,0.00247832,0,0.9
-0.00373356,-0.00651045,0,0.00051852,0,0.9
-0.00271635,-0.00583965,0,-0.00113944,0,0.9
-0.00165541,-0.00504355,0,-0.0023238,0,0.9
-0.00129168,-0.00451648,0,-0.00294493,0,0.9
-0.000863082,-0.00391743,0,-0.00340345,0,0.9
-0.0010408,-0.00358123,0,-0.00359753,0,0.9
-0.00115035,-0.00331556,0,-0.00398698,0,0.9
-0.0014679,-0.0032271,0,-0.00437956,0,0.9
-0.00173249,-0.00314044,0,-0.00512684,0,0.9
-0.00181745,-0.00294517,0,-0.00595084,0,0.9
-0.00173484,-0.00263209,0,-0.00711042,0,0.9
-0.00198298,-0.00263311,0,-0.0082876,0,0.9
-0.00247469,-0.00286596,0,-0.00937586,0,0.9
-0.00274848,-0.00271768,0,-0.0118525,0,0.9
-0.00288532,-0.00259806,0,-0.0127234,0,0.9
-0.00323937,-0.00250967,0,-0.0151583,0,0.9
-0.00305726,-0.00245512,0,-0.0191245,0,0.9
-0.00233616,-0.002437,0,-0.0218739,0,0.9
-0.00233616,-0.002437,0,-0.0244625,0,0.9
-0.00233616,-0.002437,0,0,0,0.9
-0.00233616,-0.002437,0,0,0,0.9
-0.00233616,-0.002437,0,0,0,0.9
-0.00233616,-0.002437,0,0,0,0.9
-0.00233616,-0.002437,0,0,0,0.9
-0.00233616,-0.002437,0,0,0,0.9
0,0,-0.00831257,0,0,0.9
0,0,-0.00831257,0,0,0.9
0,0,-0.00831257,0,0,0.9
0,0,-0.00831257,0,0,0.9
0,0,-0.00831257,0,0,0.9
0,0,-0.00831257,0,0,0.9
0,0,-0.00831257,0,0,0.9
0,0,-0.00831257,0,0,0.9
-0.0207597,0,-0.00833807,0,0,0.888
0.00194441,0,-0.00820944,-0.00456214,0,0.901
-0.0029639,0,-0.00818416,-0.0040773,0,0.901
0.000281182,0,-0.00793978,-0.00409099,0,0.901
0.00552889,0,-0.00737516,-0.00398908,0,0.901
0.00790607,0,-0.00674095,-0.00268206,0,0.9
0.00761272,0,-0.00624281,-0.00119621,0,0.9
0.00629612,0,-0.00587749,0.000424356,0,0.9
0.00360975,0,-0.0058492,0.00221521,0,0.9
-0.000631808,0,-0.00639763,0.00306143,0,0.9
-0.00418254,0,-0.00604054,0.00124093,0,0.9
-0.00325098,0,-0.00659142,-9.00511e-05,0,0.9
-0.00174428,0,-0.00576182,-9.00511e-05,0,0.9
-0.00182166,0,-0.00547186,-0.00160323,0,0.9
0.00016663,0,-0.00417895,-0.00145792,0,0.9
-0.000491955,0,-0.00410924,-0.00154941,0,0.9
-0.000636095,0,-0.00380569,-0.00181745,0,0.9
-0.00122354,0,-0.00380424,-0.00244878,0,0.9
-0.00123986,0,-0.00347771,-0.00315019,0,0.9
-0.00130701,0,-0.00320159,-0.00402151,0,0.9
-0.00182721,0,-0.00328977,-0.00402151,0,0.9
-0.00187956,0,-0.00306507,-0.005261,0,0.9
-0.00124037,0,-0.00227338,-0.00695167,0,0.9
-0.0023087,0,-0.00292831,-0.00753999,0,0.9
-0.00268846,0,-0.00305623,-0.00926875,0,0.9
-0.00307575,0,-0.00291234,-0.0117398,0,0.9
-0.00341845,0,-0.00279626,-0.0129972,0,0.9
-0.0037188,0,-0.00271048,-0.0168005,0,0.9
-0.00320736,0,-0.00266757,-0.0205305,0,0.9
-0.00234308,0,-0.00264092,-0.024603,0,0.9
-0.00112942,0,-0.00263997,0,0,0.9
-0.00112942,0,-0.00263997,0,0,0.9
-0.00112942,0,-0.00263997,0,0,0.9
-0.00112942,0,-0.00263997,0,0,0.9
-0.00112942,0,-0.00263997,0,0,0.9
-0.00112942,0,-0.00263997,0,0,0.9
-0.00112942,0,-0.00263997,0,0,0.9
0,-0.00816818,0,0,0,0.9
0,-0.00816818,0,0,0,0.9
0,-0.00816818,0,0,0,0.9
0,-0.00816818,0,0,0,0.9
0,-0.00816818,0,0,0,0.9
0,-0.00816818,0,0,0,0.9
0,-0.00816818,0,0,0,0.9
0,-0.00816818,0,0,0,0.9
-0.036298,-0.00822618,0,0,0,0.886
0.0030182,-0.00805878,0,-0.00739901,0,0.901
-0.00164131,-0.00801148,0,-0.00660823,0,0.901
0.00309239,-0.0076797,0,-0.00640514,0,0.901
0.00629535,-0.00718864,0,-0.00570869,0,0.901
0.00764962,-0.0066354,0,-0.00401881,0,0.9
0.00777726,-0.0060958,0,-0.00255435,0,0.9
0.000960844,-0.00664649,0,-0.000627749,0,0.9
-0.000743569,-0.00664179,0,-0.000154855,0,0.9
-0.00279815,-0.00682934,0,-0.000154855,0,0.9
-0.00560456,-0.00741361,0,-0.000927097,0,0.9
-0.00665554,-0.00765201,0,-0.00259725,0,0.9
-0.00389561,-0.00650373,0,-0.00504884,0,0.9
-0.00243394,-0.0056515,0,-0.00626677,0,0.9
-0.0015408,-0.00492904,0,-0.00705461,0,0.9
-0.000859093,-0.00423066,0,-0.00724972,0,0.9
-0.00174655,-0.0043901,0,-0.00726483,0,0.9
-0.00265883,-0.0046578,0,-0.00772961,0,0.9
-0.00307515,-0.00468065,0,-0.00889545,0,0.9
-0.00322265,-0.00455455,0,-0.0103115,0,0.9
-0.00227192,-0.00360162,0,-0.012279,0,0.9
-0.00149035,-0.00272097,0,-0.0133333,0,0.9
-0.000906907,-0.00190194,0,-0.0138377,0,0.9
-0.00105112,-0.00178561,0,-0.0133213,0,0.9
-0.00188229,-0.0023454,0,-0.0126601,0,0.9
-0.00253709,-0.00218601,0,-0.0137169,0,0.9
-0.00310492,-0.00205741,0,-0.0138259,0,0.9
-0.00370433,-0.0019624,0,-0.0174184,0,0.9
-0.0032174,-0.00190376,0,-0.0207911,0,0.9
-0.00243346,-0.00188533,0,-0.0244762,0,0.9
-0.0012583,-0.00188428,0,-0.0259395,0,0.9
-0.0012583,-0.00188428,0,0,0,0.9
-0.0012583,-0.00188428,0,0,0,0.9
-0.0012583,-0.00188428,0,0,0,0.9
-0.0012583,-0.00188428,0,0,0,0.9
-0.0012583,-0.00188428,0,0,0,0.9
-0.0012583,-0.00188428,0,0,0,0.9
0,0,-0.00965298,0,0,0.9
0,0,-0.00965298,0,0,0.9
0,0,-0.00965298,0,0,0.9
0,0,-0.00965298,0,0,0.9
0,0,-0.00965298,0,0,0.9
0,0,-0.00965298,0,0,0.9
0,0,-0.00965298,0,0,0.9
0,0,-0.00965298,0,0,0.9
-0.045,0,-0.00972586,0,0,0.886
0.000241385,0,-0.00955349,-0.0116711,0,0.901
-0.00345197,0,-0.0095041,-0.0109596,0,0.901
0.00166883,0,-0.00916185,-0.0108475,0,0.901
0.00816252,0,-0.00844643,-0.0100896,0,0.901
0.00821316,0,-0.00778059,-0.00787268,0,0.9
0.00805412,0,-0.00735165,-0.00614112,0,0.9
0.00724893,0,-0.00667172,-0.00407829,0,0.9
0.00250598,0,-0.00701387,-0.00224723,0,0.9
-0.00122003,0,-0.00745728,-0.00129058,0,0.9
-0.00576385,0,-0.00846328,-0.00127858,0,0.9
-0.00352591,0,-0.00756221,-0.00262344,0,0.9
-0.0026949,0,-0.00694235,-0.00393954,0,0.9
-0.00192989,0,-0.00627301,-0.00535295,0,0.9
-0.000815528,0,-0.00533367,-0.00525179,0,0.9
-0.000684863,0,-0.00482172,-0.00525179,0,0.9
-0.000765444,0,-0.00442413,-0.005314,0,0.9
-0.00171456,0,-0.00459488,-0.00524107,0,0.9
-0.00194364,0,-0.00437389,-0.00601129,0,0.9
-0.00248102,0,-0.00441254,-0.00690533,0,0.9
-0.00199657,0,-0.00372322,-0.00830763,0,0.9
-0.00175403,0,-0.00320969,-0.00947452,0,0.9
-0.000616634,0,-0.00193653,-0.0104286,0,0.9
-0.000713738,0,-0.00170868,-0.0103251,0,0.9
-0.00113398,0,-0.00181921,-0.00984585,0,0.9
-0.00261872,0,-0.00162234,-0.00987298,0,0.9
-0.00348556,0,-0.00144971,-0.0112256,0,0.9
-0.00423449,0,-0.00132216,-0.0151732,0,0.9
-0.00376079,0,-0.00125834,-0.0205338,0,0.9
-0.00296114,0,-0.00121871,-0.0257852,0,0.9
-0.00167991,0,-0.00121729,-0.0287456,0,0.9
-0.00167991,0,-0.00121729,0,0,0.9
-0.00167991,0,-0.00121729,0,0,0.9
-0.00167991,0,-0.00121729,0,0,0.9
-0.00167991,0,-0.00121729,0,0,0.9
-0.00167991,0,-0.00121729,0,0,0.9
-0.00167991,0,-0.00121729,0,0,0.9
0,-0.0100061,0,0,0,0.9
0,-0.0100061,0,0,0,0.9
0,-0.0100061,0,0,0,0.9
0,-0.0100061,0,0,0,0.9
0,-0.0100061,0,0,0,0.9
0,-0.0100061,0,0,0,0.9
0,-0.0100061,0,0,0,0.9
0,-0.0100061,0,0,0,0.9
0,-0.00998642,0,0,0,0.9
0.0108903,-0.00979599,0,-0.0117608,0,0.901
0.00609892,-0.00961945,0,-0.00956893,0,0.901
0.00639555,-0.00929462,0,-0.00782333,0,0.901
0.0102489,-0.00863434,0,-0.00646084,0,0.901
0.00832326,-0.00822995,0,-0.00402639,0,0.9
0.00846229,-0.00760583,0,-0.00223577,0,0.9
0.00365699,-0.00772865,0,3.6319e-05,0,0.9
0.00204619,-0.00751588,0,0.000767927,0,0.9
-0.00211749,-0.00803934,0,0.00149403,0,0.9
-0.0046762,-0.00843732,0,0.000778089,0,0.9
-0.00555218,-0.00848627,0,-0.000592202,0,0.9
-0.00478705,-0.00797294,0,-0.00259351,0,0.9
-0.00418443,-0.00745105,0,-0.00451049,0,0.9
-0.00301333,-0.00658838,0,-0.00599551,0,0.9
-0.00162178,-0.00548934,0,-0.00716006,0,0.9
-0.00478604,-0.00687075,0,-0.00736586,0,0.9
-0.00467406,-0.00654454,0,-0.00918063,0,0.9
-0.00465289,-0.00627802,0,-0.0113143,0,0.9
-0.00413868,-0.00565335,0,-0.013485,0,0.9
-0.00276455,-0.00432113,0,-0.0157223,0,0.9
-0.00163036,-0.00309134,0,-0.0169008,0,0.9
-0.000862642,-0.00211559,0,-0.0169641,0,0.9
-0.00249691,-0.00327187,0,-0.0160942,0,0.9
-0.00358758,-0.00400995,0,-0.0164278,0,0.9
-0.00295055,-0.00384581,0,-0.0193996,0,0.9
-0.00323866,-0.00371338,0,-0.0186297,0,0.9
-0.00350984,-0.00361554,0,-0.0209593,0,0.9
-0.00301316,-0.00355516,0,-0.0245419,0,0.9
-0.00264084,-0.0035351,0,-0.0260732,0,0.9
-0.00264084,-0.0035351,0,-0.0283491,0,0.9
-0.00264084,-0.0035351,0,0,0,0.9
-0.00264084,-0.0035351,0,0,0,0.9
-0.00264084,-0.0035351,0,0,0,0.9
-0.00264084,-0.0035351,0,0,0,0.9
-0.00264084,-0.0035351,0,0,0,0.9
-0.00264084,-0.0035351,0,0,0,0.9
0,0,-0.00872381,0,0,0.9
0,0,-0.00872381,0,0,0.9
0,0,-0.00872381,0,0,0.9
0,0,-0.00872381,0,0,0.9
0,0,-0.00872381,0,0,0.9
0,0,-0.00872381,0,0,0.9
0,0,-0.00872381,0,0,0.9
0,0,-0.00872381,0,0,0.9
-0.032632,0,-0.00878533,0,0,0.824
-0.00180875,0,-0.00865428,-0.0086379,0,0.901
-0.00186236,0,-0.00855908,-0.00846431,0,0.901
0.00601506,0,-0.00808446,-0.00802234,0,0.901
0.0149692,0,-0.00711417,-0.0068672,0,0.9
0.0121375,0,-0.00670231,-0.00356079,0,0.9
0.0147614,0,-0.00567151,-0.000813051,0,0.9
0.00874164,0,-0.00581255,0.0026755,0,0.9
0.00503429,0,-0.00588114,0.00482097,0,0.9
-0.00103383,0,-0.00680658,0.0059922,0,0.9
-0.00540941,0,-0.00774826,0.00546983,0,0.9
-0.00471611,0,-0.00735625,0.00326385,0,0.9
-0.00448929,0,-0.00702229,0.00147155,0,0.9
-0.00067658,0,-0.00509195,-0.000392503,0,0.9
0.00122863,0,-0.00373515,-0.00101245,0,0.9
-0.000334497,0,-0.00409987,-0.000540962,0,0.9
-0.00174927,0,-0.00453466,-0.000136377,0,0.9
-0.00332489,0,-0.00521883,-0.00097341,0,0.9
-0.00358306,0,-0.00514369,-0.00236025,0,0.9
-0.00412808,0,-0.00531446,-0.00469625,0,0.9
-0.00390692,0,-0.00494232,-0.00736172,0,0.9
-0.00304769,0,-0.00403778,-0.0101011,0,0.9
-0.00141385,0,-0.00241556,-0.0123471,0,0.9
-0.00153746,0,-0.0022791,-0.0129609,0,0.9
-0.00224168,0,-0.00261287,-0.0137325,0,0.9
-0.00277516,0,-0.0024456,-0.0145562,0,0.9
-0.00399613,0,-0.00231063,-0.0146499,0,0.9
-0.00477708,0,-0.00221092,-0.0185966,0,0.9
-0.00482857,0,-0.00214938,-0.0241396,0,0.9
-0.00378852,0,-0.00212893,-0.0306807,0,0.9
-0.00378852,0,-0.00212893,-0.0344133,0,0.9
-0.00378852,0,-0.00212893,0,0,0.9
-0.00378852,0,-0.00212893,0,0,0.9
-0.00378852,0,-0.00212893,0,0,0.9
-0.00378852,0,-0.00212893,0,0,0.9
-0.00378852,0,-0.00212893,0,0,0.9
-0.00378852,0,-0.00212893,0,0,0.9
0,-0.00776888,0,0,0,0.9
0,-0.00776888,0,0,0,0.9
0,-0.00776888,0,0,0,0.9
0,-0.00776888,0,0,0,0.9
0,-0.00776888,0,0,0,0.9
0,-0.00776888,0,0,0,0.9
0,-0.00776888,0,0,0,0.9
0,-0.00776888,0,0,0,0.9
-0.0359794,-0.00784372,0,0,0,0.816
0.00295801,-0.00766102,0,-0.00991134,0,0.901
-0.0010688,-0.00760803,0,-0.00896604,0,0.901
0.00391744,-0.00726194,0,-0.00843962,0,0.901
0.00618407,-0.00682392,0,-0.00746402,0,0.901
0.00625313,-0.00641012,0,-0.00567901,0,0.9
0.00131074,-0.00658883,0,-0.00390009,0,0.9
0.000257992,-0.00643091,0,-0.0031563,0,0.9
-0.00246168,-0.00667232,0,-0.00283073,0,0.9
-0.00484556,-0.00704005,0,-0.00324765,0,0.9
-0.00815947,-0.00788385,0,-0.00434358,0,0.9
-0.00745237,-0.00766088,0,-0.00685645,0,0.9
-0.00569466,-0.00696083,0,-0.00896485,0,0.9
-0.00632449,-0.00713496,0,-0.0104991,0,0.9
-0.00249973,-0.00519358,0,-0.0127211,0,0.9
-0.00166599,-0.00448116,0,-0.0133224,0,0.9
-0.0027466,-0.00481409,0,-0.013148,0,0.9
-0.00287341,-0.00464965,0,-0.0137835,0,0.9
-0.00358963,-0.00490708,0,-0.0143953,0,0.9
-0.00413205,-0.0051115,0,-0.0157947,0,0.9
-0.00348636,-0.00445214,0,-0.0180712,0,0.9
-0.0035044,-0.00424826,0,-0.0196719,0,0.9
-0.0026755,-0.00337346,0,-0.0216296,0,0.9
-0.00300985,-0.00350099,0,-0.0218204,0,0.9
-0.00313761,-0.00346606,0,-0.0233343,0,0.9
-0.00340783,-0.00334827,0,-0.0244855,0,0.9
-0.0044283,-0.00325325,0,-0.0239834,0,0.9
-0.00525432,-0.00318303,0,-0.0277719,0,0.9
-0.00524019,-0.0031397,0,-0.0316169,0,0.9
-0.00437509,-0.00312531,0,-0.0375158,0,0.9
-0.00437509,-0.00312531,0,-0.0407424,0,0.9
-0.00437509,-0.00312531,0,0,0,0.9
-0.00437509,-0.00312531,0,0,0,0.9
-0.00437509,-0.00312531,0,0,0,0.9
-0.00437509,-0.00312531,0,0,0,0.9
-0.00437509,-0.00312531,0,0,0,0.9
-0.00437509,-0.00312531,0,0,0,0.9
0,0,-0.00993815,0,0,0.9
0,0,-0.00993815,0,0,0.9
0,0,-0.00993815,0,0,0.9
0,0,-0.00993815,0,0,0.9
0,0,-0.00993815,0,0,0.9
0,0,-0.00993815,0,0,0.9
0,0,-0.00993815,0,0,0.9
0,0,-0.00993815,0,0,0.9
-0.0410387,0,-0.0100144,0,0,0.837
0.0142523,0,-0.00969412,-0.0113395,0,0.9
0.00755802,0,-0.00951809,-0.00863112,0,0.901
0.00948607,0,-0.00909554,-0.00673524,0,0.901
0.0116837,0,-0.0084882,-0.00214777,0,0.901
0.00805088,0,-0.00819497,-0.00214777,0,0.9
0.00703271,0,-0.00774732,6.27046e-05,0,0.9
0.00494635,0,-0.00747137,0.00253151,0,0.9
0.00224134,0,-0.00742164,0.00253151,0,0.9
-0.00286562,0,-0.00809667,0.00325671,0,0.9
-0.00459058,0,-0.00830231,0.0023642,0,0.9
-0.00435574,0,-0.00796644,0.00104541,0,0.9
-0.00287993,0,-0.00711068,-0.0015229,0,0.9
-0.00152719,0,-0.00614213,-0.0015229,0,0.9
-0.000339756,0,-0.00512695,-0.00226757,0,0.9
-0.00135332,0,-0.00521713,-0.00249393,0,0.9
-0.00184927,0,-0.00508961,-0.00317302,0,0.9
-0.00264096,0,-0.00520957,-0.00317302,0,0.9
-0.00240937,0,-0.00470369,-0.00562272,0,0.9
-0.00229567,0,-0.00426857,-0.00562272,0,0.9
-0.00213978,0,-0.00382423,-0.00811418,0,0.9
-0.00198365,0,-0.00337116,-0.00811418,0,0.9
-0.00175526,0,-0.00287658,-0.00942146,0,0.9
-0.00192562,0,-0.00275253,-0.0102906,0,0.9
-0.00281921,0,-0.00329002,-0.0112561,0,0.9
-0.00325548,0,-0.00310804,-0.0132005,0,0.9
-0.00356641,0,-0.00296121,-0.0145167,0,0.9
-0.0045097,0,-0.00285273,-0.0181335,0,0.9
-0.00433572,0,-0.00278578,-0.0229987,0,0.9
-0.00344135,0,-0.00276354,-0.0279712,0,0.9
-0.00344135,0,-0.00276354,-0.0315972,0,0.9
-0.00344135,0,-0.00276354,0,0,0.9
-0.00344135,0,-0.00276354,0,0,0.9
-0.00344135,0,-0.00276354,0,0,0.9
-0.00344135,0,-0.00276354,0,0,0.9
-0.00344135,0,-0.00276354,0,0,0.9
-0.00344135,0,-0.00276354,0,0,0.9
0,-0.00784933,0,0,0,0.9
0,-0.00784933,0,0,0,0.9
0,-0.00784933,0,0,0,0.9
0,-0.00784933,0,0,0,0.9
0,-0.00784933,0,0,0,0.9
0,-0.00784933,0,0,0,0.9
0,-0.00784933,0,0,0,0.9
0,-0.00784933,0,0,0,0.9
-0.0355953,-0.00792408,0,0,0,0.812
0.0046045,-0.00772411,0,-0.00984862,0,0.901
0.00331113,-0.00758604,0,-0.00751745,0,0.901
0.00567549,-0.00726264,0,-0.00751745,0,0.901
0.00717332,-0.00683192,0,-0.00629122,0,0.901
0.00498752,-0.00660541,0,-0.0044203,0,0.9
0.000969615,-0.00670664,0,-0.00267259,0,0.901
-0.00170377,-0.00682495,0,-0.00213544,0,0.9
-0.00288196,-0.00677116,0,-0.00252231,0,0.9
-0.00462757,-0.00704609,0,-0.0029389,0,0.9
-0.0077916,-0.00783241,0,-0.00630125,0,0.9
-0.00727568,-0.00765358,0,-0.00630125,0,0.9
-0.00504407,-0.0067565,0,-0.00866837,0,0.9
-0.00520857,-0.00669034,0,-0.010121,0,0.9
-0.00307206,-0.00551444,0,-0.0117319,0,0.9
-0.00154593,-0.00445359,0,-0.0126022,0,0.9
-0.00269731,-0.00481821,0,-0.012375,0,0.9
-0.00298982,-0.00469454,0,-0.0128895,0,0.9
-0.00290168,-0.00440369,0,-0.0137368,0,0.9
-0.00382419,-0.00486328,0,-0.0144835,0,0.9
-0.00350262,-0.00443695,0,-0.0159865,0,0.9
-0.0023424,-0.00330298,0,-0.0176708,0,0.9
-0.00130817,-0.00220452,0,-0.0188047,0,0.9
-0.00171183,-0.00234523,0,-0.018106,0,0.9
-0.0025062,-0.0028749,0,-0.0184439,0,0.9
-0.00329942,-0.00273873,0,-0.0189928,0,0.9
-0.00424128,-0.00262887,0,-0.0191655,0,0.9
-0.00499239,-0.0025477,0,-0.0234217,0,0.9
-0.00469856,-0.0024976,0,-0.0283263,0,0.9
-0.00396032,-0.00248096,0,-0.033068,0,0.9
-0.00396032,-0.00248096,0,-0.0362427,0,0.9
-0.00396032,-0.00248096,0,0,0,0.9
-0.00396032,-0.00248096,0,0,0,0.9
-0.00396032,-0.00248096,0,0,0,0.9
-0.00396032,-0.00248096,0,0,0,0.9
-0.00396032,-0.00248096,0,0,0,0.9
-0.00396032,-0.00248096,0,0,0,0.9
0,0,-0.00989542,0,0,0.9
0,0,-0.00989542,0,0,0.9
0,0,-0.00989542,0,0,0.9
0,0,-0.00989542,0,0,0.9
0,0,-0.00989542,0,0,0.9
0,0,-0.00989542,0,0,0.9
0,0,-0.00989542,0,0,0.9
0,0,-0.00989542,0,0,0.9
-0.0347193,0,-0.00995882,0,0,0.826
0.00607662,0,-0.00973922,-0.00810747,0,0.901
-0.000498832,0,-0.00966982,-0.00810747,0,0.901
0.00287825,0,-0.00934131,-0.00747682,0,0.901
0.0122957,0,-0.00839253,-0.00693462,0,0.901
0.00914847,0,-0.00805003,-0.0041129,0,0.9
0.00784756,0,-0.00758942,-0.00177561,0,0.9
0.00610618,0,-0.00722816,0.000272145,0,0.9
0.0032846,0,-0.00717219,0.00153096,0,0.9
-0.00206068,0,-0.00785548,0.00251656,0,0.9
-0.00578378,0,-0.00863766,0.00198225,0,0.9
-0.00587029,0,-0.00847374,0.000595588,0,0.9
-0.00438617,0,-0.00768169,-0.00140634,0,0.9
-0.00166409,0,-0.00618047,-0.00284442,0,0.9
2.19012e-05,0,-0.00492436,-0.00374337,0,0.9
-0.0019863,0,-0.00553615,-0.00328588,0,0.9
-0.00252486,0,-0.0054684,-0.00381759,0,0.9
-0.0038431,0,-0.00596626,-0.00473472,0,0.9
-0.0044139,0,-0.00607798,-0.0063234,0,0.9
-0.00426125,0,-0.0057157,-0.00880684,0,0.9
-0.00294984,0,-0.00445009,-0.0132175,0,0.9
-0.00246445,0,-0.00376064,-0.0132175,0,0.9
-0.00149359,0,-0.00264491,-0.0142685,0,0.9
-0.00124914,0,-0.00214144,-0.0149199,0,0.9
-0.00234858,0,-0.00281198,-0.0146249,0,0.9
-0.00255807,0,-0.00261808,-0.0153798,0,0.9
-0.00324068,0,-0.00246164,-0.0156912,0,0.9
-0.00396772,0,-0.00234606,-0.0183463,0,0.9
-0.00408708,0,-0.00227472,-0.0222675,0,0.9
-0.00326787,0,-0.00225231,-0.0268662,0,0.9
-0.00173408,0,-0.00225103,-0.0303216,0,0.9
-0.00173408,0,-0.00225103,0,0,0.9
-0.00173408,0,-0.00225103,0,0,0.9
-0.00173408,0,-0.00225103,0,0,0.9
-0.00173408,0,-0.00225103,0,0,0.9
-0.00173408,0,-0.00225103,0,0,0.9
-0.00173408,0,-0.00225103,0,0,0.9
0,-0.00812067,0,0,0,0.9
0,-0.00812067,0,0,0,0.9
0,-0.00812067,0,0,0,0.9
0,-0.00812067,0,0,0,0.9
0,-0.00812067,0,0,0,0.9
0,-0.00812067,0,0,0,0.9
0,-0.00812067,0,0,0,0.9
0,-0.00812067,0,0,0,0.9
-0.0303132,-0.00818284,0,0,0,0.802
0.0110845,-0.00792819,0,-0.00902698,0,0.902
0.00162387,-0.00788672,0,-0.0067497,0,0.901
0.00548854,-0.00753032,0,-0.00603474,0,0.901
0.00322464,-0.00735231,0,-0.00476633,0,0.901
0.00355795,-0.00698899,0,-0.00372775,0,0.9
0.00230899,-0.00676516,0,-0.00271472,0,0.9
-0.0003866,-0.00683892,0,-0.00193734,0,0.9
-0.000270013,-0.0065067,0,-0.00190043,0,0.9
-0.00204226,-0.00660523,0,-0.00190043,0,0.9
-0.00517286,-0.00725302,0,-0.0023321,0,0.9
-0.00658405,-0.00757794,0,-0.00377347,0,0.9
-0.00509678,-0.00690932,0,-0.00722689,0,0.9
-0.00360884,-0.0060844,0,-0.00722689,0,0.9
-0.00318352,-0.00564592,0,-0.00810914,0,0.9
-0.00146657,-0.00453601,0,-0.00927127,0,0.9
-0.00179515,-0.00432134,0,-0.00934907,0,0.9
-0.00181653,-0.00402803,0,-0.00944735,0,0.9
-0.0015565,-0.00354926,0,-0.0100176,0,0.9
-0.00239058,-0.0038698,0,-0.0101168,0,0.9
-0.00152489,-0.00294266,0,-0.0111469,0,0.9
-0.0016105,-0.00274608,0,-0.0118465,0,0.9
-0.0022393,-0.00304524,0,-0.0121649,0,0.9
-0.00256723,-0.00314479,0,-0.0129581,0,0.9
-0.00374311,-0.00403423,0,-0.0148062,0,0.9
-0.00432827,-0.00391923,0,-0.0176045,0,0.9
-0.00484615,-0.00382891,0,-0.019198,0,0.9
-0.0049278,-0.00376218,0,-0.0244275,0,0.9
-0.00413457,-0.00372031,0,-0.029823,0,0.9
-0.00333342,-0.00370731,0,-0.0337228,0,0.9
-0.00333342,-0.00370731,0,-0.0349383,0,0.9
-0.00333342,-0.00370731,0,0,0,0.9
-0.00333342,-0.00370731,0,0,0,0.9
-0.00333342,-0.00370731,0,0,0,0.9
-0.00333342,-0.00370731,0,0,0,0.9
-0.00333342,-0.00370731,0,0,0,0.9
-0.00333342,-0.00370731,0,0,0,0.9
0,0,-0.00870761,0,0,0.9
0,0,-0.00870761,0,0,0.9
0,0,-0.00870761,0,0,0.9
0,0,-0.00870761,0,0,0.9
0,0,-0.00870761,0,0,0.9
0,0,-0.00870761,0,0,0.9
0,0,-0.00870761,0,0,0.9
0,0,-0.00870761,0,0,0.9
0,0,-0.00869047,0,0,0.9
-0.00139249,0,-0.00863405,-0.0141648,0,0.901
-0.00453278,0,-0.00860737,-0.0137288,0,0.901
0.00127514,0,-0.00827456,-0.0132095,0,0.901
0.0062869,0,-0.00768892,-0.0123524,0,0.9
0.00948675,0,-0.00694453,-0.0104817,0,0.9
0.0108818,0,-0.00616164,-0.00805493,0,0.9
0.0126544,0,-0.00514684,-0.00515696,0,0.9
0.0061751,0,-0.00563257,-0.00196432,0,0.9
0.00227977,0,-0.00596827,-6.02118e-05,0,0.9
-0.00142913,0,-0.00656528,0.000687769,0,0.9
-0.00437145,0,-0.00722796,0.000343067,0,0.9
-0.00445229,0,-0.00704988,-0.00107764,0,0.9
-0.00268799,0,-0.00606568,-0.00277638,0,0.9
-0.00168308,0,-0.00527437,-0.00387106,0,0.9
-0.00254011,0,-0.00538508,-0.00437103,0,0.9
-0.00292709,0,-0.00531384,-0.00671591,0,0.9
-0.00390725,0,-0.00564898,-0.00671591,0,0.9
-0.00386901,0,-0.00533792,-0.00872239,0,0.9
-0.00371141,0,-0.00500117,-0.0104144,0,0.9
-0.00268767,0,-0.00398166,-0.0125622,0,0.9
-0.00272578,0,-0.00376919,-0.0137673,0,0.9
-0.00168441,0,-0.00264682,-0.0150947,0,0.9
-0.00105107,0,-0.00184123,-0.0157426,0,0.9
-0.00164409,0,-0.00207876,-0.0152738,0,0.9
-0.00196781,0,-0.0018973,-0.0153726,0,0.9
-0.00238484,0,-0.0017509,-0.0150968,0,0.9
-0.00254373,0,-0.00166602,-0.0164672,0,0.9
-0.003238,0,-0.00158861,-0.0189518,0,0.9
-0.00272957,0,-0.00155501,-0.0233225,0,0.9
-0.00162045,0,-0.0015538,-0.0260416,0,0.9
-0.00162045,0,-0.0015538,0,0,0.9
-0.00162045,0,-0.0015538,0,0,0.9
-0.00162045,0,-0.0015538,0,0,0.9
-0.00162045,0,-0.0015538,0,0,0.9
-0.00162045,0,-0.0015538,0,0,0.9
-0.00162045,0,-0.0015538,0,0,0.9
0,-0.00849783,0,0,0,0.9
0,-0.00849783,0,0,0,0.9
0,-0.00849783,0,0,0,0.9
0,-0.00849783,0,0,0,0.9
0,-0.00849783,0,0,0,0.9
0,-0.00849783,0,0,0,0.9
0,-0.00849783,0,0,0,0.9
0,-0.00849783,0,0,0,0.9
-0.0442783,-0.00858852,0,0,0,0.828
0.0120845,-0.0082972,0,-0.00861866,0,0.9
0.00607847,-0.00814787,0,-0.00861866,0,0.901
0.00473107,-0.00792397,0,-0.00694872,0,0.901
0.00747145,-0.00741631,0,-0.00588878,0,0.901
0.00488377,-0.00720112,0,-0.00400274,0,0.9
0.00149327,-0.00719932,0,-0.00270764,0,0.9
-0.000912196,-0.00715983,0,-0.00213719,0,0.9
-0.00187021,-0.00706626,0,-0.00232398,0,0.9
-0.00529447,-0.00766377,0,-0.00232398,0,0.9
-0.00570839,-0.00767679,0,-0.00333609,0,0.9
-0.0058042,-0.00758188,0,-0.00695437,0,0.9
-0.00441367,-0.00690678,0,-0.00695437,0,0.9
-0.00406775,-0.00655353,0,-0.00835299,0,0.9
-0.00390101,-0.00625113,0,-0.00957909,0,0.9
-0.0028726,-0.00546743,0,-0.0110323,0,0.9
-0.00399412,-0.00584814,0,-0.0116337,0,0.9
-0.00334178,-0.00521257,0,-0.0131164,0,0.9
-0.0025861,-0.00444968,0,-0.0143394,0,0.9
-0.00259916,-0.00418776,0,-0.0150489,0,0.9
-0.00210178,-0.0035442,0,-0.0159507,0,0.9
-0.00175565,-0.00293169,0,-0.016427,0,0.9
-0.00236638,-0.00320659,0,-0.0167543,0,0.9
-0.00299535,-0.00356321,0,-0.0167813,0,0.9
-0.00338476,-0.00373005,0,-0.0187503,0,0.9
-0.0029712,-0.00359954,0,-0.0207522,0,0.9
-0.00353922,-0.00349424,0,-0.0204073,0,0.9
-0.00381795,-0.00341644,0,-0.0231995,0,0.9
-0.00322387,-0.00336925,0,-0.0265572,0,0.9
-0.00270739,-0.00335248,0,-0.0286901,0,0.9
-0.00270739,-0.00335248,0,-0.0293448,0,0.9
-0.00270739,-0.00335248,0,0,0,0.9
-0.00270739,-0.00335248,0,0,0,0.9
-0.00270739,-0.00335248,0,0,0,0.9
-0.00270739,-0.00335248,0,0,0,0.9
-0.00270739,-0.00335248,0,0,0,0.9
-0.00270739,-0.00335248,0,0,0,0.9
0,0,-0.00920748,0,0,0.9
0,0,-0.00920748,0,0,0.9
0,0,-0.00920748,0,0,0.9
0,0,-0.00920748,0,0,0.9
0,0,-0.00920748,0,0,0.9
0,0,-0.00920748,0,0,0.9
0,0,-0.00920748,0,0,0.9
0,0,-0.00920748,0,0,0.9
-0.045,0,-0.00929719,0,0,0.831
0.0120963,0,-0.00899257,-0.0137066,0,0.9
0.00166664,0,-0.00894641,-0.0110382,0,0.901
0.00379926,0,-0.00864326,-0.00981016,0,0.901
0.01087,0,-0.00784773,-0.00880888,0,0.901
0.00743441,0,-0.00759484,-0.00617664,0,0.9
0.00767432,0,-0.0070134,-0.00408651,0,0.9
0.00527784,0,-0.00679296,-0.00213994,0,0.9
0.000425284,0,-0.00721717,-0.000523073,0,0.9
-0.000865634,0,-0.00712772,-0.000223338,0,0.9
-0.00410378,0,-0.00771114,-0.00171676,0,0.9
-0.00389713,0,-0.0073954,-0.00171676,0,0.9
-0.00311112,0,-0.00684,-0.00412822,0,0.9
-0.00197949,0,-0.00603521,-0.00412822,0,0.9
-0.00128453,0,-0.005246,-0.00495733,0,0.9
-0.00172016,0,-0.00508069,-0.00495733,0,0.9
-0.0022108,0,-0.00501362,-0.00599893,0,0.9
-0.00301258,0,-0.00518575,-0.00599893,0,0.9
-0.00268461,0,-0.00474085,-0.00733295,0,0.9
-0.00254755,0,-0.00434116,-0.00867636,0,0.9
-0.00204372,0,-0.00365927,-0.0100848,0,0.9
-0.0019492,0,-0.00328679,-0.0110738,0,0.9
-0.00116244,0,-0.00226487,-0.012118,0,0.9
-0.00132882,0,-0.00214191,-0.0123435,0,0.9
-0.00217842,0,-0.00269182,-0.0123966,0,0.9
-0.0023262,0,-0.00251346,-0.0133665,0,0.9
-0.00301935,0,-0.00236956,-0.0135988,0,0.9
-0.00374839,0,-0.00226324,-0.016252,0,0.9
-0.00370468,0,-0.00221004,-0.0203748,0,0.9
-0.00332518,0,-0.00217701,-0.02535,0,0.9
-0.00188006,0,-0.00217583,-0.0292275,0,0.9
-0.00188006,0,-0.00217583,0,0,0.9
-0.00188006,0,-0.00217583,0,0,0.9
-0.00188006,0,-0.00217583,0,0,0.9
-0.00188006,0,-0.00217583,0,0,0.9
-0.00188006,0,-0.00217583,0,0,0.9
-0.00188006,0,-0.00217583,0,0,0.9
0,-0.00864657,0,0,0,0.9
0,-0.00864657,0,0,0,0.9
0,-0.00864657,0,0,0,0.9
0,-0.00864657,0,0,0,0.9
0,-0.00864657,0,0,0,0.9
0,-0.00864657,0,0,0,0.9
0,-0.00864657,0,0,0,0.9
0,-0.00864657,0,0,0,0.9
-0.045,-0.00873126,0,0,0,0.851
0.0110006,-0.00844837,0,-0.0113605,0,0.9
0.00207109,-0.00838926,0,-0.0090047,0,0.901
0.00386246,-0.00810394,0,-0.00796933,0,0.901
0.00624216,-0.00763823,0,-0.00695222,0,0.901
0.00511719,-0.00731283,0,-0.00529556,0,0.9
0.00218951,-0.00723824,0,-0.00386405,0,0.9
0.00170896,-0.00692044,0,-0.00293275,0,0.9
-0.000598922,-0.00698378,0,-0.00242988,0,0.9
-0.00363636,-0.00739744,0,-0.0024398,0,0.9
-0.0064922,-0.00801246,0,-0.00331894,0,0.9
-0.00678695,-0.00801201,0,-0.00523269,0,0.9
-0.00644617,-0.00778937,0,-0.00732213,0,0.9
-0.0062655,-0.00760155,0,-0.00926383,0,0.9
-0.00315977,-0.00596489,0,-0.0113519,0,0.9
-0.00098955,-0.00452162,0,-0.0123609,0,0.9
-0.00143246,-0.00440225,0,-0.011887,0,0.9
-0.00108646,-0.00382952,0,-0.0117698,0,0.9
-0.00109224,-0.00347363,0,-0.0114788,0,0.9
-0.00238839,-0.00400393,0,-0.0112205,0,0.9
-0.00220473,-0.00358941,0,-0.012022,0,0.9
-0.00211853,-0.00325722,0,-0.0128648,0,0.9
-0.00284903,-0.00364348,0,-0.0138365,0,0.9
-0.00362739,-0.00415179,0,-0.0146332,0,0.901
-0.00356856,-0.00383953,0,-0.0181184,0,0.9
-0.00397643,-0.00370795,0,-0.0200241,0,0.9
-0.00440491,-0.00360178,0,-0.0209969,0,0.9
-0.00480863,-0.00352334,0,-0.0251208,0,0.9
-0.00479292,-0.00347493,0,-0.0295824,0,0.9
-0.00381772,-0.00345885,0,-0.0346061,0,0.9
-0.00381772,-0.00345885,0,-0.0373169,0,0.9
-0.00381772,-0.00345885,0,0,0,0.9
-0.00381772,-0.00345885,0,0,0,0.9
-0.00381772,-0.00345885,0,0,0,0.9
-0.00381772,-0.00345885,0,0,0,0.9
-0.00381772,-0.00345885,0,0,0,0.9
-0.00381772,-0.00345885,0,0,0,0.9
0,0,-0.00948391,0,0,0.9
0,0,-0.00948391,0,0,0.9
0,0,-0.00948391,0,0,0.9
0,0,-0.00948391,0,0,0.9
0,0,-0.00948391,0,0,0.9
0,0,-0.00948391,0,0,0.9
0,0,-0.00948391,0,0,0.9
0,0,-0.00948391,0,0,0.9
0,0,-0.00946525,0,0,0.9
0.00494154,0,-0.00933887,-0.0115895,0,0.901
0.000472734,0,-0.00924487,-0.010279,0,0.901
0.000882795,0,-0.00903422,-0.0093391,0,0.901
0.00937174,0,-0.00820692,-0.00891795,0,0.901
0.0106195,0,-0.00753585,-0.00672089,0,0.9
0.0104316,0,-0.00689556,-0.00402803,0,0.9
0.0114382,0,-0.00601653,0.00125359,0,0.9
0.00694779,0,-0.00610581,0.00322059,0,0.9
0.00197425,0,-0.00663978,0.0036297,0,0.9
-0.00119895,0,-0.00704535,0.0036297,0,0.9
-0.00433255,0,-0.00767063,0.00308212,0,0.9
-0.00511691,0,-0.00772916,0.0017256,0,0.9
-0.00329419,0,-0.00669038,-5.54141e-05,0,0.9
-0.00180412,0,-0.00564402,-0.00156011,0,0.9
-0.00281558,0,-0.00581682,-0.00327667,0,0.9
-0.0037938,0,-0.00606623,-0.00327667,0,0.9
-0.00456142,0,-0.00628823,-0.00487895,0,0.9
-0.00465928,0,-0.00612394,-0.00705338,0,0.9
-0.00474403,0,-0.00597289,-0.0127928,0,0.9
-0.0036986,0,-0.00494216,-0.0127928,0,0.9
-0.00325791,0,-0.00434391,-0.0150669,0,0.9
-0.00194417,0,-0.00297736,-0.0167335,0,0.9
-0.00142629,0,-0.00225784,-0.0173572,0,0.9
-0.00234695,0,-0.00275211,-0.0171553,0,0.9
-0.00262724,0,-0.00256783,-0.0176415,0,0.9
-0.00338629,0,-0.00241916,-0.0176552,0,0.9
-0.00385386,0,-0.00230931,-0.0201459,0,0.9
-0.0040724,0,-0.00224152,-0.0246038,0,0.9
-0.00339555,0,-0.002219,-0.0289766,0,0.9
-0.00339555,0,-0.002219,-0.032121,0,0.9
-0.00339555,0,-0.002219,0,0,0.9
-0.00339555,0,-0.002219,0,0,0.9
-0.00339555,0,-0.002219,0,0,0.9
-0.00339555,0,-0.002219,0,0,0.9
-0.00339555,0,-0.002219,0,0,0.9
-0.00339555,0,-0.002219,0,0,0.9
0,-0.00789877,0,0,0,0.9
0,-0.00789877,0,0,0,0.9
0,-0.00789877,0,0,0,0.9
0,-0.00789877,0,0,0,0.9
0,-0.00789877,0,0,0,0.9
0,-0.00789877,0,0,0,0.9
0,-0.00789877,0,0,0,0.9
0,-0.00789877,0,0,0,0.9
0,-0.00788322,0,0,0,0.9
0.0041994,-0.00777712,0,-0.00920114,0,0.901
-0.0041264,-0.0078082,0,-0.00801757,0,0.901
0.000824071,-0.00752038,0,-0.00803281,0,0.901
0.00668042,-0.00691139,0,-0.00758252,0,0.901
0.00659951,-0.00649385,0,-0.00586912,0,0.9
0.0029174,-0.00649302,0,-0.00419249,0,0.9
0.00381882,-0.0059456,0,-0.00331815,0,0.9
-0.00365031,-0.00702096,0,-0.00145582,0,0.9
-0.00527279,-0.00724407,0,-0.00234133,0,0.9
-0.00897783,-0.00821637,0,-0.0035291,0,0.9
-0.00892263,-0.00824814,0,-0.00624873,0,0.9
-0.00669846,-0.00743117,0,-0.0089036,0,0.9
-0.00464374,-0.00647018,0,-0.0111395,0,0.9
-0.00125835,-0.00465326,0,-0.0125237,0,0.9
-0.00223869,-0.0048496,0,-0.0124096,0,0.9
-0.00291813,-0.00496848,0,-0.0126519,0,0.9
-0.00286639,-0.00463175,0,-0.0134797,0,0.9
-0.00276287,-0.00432203,0,-0.0140275,0,0.9
-0.00382139,-0.00487396,0,-0.0148122,0,0.9
-0.00329384,-0.00428367,0,-0.0161726,0,0.9
-0.00250121,-0.00344271,0,-0.0175979,0,0.9
-0.00164073,-0.00249828,0,-0.0186903,0,0.9
-0.00212005,-0.00271642,0,-0.0178254,0,0.9
-0.00275837,-0.00298278,0,-0.0188827,0,0.9
-0.00339327,-0.00284822,0,-0.0195413,0,0.9
-0.00452609,-0.00273964,0,-0.0202221,0,0.9
-0.00462214,-0.00265943,0,-0.0243634,0,0.9
-0.00367678,-0.00260992,0,-0.0299561,0,0.9
-0.00284953,-0.00259347,0,-0.0331126,0,0.9
-0.00284953,-0.00259347,0,-0.0333688,0,0.9
-0.00284953,-0.00259347,0,0,0,0.9
-0.00284953,-0.00259347,0,0,0,0.9
-0.00284953,-0.00259347,0,0,0,0.9
-0.00284953,-0.00259347,0,0,0,0.9
-0.00284953,-0.00259347,0,0,0,0.9
-0.00284953,-0.00259347,0,0,0,0.9
0,0,-0.00869753,0,0,0.9
0,0,-0.00869753,0,0,0.9
0,0,-0.00869753,0,0,0.9
0,0,-0.00869753,0,0,0.9
0,0,-0.00869753,0,0,0.9
0,0,-0.00869753,0,0,0.9
0,0,-0.00869753,0,0,0.9
0,0,-0.00869753,0,0,0.9
-0.0374698,0,-0.00877812,0,0,0.802
0.00733977,0,-0.00853627,-0.0107853,0,0.901
0.00623181,0,-0.0083391,-0.00929768,0,0.901
0.00670849,0,-0.00802923,-0.00762654,0,0.901
0.0132924,0,-0.00720826,-0.00616391,0,0.901
0.00979621,0,-0.00690544,-0.00323324,0,0.9
0.0119047,0,-0.00602803,-0.00107925,0,0.901
0.00959477,0,-0.00565752,0.00161662,0,0.901
0.00205121,0,-0.00638256,0.00488503,0,0.901
-0.00258602,0,-0.00711758,0.00425321,0,0.901
-0.00628607,0,-0.00795986,0.00425321,0,0.9
-0.00729256,0,-0.00820298,-0.000267776,0,0.9
-0.00496734,0,-0.00719866,-0.000267776,0,0.9
-0.00180186,0,-0.00558538,-0.00205137,0,0.9
4.50924e-06,0,-0.00433563,-0.00289333,0,0.9
-0.00115182,0,-0.00454795,-0.00300925,0,0.9
-0.00152096,0,-0.00438703,-0.00300925,0,0.9
-0.00259091,0,-0.00473312,-0.00347742,0,0.9
-0.00276222,0,-0.00456406,-0.00496833,0,0.9
-0.00281532,0,-0.00433381,-0.00607005,0,0.9
-0.00181777,0,-0.0033038,-0.00875844,0,0.9
-0.00139772,0,-0.00267103,-0.00875844,0,0.9
-0.000483019,0,-0.00160867,-0.00961279,0,0.9
-0.00070406,0,-0.001529,-0.00872919,0,0.9
-0.00133935,0,-0.00187946,-0.00831457,0,0.9
-0.001948,0,-0.00169282,-0.00933533,0,0.9
-0.00286049,0,-0.00154224,-0.0101129,0,0.9
-0.00385623,0,-0.00143099,-0.0129489,0,0.9
-0.003843,0,-0.00136233,-0.0176566,0,0.9
-0.00287035,0,-0.00133952,-0.0230911,0,0.9
-0.00287035,0,-0.00133952,-0.0268354,0,0.9
-0.00287035,0,-0.00133952,0,0,0.9
-0.00287035,0,-0.00133952,0,0,0.9
-0.00287035,0,-0.00133952,0,0,0.9
-0.00287035,0,-0.00133952,0,0,0.9
-0.00287035,0,-0.00133952,0,0,0.9
-0.00287035,0,-0.00133952,0,0,0.9
0,-0.00880995,0,0,0,0.9
0,-0.00880995,0,0,0,0.9
0,-0.00880995,0,0,0,0.9
0,-0.00880995,0,0,0,0.9
0,-0.00880995,0,0,0,0.9
0,-0.00880995,0,0,0,0.9
0,-0.00880995,0,0,0,0.9
0,-0.00880995,0,0,0,0.9
-0.045,-0.00890745,0,0,0,0.812
0.00398069,-0.00868487,0,-0.0104718,0,0.901
-0.00229355,-0.00865622,0,-0.0102518,0,0.901
0.00258125,-0.00831581,0,-0.0102518,0,0.901
0.0064182,-0.00777863,0,-0.00939572,0,0.901
0.00703463,-0.00727458,0,-0.00753655,0,0.9
0.00580881,-0.00691,0,-0.00555302,0,0.9
0.00623831,-0.0063016,0,-0.00410107,0,0.9
0.000405989,-0.00690577,0,-0.00194364,0,0.9
-0.00339624,-0.00746617,0,-0.00170594,0,0.9
-0.00811509,-0.00860543,0,-0.00235478,0,0.9
-0.00829735,-0.00863503,0,-0.00489244,0,0.9
-0.00638361,-0.00786473,0,-0.00774137,0,0.9
-0.0056286,-0.0074137,0,-0.00966619,0,0.9
-0.00160502,-0.00528854,0,-0.0115915,0,0.9
-0.000711247,-0.00444705,0,-0.0117342,0,0.9
-0.00156559,-0.00454784,0,-0.0111633,0,0.9
-0.00133376,-0.00404637,0,-0.0113081,0,0.9
-0.00206268,-0.00418966,0,-0.0114288,0,0.9
-0.00319612,-0.00470801,0,-0.0117236,0,0.9
-0.00297698,-0.00423078,0,-0.0133819,0,0.9
-0.00192218,-0.00312361,0,-0.0147284,0,0.9
-0.000318177,-0.00148183,0,-0.0158991,0,0.9
-0.000805701,-0.00163175,0,-0.0142027,0,0.9
-0.00160728,-0.00209868,0,-0.0136635,0,0.9
-0.00301596,-0.00191497,0,-0.013497,0,0.9
-0.00418676,-0.00176675,0,-0.0146372,0,0.9
-0.00458931,-0.00165724,0,-0.019437,0,0.9
-0.00456917,-0.00158965,0,-0.0250042,0,0.9
-0.00362749,-0.0015672,0,-0.0300214,0,0.9
-0.00362749,-0.0015672,0,-0.0335216,0,0.9
-0.00362749,-0.0015672,0,0,0,0.9
-0.00362749,-0.0015672,0,0,0,0.9
-0.00362749,-0.0015672,0,0,0,0.9
-0.00362749,-0.0015672,0,0,0,0.9
-0.00362749,-0.0015672,0,0,0,0.9
-0.00362749,-0.0015672,0,0,0,0.9
0,0,-0.00981629,0,0,0.9
0,0,-0.00981629,0,0,0.9
0,0,-0.00981629,0,0,0.9
0,0,-0.00981629,0,0,0.9
0,0,-0.00981629,0,0,0.9
0,0,-0.00981629,0,0,0.9
0,0,-0.00981629,0,0,0.9
0,0,-0.00981629,0,0,0.9
-0.045,0,-0.00991181,0,0,0.81
0.00279,0,-0.00968953,-0.0148968,0,0.901
-9.57555e-05,0,-0.00958291,-0.0136697,0,0.901
0.00120499,0,-0.0093382,-0.0129088,0,0.901
0.00600915,0,-0.00874451,-0.0120942,0,0.901
0.00547584,0,-0.00834631,-0.00827424,0,0.9
0.00768257,0,-0.0075573,-0.00586999,0,0.9
0.0109298,0,-0.00635819,-0.00586999,0,0.9
0.00456877,0,-0.00684407,-0.00306283,0,0.9
0.00207059,0,-0.0068527,-0.0014829,0,0.9
-0.00152677,0,-0.00737638,-0.000767996,0,0.9
-0.00513695,0,-0.00821954,-0.000924039,0,0.9
-0.00463393,0,-0.00779742,-0.00266812,0,0.9
-0.00271936,0,-0.00670154,-0.00450377,0,0.9
-0.00165011,0,-0.00582506,-0.00537873,0,0.9
-0.00167035,0,-0.00542794,-0.0058701,0,0.9
-0.00306462,0,-0.00584404,-0.00626972,0,0.9
-0.00361163,0,-0.00586288,-0.00740674,0,0.9
-0.00282361,0,-0.00502795,-0.0094412,0,0.9
-0.00298401,0,-0.00482405,-0.0107968,0,0.9
-0.00249423,0,-0.00414548,-0.0122192,0,0.9
-0.00264952,0,-0.00397025,-0.0134895,0,0.9
-0.00210264,0,-0.00322933,-0.0148729,0,0.9
-0.00203498,0,-0.00290105,-0.0159744,0,0.9
-0.00242584,0,-0.00294073,-0.0166819,0,0.9
-0.00287579,0,-0.00275252,-0.0176019,0,0.9
-0.00263636,0,-0.00263504,-0.0183303,0,0.9
-0.00305166,0,-0.00251263,-0.0203093,0,0.9
-0.00353729,0,-0.00243234,-0.0236054,0,0.9
-0.00320341,0,-0.00239748,-0.0271887,0,0.9
-0.00192566,0,-0.00239624,-0.0300374,0,0.9
-0.00192566,0,-0.00239624,0,0,0.9
-0.00192566,0,-0.00239624,0,0,0.9
-0.00192566,0,-0.00239624,0,0,0.9
-0.00192566,0,-0.00239624,0,0,0.9
-0.00192566,0,-0.00239624,0,0,0.9
-0.00192566,0,-0.00239624,0,0,0.9
0,-0.00809081,0,0,0,0.9
0,-0.00809081,0,0,0,0.9
0,-0.00809081,0,0,0,0.9
0,-0.00809081,0,0,0,0.9
0,-0.00809081,0,0,0,0.9
0,-0.00809081,0,0,0,0.9
0,-0.00809081,0,0,0,0.9
0,-0.00809081,0,0,0,0.9
0,-0.00807489,0,0,0,0.9
0.0141503,-0.00786718,0,-0.00977369,0,0.901
0.0097173,-0.00766327,0,-0.00730885,0,0.901
0.00745277,-0.00741654,0,-0.00513501,0,0.901
0.0114797,-0.0067654,0,-0.00367211,0,0.901
0.00782587,-0.00654845,0,-0.00122086,0,0.9
0.00760755,-0.00605054,0,0.000400896,0,0.9
0.00329278,-0.00620423,0,0.00297002,0,0.9
0.00223175,-0.00595798,0,0.00297002,0,0.9
-0.000857216,-0.00628736,0,0.00341611,0,0.9
-0.00430229,-0.00693189,0,0.00305597,0,0.9
-0.00568165,-0.00723989,0,0.00171417,0,0.9
-0.00463647,-0.00670278,0,0.000120125,0,0.9
-0.00328203,-0.00592052,0,-0.00194934,0,0.9
-0.00381649,-0.00594831,0,-0.00293358,0,0.9
-0.00139202,-0.00448207,0,-0.00449973,0,0.9
-0.00519595,-0.00635608,0,-0.000926549,0,0.901
-0.000201338,-0.00297843,0,-0.00464556,0,0.9
-0.000436863,-0.00276045,0,-0.00464556,0,0.9
-0.000628411,-0.00255482,0,-0.00449578,0,0.9
-0.00105499,-0.00257768,0,-0.00468919,0,0.901
-0.00178224,-0.00289168,0,-0.00501914,0,0.901
-0.00276839,-0.00350979,0,-0.00617955,0,0.901
-0.0036723,-0.00413394,0,-0.00798107,0,0.901
-0.004566,-0.00482873,0,-0.0111981,0,0.901
-0.00437276,-0.00473878,0,-0.0162015,0,0.901
-0.00465178,-0.00466438,0,-0.0189555,0,0.901
-0.0047199,-0.00460968,0,-0.0240996,0,0.901
-0.00418836,-0.00457746,0,-0.0290557,0,0.901
-0.00385935,-0.004566,0,-0.0328184,0,0.901
-0.00385935,-0.004566,0,-0.0357769,0,0.901
-0.00385935,-0.004566,0,0,0,0.901
-0.00385935,-0.004566,0,0,0,0.901
-0.00385935,-0.004566,0,0,0,0.901
-0.00385935,-0.004566,0,0,0,0.901
-0.00385935,-0.004566,0,0,0,0.901
-0.00385935,-0.004566,0,0,0,0.901
0,0,-0.00553298,0,0,0.9
0,0,-0.00553298,0,0,0.9
0,0,-0.00553298,0,0,0.9
0,0,-0.00553298,0,0,0.9
0,0,-0.00553298,0,0,0.9
0,0,-0.00553298,0,0,0.9
0,0,-0.00553298,0,0,0.9
0,0,-0.00551583,0,0,0.9
0.00346326,0,-0.00544745,-0.0107524,0,0.901
-0.00282598,0,-0.00547024,-0.00987587,0,0.901
0.00304827,0,-0.00517473,-0.00847269,0,0.901
0.00803363,0,-0.00463221,-0.00847269,0,0.901
0.00755314,0,-0.00428518,-0.00647725,0,0.9
0.0129606,0,-0.00314557,-0.00460575,0,0.9
0.0119211,0,-0.00265705,-0.00141817,0,0.9
0.00872208,0,-0.00261707,0.00196126,0,0.9
0.0067934,0,-0.00248685,0.0038551,0,0.9
0.00108348,0,-0.00360073,0.00582283,0,0.9
6.8537e-06,0,-0.0036558,0.00584181,0,0.9
-0.00269698,0,-0.0044351,0.00560877,0,0.9
-0.000950961,0,-0.00353337,0.00413188,0,0.9
-0.000637866,0,-0.00315272,0.00343797,0,0.9
-0.00143517,0,-0.00333564,0.00272098,0,0.9
-0.00290991,0,-0.00399621,0.0017108,0,0.9
-0.00592692,0,-0.00578304,0.000114864,0,0.9
-0.00581145,0,-0.00572301,-0.00396063,0,0.9
-0.00655067,0,-0.0062743,-0.00805869,0,0.9
-0.00506559,0,-0.00517199,-0.0129586,0,0.9
-0.00379972,0,-0.00412259,-0.0167499,0,0.9
-0.00333722,0,-0.00366197,-0.0191734,0,0.9
-0.00257777,0,-0.00291156,-0.0212324,0,0.9
-0.00282503,0,-0.00304675,-0.0223662,0,0.9
-0.00376234,0,-0.00240105,-0.0236525,0,0.9
-0.00346806,0,-0.00232819,-0.025363,0,0.9
-0.00293061,0,-0.0022726,-0.0279763,0,0.9
-0.00260932,0,-0.00223576,-0.029817,0,0.9
-0.00273665,0,-0.00221914,-0.0301698,0,0.9
-0.001845,0,-0.00221831,-0.0312585,0,0.9
-0.001845,0,-0.00221831,0,0,0.9
-0.001845,0,-0.00221831,0,0,0.9
-0.001845,0,-0.00221831,0,0,0.9
-0.001845,0,-0.00221831,0,0,0.9
-0.001845,0,-0.00221831,0,0,0.9
-0.001845,0,-0.00221831,0,0,0.9
0,-0.00781372,0,0,0,0.9
0,-0.00781372,0,0,0,0.9
0,-0.00781372,0,0,0,0.9
0,-0.00781372,0,0,0,0.9
0,-0.00781372,0,0,0,0.9
0,-0.00781372,0,0,0,0.9
0,-0.00781372,0,0,0,0.9
0,-0.00781372,0,0,0,0.9
0,-0.00780025,0,0,0,0.9
0.0101107,-0.00764331,0,-0.00996062,0,0.901
0.00579247,-0.00749835,0,-0.00792195,0,0.901
0.00371865,-0.00732603,0,-0.0063596,0,0.901
0.0118716,-0.00650669,0,-0.00550921,0,0.901
0.0115615,-0.00596624,0,-0.00305954,0,0.9
0.0124082,-0.00522081,0,-0.000577484,0,0.9
0.0114713,-0.00463611,0,0.00223348,0,0.9
0.00720712,-0.00474117,0,0.00517272,0,0.9
0.00242306,-0.00528398,0,0.00677764,0,0.9
-0.000665909,-0.00572629,0,0.00724725,0,0.9
-0.00422529,-0.00659777,0,0.00663705,0,0.9
-0.0036996,-0.00622105,0,0.00481907,0,0.9
-0.00180302,-0.00519063,0,0.00291739,0,0.9
-0.00203413,-0.00500339,0,0.00198421,0,0.9
-0.00270393,-0.00507374,0,0.000946841,0,0.9
-0.00303837,-0.00501599,0,-0.000691368,0,0.9
-0.00496522,-0.00600563,0,-0.00239825,0,0.9
-0.00604706,-0.00658748,0,-0.0053948,0,0.9
-0.00638752,-0.00675886,0,-0.00869529,0,0.9
-0.00608796,-0.00646254,0,-0.0126492,0,0.9
-0.00507121,-0.00555889,0,-0.0166333,0,0.901
-0.00346458,-0.00407224,0,-0.0205033,0,0.9
-0.00315953,-0.00365104,0,-0.0220107,0,0.9
-0.00312742,-0.00348109,0,-0.0237224,0,0.9
-0.00292301,-0.00239689,0,-0.02495,0,0.9
-0.00310381,-0.00227805,0,-0.0248777,0,0.9
-0.00292902,-0.00218589,0,-0.0264984,0,0.9
-0.00246059,-0.00213094,0,-0.0272006,0,0.9
-0.00199121,-0.00211328,0,-0.0283216,0,0.9
-0.00199121,-0.00211327,0,-0.0272452,0,0.9
-0.00199121,-0.00211327,0,0,0,0.9
-0.00199121,-0.00211327,0,0,0,0.9
-0.00199121,-0.00211327,0,0,0,0.9
-0.00199121,-0.00211327,0,0,0,0.9
-0.00199121,-0.00211327,0,0,0,0.9
-0.00199121,-0.00211327,0,0,0,0.9
0,0,-0.00576165,0,0,0.9
0,0,-0.00576165,0,0,0.9
0,0,-0.00576165,0,0,0.9
0,0,-0.00576165,0,0,0.9
0,0,-0.00576165,0,0,0.9
0,0,-0.00576165,0,0,0.9
0,0,-0.00576165,0,0,0.9
0,0,-0.00576165,0,0,0.9
0,0,-0.00575172,0,0,0.9
-0.00808033,0,-0.0057837,-0.0143534,0,0.901
-0.00405112,0,-0.00572201,-0.014903,0,0.901
-0.00125517,0,-0.00557108,-0.0145724,0,0.901
0.00498488,0,-0.00504812,-0.0140489,0,0.901
0.00637867,0,-0.00460404,-0.0122926,0,0.9
0.00953398,0,-0.00381368,-0.0077467,0,0.9
0.008928,0,-0.00334122,-0.0077467,0,0.9
0.00468425,0,-0.00362492,-0.0048188,0,0.9
0.00486099,0,-0.00313656,-0.00326569,0,0.9
0.000750689,0,-0.00385981,-0.0015511,0,0.9
0.000344036,0,-0.00369273,-0.00111555,0,0.9
-0.000663166,0,-0.00378792,-0.00050137,0,0.9
-0.000571762,0,-0.00349677,-0.00111274,0,0.9
-0.00178406,0,-0.00383251,-0.00188017,0,0.9
-0.00309689,0,-0.00433275,-0.00188017,0,0.9
-0.00569159,0,-0.00572061,-0.00333172,0,0.9
-0.00624645,0,-0.00606938,-0.00646394,0,0.9
-0.00562464,0,-0.00566815,-0.0103359,0,0.9
-0.00532442,0,-0.00544316,-0.0136038,0,0.9
-0.00385445,0,-0.00428862,-0.0169435,0,0.9
-0.00268813,0,-0.00326066,-0.0192269,0,0.9
-0.00288125,0,-0.00330726,-0.02017,0,0.9
-0.00314668,0,-0.00342073,-0.0214116,0,0.9
-0.00364769,0,-0.00380575,-0.0228309,0,0.9
-0.00462923,0,-0.00375164,-0.0245061,0,0.9
-0.00404689,0,-0.00370784,-0.026616,0,0.9
-0.00368811,0,-0.00367529,-0.0298111,0,0.9
-0.00332512,0,-0.00365882,-0.0322772,0,0.9
-0.00233769,0,-0.00364822,-0.0339877,0,0.9
-0.00124229,0,-0.00364769,-0.0338218,0,0.9
-0.00124229,0,-0.00364769,0,0,0.9
-0.00124229,0,-0.00364769,0,0,0.9
-0.00124229,0,-0.00364769,0,0,0.9
-0.00124229,0,-0.00364769,0,0,0.9
-0.00124229,0,-0.00364769,0,0,0.9
-0.00124229,0,-0.00364769,0,0,0.9
0,-0.00698843,0,0,0,0.9
0,-0.00698843,0,0,0,0.9
0,-0.00698843,0,0,0,0.9
0,-0.00698843,0,0,0,0.9
0,-0.00698843,0,0,0,0.9
0,-0.00698843,0,0,0,0.9
0,-0.00698843,0,0,0,0.9
0,-0.00698843,0,0,0,0.9
0,-0.00697638,0,0,0,0.9
0.0116386,-0.00681133,0,-0.0109659,0,0.901
0.00936612,-0.00660936,0,-0.00877956,0,0.901
0.00617764,-0.00642988,0,-0.00650374,0,0.9
0.00603076,-0.006124,0,-0.0051587,0,0.901
0.00284991,-0.00605031,0,-0.00349818,0,0.9
0.00152802,-0.00589642,0,-0.00273776,0,0.9
-0.00111604,-0.00602083,0,-0.00204313,0,0.9
-0.000320136,-0.00562441,0,-0.00211755,0,0.9
-0.00296413,-0.00599393,0,-0.00209005,0,0.9
-0.00526751,-0.00648586,0,-0.00256156,0,0.9
-0.00576783,-0.00657482,0,-0.00405382,0,0.9
-0.00575398,-0.00651055,0,-0.00591953,0,0.9
-0.00556238,-0.0063661,0,-0.00804015,0,0.9
-0.00539171,-0.00621202,0,-0.00957294,0,0.9
-0.001715,-0.0041607,0,-0.0116053,0,0.9
-0.00140737,-0.00371866,0,-0.0117178,0,0.9
-0.00084548,-0.00308918,0,-0.0115513,0,0.9
-0.00105695,-0.00294066,0,-0.0112321,0,0.9
-0.00148411,-0.00297888,0,-0.0111027,0,0.9
-0.00162124,-0.00284308,0,-0.0112832,0,0.9
-0.00159543,-0.00260003,0,-0.0118068,0,0.9
-0.00285029,-0.00342476,0,-0.012292,0,0.9
-0.00339531,-0.00377648,0,-0.0134515,0,0.901
-0.00435146,-0.0045517,0,-0.0161286,0,0.901
-0.00463533,-0.00289076,0,-0.0195053,0,0.901
-0.00476486,-0.00280056,0,-0.0223142,0,0.901
-0.00478701,-0.00273315,0,-0.0271539,0,0.901
-0.00456573,-0.00268899,0,-0.0317415,0,0.901
-0.00369504,-0.00267431,0,-0.0357567,0,0.901
-0.00206363,-0.00267428,0,-0.0379979,0,0.901
-0.00206363,-0.00267428,0,0,0,0.901
-0.00206363,-0.00267428,0,0,0,0.901
-0.00206363,-0.00267428,0,0,0,0.901
-0.00206363,-0.00267428,0,0,0,0.901
-0.00206363,-0.00267428,0,0,0,0.901
-0.00206363,-0.00267428,0,0,0,0.901
0,0,-0.0059721,0,0,0.9
0,0,-0.0059721,0,0,0.9
0,0,-0.0059721,0,0,0.9
0,0,-0.0059721,0,0,0.9
0,0,-0.0059721,0,0,0.9
0,0,-0.0059721,0,0,0.9
0,0,-0.0059721,0,0,0.9
0,0,-0.0059721,0,0,0.9
0,0,-0.00596316,0,0,0.9
-0.00358464,0,-0.00595067,-0.0143048,0,0.901
0.00451731,0,-0.00573753,-0.014276,0,0.901
0.001206,0,-0.00567628,-0.0126019,0,0.901
0.00784462,0,-0.00507292,-0.0117841,0,0.901
0.00565886,0,-0.00488095,-0.00952235,0,0.9
0.00851943,0,-0.00413909,-0.00771199,0,0.9
0.0137557,0,-0.00275916,-0.00552879,0,0.9
0.00741921,0,-0.00326044,-0.00143436,0,0.9
0.00615506,0,-0.00300173,0.000674724,0,0.9
0.00202416,0,-0.00365524,0.00245199,0,0.9
-0.00181018,0,-0.00457172,0.00311351,0,0.9
-0.00225943,0,-0.0045439,0.00229838,0,0.9
-0.00293738,0,-0.00465526,0.00132377,0,0.9
-0.00307216,0,-0.00456924,-7.44983e-05,0,0.9
-0.00337846,0,-0.0045878,-0.00172583,0,0.9
-0.00524713,0,-0.00554915,-0.00331322,0,0.9
-0.00629888,0,-0.00617873,-0.00600612,0,0.9
-0.00660103,0,-0.00639982,-0.0099108,0,0.9
-0.00701811,0,-0.00673169,-0.0141355,0,0.9
-0.00530732,0,-0.00546008,-0.0190245,0,0.9
-0.00464458,0,-0.00489453,-0.022481,0,0.9
-0.00408436,0,-0.00436703,-0.0252437,0,0.9
-0.00355218,0,-0.00382952,-0.0274181,0,0.9
-0.00283561,0,-0.00309698,-0.0292388,0,0.9
-0.00371275,0,-0.0026884,-0.0297319,0,0.9
-0.00361696,0,-0.00261104,-0.0304449,0,0.9
-0.00359072,0,-0.00255174,-0.0324784,0,0.9
-0.0037914,0,-0.00251204,-0.0347763,0,0.9
-0.00291525,0,-0.0024935,-0.0375372,0,0.9
-0.00157493,0,-0.00249228,-0.0384063,0,0.9
-0.00157493,0,-0.00249228,0,0,0.9
-0.00157493,0,-0.00249228,0,0,0.9
-0.00157493,0,-0.00249228,0,0,0.9
-0.00157493,0,-0.00249228,0,0,0.9
-0.00157493,0,-0.00249228,0,0,0.9
-0.00157493,0,-0.00249228,0,0,0.9
0,-0.00609499,0,0,0,0.9
0,-0.00609499,0,0,0,0.9
0,-0.00609499,0,0,0,0.9
0,-0.00609499,0,0,0,0.9
0,-0.00609499,0,0,0,0.9
0,-0.00609499,0,0,0,0.9
0,-0.00609499,0,0,0,0.9
0,-0.00609499,0,0,0,0.9
0,-0.00608588,0,0,0,0.9
0.0074262,-0.00597404,0,-0.00996231,0,0.902
0.00317187,-0.00588777,0,-0.00834764,0,0.901
-0.00103499,-0.00588647,0,-0.00711294,0,0.901
0.00478115,-0.00538719,0,-0.00706182,0,0.901
0.00448641,-0.00510231,0,-0.00576072,0,0.9
0.00149649,-0.00513476,0,-0.004509,0,0.9
0.00297809,-0.00461732,0,-0.00381659,0,0.9
0.00131531,-0.00451766,0,-0.00268656,0,0.9
-0.00290729,-0.00527916,0,-0.00239707,0,0.9
-0.00529933,-0.00585621,0,-0.00391855,0,0.9
-0.00798082,-0.00674977,0,-0.00593923,0,0.9
-0.00845961,-0.00703064,0,-0.00849964,0,0.9
-0.00848921,-0.00716363,0,-0.00849964,0,0.9
-0.00599492,-0.00604533,0,-0.0113994,0,0.9
-0.00426518,-0.00509557,0,-0.0135996,0,0.9
-0.00332796,-0.00444661,0,-0.014701,0,0.9
-0.00223861,-0.00360995,0,-0.0156014,0,0.9
-0.0018813,-0.00318008,0,-0.0159971,0,0.9
-0.00209335,-0.00314418,0,-0.0160868,0,0.9
-0.00237356,-0.00318914,0,-0.0163576,0,0.9
-0.0017915,-0.00255903,0,-0.0168431,0,0.9
-0.00226733,-0.00280558,0,-0.0176262,0,0.9
-0.0029754,-0.00331392,0,-0.0173936,0,0.901
-0.00326396,-0.00348491,0,-0.0192822,0,0.901
-0.00392336,-0.00253103,0,-0.0211257,0,0.9
-0.00455669,-0.00245179,0,-0.023037,0,0.9
-0.00501947,-0.00238999,0,-0.0268346,0,0.9
-0.00454028,-0.00235326,0,-0.0323069,0,0.9
-0.00383898,-0.00233982,0,-0.0364706,0,0.9
-0.00215965,-0.00233979,0,-0.0389498,0,0.9
-0.00215965,-0.00233979,0,0,0,0.9
-0.00215965,-0.00233979,0,0,0,0.9
-0.00215965,-0.00233979,0,0,0,0.9
-0.00215965,-0.00233979,0,0,0,0.9
-0.00215965,-0.00233979,0,0,0,0.9
-0.00215965,-0.00233979,0,0,0,0.9
0,0,-0.00825038,0,0,0.9
0,0,-0.00825038,0,0,0.9
0,0,-0.00825038,0,0,0.9
0,0,-0.00825038,0,0,0.9
0,0,-0.00825038,0,0,0.9
0,0,-0.00825038,0,0,0.9
0,0,-0.00825038,0,0,0.9
0,0,-0.00825038,0,0,0.9
0,0,-0.00823804,0,0,0.9
-0.00766941,0,-0.00824516,-0.0134374,0,0.901
-0.00223076,0,-0.00811819,-0.0134745,0,0.901
-0.00342428,0,-0.00805149,-0.0134745,0,0.901
0.00146838,0,-0.00761789,-0.0132203,0,0.901
0.00560369,0,-0.00695068,-0.0125042,0,0.9
0.00704911,0,-0.00632839,-0.00850109,0,0.9
0.0141373,0,-0.00460425,-0.00850109,0,0.9
0.00861446,0,-0.00483536,-0.00414662,0,0.9
0.00686262,0,-0.00454868,-0.00172342,0,0.9
0.000378554,0,-0.00575021,0.000624416,0,0.9
-0.0030242,0,-0.00649191,0.000915851,0,0.9
-0.00343653,0,-0.00639858,-0.000221054,0,0.9
-0.00349402,0,-0.00618649,-0.0015376,0,0.9
-0.00326146,0,-0.00583698,-0.00291356,0,0.9
-0.00359832,0,-0.00576745,-0.00423318,0,0.9
-0.00373079,0,-0.00561364,-0.00595663,0,0.9
-0.00552486,0,-0.00652695,-0.00761284,0,0.9
-0.00679399,0,-0.00724289,-0.0108082,0,0.9
-0.00692527,0,-0.00727324,-0.014067,0,0.9
-0.0054888,0,-0.00609402,-0.018645,0,0.9
-0.00437615,0,-0.00506711,-0.0221394,0,0.9
-0.00319991,0,-0.0039101,-0.0243383,0,0.9
-0.00209,0,-0.00274553,-0.025683,0,0.9
-0.00211432,0,-0.0025817,-0.0254928,0,0.9
-0.00273664,0,-0.00226956,-0.0247413,0,0.9
-0.00286432,0,-0.00213746,-0.0247663,0,0.9
-0.0029477,0,-0.00203875,-0.0254205,0,0.9
-0.00288109,0,-0.00197621,-0.0264936,0,0.9
-0.001569,0,-0.00195473,-0.0282637,0,0.9
-0.000905842,0,-0.00195253,-0.0269616,0,0.9
-0.000905842,0,-0.00195253,0,0,0.9
-0.000905842,0,-0.00195253,0,0,0.9
-0.000905842,0,-0.00195253,0,0,0.9
-0.000905842,0,-0.00195253,0,0,0.9
-0.000905842,0,-0.00195253,0,0,0.9
-0.000905842,0,-0.00195253,0,0,0.9
0,-0.006784,0,0,0,0.9
0,-0.006784,0,0,0,0.9
0,-0.006784,0,0,0,0.9
0,-0.006784,0,0,0,0.9
0,-0.006784,0,0,0,0.9
0,-0.006784,0,0,0,0.9
0,-0.006784,0,0,0,0.9
0,-0.006784,0,0,0,0.9
0,-0.00677385,0,0,0,0.9
0,-0.00672469,0,-0.00820922,0,0.9
0,-0.0066318,0,-0.00650442,0,0.9
0,-0.00650353,0,-0.00650442,0,0.9
0,-0.00634111,0,-0.00599971,0,0.9
0,-0.00614756,0,-0.00476998,0,0.9
0,-0.0059259,0,-0.00379956,0,0.9
0,-0.00567913,0,-0.00269033,0,0.9
0,-0.00541028,0,-0.00269033,0,0.9
0,-0.00512236,0,-0.00214423,0,0.9
0,-0.00481838,0,-0.00245123,0,0.9
0,-0.00450137,0,-0.00380936,0,0.9
0,-0.00417432,0,-0.00515923,0,0.9
0,-0.00384027,0,-0.00873479,0,0.9
0,-0.00350222,0,-0.0107674,0,0.9
0,-0.00316319,0,-0.0119338,0,0.9
0,-0.0028262,0,-0.0129457,0,0.9
0,-0.00249426,0,-0.0141281,0,0.9
0,-0.00217038,0,-0.0141281,0,0.9
0,-0.00185758,0,-0.0152791,0,0.9
0,-0.00155888,0,-0.016457,0,0.9
0,-0.0012166,0,-0.0179387,0,0.9
0,-0.00095396,0,-0.0203965,0,0.9
0,-0.000721893,0,-0.0230124,0,0.9
0,-0.000516736,0,-0.0230124,0,0.9
0,-0.000341504,0,-0.0268954,0,0.9
0,-0.000199212,0,-0.0304401,0,0.9
0,-9.28749e-05,0,-0.0356781,0,0.9
0,-3.85316e-05,0,-0.0391939,0,0.9
0,-2.37128e-06,0,-0.0416176,0,0.9
0,0,0,-0.042661,0,0.9
0,0,0,0,0,0.9
0,0,0,0,0,0.9
0,0,0,0,0,0.9
0,0,0,0,0,0.9
0,0,0,0,0,0.9
0,0,0,0,0,0.9
0,0,0,0,0,0.9
0,0,0,0,0,0.9
0,0,0,0,0,0.9
0,0,0,0,0,0.9
0,0,0,0,0,0.9
0,0,0,0,0,0.9
0,0,0,0,0,0.9
0,0,0,0,0,0.9
0,0,0,0,0,0.9
0,0,0,0,0,0.9
0,0,0,0,0,0.9
0,0,0,0,0,0.9
0,0,0,0,0,0.9
0,0,0,0,0,0.9
0,0,0,0,0,0.9
0,0,0,0,0,0.9
0,0,0,0,0,0.9
0,0,0,0,0,0.9
0,0,0,0,0,0.9
0,0,0,0,0,0.9
0,0,0,0,0,0.9
0,0,0,0,0,0.9
0,0,0,0,0,0.9
0,0,0,0,0,0.9
0,0,0,0,0,0.9
0,0,0,0,0,0.9
0,0,0,0,0,0.9
0,0,0,0,0,0.9
0,0,0,0,0,0.9
0,0,0,0,0,0.9
0,0,0,0,0,0.9
0,0,0,0,0,0.9
0,0,0,0,0,0.9
0,0,0,0,0,0.9
0,0,0,0,0,0.9
0,0,0,0,0,0.9
0,0,0,0,0,0.9
0,0,0,0,0,0.9
0,0,0,0,0,0.9
0,0,0,0,0,0.9
0,0,0,0,0,0.9
0,0,0,0,0,0.9
