-0.214999,0,-0.205,0,0
-0.214999,0,-0.205,0,0
-0.214999,0,-0.205,0,0
-0.214999,0,-0.205,0,0
-0.214999,0,-0.205,0,0
-0.214999,0,-0.205,0,0
-0.214999,0,-0.205,0,0
-0.214999,0,-0.205,0,0
-0.214999,0,-0.205,0,0
-0.214999,0,-0.205,0,0
-0.214999,0,-0.205,0,0
-0.214999,0,-0.205,0,0
-0.214999,0,-0.205,0,0
-0.214999,0,-0.205,0,0
-0.214999,0,-0.205,0,0
-0.214999,0,-0.205,0,0
-0.214999,0,-0.205,0,0
-0.214999,0,-0.205,0,0
-0.214999,0,-0.205,0,0
-0.214999,0,-0.205,0,0
-0.214999,0,-0.205,0,0
-0.214999,0,-0.205,0,0
-0.214999,0,-0.205,0,0
-0.214999,0,-0.205,0,0
-0.214999,0,-0.205,0,0
-0.214999,0,-0.205,0,0
-0.214999,0,-0.205,0,0
-0.214999,0,-0.205,0,0
-0.214999,0,-0.205,0,0
-0.214999,0,-0.205,0,0
-0.214999,0,-0.205,0,0
-0.214999,0,-0.205,0,0
-0.214999,0,-0.205,0,0
-0.214999,0,-0.205,0,0
-0.214999,0,-0.205,0,0
-0.214999,0,-0.205,0,0
-0.214999,0,-0.205,0,0
-0.214999,0,-0.205,0,0
-0.214999,0,-0.205,0,0
-0.214999,0,-0.205,0,0
-0.214999,0,-0.205,0,0
-0.214999,0,-0.205,0,0
-0.214999,0,-0.205,0,0
-0.214999,0,-0.205,0,0
-0.214999,0,-0.205,0,0
-0.214999,0,-0.205,0,0
-0.214999,0,-0.205,0,0
-0.214999,0,-0.205,0,0
-0.214999,0,-0.205,0,0
-0.214999,0,-0.205,0,0
-0.214999,0,-0.205,0,0
-0.214999,0,-0.205,0,0
-0.214999,0,-0.205,0,0
-0.214999,0,-0.205,0,0
-0.214999,0,-0.205,0,0
-0.214999,0,-0.205,0,0
-0.214999,0,-0.205,0,0
-0.214999,0,-0.205,0,0
-0.214999,0,-0.205,0,0
-0.214999,0,-0.205,0,0
-0.214999,0,-0.205,0,0
-0.214999,0,-0.205,0,0
-0.214999,0,-0.205,0,0
-0.214999,0,-0.205,0,0
-0.214999,0,-0.205,0,0
-0.214999,0,-0.205,0,0
-0.214999,0,-0.205,0,0
-0.214999,0,-0.205,0,0
-0.214999,0,-0.205,0,0
-0.214999,0,-0.205,0,0
-0.214999,0,-0.205,0,0
-0.214999,0,-0.205,0,0
-0.214999,0,-0.205,0,0
-0.214999,0,-0.205,0,0
-0.214999,0,-0.205,0,0
-0.214999,0,-0.205,0,0
-0.214999,0,-0.205,0,0
-0.214999,0,-0.205,0,0
-0.214999,0,-0.205,0,0
-0.214999,0,-0.205,0,0
-0.214999,0,-0.205,0,0
-0.214999,0,-0.205,0,0
-0.214999,0,-0.205,0,0
-0.214999,0,-0.205,0,0
-0.214999,0,-0.205,0,0
-0.214999,0,-0.205,0,0
-0.214999,0,-0.205,0,0
-0.214999,0,-0.205,0,0
-0.214999,0,-0.205,0,0
-0.214999,0,-0.205,0,0
-0.214999,0,-0.205,0,0
-0.214999,0,-0.205,0,0
-0.214999,0,-0.205,0,0
-0.214999,0,-0.205,0,0
-0.214999,0,-0.205,0,0
-0.214999,0,-0.205,0,0
-0.214999,0,-0.205,0,0
-0.214999,0,-0.205,0,0
-0.214999,0,-0.205,0,0
-0.214999,0,-0.205,0,0
-0.214999,0,-0.205,0,0
-0.214999,0,-0.205,0,0
-0.214999,0,-0.205,0,0
-0.214999,0,-0.205,0,0
-0.214999,0,-0.205,0,0
-0.214999,0,-0.205,0,0
-0.214999,0,-0.205,0,0
-0.214999,0,-0.205031,0,0
-0.214999,0,-0.205124,0,0
-0.214999,0,-0.205275,0,0
-0.214999,0,-0.20548,0,0
-0.214999,0,-0.205734,0,0
-0.214999,0,-0.206032,0,0
-0.214999,0,-0.20637,0,0
-0.214999,0,-0.206744,0,0
-0.214999,0,-0.207149,0,0
-0.214999,0,-0.207581,0,0
-0.214999,0,-0.208036,0,0
-0.214999,0,-0.208508,0,0
-0.214999,0,-0.208993,0,0
-0.214999,0,-0.209488,0,0
-0.214999,0,-0.209987,0,0
-0.214999,0,-0.210486,0,0
-0.214999,0,-0.210981,0,0
-0.214999,0,-0.211468,0,0
-0.214999,0,-0.21194,0,0
-0.214999,0,-0.212396,0,0
-0.214999,0,-0.212829,0,0
-0.214999,0,-0.213236,0,0
-0.214999,0,-0.213611,0,0
-0.214999,0,-0.213951,0,0
-0.214999,0,-0.214252,0,0
-0.214999,0,-0.214508,0,0
-0.214999,0,-0.214715,0,0
-0.214999,0,-0.214869,0,0
-0.214999,0,-0.214965,0,0
-0.214999,0,-0.214999,0,0
-0.214999,0,-0.214999,0,0
-0.214999,0,-0.214999,0,0
-0.214999,0,-0.214999,0,0
-0.214999,0,-0.214999,0,0
-0.214999,0,-0.214999,0,0
-0.214999,0,-0.214999,0,0
-0.214999,0,-0.214999,0,0
0.235,0.206483,0,0,0
0.235,0.206483,0,0,0
0.235,0.206483,0,0,0
0.235,0.206483,0,0,0
0.235,0.206483,0,0,0
0.235,0.206483,0,0,0
0.235,0.206483,0,0,0
0.235,0.206483,0,0,0
0.296781,0.206781,0,0,0
0.219472,0.206644,0,0.00208344,0
0.23003,0.20713,0,-0.00141521,0
0.242421,0.208209,0,-0.00515056,0
0.244986,0.209308,0,-0.00624939,0
0.253613,0.211347,0,-0.00712209,0
0.249281,0.212348,0,-0.00591272,0
0.249492,0.213985,0,-0.00521205,0
0.247611,0.215323,0,-0.00431597,0
0.245399,0.216529,0,-0.00350626,0
0.243392,0.217688,0,-0.00302566,0
0.241845,0.218888,0,-0.00256869,0
0.241082,0.220301,0,-0.00227063,0
0.239045,0.220693,0,-0.00150186,0
0.236304,0.220983,0,-0.00109709,0
0.235779,0.222192,0,-0.00211428,0
0.234538,0.22292,0,-0.00353361,0
0.234434,0.224225,0,-0.0058932,0
0.23654,0.226994,0,-0.0111052,0
0.233598,0.226235,0,-0.0111052,0
0.233206,0.227122,0,-0.0142596,0
0.236237,0.230694,0,-0.021595,0
0.233537,0.229536,0,-0.021595,0
0.233263,0.230238,0,-0.0247205,0
0.233804,0.231567,0,-0.0287926,0
0.234489,0.234119,0,-0.0310348,0
0.234328,0.234762,0,-0.0314866,0
0.234558,0.235252,0,-0.0318207,0
0.234915,0.235577,0,-0.0303261,0
0.234696,0.235724,0,-0.0273797,0
0.236055,0.235731,0,-0.0225226,0
0.236055,0.235731,0,0,0
0.236055,0.235731,0,0,0
0.236055,0.235731,0,0,0
0.236055,0.235731,0,0,0
0.236055,0.235731,0,0,0
0.236055,0.235731,0,0,0
-0.245,0,-0.227023,0,0
-0.245,0,-0.227023,0,0
-0.245,0,-0.227023,0,0
-0.245,0,-0.227023,0,0
-0.245,0,-0.227023,0,0
-0.245,0,-0.227023,0,0
-0.245,0,-0.227023,0,0
-0.245,0,-0.227023,0,0
-0.245,0,-0.227054,0,0
-0.203,0,-0.226794,-0.00393742,0
-0.22439,0,-0.226962,0.00342377,0
-0.231472,0,-0.227211,0.00774176,0
-0.228528,0,-0.227123,0.00981113,0
-0.240628,0,-0.22832,0.0135396,0
-0.242455,0,-0.229002,0.0143896,0
-0.244424,0,-0.22989,0.0148902,0
-0.244642,0,-0.230627,0.0151868,0
-0.241121,0,-0.230507,0.0152134,0
-0.242028,0,-0.231405,0.0165699,0
-0.242125,0,-0.23214,0.0177347,0
-0.242684,0,-0.233086,0.0190035,0
-0.243242,0,-0.234101,0.0202745,0
-0.243505,0,-0.235037,0.0213172,0
-0.242876,0,-0.235524,0.0224292,0
-0.242117,0,-0.235866,0.0239926,0
-0.242624,0,-0.236926,0.0262899,0
-0.243531,0,-0.238288,0.0285422,0
-0.243642,0,-0.239129,0.0303478,0
-0.242622,0,-0.239071,0.0317532,0
-0.244999,0,-0.241651,0.0385041,0
-0.240819,0,-0.238778,0.0385041,0
-0.239774,0,-0.238438,0.0429569,0
-0.240221,0,-0.239234,0.0476424,0
-0.240931,0,-0.239572,0.0516531,0
-0.241491,0,-0.239846,0.0541908,0
-0.242484,0,-0.240005,0.056394,0
-0.242687,0,-0.240152,0.0556496,0
-0.243297,0,-0.240218,0.0534239,0
-0.245549,0,-0.240221,0.0474194,0
-0.245549,0,-0.240221,0,0
-0.245549,0,-0.240221,0,0
-0.245549,0,-0.240221,0,0
-0.245549,0,-0.240221,0,0
-0.245549,0,-0.240221,0,0
-0.245549,0,-0.240221,0,0
0.245,0.230989,0,0,0
0.245,0.230989,0,0,0
0.245,0.230989,0,0,0
0.245,0.230989,0,0,0
0.245,0.230989,0,0,0
0.245,0.230989,0,0,0
0.245,0.230989,0,0,0
0.245,0.230989,0,0,0
0.245,0.231014,0,0,0
0.206242,0.230754,0,-0.000942718,0
0.221405,0.230767,0,-0.00702544,0
0.230595,0.230973,0,-0.0115215,0
0.229038,0.23086,0,-0.0134959,0
0.243483,0.232181,0,-0.0169326,0
0.240867,0.232256,0,-0.0170542,0
0.241352,0.232697,0,-0.0176904,0
0.244207,0.233693,0,-0.0185079,0
0.244829,0.234409,0,-0.0185335,0
0.246182,0.235426,0,-0.0186089,0
0.247393,0.236548,0,-0.0182641,0
0.247681,0.237451,0,-0.0175554,0
0.247961,0.238396,0,-0.0168371,0
0.249111,0.239801,0,-0.0160771,0
0.249167,0.240737,0,-0.0147602,0
0.248796,0.241422,0,-0.0134631,0
0.247986,0.241778,0,-0.0124267,0
0.246376,0.24149,0,-0.0118204,0
0.244972,0.241174,0,-0.0124275,0
0.243698,0.240805,0,-0.014379,0
0.242425,0.240295,0,-0.0175441,0
0.241698,0.240114,0,-0.0223248,0
0.24059,0.239506,0,-0.027886,0
0.240175,0.239423,0,-0.0351118,0
0.240367,0.243158,0,-0.0427681,0
0.241432,0.243441,0,-0.0484328,0
0.241505,0.243657,0,-0.0519273,0
0.24194,0.2438,0,-0.0544309,0
0.24383,0.243865,0,-0.0550647,0
0.246428,0.243868,0,-0.0482,0
0.246428,0.243868,0,0,0
0.246428,0.243868,0,0,0
0.246428,0.243868,0,0,0
0.246428,0.243868,0,0,0
0.246428,0.243868,0,0,0
0.246428,0.243868,0,0,0
-0.245,0,-0.23534,0,0
-0.245,0,-0.23534,0,0
-0.245,0,-0.23534,0,0
-0.245,0,-0.23534,0,0
-0.245,0,-0.23534,0,0
-0.245,0,-0.23534,0,0
-0.245,0,-0.23534,0,0
-0.245,0,-0.23534,0,0
-0.245,0,-0.235356,0,0
-0.203,0,-0.235032,-0.00432943,0
-0.224203,0,-0.235082,0.00290074,0
-0.230072,0,-0.235117,0.00714851,0
-0.23065,0,-0.235028,0.00965383,0
-0.243078,0,-0.236078,0.0128831,0
-0.241548,0,-0.236136,0.0133195,0
-0.24445,0,-0.236841,0.014129,0
-0.243707,0,-0.237051,0.0143258,0
-0.242341,0,-0.23707,0.0146574,0
-0.244358,0,-0.237973,0.0157705,0
-0.244834,0,-0.238557,0.0162365,0
-0.245451,0,-0.239254,0.0167008,0
-0.245623,0,-0.239827,0.0169048,0
-0.245064,0,-0.240068,0.0170868,0
-0.244208,0,-0.240095,0.0176382,0
-0.243884,0,-0.240346,0.0188236,0
-0.243413,0,-0.240464,0.0203663,0
-0.241963,0,-0.239859,0.0223406,0
-0.241579,0,-0.239885,0.0248482,0
-0.241975,0,-0.240465,0.0289382,0
-0.241555,0,-0.240397,0.032399,0
-0.24067,0,-0.239881,0.036623,0
-0.240561,0,-0.239971,0.0420777,0
-0.240222,0,-0.239857,0.0472926,0
-0.244068,0,-0.239982,0.0544015,0
-0.240506,0,-0.240083,0.0544015,0
-0.241341,0,-0.240158,0.0578067,0
-0.242636,0,-0.240196,0.0584977,0
-0.243829,0,-0.240221,0.0564525,0
-0.246092,0,-0.240222,0.0493333,0
-0.246092,0,-0.240222,0,0
-0.246092,0,-0.240222,0,0
-0.246092,0,-0.240222,0,0
-0.246092,0,-0.240222,0,0
-0.246092,0,-0.240222,0,0
-0.246092,0,-0.240222,0,0
0.245,0.231393,0,0,0
0.245,0.231393,0,0,0
0.245,0.231393,0,0,0
0.245,0.231393,0,0,0
0.245,0.231393,0,0,0
0.245,0.231393,0,0,0
0.245,0.231393,0,0,0
0.245,0.231393,0,0,0
0.245,0.231416,0,0,0
0.204956,0.231142,0,0.00229982,0
0.219845,0.231125,0,-0.00408407,0
0.229535,0.231314,0,-0.00896788,0
0.228953,0.231231,0,-0.0114989,0
0.24277,0.232478,0,-0.0149218,0
0.244044,0.233015,0,-0.0153775,0
0.244585,0.233567,0,-0.0154408,0
0.24626,0.234434,0,-0.0156342,0
0.245624,0.23491,0,-0.0152476,0
0.247067,0.23597,0,-0.0152467,0
0.246543,0.236722,0,-0.0148063,0
0.247013,0.23765,0,-0.0145538,0
0.247701,0.23875,0,-0.0143673,0
0.247927,0.239743,0,-0.0138742,0
0.246727,0.239947,0,-0.0126137,0
0.245932,0.240189,0,-0.0117514,0
0.244628,0.240011,0,-0.0114476,0
0.245053,0.240946,0,-0.0138257,0
0.240897,0.238511,0,-0.0169398,0
0.240624,0.238715,0,-0.0169398,0
0.239078,0.237855,0,-0.0207382,0
0.23449,0.234169,0,-0.0251367,0
0.235733,0.235354,0,-0.0308611,0
0.244876,0.2442,0,-0.042616,0
0.234358,0.24492,0,-0.0463364,0
0.235658,0.245038,0,-0.0521628,0
0.242007,0.245116,0,-0.0510884,0
0.24592,0.24517,0,-0.0581293,0
0.241038,0.245198,0,-0.0598293,0
0.241038,0.245198,0,-0.058397,0
0.241038,0.245198,0,0,0
0.241038,0.245198,0,0,0
0.241038,0.245198,0,0,0
0.241038,0.245198,0,0,0
0.241038,0.245198,0,0,0
0.241038,0.245198,0,0,0
-0.245,0,-0.237845,0,0
-0.245,0,-0.237845,0,0
-0.245,0,-0.237845,0,0
-0.245,0,-0.237845,0,0
-0.245,0,-0.237845,0,0
-0.245,0,-0.237845,0,0
-0.245,0,-0.237845,0,0
-0.245,0,-0.237845,0,0
-0.245,0,-0.237868,0,0
-0.213232,0,-0.23753,-0.00545362,0
-0.231592,0,-0.237669,-0.000593202,0
-0.236426,0,-0.237776,0.00229096,0
-0.236886,0,-0.237774,0.00384685,0
-0.238372,0,-0.2379,0.00562257,0
-0.241435,0,-0.238343,0.00687538,0
-0.242605,0,-0.238687,0.00813808,0
-0.241421,0,-0.23863,0.00852331,0
-0.24102,0,-0.238682,0.00871902,0
-0.237613,0,-0.237773,0.00965066,0
-0.233534,0,-0.236297,0.0111019,0
-0.231306,0,-0.235182,0.0140915,0
-0.23126,0,-0.234851,0.0181024,0
-0.235353,0,-0.23659,0.0231846,0
-0.239005,0,-0.238488,0.0270245,0
-0.237346,0,-0.237543,0.0297142,0
-0.234352,0,-0.235526,0.0328837,0
-0.231598,0,-0.233406,0.042501,0
-0.231623,0,-0.233147,0.042501,0
-0.233579,0,-0.234456,0.0487495,0
-0.234524,0,-0.235065,0.0542846,0
-0.233629,0,-0.234166,0.0581497,0
-0.233685,0,-0.234079,0.0618592,0
-0.234872,0,-0.236385,0.0678237,0
-0.235909,0,-0.236343,0.0678237,0
-0.238043,0,-0.236318,0.0686842,0
-0.238169,0,-0.236296,0.0693988,0
-0.24144,0,-0.236284,0.0700075,0
-0.241714,0,-0.236281,0.0700093,0
-0.241714,0,-0.236281,0.0700109,0
-0.241714,0,-0.236281,0,0
-0.241714,0,-0.236281,0,0
-0.241714,0,-0.236281,0,0
-0.241714,0,-0.236281,0,0
-0.241714,0,-0.236281,0,0
-0.241714,0,-0.236281,0,0
0.245,0.22969,0,0,0
0.245,0.22969,0,0,0
0.245,0.22969,0,0,0
0.245,0.22969,0,0,0
0.245,0.22969,0,0,0
0.245,0.22969,0,0,0
0.245,0.22969,0,0,0
0.245,0.229691,0,0,0
0.245,0.229721,0,0,0
0.226828,0.229662,0,0.0326527,0
0.233024,0.229771,0,0.0276317,0
0.234325,0.229892,0,0.0231178,0
0.234009,0.229984,0,0.0193352,0
0.244233,0.2311,0,0.0151459,0
0.247787,0.232042,0,0.0131556,0
0.249847,0.23305,0,0.0121273,0
0.256209,0.235186,0,0.0114168,0
0.255605,0.23617,0,0.0131442,0
0.254916,0.237115,0,0.0143846,0
0.254266,0.238077,0,0.0155165,0
0.25371,0.239048,0,0.0166911,0
0.252132,0.23954,0,0.0176339,0
0.249714,0.239477,0,0.018092,0
0.248067,0.23959,0,0.0174736,0
0.246377,0.239508,0,0.0161207,0
0.244171,0.238917,0,0.0134597,0
0.242358,0.23835,0,0.00442454,0
0.240558,0.237632,0,0.00442454,0
0.24019,0.237822,0,-0.00263768,0
0.240116,0.238195,0,-0.0101999,0
0.240294,0.238745,0,-0.0181313,0
0.240332,0.239147,0,-0.0254098,0
0.240953,0.240047,0,-0.0331783,0
0.241232,0.243495,0,-0.0390522,0
0.241895,0.243812,0,-0.0430192,0
0.242503,0.244053,0,-0.0459886,0
0.243371,0.244211,0,-0.046108,0
0.242119,0.24428,0,-0.0429062,0
0.244675,0.244282,0,-0.040169,0
0.244675,0.244282,0,0,0
0.244675,0.244282,0,0,0
0.244675,0.244282,0,0,0
0.244675,0.244282,0,0,0
0.244675,0.244282,0,0,0
0.244675,0.244282,0,0,0
-0.245,0,-0.232922,0,0
-0.245,0,-0.232922,0,0
-0.245,0,-0.232922,0,0
-0.245,0,-0.232922,0,0
-0.245,0,-0.232922,0,0
-0.245,0,-0.232922,0,0
-0.245,0,-0.232922,0,0
-0.245,0,-0.232922,0,0
-0.245,0,-0.232945,0,0
-0.203,0,-0.232621,-0.016287,0
-0.212406,0,-0.232429,-0.00828559,0
-0.216305,0,-0.23221,0.00403164,0
-0.215884,0,-0.231779,0.0102436,0
-0.242324,0,-0.233833,0.0135549,0
-0.239225,0,-0.233741,0.0135549,0
-0.246257,0,-0.235144,0.0149162,0
-0.248409,0,-0.236106,0.0137977,0
-0.245711,0,-0.23611,0.0128606,0
-0.246755,0,-0.236977,0.0128606,0
-0.243762,0,-0.236608,0.0134555,0
-0.245055,0,-0.237648,0.0146662,0
-0.239791,0,-0.235928,0.0177107,0
-0.239939,0,-0.236342,0.0206483,0
-0.239547,0,-0.236483,0.0240215,0
-0.238399,0,-0.236144,0.0240215,0
-0.23865,0,-0.236572,0.0282355,0
-0.238047,0,-0.236491,0.0327225,0
-0.238185,0,-0.236826,0.0369724,0
-0.23773,0,-0.236696,0.0409131,0
-0.238611,0,-0.237619,0.0456183,0
-0.238662,0,-0.237876,0.049582,0
-0.239214,0,-0.238564,0.0529031,0
-0.239779,0,-0.239345,0.0559466,0
-0.240279,0,-0.239521,0.0586827,0
-0.240747,0,-0.239662,0.0594309,0
-0.241242,0,-0.239767,0.0610589,0
-0.24219,0,-0.239832,0.0628208,0
-0.243401,0,-0.239852,0.0607415,0
-0.245584,0,-0.239853,0.0521505,0
-0.245584,0,-0.239853,0,0
-0.245584,0,-0.239853,0,0
-0.245584,0,-0.239853,0,0
-0.245584,0,-0.239853,0,0
-0.245584,0,-0.239853,0,0
-0.245584,0,-0.239853,0,0
0.245,0.228602,0,0,0
0.245,0.228602,0,0,0
0.245,0.228602,0,0,0
0.245,0.228602,0,0,0
0.245,0.228602,0,0,0
0.245,0.228602,0,0,0
0.245,0.228602,0,0,0
0.245,0.228602,0,0,0
0.287,0.22875,0,0,0
0.203,0.228345,0,-0.002628,0
0.220028,0.228396,0,-0.00934119,0
0.232104,0.228754,0,-0.0139173,0
0.231853,0.228822,0,-0.0155818,0
0.240932,0.229797,0,-0.0181039,0
0.238515,0.22989,0,-0.0184349,0
0.240429,0.230573,0,-0.0194989,0
0.239949,0.230947,0,-0.0202723,0
0.239806,0.231395,0,-0.0211858,0
0.240437,0.232086,0,-0.0224732,0
0.240175,0.232551,0,-0.0235742,0
0.241828,0.233754,0,-0.0251375,0
0.242279,0.234605,0,-0.0261352,0
0.241986,0.235144,0,-0.0269851,0
0.241705,0.235661,0,-0.0282242,0
0.241363,0.23611,0,-0.029844,0
0.241765,0.237147,0,-0.031833,0
0.240632,0.23698,0,-0.0335216,0
0.240019,0.237072,0,-0.0352409,0
0.239924,0.237491,0,-0.0384323,0
0.239604,0.237685,0,-0.0415905,0
0.238763,0.23737,0,-0.0450298,0
0.237977,0.237009,0,-0.0491293,0
0.237651,0.23712,0,-0.0533979,0
0.238706,0.237353,0,-0.0579584,0
0.239854,0.237542,0,-0.0593704,0
0.240337,0.237681,0,-0.061623,0
0.240943,0.237766,0,-0.063689,0
0.241151,0.237795,0,-0.0658855,0
0.241151,0.237795,0,-0.0613091,0
0.241151,0.237795,0,0,0
0.241151,0.237795,0,0,0
0.241151,0.237795,0,0,0
0.241151,0.237795,0,0,0
0.241151,0.237795,0,0,0
0.241151,0.237795,0,0,0
-0.245,0,-0.230144,0,0
-0.245,0,-0.230144,0,0
-0.245,0,-0.230144,0,0
-0.245,0,-0.230144,0,0
-0.245,0,-0.230144,0,0
-0.245,0,-0.230144,0,0
-0.245,0,-0.230144,0,0
-0.245,0,-0.230144,0,0
-0.287,0,-0.230261,0,0
-0.211089,0,-0.229953,0.0070537,0
-0.227619,0,-0.230084,0.0128179,0
-0.231757,0,-0.230214,0.0158608,0
-0.231942,0,-0.230266,0.0174799,0
-0.241408,0,-0.231236,0.0197774,0
-0.238633,0,-0.231248,0.0201716,0
-0.240119,0,-0.231807,0.0212214,0
-0.239786,0,-0.232137,0.0219737,0
-0.239698,0,-0.232526,0.0228331,0
-0.243349,0,-0.234031,0.0244419,0
-0.241791,0,-0.234105,0.0253501,0
-0.243395,0,-0.23529,0.0256285,0
-0.242584,0,-0.235588,0.0264441,0
-0.242583,0,-0.236208,0.0274329,0
-0.243082,0,-0.237098,0.0283814,0
-0.243555,0,-0.238018,0.02917,0
-0.243235,0,-0.238469,0.0302982,0
-0.243277,0,-0.239122,0.0316213,0
-0.242961,0,-0.239495,0.0332397,0
-0.241994,0,-0.239322,0.0332397,0
-0.241177,0,-0.239144,0.0358555,0
-0.240389,0,-0.238893,0.0395104,0
-0.238138,0,-0.237313,0.0440474,0
-0.238322,0,-0.237923,0.0490288,0
-0.23929,0,-0.238136,0.0540295,0
-0.240161,0,-0.238307,0.0556179,0
-0.240808,0,-0.238434,0.0587425,0
-0.242111,0,-0.238498,0.059641,0
-0.243293,0,-0.238537,0.0567865,0
-0.245596,0,-0.238539,0,0
-0.245596,0,-0.238539,0,0
-0.245596,0,-0.238539,0,0
-0.245596,0,-0.238539,0,0
-0.245596,0,-0.238539,0,0
-0.245596,0,-0.238539,0,0
-0.245596,0,-0.238539,0,0
0.245,0.229753,0,0,0
0.245,0.229753,0,0,0
0.245,0.229753,0,0,0
0.245,0.229753,0,0,0
0.245,0.229753,0,0,0
0.245,0.229753,0,0,0
0.245,0.229753,0,0,0
0.245,0.229753,0,0,0
0.287,0.229871,0,0,0
0.214586,0.2296,0,-0.00639158,0
0.220252,0.229525,0,-0.0123608,0
0.232988,0.229893,0,-0.0166821,0
0.231345,0.22986,0,-0.01836,0
0.240283,0.230773,0,-0.0206521,0
0.237059,0.230702,0,-0.0210882,0
0.239409,0.231362,0,-0.0222695,0
0.242744,0.232437,0,-0.0234923,0
0.243287,0.233127,0,-0.0234923,0
0.24466,0.23414,0,-0.0235559,0
0.245199,0.235024,0,-0.0232717,0
0.246025,0.236092,0,-0.0228141,0
0.245173,0.23652,0,-0.0222761,0
0.244881,0.237146,0,-0.02199,0
0.244228,0.237551,0,-0.0220932,0
0.244022,0.238148,0,-0.0228684,0
0.243402,0.23845,0,-0.0237277,0
0.242531,0.238502,0,-0.0250723,0
0.241536,0.238362,0,-0.0273752,0
0.240644,0.238188,0,-0.0306559,0
0.23949,0.237696,0,-0.0347701,0
0.237765,0.236667,0,-0.0403912,0
0.237551,0.236746,0,-0.0457391,0
0.238246,0.237832,0,-0.0515559,0
0.239181,0.238053,0,-0.0561514,0
0.240573,0.238231,0,-0.0574472,0
0.241075,0.238363,0,-0.0598653,0
0.241252,0.238444,0,-0.0620153,0
0.242649,0.23847,0,-0.0594561,0
0.245272,0.238471,0,-0.0531667,0
0.245272,0.238471,0,0,0
0.245272,0.238471,0,0,0
0.245272,0.238471,0,0,0
0.245272,0.238471,0,0,0
0.245272,0.238471,0,0,0
0.245272,0.238471,0,0,0
-0.245,0,-0.229503,0,0
-0.245,0,-0.229503,0,0
-0.245,0,-0.229503,0,0
-0.245,0,-0.229503,0,0
-0.245,0,-0.229503,0,0
-0.245,0,-0.229503,0,0
-0.245,0,-0.229503,0,0
-0.245,0,-0.229503,0,0
-0.287,0,-0.229622,0,0
-0.203486,0,-0.229242,0.00741107,0
-0.22451,0,-0.229383,0.0144476,0
-0.229702,0,-0.229512,0.0179054,0
-0.230255,0,-0.229554,0.0197637,0
-0.240475,0,-0.230653,0.0224311,0
-0.238446,0,-0.230666,0.0225359,0
-0.238883,0,-0.231158,0.0233368,0
-0.239461,0,-0.231665,0.0242271,0
-0.240858,0,-0.23246,0.0246284,0
-0.244644,0,-0.234135,0.0256337,0
-0.244896,0,-0.234756,0.0253164,0
-0.244839,0,-0.235478,0.0249131,0
-0.244394,0,-0.236039,0.024857,0
-0.244637,0,-0.2369,0.0250672,0
-0.245182,0,-0.23795,0.0250672,0
-0.2464,0,-0.239444,0.0251243,0
-0.245765,0,-0.239865,0.0244339,0
-0.245258,0,-0.240291,0.0240913,0
-0.243955,0,-0.240063,0.0243162,0
-0.242677,0,-0.239706,0.0256514,0
-0.241284,0,-0.239113,0.0283506,0
-0.24082,0,-0.239167,0.0329214,0
-0.239822,0,-0.238674,0.0375639,0
-0.239497,0,-0.238693,0.0439883,0
-0.239259,0,-0.242801,0.0503732,0
-0.240384,0,-0.243087,0.0542506,0
-0.240496,0,-0.243298,0.0575154,0
-0.241869,0,-0.243404,0.0582243,0
-0.243123,0,-0.243469,0.0557935,0
-0.245734,0,-0.243472,0.0491343,0
-0.245734,0,-0.243472,0,0
-0.245734,0,-0.243472,0,0
-0.245734,0,-0.243472,0,0
-0.245734,0,-0.243472,0,0
-0.245734,0,-0.243472,0,0
-0.245734,0,-0.243472,0,0
0.245,0.234045,0,0,0
0.245,0.234045,0,0,0
0.245,0.234045,0,0,0
0.245,0.234045,0,0,0
0.245,0.234045,0,0,0
0.245,0.234045,0,0,0
0.245,0.234045,0,0,0
0.245,0.234045,0,0,0
0.245,0.234067,0,0,0
0.203,0.233733,0,0.000651018,0
0.219104,0.233687,0,-0.00646018,0
0.229066,0.233829,0,-0.0112856,0
0.228353,0.23366,0,-0.0136735,0
0.239129,0.234538,0,-0.0170543,0
0.235474,0.234231,0,-0.0178566,0
0.23813,0.234726,0,-0.0195935,0
0.240161,0.235309,0,-0.0210459,0
0.240594,0.235678,0,-0.0219228,0
0.242014,0.236391,0,-0.0229403,0
0.242789,0.237029,0,-0.0236274,0
0.243006,0.237536,0,-0.0240571,0
0.242676,0.237833,0,-0.0246094,0
0.239678,0.236798,0,-0.0254167,0
0.239982,0.237244,0,-0.0280621,0
0.238271,0.236584,0,-0.0305093,0
0.237841,0.23651,0,-0.0336841,0
0.238089,0.236862,0,-0.0373361,0
0.238243,0.23716,0,-0.0409865,0
0.237948,0.237109,0,-0.0446222,0
0.238339,0.23759,0,-0.0483619,0
0.238025,0.23748,0,-0.0522037,0
0.237479,0.237125,0,-0.0554366,0
0.237173,0.237126,0,-0.0591713,0
0.237845,0.237211,0,-0.0629374,0
0.239124,0.237279,0,-0.0640797,0
0.23976,0.237329,0,-0.0661132,0
0.240441,0.23736,0,-0.0680362,0
0.241053,0.23737,0,-0.0687486,0
0.241053,0.23737,0,-0.0700358,0
0.241053,0.23737,0,0,0
0.241053,0.23737,0,0,0
0.241053,0.23737,0,0,0
0.241053,0.23737,0,0,0
0.241053,0.23737,0,0,0
0.241053,0.23737,0,0,0
-0.245,0,-0.229144,0,0
-0.245,0,-0.229144,0,0
-0.245,0,-0.229144,0,0
-0.245,0,-0.229144,0,0
-0.245,0,-0.229144,0,0
-0.245,0,-0.229144,0,0
-0.245,0,-0.229144,0,0
-0.245,0,-0.229144,0,0
-0.287,0,-0.229293,0,0
-0.203,0,-0.228881,0.000714085,0
-0.221072,0,-0.22895,0.00768672,0
-0.229911,0,-0.229177,0.0121413,0
-0.232841,0,-0.229395,0.0143952,0
-0.238983,0,-0.230097,0.0168146,0
-0.236364,0,-0.230082,0.0175691,0
-0.237015,0,-0.230456,0.0191193,0
-0.237522,0,-0.230875,0.0207872,0
-0.237555,0,-0.231241,0.022323,0
-0.239773,0,-0.232272,0.0242261,0
-0.240086,0,-0.232877,0.0254254,0
-0.240451,0,-0.233687,0.0267985,0
-0.241058,0,-0.234521,0.0280021,0
-0.241298,0,-0.235236,0.0291846,0
-0.241273,0,-0.235829,0.0303865,0
-0.241488,0,-0.236558,0.0318533,0
-0.241297,0,-0.237034,0.0332767,0
-0.239912,0,-0.236643,0.0351083,0
-0.239463,0,-0.236799,0.0370705,0
-0.239688,0,-0.237422,0.0405477,0
-0.239196,0,-0.237443,0.0436208,0
-0.238421,0,-0.237149,0.0472257,0
-0.237378,0,-0.236528,0.0510431,0
-0.237094,0,-0.236676,0.0554187,0
-0.237804,0,-0.236882,0.0600204,0
-0.238571,0,-0.237048,0.0617706,0
-0.239364,0,-0.237171,0.0647531,0
-0.240006,0,-0.237247,0.0667293,0
-0.240872,0,-0.237272,0.0681171,0
-0.240872,0,-0.237272,0.069975,0
-0.240872,0,-0.237272,0,0
-0.240872,0,-0.237272,0,0
-0.240872,0,-0.237272,0,0
-0.240872,0,-0.237272,0,0
-0.240872,0,-0.237272,0,0
-0.240872,0,-0.237272,0,0
0.245,0.229305,0,0,0
0.245,0.229305,0,0,0
0.245,0.229305,0,0,0
0.245,0.229305,0,0,0
0.245,0.229305,0,0,0
0.245,0.229305,0,0,0
0.245,0.229305,0,0,0
0.245,0.229305,0,0,0
0.287,0.229458,0,0,0
0.208766,0.229098,0,-0.000776751,0
0.22282,0.229149,0,-0.00640846,0
0.23106,0.229381,0,-0.0106452,0
0.231246,0.229436,0,-0.0128361,0
0.23853,0.230199,0,-0.0155377,0
0.235623,0.230126,0,-0.0165194,0
0.239543,0.231011,0,-0.018429,0
0.241466,0.231817,0,-0.0195907,0
0.242196,0.232519,0,-0.0202125,0
0.244017,0.233635,0,-0.0208402,0
0.243915,0.23429,0,-0.0210412,0
0.246023,0.235818,0,-0.0214966,0
0.244279,0.235877,0,-0.0210032,0
0.243128,0.236061,0,-0.0212959,0
0.242275,0.236292,0,-0.0223064,0
0.242315,0.236959,0,-0.0240046,0
0.242335,0.237607,0,-0.0258654,0
0.241797,0.237859,0,-0.0280175,0
0.240749,0.237667,0,-0.0305913,0
0.24027,0.237797,0,-0.0342215,0
0.238221,0.236666,0,-0.0384802,0
0.237475,0.236355,0,-0.0432623,0
0.236857,0.236078,0,-0.0485523,0
0.237785,0.23738,0,-0.054291,0
0.238629,0.237601,0,-0.0586086,0
0.23961,0.23778,0,-0.0603143,0
0.239866,0.237911,0,-0.0627192,0
0.240134,0.237993,0,-0.0646284,0
0.240708,0.23802,0,-0.0669063,0
0.240708,0.23802,0,-0.0658437,0
0.240708,0.23802,0,0,0
0.240708,0.23802,0,0,0
0.240708,0.23802,0,0,0
0.240708,0.23802,0,0,0
0.240708,0.23802,0,0,0
0.240708,0.23802,0,0,0
-0.245,0,-0.230004,0,0
-0.245,0,-0.230004,0,0
-0.245,0,-0.230004,0,0
-0.245,0,-0.230004,0,0
-0.245,0,-0.230004,0,0
-0.245,0,-0.230004,0,0
-0.245,0,-0.230004,0,0
-0.245,0,-0.230004,0,0
-0.287,0,-0.230144,0,0
-0.232196,0,-0.230026,0.00383515,0
-0.218651,0,-0.229732,0.00950533,0
-0.227992,0,-0.229917,0.0142881,0
-0.228008,0,-0.22987,0.0197249,0
-0.239336,0,-0.230909,0.0197249,0
-0.236777,0,-0.230879,0.0198964,0
-0.23734,0,-0.23122,0.0228931,0
-0.237244,0,-0.2315,0.0228931,0
-0.238486,0,-0.232213,0.0245314,0
-0.240757,0,-0.233294,0.0259319,0
-0.24212,0,-0.234284,0.0266368,0
-0.243342,0,-0.235364,0.0274289,0
-0.241559,0,-0.235219,0.0274289,0
-0.240934,0,-0.235483,0.0282438,0
-0.241695,0,-0.236434,0.0311294,0
-0.242085,0,-0.237246,0.0323638,0
-0.242427,0,-0.238054,0.0323638,0
-0.242407,0,-0.238628,0.034991,0
-0.241274,0,-0.238365,0.034991,0
-0.243232,0,-0.240389,0.0400851,0
-0.239731,0,-0.238034,0.0400851,0
-0.238653,0,-0.237468,0.0435495,0
-0.23753,0,-0.236753,0.0476229,0
-0.237993,0,-0.237609,0.0530167,0
-0.238501,0,-0.237817,0.0576219,0
-0.238895,0,-0.237985,0.0589809,0
-0.239618,0,-0.238109,0.0623361,0
-0.240016,0,-0.238186,0.0645985,0
-0.240962,0,-0.238211,0.0669211,0
-0.240962,0,-0.238211,0.0655562,0
-0.240962,0,-0.238211,0,0
-0.240962,0,-0.238211,0,0
-0.240962,0,-0.238211,0,0
-0.240962,0,-0.238211,0,0
-0.240962,0,-0.238211,0,0
-0.240962,0,-0.238211,0,0
0.245,0.229822,0,0,0
0.245,0.229822,0,0,0
0.245,0.229822,0,0,0
0.245,0.229822,0,0,0
0.245,0.229822,0,0,0
0.245,0.229822,0,0,0
0.245,0.229822,0,0,0
0.245,0.229822,0,0,0
0.287,0.229976,0,0,0
0.203,0.229552,0,-0.000885051,0
0.216193,0.2295,0,-0.0130819,0
0.225848,0.229649,0,-0.0130819,0
0.227275,0.229649,0,-0.0160522,0
0.237557,0.230571,0,-0.0194397,0
0.233545,0.230304,0,-0.0202724,0
0.237545,0.231109,0,-0.0224437,0
0.241461,0.232348,0,-0.0238869,0
0.241793,0.232806,0,-0.0242676,0
0.242363,0.233499,0,-0.0250663,0
0.242633,0.234193,0,-0.0250663,0
0.243539,0.235166,0,-0.0254581,0
0.242234,0.235269,0,-0.025728,0
0.241959,0.235754,0,-0.0266443,0
0.241243,0.235975,0,-0.0277982,0
0.241264,0.236554,0,-0.0296313,0
0.240715,0.236894,0,-0.031829,0
0.240116,0.236991,0,-0.0340016,0
0.239003,0.236633,0,-0.0365715,0
0.23866,0.23676,0,-0.0401074,0
0.238411,0.236913,0,-0.0439683,0
0.23766,0.236586,0,-0.0481764,0
0.237206,0.236444,0,-0.0521374,0
0.237655,0.237322,0,-0.0568054,0
0.238392,0.237527,0,-0.0607659,0
0.238874,0.237693,0,-0.0618219,0
0.23975,0.237815,0,-0.0647704,0
0.240145,0.237891,0,-0.0665305,0
0.240198,0.237916,0,-0.0678216,0
0.240198,0.237916,0,-0.0699915,0
0.240198,0.237916,0,0,0
0.240198,0.237916,0,0,0
0.240198,0.237916,0,0,0
0.240198,0.237916,0,0,0
0.240198,0.237916,0,0,0
0.240198,0.237916,0,0,0
-0.245,0,-0.229567,0,0
-0.245,0,-0.229567,0,0
-0.245,0,-0.229567,0,0
-0.245,0,-0.229567,0,0
-0.245,0,-0.229567,0,0
-0.245,0,-0.229567,0,0
-0.245,0,-0.229567,0,0
-0.245,0,-0.229567,0,0
-0.287,0,-0.229713,0,0
-0.203,0,-0.229307,0.00807251,0
-0.218714,0,-0.229306,0.00807251,0
-0.22689,0,-0.229451,0.0128635,0
-0.228511,0,-0.229495,0.0155917,0
-0.237828,0,-0.230367,0.0189928,0
-0.235262,0,-0.230307,0.0196421,0
-0.234842,0,-0.230446,0.0213394,0
-0.236398,0,-0.230978,0.0233652,0
-0.236837,0,-0.23146,0.0251307,0
-0.24016,0,-0.232807,0.0269271,0
-0.24112,0,-0.233647,0.027895,0
-0.241579,0,-0.234393,0.0285771,0
-0.240857,0,-0.234662,0.0292598,0
-0.240584,0,-0.235089,0.0302495,0
-0.241106,0,-0.235927,0.0316405,0
-0.242237,0,-0.237177,0.0332754,0
-0.242631,0,-0.238048,0.0343543,0
-0.242434,0,-0.238527,0.0353536,0
-0.24155,0,-0.238457,0.0364043,0
-0.243718,0,-0.240676,0.0404912,0
-0.240926,0,-0.238945,0.0404912,0
-0.239703,0,-0.238314,0.0429889,0
-0.238328,0,-0.237424,0.0462348,0
-0.238446,0,-0.237941,0.0508584,0
-0.23894,0,-0.238171,0.055562,0
-0.239634,0,-0.238356,0.0569397,0
-0.240066,0,-0.238492,0.06003,0
-0.240497,0,-0.238577,0.0627797,0
-0.241729,0,-0.238603,0.063133,0
-0.244874,0,-0.238605,0.0584821,0
-0.244874,0,-0.238605,0,0
-0.244874,0,-0.238605,0,0
-0.244874,0,-0.238605,0,0
-0.244874,0,-0.238605,0,0
-0.244874,0,-0.238605,0,0
-0.244874,0,-0.238605,0,0
0.245,0.231399,0,0,0
0.245,0.231399,0,0,0
0.245,0.231399,0,0,0
0.245,0.231399,0,0,0
0.245,0.231399,0,0,0
0.245,0.231399,0,0,0
0.245,0.231399,0,0,0
0.245,0.231399,0,0,0
0.287,0.231554,0,0,0
0.203,0.231114,0,-0.000722751,0
0.227366,0.231302,0,-0.0104446,0
0.22624,0.231175,0,-0.013269,0
0.233918,0.231569,0,-0.016087,0
0.237376,0.231978,0,-0.0181595,0
0.235196,0.231892,0,-0.0191112,0
0.239722,0.232778,0,-0.0218488,0
0.237567,0.232667,0,-0.0233842,0
0.238491,0.233167,0,-0.0233842,0
0.239772,0.233863,0,-0.0249242,0
0.240496,0.234612,0,-0.0261621,0
0.242695,0.235924,0,-0.0277997,0
0.243017,0.236642,0,-0.0277997,0
0.24208,0.236753,0,-0.0282284,0
0.240772,0.236448,0,-0.0289967,0
0.238555,0.235697,0,-0.0308622,0
0.239027,0.236351,0,-0.0339415,0
0.23761,0.235724,0,-0.0369406,0
0.237503,0.235927,0,-0.0401567,0
0.237346,0.236068,0,-0.0445394,0
0.236903,0.235943,0,-0.0486594,0
0.236846,0.236099,0,-0.0530997,0
0.237317,0.236701,0,-0.0574643,0
0.237365,0.23704,0,-0.0609222,0
0.237457,0.237199,0,-0.064108,0
0.237846,0.237323,0,-0.065411,0
0.239141,0.237416,0,-0.0676156,0
0.240252,0.237473,0,-0.0689535,0
0.24093,0.237491,0,-0.0698159,0
0.24093,0.237491,0,-0.0699971,0
0.24093,0.237491,0,0,0
0.24093,0.237491,0,0,0
0.24093,0.237491,0,0,0
0.24093,0.237491,0,0,0
0.24093,0.237491,0,0,0
0.24093,0.237491,0,0,0
-0.245,0,-0.228752,0,0
-0.245,0,-0.228752,0,0
-0.245,0,-0.228752,0,0
-0.245,0,-0.228752,0,0
-0.245,0,-0.228752,0,0
-0.245,0,-0.228752,0,0
-0.245,0,-0.228752,0,0
-0.245,0,-0.228752,0,0
-0.245,0,-0.228784,0,0
-0.203,0,-0.228494,-0.00143123,0
-0.219831,0,-0.228538,0.00515811,0
-0.232256,0,-0.228904,0.00993872,0
-0.236424,0,-0.229274,0.0119603,0
-0.243144,0,-0.230147,0.0136779,0
-0.239881,0,-0.230199,0.0140097,0
-0.239083,0,-0.230474,0.0150115,0
-0.24025,0,-0.231128,0.016401,0
-0.240257,0,-0.231621,0.0175828,0
-0.24168,0,-0.232558,0.0189438,0
-0.24106,0,-0.232952,0.0199431,0
-0.241972,0,-0.233902,0.0214951,0
-0.241388,0,-0.234298,0.0225795,0
-0.240853,0,-0.234667,0.0241541,0
-0.240728,0,-0.235204,0.0260667,0
-0.241112,0,-0.236009,0.0307215,0
-0.241633,0,-0.23696,0.0307215,0
-0.240805,0,-0.237146,0.0328178,0
-0.240641,0,-0.237572,0.0351607,0
-0.240849,0,-0.238249,0.0378561,0
-0.240371,0,-0.238345,0.0405117,0
-0.239483,0,-0.238013,0.0432785,0
-0.239816,0,-0.238674,0.047148,0
-0.239831,0,-0.239113,0.0506374,0
-0.240559,0,-0.239396,0.0538797,0
-0.241003,0,-0.239625,0.0548763,0
-0.241822,0,-0.239758,0.0571587,0
-0.242731,0,-0.239879,0.0567612,0
-0.243811,0,-0.239931,0.0527404,0
-0.245785,0,-0.239933,0.045038,0
-0.245785,0,-0.239933,0,0
-0.245785,0,-0.239933,0,0
-0.245785,0,-0.239933,0,0
-0.245785,0,-0.239933,0,0
-0.245785,0,-0.239933,0,0
-0.245785,0,-0.239933,0,0
0.245,0.230949,0,0,0
0.245,0.230949,0,0,0
0.245,0.230949,0,0,0
0.245,0.230949,0,0,0
0.245,0.230949,0,0,0
0.245,0.230949,0,0,0
0.245,0.230949,0,0,0
0.245,0.230949,0,0,0
0.287,0.231091,0,0,0
0.234202,0.230982,0,-0.0107527,0
0.214972,0.230565,0,-0.0107527,0
0.226879,0.230772,0,-0.0161063,0
0.230173,0.230896,0,-0.0189076,0
0.23868,0.231698,0,-0.0214954,0
0.235578,0.231551,0,-0.022021,0
0.240124,0.232567,0,-0.0236566,0
0.242734,0.233494,0,-0.0245179,0
0.243336,0.234174,0,-0.0245179,0
0.24314,0.234537,0,-0.0244874,0
0.243493,0.235229,0,-0.0250995,0
0.243998,0.236033,0,-0.0250995,0
0.244882,0.237064,0,-0.0252497,0
0.244672,0.237656,0,-0.0250726,0
0.243459,0.237688,0,-0.0249824,0
0.24255,0.237774,0,-0.0257095,0
0.242536,0.238332,0,-0.0272559,0
0.24203,0.238537,0,-0.0291331,0
0.241252,0.238477,0,-0.0314812,0
0.240348,0.238228,0,-0.0346101,0
0.238328,0.237041,0,-0.0386225,0
0.237722,0.236794,0,-0.0434067,0
0.237135,0.236497,0,-0.0485369,0
0.237849,0.23757,0,-0.0542312,0
0.23859,0.237751,0,-0.0584679,0
0.239283,0.237897,0,-0.0599083,0
0.24013,0.238005,0,-0.06277,0
0.240805,0.238072,0,-0.0648242,0
0.241144,0.238094,0,-0.0666867,0
0.241144,0.238094,0,-0.0638063,0
0.241144,0.238094,0,0,0
0.241144,0.238094,0,0,0
0.241144,0.238094,0,0,0
0.241144,0.238094,0,0,0
0.241144,0.238094,0,0,0
0.241144,0.238094,0,0,0
-0.245,0,-0.229755,0,0
-0.245,0,-0.229755,0,0
-0.245,0,-0.229755,0,0
-0.245,0,-0.229755,0,0
-0.245,0,-0.229755,0,0
-0.245,0,-0.229755,0,0
-0.245,0,-0.229755,0,0
-0.245,0,-0.229755,0,0
-0.287,0,-0.229898,0,0
-0.235116,0,-0.229809,0.00380139,0
-0.222267,0,-0.229575,0.00915212,0
-0.228825,0,-0.229714,0.0131771,0
-0.230391,0,-0.229798,0.0155313,0
-0.239602,0,-0.230709,0.0183659,0
-0.239217,0,-0.230984,0.0189383,0
-0.237696,0,-0.231078,0.0197612,0
-0.236447,0,-0.231137,0.0211721,0
-0.238114,0,-0.231839,0.0229139,0
-0.242538,0,-0.233517,0.0255711,0
-0.241558,0,-0.233782,0.0255711,0
-0.241873,0,-0.234461,0.0271699,0
-0.241393,0,-0.234862,0.0271699,0
-0.241405,0,-0.23558,0.0297604,0
-0.242493,0,-0.236776,0.0297604,0
-0.244119,0,-0.238382,0.0315881,0
-0.243157,0,-0.238455,0.0315881,0
-0.243542,0,-0.239196,0.0324725,0
-0.242835,0,-0.239312,0.0333207,0
-0.242063,0,-0.239287,0.0348595,0
-0.241216,0,-0.239104,0.0372851,0
-0.239469,0,-0.238138,0.0407122,0
-0.238655,0,-0.237736,0.0445693,0
-0.239204,0,-0.238693,0.0494224,0
-0.239971,0,-0.238938,0.053641,0
-0.240649,0,-0.239135,0.0548623,0
-0.24089,0,-0.239281,0.0576737,0
-0.242105,0,-0.239354,0.0581101,0
-0.242931,0,-0.239399,0.0549148,0
-0.245664,0,-0.239401,0.0487109,0
-0.245664,0,-0.239401,0,0
-0.245664,0,-0.239401,0,0
-0.245664,0,-0.239401,0,0
-0.245664,0,-0.239401,0,0
-0.245664,0,-0.239401,0,0
-0.245664,0,-0.239401,0,0
0.245,0.231255,0,0,0
0.245,0.231255,0,0,0
0.245,0.231255,0,0,0
0.245,0.231255,0,0,0
0.245,0.231255,0,0,0
0.245,0.231255,0,0,0
0.245,0.231255,0,0,0
0.245,0.231255,0,0,0
0.287,0.231385,0,0,0
0.227944,0.231222,0,-0.00520906,0
0.220348,0.230993,0,-0.0107502,0
0.230817,0.231236,0,-0.0152669,0
0.231459,0.231269,0,-0.017102,0
0.239158,0.232021,0,-0.0196609,0
0.235884,0.231857,0,-0.0201871,0
0.239436,0.232619,0,-0.021765,0
0.240349,0.233134,0,-0.0227711,0
0.240607,0.233586,0,-0.0235333,0
0.242418,0.234541,0,-0.0244381,0
0.242976,0.235255,0,-0.0248157,0
0.244637,0.236468,0,-0.0251909,0
0.243493,0.236626,0,-0.0250265,0
0.242732,0.236864,0,-0.0255014,0
0.241766,0.236917,0,-0.0264258,0
0.241477,0.237269,0,-0.0280563,0
0.241293,0.237651,0,-0.0302166,0
0.240862,0.237833,0,-0.0327613,0
0.238967,0.236976,0,-0.0354989,0
0.238023,0.236568,0,-0.0390968,0
0.237232,0.236189,0,-0.043426,0
0.236594,0.235862,0,-0.048473,0
0.236272,0.235747,0,-0.0534878,0
0.236884,0.236646,0,-0.05858,0
0.237755,0.236794,0,-0.0627574,0
0.238293,0.236913,0,-0.0638335,0
0.239574,0.237001,0,-0.0664105,0
0.24015,0.237055,0,-0.0682263,0
0.240723,0.237073,0,-0.0691105,0
0.240723,0.237073,0,-0.0700003,0
0.240723,0.237073,0,0,0
0.240723,0.237073,0,0,0
0.240723,0.237073,0,0,0
0.240723,0.237073,0,0,0
0.240723,0.237073,0,0,0
0.240723,0.237073,0,0,0
-0.245,0,-0.2286,0,0
-0.245,0,-0.2286,0,0
-0.245,0,-0.2286,0,0
-0.245,0,-0.2286,0,0
-0.245,0,-0.2286,0,0
-0.245,0,-0.2286,0,0
-0.245,0,-0.2286,0,0
-0.245,0,-0.2286,0,0
-0.245,0,-0.228632,0,0
-0.203,0,-0.228342,-0.00435821,0
-0.218137,0,-0.228349,0.00315841,0
-0.228005,0,-0.228574,0.00843346,0
-0.229153,0,-0.228637,0.0111864,0
-0.237556,0,-0.229468,0.0147304,0
-0.234638,0,-0.229385,0.01585,0
-0.241809,0,-0.230802,0.0199157,0
-0.235232,0,-0.229963,0.0222561,0
-0.235983,0,-0.230433,0.0246071,0
-0.238458,0,-0.231501,0.0246071,0
-0.239103,0,-0.232297,0.0277729,0
-0.238712,0,-0.232663,0.0277729,0
-0.237941,0,-0.232816,0.029326,0
-0.23807,0,-0.233347,0.031584,0
-0.23901,0,-0.234325,0.0363368,0
-0.240008,0,-0.235452,0.0363368,0
-0.240234,0,-0.236152,0.0382419,0
-0.239185,0,-0.235972,0.0401585,0
-0.238868,0,-0.236206,0.0455377,0
-0.239263,0,-0.236971,0.0455377,0
-0.239319,0,-0.237449,0.0484932,0
-0.238699,0,-0.237315,0.0512981,0
-0.238199,0,-0.237209,0.0545837,0
-0.238135,0,-0.237595,0.0579989,0
-0.238673,0,-0.237842,0.0612796,0
-0.240213,0,-0.23804,0.0623589,0
-0.24088,0,-0.238187,0.0643087,0
-0.240746,0,-0.238278,0.0654998,0
-0.24167,0,-0.238308,0.0671409,0
-0.24167,0,-0.238308,0.0661787,0
-0.24167,0,-0.238308,0,0
-0.24167,0,-0.238308,0,0
-0.24167,0,-0.238308,0,0
-0.24167,0,-0.238308,0,0
-0.24167,0,-0.238308,0,0
-0.24167,0,-0.238308,0,0
0.245,0.229803,0,0,0
0.245,0.229803,0,0,0
0.245,0.229803,0,0,0
0.245,0.229803,0,0,0
0.245,0.229803,0,0,0
0.245,0.229803,0,0,0
0.245,0.229803,0,0,0
0.245,0.229803,0,0,0
0.245,0.229833,0,0,0
0.212952,0.229634,0,0.000486113,0
0.226386,0.229721,0,-0.00461072,0
0.232747,0.229931,0,-0.0084068,0
0.231316,0.229906,0,-0.0102824,0
0.235781,0.230383,0,-0.012972,0
0.235663,0.230565,0,-0.0147874,0
0.238879,0.231316,0,-0.0168491,0
0.239911,0.231892,0,-0.0181926,0
0.240552,0.232483,0,-0.0193751,0
0.239355,0.232615,0,-0.0204763,0
0.240066,0.233305,0,-0.0220748,0
0.242435,0.234724,0,-0.0238668,0
0.242275,0.235277,0,-0.0245564,0
0.241896,0.235713,0,-0.0256176,0
0.240836,0.235747,0,-0.0268873,0
0.240734,0.236234,0,-0.0289941,0
0.240979,0.237058,0,-0.0314851,0
0.240923,0.237547,0,-0.0337037,0
0.24008,0.237427,0,-0.0357968,0
0.239223,0.237198,0,-0.0386204,0
0.238236,0.236765,0,-0.0422285,0
0.237553,0.236491,0,-0.046457,0
0.237177,0.236416,0,-0.0516518,0
0.236936,0.236497,0,-0.0561056,0
0.237617,0.23668,0,-0.0606712,0
0.238028,0.236828,0,-0.0620736,0
0.23944,0.236937,0,-0.0652985,0
0.240996,0.237005,0,-0.0676889,0
0.240838,0.237027,0,-0.0681856,0
0.240838,0.237027,0,-0.0699876,0
0.240838,0.237027,0,0,0
0.240838,0.237027,0,0,0
0.240838,0.237027,0,0,0
0.240838,0.237027,0,0,0
0.240838,0.237027,0,0,0
0.240838,0.237027,0,0,0
-0.245,0,-0.230977,0,0
-0.245,0,-0.230977,0,0
-0.245,0,-0.230977,0,0
-0.245,0,-0.230977,0,0
-0.245,0,-0.230977,0,0
-0.245,0,-0.230977,0,0
-0.245,0,-0.230977,0,0
-0.245,0,-0.230977,0,0
-0.287,0,-0.231134,0,0
-0.203708,0,-0.230703,-9.3736e-06,0
-0.218607,0,-0.23068,0.00636189,0
-0.22765,0,-0.230832,0.0112354,0
-0.226415,0,-0.230668,0.0140985,0
-0.233746,0,-0.231245,0.0176645,0
-0.233006,0,-0.23124,0.0196271,0
-0.233433,0,-0.231385,0.021863,0
-0.232804,0,-0.23137,0.0265956,0
-0.234998,0,-0.232016,0.0288711,0
-0.237841,0,-0.233077,0.0288711,0
-0.23909,0,-0.233833,0.0315359,0
-0.238863,0,-0.234146,0.0315359,0
-0.239673,0,-0.234902,0.0329095,0
-0.239522,0,-0.23526,0.0343327,0
-0.24197,0,-0.237036,0.0377998,0
-0.239892,0,-0.236332,0.0377998,0
-0.240974,0,-0.237467,0.0397176,0
-0.241621,0,-0.238389,0.0411636,0
-0.24138,0,-0.238694,0.0424651,0
-0.240377,0,-0.238347,0.0459953,0
-0.239111,0,-0.237692,0.0459953,0
-0.238813,0,-0.237739,0.0491249,0
-0.238624,0,-0.237835,0.0528846,0
-0.238318,0,-0.237971,0.0562566,0
-0.238807,0,-0.238163,0.0597495,0
-0.239129,0,-0.238317,0.0610272,0
-0.240004,0,-0.238431,0.0638233,0
-0.240631,0,-0.238502,0.0655511,0
-0.241395,0,-0.238525,0.0672485,0
-0.241395,0,-0.238525,0.06672,0
-0.241395,0,-0.238525,0,0
-0.241395,0,-0.238525,0,0
-0.241395,0,-0.238525,0,0
-0.241395,0,-0.238525,0,0
-0.241395,0,-0.238525,0,0
-0.241395,0,-0.238525,0,0
0.245,0.230791,0,0,0
0.245,0.230791,0,0,0
0.245,0.230791,0,0,0
0.245,0.230791,0,0,0
0.245,0.230791,0,0,0
0.245,0.230791,0,0,0
0.245,0.230791,0,0,0
0.245,0.230791,0,0,0
0.287,0.230942,0,0,0
0.203524,0.230524,0,-0.00766107,0
0.241098,0.231039,0,-0.0126432,0
0.230266,0.230768,0,-0.0126432,0
0.228899,0.230662,0,-0.0150053,0
0.238205,0.231509,0,-0.0180903,0
0.236761,0.231566,0,-0.019012,0
0.240028,0.23233,0,-0.0204997,0
0.240512,0.232799,0,-0.0214446,0
0.240525,0.233207,0,-0.0231468,0
0.240997,0.233795,0,-0.0231468,0
0.241607,0.234481,0,-0.024079,0
0.24318,0.235617,0,-0.0249478,0
0.244736,0.236911,0,-0.0254636,0
0.244106,0.237298,0,-0.0253071,0
0.242721,0.237218,0,-0.0255492,0
0.241395,0.23703,0,-0.0266647,0
0.241617,0.237689,0,-0.0288611,0
0.241193,0.237913,0,-0.0309705,0
0.240486,0.237875,0,-0.0338677,0
0.239145,0.237349,0,-0.0373254,0
0.23858,0.237221,0,-0.0410413,0
0.238099,0.237097,0,-0.0454396,0
0.238294,0.23752,0,-0.0503227,0
0.238012,0.237729,0,-0.0544761,0
0.2375,0.237919,0,-0.0583304,0
0.237842,0.238073,0,-0.0601785,0
0.239315,0.238186,0,-0.0642043,0
0.240122,0.238256,0,-0.0663556,0
0.240604,0.238279,0,-0.0677997,0
0.240604,0.238279,0,-0.0698272,0
0.240604,0.238279,0,0,0
0.240604,0.238279,0,0,0
0.240604,0.238279,0,0,0
0.240604,0.238279,0,0,0
0.240604,0.238279,0,0,0
0.240604,0.238279,0,0,0
-0.245,0,-0.23058,0,0
-0.245,0,-0.23058,0,0
-0.245,0,-0.23058,0,0
-0.245,0,-0.23058,0,0
-0.245,0,-0.23058,0,0
-0.245,0,-0.23058,0,0
-0.245,0,-0.23058,0,0
-0.245,0,-0.23058,0,0
-0.287,0,-0.230734,0,0
-0.203555,0,-0.230309,0.000522851,0
-0.220531,0,-0.230339,0.00703169,0
-0.229212,0,-0.230521,0.0117151,0
-0.23282,0,-0.230732,0.0142129,0
-0.241884,0,-0.231676,0.0173483,0
-0.242191,0,-0.232089,0.0181242,0
-0.238659,0,-0.231927,0.0181242,0
-0.238259,0,-0.232167,0.0193609,0
-0.239329,0,-0.232762,0.0208722,0
-0.242917,0,-0.234212,0.0223195,0
-0.244286,0,-0.235257,0.022848,0
-0.243731,0,-0.235703,0.0227658,0
-0.242843,0,-0.235962,0.0231259,0
-0.240962,0,-0.235654,0.0237635,0
-0.242935,0,-0.237236,0.0259646,0
-0.243378,0,-0.23811,0.027072,0
-0.24334,0,-0.23871,0.0280607,0
-0.243144,0,-0.239183,0.029207,0
-0.243025,0,-0.239673,0.0307193,0
-0.242404,0,-0.239737,0.0322999,0
-0.241862,0,-0.239783,0.0347772,0
-0.240597,0,-0.239134,0.0377907,0
-0.240047,0,-0.238993,0.0422129,0
-0.239316,0,-0.238855,0.0472546,0
-0.239989,0,-0.239081,0.0516509,0
-0.240378,0,-0.239223,0.0529661,0
-0.241904,0,-0.23937,0.0572951,0
-0.242551,0,-0.239467,0.0570494,0
-0.243343,0,-0.239508,0.0524829,0
-0.245962,0,-0.23951,0.0459786,0
-0.245962,0,-0.23951,0,0
-0.245962,0,-0.23951,0,0
-0.245962,0,-0.23951,0,0
-0.245962,0,-0.23951,0,0
-0.245962,0,-0.23951,0,0
-0.245962,0,-0.23951,0,0
0.245,0.232073,0,0,0
0.245,0.232073,0,0,0
0.245,0.232073,0,0,0
0.245,0.232073,0,0,0
0.245,0.232073,0,0,0
0.245,0.232073,0,0,0
0.245,0.232073,0,0,0
0.245,0.232073,0,0,0
0.245,0.232098,0,0,0
0.203,0.231781,0,-6.78808e-05,0
0.221629,0.231822,0,-0.00704556,0
0.227945,0.231894,0,-0.0115257,0
0.225911,0.231656,0,-0.0139882,0
0.236482,0.2325,0,-0.0178663,0
0.234849,0.232434,0,-0.0191997,0
0.237896,0.233038,0,-0.0224364,0
0.238626,0.233427,0,-0.0224364,0
0.238583,0.233696,0,-0.0235742,0
0.239426,0.234322,0,-0.0250561,0
0.239208,0.234593,0,-0.0261221,0
0.241924,0.236032,0,-0.0276043,0
0.244281,0.237583,0,-0.0285391,0
0.242602,0.237351,0,-0.028386,0
0.241329,0.237059,0,-0.0289459,0
0.211763,0.219903,0,-0.00771136,0
0.237966,0.235892,0,-0.0366894,0
0.236738,0.235322,0,-0.0366894,0
0.237188,0.235868,0,-0.0409256,0
0.235959,0.235118,0,-0.0451262,0
0.235478,0.234879,0,-0.0501576,0
0.235045,0.234631,0,-0.0551611,0
0.234866,0.234574,0,-0.060262,0
0.235056,0.234834,0,-0.0643556,0
0.236403,0.23491,0,-0.0673737,0
0.236892,0.234973,0,-0.0688803,0
0.237573,0.235019,0,-0.0697649,0
0.238378,0.235046,0,-0.0700024,0
0.238393,0.235056,0,-0.0700082,0
0.238393,0.235056,0,-0.0700173,0
0.238393,0.235056,0,0,0
0.238393,0.235056,0,0,0
0.238393,0.235056,0,0,0
0.238393,0.235056,0,0,0
0.238393,0.235056,0,0,0
0.238393,0.235056,0,0,0
-0.245,0,-0.226842,0,0
-0.245,0,-0.226842,0,0
-0.245,0,-0.226842,0,0
-0.245,0,-0.226842,0,0
-0.245,0,-0.226842,0,0
-0.245,0,-0.226842,0,0
-0.245,0,-0.226842,0,0
-0.245,0,-0.226898,0,0
-0.203,0,-0.226615,-0.0267821,0
-0.203,0,-0.226289,-0.0178252,0
-0.215254,0,-0.226358,-0.00291827,0
-0.211202,0,-0.225803,-0.00291827,0
-0.233904,0,-0.227515,0.00490716,0
-0.239612,0,-0.22849,0.00793296,0
-0.249895,0,-0.23064,0.0100224,0
-0.253281,0,-0.23225,0.00905277,0
-0.252159,0,-0.233098,0.00750475,0
-0.247185,0,-0.232783,0.0056956,0
-0.244604,0,-0.23286,0.00577203,0
-0.247901,0,-0.234994,0.00711581,0
-0.24987,0,-0.236891,0.00723505,0
-0.249138,0,-0.237683,0.0062018,0
-0.247823,0,-0.238092,0.00555345,0
-0.246818,0,-0.238545,0.00556891,0
-0.246295,0,-0.23919,0.00626103,0
-0.246087,0,-0.239975,0.00737464,0
-0.245983,0,-0.240785,0.00877118,0
-0.24538,0,-0.24116,0.010179,0
-0.244477,0,-0.241192,0.0120041,0
-0.243984,0,-0.241449,0.0150482,0
-0.244566,0,-0.242564,0.0189732,0
-0.245123,0,-0.243626,0.0213132,0
-0.245348,0,-0.245374,0.0224615,0
-0.24547,0,-0.245806,0.0238855,0
-0.245495,0,-0.246135,0.0227296,0
-0.245826,0,-0.246353,0.0215992,0
-0.246091,0,-0.246451,0.0174989,0
-0.246203,0,-0.246456,0.0118618,0
-0.246203,0,-0.246456,0,0
-0.246203,0,-0.246456,0,0
-0.246203,0,-0.246456,0,0
-0.246203,0,-0.246456,0,0
-0.246203,0,-0.246456,0,0
-0.246203,0,-0.246456,0,0
0.245,0.236892,0,0,0
0.245,0.236892,0,0,0
0.245,0.236892,0,0,0
0.245,0.236892,0,0,0
0.245,0.236892,0,0,0
0.245,0.236892,0,0,0
0.245,0.236892,0,0,0
0.245,0.236892,0,0,0
0.245,0.236906,0,0,0
0.203,0.236569,0,0.00780705,0
0.211185,0.236296,0,0.0001883,0
0.224485,0.236367,0,-0.00627958,0
0.226201,0.236182,0,-0.00990433,0
0.238477,0.237043,0,-0.0140014,0
0.241049,0.237425,0,-0.0154406,0
0.243299,0.237948,0,-0.0163386,0
0.243942,0.238334,0,-0.0166937,0
0.242833,0.23836,0,-0.0169275,0
0.243423,0.238799,0,-0.0176456,0
0.243414,0.239102,0,-0.0182183,0
0.244397,0.239797,0,-0.019021,0
0.244319,0.240133,0,-0.0195057,0
0.24339,0.240052,0,-0.0199714,0
0.240576,0.238868,0,-0.0211375,0
0.238932,0.238087,0,-0.0241276,0
0.239465,0.238525,0,-0.0284407,0
0.237827,0.237541,0,-0.0322855,0
0.23711,0.237053,0,-0.0368333,0
0.236293,0.236423,0,-0.0417664,0
0.236509,0.236577,0,-0.0472322,0
0.236708,0.236733,0,-0.0524664,0
0.236787,0.236798,0,-0.0569315,0
0.236823,0.236829,0,-0.0608808,0
0.237874,0.24183,0,-0.0641743,0
0.239156,0.241938,0,-0.0658307,0
0.238923,0.242022,0,-0.0671184,0
0.239693,0.242072,0,-0.0680034,0
0.240375,0.242088,0,-0.0680383,0
0.240375,0.242088,0,-0.0680397,0
0.240375,0.242088,0,0,0
0.240375,0.242088,0,0,0
0.240375,0.242088,0,0,0
0.240375,0.242088,0,0,0
0.240375,0.242088,0,0,0
0.240375,0.242088,0,0,0
-0.245,0,-0.231418,0,0
-0.245,0,-0.231418,0,0
-0.245,0,-0.231418,0,0
-0.245,0,-0.231418,0,0
-0.245,0,-0.231418,0,0
-0.245,0,-0.231418,0,0
-0.245,0,-0.231418,0,0
-0.245,0,-0.231418,0,0
-0.245,0,-0.231442,0,0
-0.204038,0,-0.231158,-0.0144636,0
-0.21682,0,-0.23108,-0.00707133,0
-0.223854,0,-0.231098,-0.00119382,0
-0.231073,0,-0.231395,0.00318517,0
-0.242909,0,-0.232514,0.00703539,0
-0.245247,0,-0.233179,0.00852288,0
-0.249851,0,-0.234455,0.00852288,0
-0.250995,0,-0.235423,0.00763076,0
-0.251009,0,-0.23626,0.0064316,0
-0.250789,0,-0.237075,0.00573494,0
-0.249304,0,-0.237479,0.00454838,0
-0.247988,0,-0.237833,0.00325812,0
-0.253816,0,-0.241192,0.00724757,0
-0.247835,0,-0.239401,0.00447486,0
-0.244405,0,-0.238382,0.00447486,0
-0.242397,0,-0.23785,0.00659145,0
-0.241635,0,-0.237903,0.00990757,0
-0.24079,0,-0.237813,0.0139505,0
-0.239765,0,-0.237498,0.0188048,0
-0.239563,0,-0.237709,0.0246907,0
-0.239111,0,-0.237678,0.0313326,0
-0.239693,0,-0.238469,0.038332,0
-0.23941,0,-0.238573,0.0447614,0
-0.239843,0,-0.239213,0.0498288,0
-0.239968,0,-0.239429,0.0535038,0
-0.241545,0,-0.239604,0.0563963,0
-0.242513,0,-0.239733,0.0591561,0
-0.244062,0,-0.239799,0.058605,0
-0.246738,0,-0.239841,0.0517802,0
-0.247543,0,-0.239843,0.0379831,0
-0.247543,0,-0.239843,0,0
-0.247543,0,-0.239843,0,0
-0.247543,0,-0.239843,0,0
-0.247543,0,-0.239843,0,0
-0.247543,0,-0.239843,0,0
-0.247543,0,-0.239843,0,0
0.245,0.229427,0,0,0
0.245,0.229427,0,0,0
0.245,0.229427,0,0,0
0.245,0.229427,0,0,0
0.245,0.229427,0,0,0
0.245,0.229427,0,0,0
0.245,0.229427,0,0,0
0.245,0.229427,0,0,0
0.245,0.229454,0,0,0
0.208328,0.229226,0,0.000396645,0
0.219191,0.22919,0,-0.00529381,0
0.233256,0.229589,0,-0.0103196,0
0.231811,0.229585,0,-0.0121231,0
0.243759,0.230794,0,-0.0149666,0
0.242181,0.231062,0,-0.0150872,0
0.246182,0.232188,0,-0.0156034,0
0.248079,0.233242,0,-0.0154619,0
0.246111,0.23355,0,-0.0145842,0
0.246629,0.234451,0,-0.0144492,0
0.246518,0.235218,0,-0.0141782,0
0.247318,0.236353,0,-0.0141169,0
0.246225,0.236758,0,-0.0136476,0
0.244795,0.2369,0,-0.0140619,0
0.244636,0.237582,0,-0.0152146,0
0.243917,0.237916,0,-0.0164659,0
0.241685,0.237208,0,-0.0180865,0
0.241383,0.237586,0,-0.0214423,0
0.240728,0.237659,0,-0.0253016,0
0.239303,0.237055,0,-0.0297075,0
0.238324,0.236667,0,-0.0359545,0
0.236217,0.235274,0,-0.0426231,0
0.235741,0.235071,0,-0.0495836,0
0.235531,0.235068,0,-0.0558049,0
0.236127,0.24096,0,-0.0615605,0
0.237441,0.241214,0,-0.0647683,0
0.237694,0.241403,0,-0.0675349,0
0.237977,0.241528,0,-0.068927,0
0.239801,0.241569,0,-0.0693416,0
0.243482,0.241569,0,-0.0693607,0
0.243482,0.241569,0,0,0
0.243482,0.241569,0,0,0
0.243482,0.241569,0,0,0
0.243482,0.241569,0,0,0
0.243482,0.241569,0,0,0
0.243482,0.241569,0,0,0
-0.245,0,-0.229267,0,0
-0.245,0,-0.229267,0,0
-0.245,0,-0.229267,0,0
-0.245,0,-0.229267,0,0
-0.245,0,-0.229267,0,0
-0.245,0,-0.229267,0,0
-0.245,0,-0.229267,0,0
-0.245,0,-0.229267,0,0
-0.245,0,-0.229291,0,0
-0.203,0,-0.229031,-0.00674306,0
-0.209833,0,-0.228833,0.000529869,0
-0.219781,0,-0.228876,0.0069963,0
-0.2296,0,-0.229289,0.0117673,0
-0.240037,0,-0.230278,0.0152891,0
-0.24356,0,-0.231075,0.0163125,0
-0.246228,0,-0.232029,0.0165973,0
-0.24434,0,-0.232319,0.015884,0
-0.245156,0,-0.233159,0.0163333,0
-0.242728,0,-0.233167,0.0164433,0
-0.242744,0,-0.233802,0.0175049,0
-0.242709,0,-0.234438,0.018755,0
-0.24308,0,-0.235261,0.0201266,0
-0.242935,0,-0.235879,0.0214166,0
-0.242926,0,-0.236557,0.0229849,0
-0.243321,0,-0.237466,0.0248027,0
-0.243549,0,-0.238298,0.0265147,0
-0.243745,0,-0.239113,0.0283632,0
-0.243861,0,-0.239865,0.0302571,0
-0.244829,0,-0.241253,0.0321194,0
-0.244552,0,-0.241674,0.0330648,0
-0.244264,0,-0.242018,0.0344344,0
-0.244585,0,-0.24283,0.0368362,0
-0.244192,0,-0.242949,0.0375595,0
-0.245033,0,-0.245061,0.0388462,0
-0.245814,0,-0.245433,0.0389989,0
-0.246247,0,-0.245718,0.0361836,0
-0.246192,0,-0.245909,0.0314002,0
-0.246685,0,-0.245998,0.0258534,0
-0.248357,0,-0.246004,0.0190943,0
-0.248357,0,-0.246004,0,0
-0.248357,0,-0.246004,0,0
-0.248357,0,-0.246004,0,0
-0.248357,0,-0.246004,0,0
-0.248357,0,-0.246004,0,0
-0.248357,0,-0.246004,0,0
0.245,0.23592,0,0,0
0.245,0.23592,0,0,0
0.245,0.23592,0,0,0
0.245,0.23592,0,0,0
0.245,0.23592,0,0,0
0.245,0.23592,0,0,0
0.245,0.23592,0,0,0
0.245,0.23592,0,0,0
0.245,0.235934,0,0,0
0.203,0.235626,0,-0.00186265,0
0.215309,0.235459,0,-0.00893293,0
0.229391,0.235651,0,-0.0144678,0
0.226362,0.235298,0,-0.016646,0
0.238226,0.236136,0,-0.0202721,0
0.236768,0.236027,0,-0.0214942,0
0.23934,0.236477,0,-0.0228369,0
0.239518,0.236686,0,-0.0239153,0
0.238589,0.236603,0,-0.0246621,0
0.242871,0.238014,0,-0.0269906,0
0.243388,0.238522,0,-0.028172,0
0.243168,0.238797,0,-0.0289835,0
0.240882,0.238135,0,-0.0289835,0
0.241041,0.238461,0,-0.0303884,0
0.241284,0.23885,0,-0.0320413,0
0.24093,0.238905,0,-0.0337313,0
0.239994,0.238545,0,-0.0357515,0
0.239451,0.238363,0,-0.038381,0
0.23925,0.238375,0,-0.0415924,0
0.23869,0.238083,0,-0.045086,0
0.237828,0.237487,0,-0.0488564,0
0.236588,0.236494,0,-0.0531947,0
0.235735,0.235755,0,-0.0580026,0
0.235489,0.235522,0,-0.0624351,0
0.236577,0.241313,0,-0.0665423,0
0.238241,0.241433,0,-0.0685277,0
0.238682,0.241526,0,-0.0696535,0
0.239443,0.241582,0,-0.0699935,0
0.240434,0.241602,0,-0.0699997,0
0.232763,0.241602,0,-0.0700076,0
0.232763,0.241602,0,0,0
0.232763,0.241602,0,0,0
0.232763,0.241602,0,0,0
0.232763,0.241602,0,0,0
0.232763,0.241602,0,0,0
0.232763,0.241602,0,0,0
-0.245,0,-0.230644,0,0
-0.245,0,-0.230644,0,0
-0.245,0,-0.230644,0,0
-0.245,0,-0.230644,0,0
-0.245,0,-0.230644,0,0
-0.245,0,-0.230644,0,0
-0.245,0,-0.230644,0,0
-0.245,0,-0.230644,0,0
-0.245,0,-0.230665,0,0
-0.209638,0,-0.230455,-0.0131206,0
-0.214669,0,-0.230293,-0.000581718,0
-0.224187,0,-0.230378,-0.000581718,0
-0.230534,0,-0.230637,0.00397586,0
-0.238463,0,-0.231377,0.00740277,0
-0.245642,0,-0.232541,0.0110468,0
-0.244368,0,-0.232879,0.0110468,0
-0.245552,0,-0.233663,0.0113924,0
-0.245245,0,-0.23422,0.0118067,0
-0.242604,0,-0.234109,0.0121349,0
-0.24224,0,-0.234546,0.0134623,0
-0.242303,0,-0.235129,0.0152262,0
-0.241907,0,-0.235531,0.0170195,0
-0.240768,0,-0.235542,0.0189944,0
-0.24037,0,-0.235835,0.0217695,0
-0.238893,0,-0.235456,0.0251214,0
-0.239739,0,-0.236395,0.0298064,0
-0.238891,0,-0.236349,0.0338913,0
-0.239202,0,-0.236955,0.0378946,0
-0.239853,0,-0.237835,0.0421794,0
-0.239567,0,-0.237975,0.0459294,0
-0.239965,0,-0.238654,0.0492946,0
-0.240266,0,-0.239242,0.0528955,0
-0.240479,0,-0.23973,0.0561311,0
-0.241374,0,-0.243375,0.0591254,0
-0.241933,0,-0.243656,0.0611086,0
-0.242897,0,-0.243866,0.0625552,0
-0.242387,0,-0.243999,0.0634103,0
-0.243816,0,-0.244045,0.0617683,0
-0.245916,0,-0.244049,0.0539053,0
-0.245916,0,-0.244049,0,0
-0.245916,0,-0.244049,0,0
-0.245916,0,-0.244049,0,0
-0.245916,0,-0.244049,0,0
-0.245916,0,-0.244049,0,0
-0.245916,0,-0.244049,0,0
0.245,0.232642,0,0,0
0.245,0.232642,0,0,0
0.245,0.232642,0,0,0
0.245,0.232642,0,0,0
0.245,0.232642,0,0,0
0.245,0.232642,0,0,0
0.245,0.232642,0,0,0
0.245,0.232642,0,0,0
0.245,0.232661,0,0,0
0.245,0.232754,0,-0.00103206,0
0.245,0.23292,0,-0.00561171,0
0.245,0.233153,0,-0.00561171,0
0.245,0.233449,0,-0.0072911,0
0.245,0.233802,0,-0.0103748,0
0.245,0.234205,0,-0.0109889,0
0.245,0.234655,0,-0.0123659,0
0.245,0.235145,0,-0.0123659,0
0.245,0.235669,0,-0.0126142,0
0.245,0.236223,0,-0.0142955,0
0.245,0.2368,0,-0.0150115,0
0.245,0.237396,0,-0.0162295,0
0.245,0.238005,0,-0.0200882,0
0.245,0.23862,0,-0.0221538,0
0.245,0.239238,0,-0.0242204,0
0.245,0.239852,0,-0.0264824,0
0.245,0.240456,0,-0.029134,0
0.245,0.241046,0,-0.029134,0
0.245,0.241616,0,-0.031901,0
0.245,0.24216,0,-0.0347527,0
0.245,0.242796,0,-0.0408572,0
0.245,0.243262,0,-0.0447585,0
0.245,0.243685,0,-0.0483285,0
0.245,0.244059,0,-0.0483285,0
0.245,0.244378,0,-0.0517539,0
0.245,0.244637,0,-0.0551668,0
0.245,0.244831,0,-0.0583576,0
0.245,0.24493,0,-0.0597236,0
0.245,0.244996,0,-0.0573747,0
0.245,0.245,0,-0.053462,0
0.245,0.245,0,0,0
0.245,0.245,0,0,0
0.245,0.245,0,0,0
0.245,0.245,0,0,0
0.245,0.245,0,0,0
0.245,0.245,0,0,0
0.245,0.245,0,0,0
0.245,0.245,0,0,0
0.245,0.245,0,0,0
0.245,0.245,0,0,0
0.245,0.245,0,0,0
0.245,0.245,0,0,0
0.245,0.245,0,0,0
0.245,0.245,0,0,0
0.245,0.245,0,0,0
0.245,0.245,0,0,0
0.245,0.245,0,0,0
0.245,0.245,0,0,0
0.245,0.245,0,0,0
0.245,0.245,0,0,0
0.245,0.245,0,0,0
0.245,0.245,0,0,0
0.245,0.245,0,0,0
0.245,0.245,0,0,0
0.245,0.245,0,0,0
0.245,0.245,0,0,0
0.245,0.245,0,0,0
0.245,0.245,0,0,0
0.245,0.245,0,0,0
0.245,0.245,0,0,0
0.245,0.245,0,0,0
0.245,0.245,0,0,0
0.245,0.245,0,0,0
0.245,0.245,0,0,0
0.245,0.245,0,0,0
0.245,0.245,0,0,0
0.245,0.245,0,0,0
0.245,0.245,0,0,0
0.245,0.245,0,0,0
0.245,0.245,0,0,0
0.245,0.245,0,0,0
0.245,0.245,0,0,0
0.245,0.245,0,0,0
0.245,0.245,0,0,0
0.245,0.245,0,0,0
0.245,0.245,0,0,0
0.245,0.245,0,0,0
0.245,0.245,0,0,0
