-8.993,-1.3879,228.07,-0.46643,2.48473,-0.02338
-8.9912,-1.3511,228.156,-0.46541,2.48794,-0.02427
-8.9288,-1.4506,228.191,-0.46513,2.48289,-0.02437
-8.9269,-1.3701,228.227,-0.46202,2.48269,-0.02446
-8.9358,-1.4345,228.3,-0.46453,2.482,-0.02441
-8.9204,-1.4334,228.233,-0.46949,2.48306,-0.02362
-8.9576,-1.328,228.109,-0.46054,2.48665,-0.02421
-8.9823,-1.4396,228.16,-0.47281,2.48857,-0.02345
-8.9524,-1.3728,228.119,-0.46392,2.49332,-0.02267
-8.9391,-1.4869,228.178,-0.46871,2.48736,-0.02294
-9.0195,-1.3893,228.041,-0.46977,2.49436,-0.02306
-8.9292,-1.4031,228.201,-0.46394,2.4814,-0.02624
-8.9703,-1.2279,228.15,-0.45691,2.49056,-0.02594
-8.9975,-1.3329,228.177,-0.46291,2.49075,-0.02425
-8.9242,-1.3036,228.219,-0.4567,2.48486,-0.02634
-8.9976,-1.3674,228.137,-0.4632,2.49081,-0.02568
-9.0431,-1.3447,228.077,-0.46871,2.4969,-0.0234
-8.9241,-1.4691,228.381,-0.46303,2.48128,-0.0262
-8.9424,-1.4054,228.196,-0.45813,2.48668,-0.02578
-8.9995,-1.2858,228.154,-0.4588,2.48774,-0.02455
-8.9282,-1.4109,228.149,-0.46495,2.48103,-0.02485
-8.8874,-1.4978,228.296,-0.46422,2.47601,-0.02487
-8.9865,-1.3697,228.038,-0.46545,2.48483,-0.02188
-9.001,-1.3959,228.003,-0.4647,2.48553,-0.02125
-8.9437,-1.4222,228.252,-0.46017,2.48426,-0.02129
-8.9338,-1.3972,228.356,-0.46093,2.49366,-0.02147
-8.9497,-1.3706,228.357,-0.46067,2.4961,-0.01989
-8.995,-1.3571,228.139,-0.46444,2.50399,-0.01742
-8.9229,-1.4362,228.249,-0.46341,2.4945,-0.02001
-8.8584,-1.3866,228.281,-0.461,2.49626,-0.02192
-8.7559,-1.5184,228.477,-0.46763,2.49098,-0.02405
-8.6837,-1.3691,228.423,-0.45775,2.48885,-0.02501
-8.6497,-1.3628,228.474,-0.4553,2.48389,-0.02705
-8.5638,-1.5618,228.592,-0.46543,2.47781,-0.0269
-8.6049,-1.5084,228.46,-0.46675,2.48199,-0.02482
-8.4943,-1.5897,228.402,-0.47115,2.47727,-0.02177
-8.3189,-1.7456,228.223,-0.48554,2.46655,-0.01791
-8.2501,-1.7608,228.351,-0.48018,2.46426,-0.01908
-7.9825,-1.7818,228.447,-0.4827,2.45946,-0.01801
-7.8187,-1.7468,228.48,-0.48174,2.45678,-0.01954
-7.7168,-1.8178,228.668,-0.48467,2.44806,-0.02512
-7.8104,-1.7843,228.608,-0.47554,2.44914,-0.03205
-7.8744,-1.7134,228.628,-0.47382,2.45006,-0.03442
-7.8931,-1.807,228.561,-0.48323,2.4454,-0.03282
-7.7954,-1.8162,228.622,-0.48363,2.44116,-0.03479
-7.7269,-1.6995,228.539,-0.48313,2.44009,-0.03932
-7.5431,-1.6463,228.559,-0.47601,2.43763,-0.04711
-7.4079,-1.6215,228.375,-0.4782,2.43309,-0.05068
-7.3616,-1.611,228.275,-0.47988,2.43129,-0.0517
-7.3259,-1.5433,228.403,-0.47376,2.4365,-0.05301
-7.1783,-1.8386,228.57,-0.48876,2.42058,-0.04969
-7.2293,-1.6584,228.405,-0.48758,2.41802,-0.04871
-7.243,-1.4942,228.127,-0.49175,2.42345,-0.04985
-7.0947,-1.47,228.066,-0.49467,2.41757,-0.05546
-7.0036,-1.6827,228.22,-0.50187,2.41214,-0.05976
-7.0462,-1.6794,228.14,-0.51222,2.4148,-0.06187
-7.0655,-1.7095,227.999,-0.51062,2.41083,-0.06331
-7.1669,-1.7858,228.031,-0.52337,2.41009,-0.05908
-7.2998,-1.6776,227.778,-0.53044,2.41081,-0.05481
-7.2715,-1.6977,227.71,-0.53807,2.41023,-0.05262
-7.325,-1.7993,227.697,-0.54832,2.40578,-0.04979
-7.3932,-1.6632,227.44,-0.54491,2.40141,-0.04857
-7.5198,-1.6404,227.417,-0.54568,2.39686,-0.04699
-7.6064,-1.5986,227.289,-0.54671,2.39287,-0.04342
-7.6569,-1.6034,227.304,-0.55092,2.38449,-0.04114
-7.7517,-1.3896,227.028,-0.54743,2.38514,-0.0392
-7.7305,-1.4915,227.071,-0.55416,2.37973,-0.03975
-7.7587,-1.3862,226.89,-0.55544,2.38229,-0.04326
-7.7332,-1.3753,226.943,-0.55004,2.37718,-0.04801
-7.8546,-1.3957,226.94,-0.55565,2.38669,-0.04662
-7.7781,-1.4629,226.984,-0.5552,2.38074,-0.05103
-7.6258,-1.5416,227.064,-0.55386,2.37774,-0.05433
-7.5108,-1.482,226.968,-0.55404,2.38199,-0.05794
-6.6583,-1.1731,226.683,-0.54137,2.36464,-0.07335
-6.6898,-0.8719,226.541,-0.53132,2.35947,-0.07773
-6.8038,-0.9076,226.799,-0.53069,2.35728,-0.08123
-7.0286,-1.1345,226.74,-0.53526,2.36122,-0.07478
-7.1667,-1.3432,226.877,-0.54266,2.36627,-0.07384
-7.2191,-1.3207,226.429,-0.54684,2.37202,-0.07276
-7.1135,-1.228,226.365,-0.54092,2.3605,-0.07743
-7.0237,-1.4454,226.628,-0.54219,2.35532,-0.08248
-7.2151,-1.4944,226.578,-0.54719,2.36406,-0.07113
-7.3277,-1.5449,226.7,-0.54754,2.37642,-0.06307
-7.2413,-1.5683,226.807,-0.54207,2.36627,-0.06417
-7.185,-1.3297,226.454,-0.54266,2.36471,-0.06675
-6.9863,-0.8999,226.209,-0.52918,2.35578,-0.07365
-6.8927,-0.86,226.382,-0.5317,2.34944,-0.08045
-6.9407,-1.1486,226.57,-0.53494,2.34061,-0.07632
-7.0476,-1.0843,226.53,-0.53281,2.34619,-0.07167
-7.1297,-1.0313,226.319,-0.53006,2.34265,-0.07351
-7.197,-1.1178,226.309,-0.53412,2.348,-0.07472
-7.3322,-1.033,226.333,-0.52478,2.34326,-0.076
-7.4589,-0.946,226.371,-0.5223,2.35295,-0.07512
-7.4047,-1.1063,226.667,-0.52324,2.3451,-0.07624
-7.4656,-0.8548,226.67,-0.51222,2.3539,-0.07309
-7.2791,-1.1786,226.939,-0.52363,2.34635,-0.07052
-7.1292,-1.2944,226.88,-0.52557,2.34396,-0.06634
-7.0448,-1.177,226.724,-0.51457,2.34812,-0.06299
-7.0077,-1.1742,226.657,-0.51394,2.34533,-0.06062
-6.9769,-1.4561,226.924,-0.5165,2.34063,-0.05912
-7.2039,-1.3958,227.127,-0.52792,2.35728,-0.05352
-7.3583,-1.3916,227.24,-0.53385,2.37798,-0.04839
-7.1244,-1.6796,227.31,-0.54703,2.36505,-0.05257
-7.0746,-1.9795,227.113,-0.55886,2.36272,-0.05581
-7.2172,-2.1323,226.884,-0.57386,2.37198,-0.05273
-7.3915,-2.0333,226.644,-0.56437,2.37044,-0.0527
-7.5085,-2.1615,226.524,-0.55991,2.35726,-0.05776
-7.7327,-1.7748,226.037,-0.54852,2.3594,-0.05828
-7.9819,-1.4506,225.849,-0.52745,2.35707,-0.06125
-7.942,-1.4293,226.231,-0.509,2.34537,-0.06854
-7.9454,-1.205,226.375,-0.49021,2.34519,-0.07336
-8.1625,-1.1982,226.268,-0.50324,2.36054,-0.07233
-8.1277,-1.3662,226.56,-0.50108,2.36499,-0.07025
-8.2019,-1.4162,226.821,-0.50385,2.36727,-0.07058
-8.3933,-1.1693,226.624,-0.49788,2.38302,-0.06946
-8.4998,-1.2291,226.739,-0.50301,2.38721,-0.07037
-8.5968,-1.2354,226.68,-0.50691,2.3856,-0.07089
-8.667,-1.3295,226.514,-0.52085,2.38428,-0.06548
-8.6043,-1.4358,226.561,-0.5302,2.38001,-0.06387
-8.4177,-1.5212,226.804,-0.5214,2.36615,-0.0675
-8.4376,-1.4805,226.516,-0.529,2.3727,-0.06199
-8.4624,-1.2928,226.387,-0.53142,2.37438,-0.06
-8.312,-1.4303,226.688,-0.52674,2.36488,-0.05977
-8.2912,-1.5639,226.775,-0.53125,2.35937,-0.05911
-8.4348,-1.1938,226.578,-0.51625,2.37311,-0.0581
-8.4509,-1.3256,226.643,-0.52351,2.36589,-0.05857
-8.3435,-1.5573,226.761,-0.52982,2.36133,-0.06066
-8.53,-1.1342,226.401,-0.51809,2.37861,-0.05804
-8.3765,-1.3083,226.514,-0.52007,2.37032,-0.05812
-8.2058,-1.4958,226.731,-0.52444,2.36284,-0.05991
-8.3162,-1.2214,226.5,-0.51889,2.37003,-0.05935
-8.3317,-1.1447,226.577,-0.51519,2.3729,-0.05955
-8.2506,-1.308,226.572,-0.51881,2.36846,-0.05992
-8.1511,-1.4315,226.552,-0.52721,2.36063,-0.05553
-8.1802,-1.3694,226.529,-0.52717,2.36831,-0.05676
-8.0759,-1.4993,226.609,-0.52322,2.36172,-0.05682
-8.0556,-1.6825,226.641,-0.52955,2.36219,-0.05368
-8.0612,-1.6187,226.484,-0.52623,2.36606,-0.05256
-7.9543,-1.7428,226.661,-0.52984,2.36296,-0.05112
-7.8188,-1.8679,226.773,-0.53996,2.35339,-0.05092
-7.7279,-1.7155,226.862,-0.53995,2.34827,-0.05099
-7.6505,-1.6795,226.949,-0.54312,2.3502,-0.05151
-7.4912,-1.656,227.179,-0.5388,2.34458,-0.0545
-7.4588,-1.3913,226.998,-0.53572,2.3665,-0.05185
-7.4153,-1.4572,227.106,-0.53866,2.36211,-0.05397
-7.2481,-1.5449,227.272,-0.53678,2.34775,-0.05801
-7.3143,-1.4607,227.035,-0.53573,2.35389,-0.05537
-7.3301,-1.4112,226.833,-0.54079,2.36174,-0.05412
-7.2759,-1.2564,227.168,-0.52458,2.3482,-0.06003
-7.1916,-1.3846,227.25,-0.53257,2.34611,-0.06089
-7.333,-0.8157,227.048,-0.50196,2.36684,-0.06441
-7.208,-1.0173,227.29,-0.5095,2.35891,-0.07005
-7.1156,-1.1883,227.431,-0.51372,2.35671,-0.06989
-7.0951,-0.8273,227.238,-0.49815,2.3599,-0.07024
-7.1004,-1.06,227.246,-0.50564,2.3505,-0.06791
-7.1734,-1.1791,227.136,-0.50718,2.34761,-0.06479
-7.4712,-1.1976,226.895,-0.49923,2.35416,-0.0629
-7.8433,-1.4235,226.907,-0.50652,2.35826,-0.06191
-8.0883,-1.8006,226.887,-0.51482,2.3608,-0.05659
-8.1984,-2.1533,227.034,-0.52957,2.35826,-0.05079
-8.233,-2.0992,226.88,-0.52071,2.36101,-0.04652
-7.9533,-2.2942,227.04,-0.52095,2.35408,-0.04571
-7.5734,-2.5713,227.454,-0.52779,2.3418,-0.04344
-7.4305,-2.2624,227.479,-0.52505,2.36038,-0.04107
-7.1293,-2.3159,227.555,-0.52978,2.35593,-0.04717
-7.0279,-2.303,227.399,-0.53582,2.35357,-0.04986
-6.9651,-2.1229,227.202,-0.53142,2.35249,-0.04906
-6.9482,-1.8657,227.132,-0.5222,2.35839,-0.04917
-6.8465,-1.9218,227.436,-0.52436,2.35484,-0.05322
-6.8584,-1.9415,227.528,-0.52554,2.36232,-0.05271
-6.9798,-1.7978,227.424,-0.5145,2.37276,-0.0473
-7.0445,-2.022,227.824,-0.51268,2.36434,-0.04546
-7.2391,-2.1486,228.101,-0.50959,2.36341,-0.0444
-7.5685,-2.0747,227.841,-0.51027,2.38382,-0.03978
-7.8009,-2.1643,227.784,-0.52106,2.39081,-0.03864
-7.8539,-2.3484,227.676,-0.52891,2.39323,-0.03927
-7.7431,-2.487,227.717,-0.53252,2.38519,-0.04109
-7.7512,-2.3344,227.725,-0.53351,2.38244,-0.04346
-7.6803,-2.2958,227.974,-0.52839,2.37825,-0.04868
-7.7286,-2.1617,227.919,-0.53221,2.38694,-0.05057
-7.7626,-1.9957,227.743,-0.52969,2.39055,-0.05011
-7.7894,-1.9035,227.778,-0.5266,2.38769,-0.04917
-7.9427,-1.9351,227.724,-0.52029,2.38618,-0.04449
-8.2346,-1.7839,227.795,-0.51947,2.38943,-0.04563
-8.296,-1.8616,227.991,-0.51165,2.38947,-0.0481
-8.38,-1.5396,227.8,-0.50541,2.40688,-0.04683
-8.2992,-1.4185,227.808,-0.49807,2.40764,-0.04555
-8.2209,-1.5291,228.127,-0.49581,2.39791,-0.04333
-8.056,-1.5819,228.192,-0.49139,2.39689,-0.04489
-8.0073,-1.4729,228.148,-0.48974,2.40657,-0.04544
-7.6822,-1.4718,228.159,-0.49198,2.39921,-0.05114
-7.6115,-1.7564,228.032,-0.51109,2.40235,-0.04967
-7.6031,-1.5959,227.803,-0.50873,2.40544,-0.04986
-7.4542,-1.6468,227.727,-0.5188,2.39301,-0.04822
-7.3124,-1.5525,227.805,-0.50541,2.3843,-0.05059
-7.2816,-1.629,228.038,-0.50599,2.37498,-0.05436
-7.3405,-1.5799,227.893,-0.50388,2.37977,-0.05492
-7.4306,-1.4177,227.751,-0.49738,2.38578,-0.0526
-7.3994,-1.5168,228.053,-0.49155,2.37777,-0.05241
-7.4909,-1.3407,227.956,-0.48985,2.38324,-0.04822
-7.5265,-1.4354,228.042,-0.49439,2.38314,-0.04835
-7.4448,-1.5062,228.035,-0.4993,2.37931,-0.04976
-7.4504,-1.3894,227.752,-0.49975,2.38472,-0.04881
-7.3434,-1.5283,227.836,-0.50618,2.37356,-0.05025
-7.3134,-1.4983,227.908,-0.50204,2.37353,-0.05021
-7.3053,-1.5033,227.783,-0.50715,2.37026,-0.04957
-7.3138,-1.4276,227.767,-0.50456,2.37429,-0.0498
-7.2273,-1.4485,227.762,-0.50302,2.37026,-0.04958
-7.2192,-1.486,227.852,-0.50419,2.37186,-0.04896
-7.2914,-1.2475,227.823,-0.49522,2.37771,-0.0485
-7.1402,-1.3157,228.218,-0.48718,2.3664,-0.05056
-7.209,-1.4009,228.312,-0.48522,2.36613,-0.05146
-7.3676,-1.3699,228.16,-0.49168,2.37983,-0.04885
-7.4089,-1.2161,228.085,-0.47685,2.37891,-0.05207
-7.37,-1.3138,228.246,-0.48206,2.37548,-0.051
-7.4129,-1.2303,228.171,-0.47757,2.37526,-0.05088
-7.4074,-1.258,228.126,-0.48441,2.37889,-0.05275
-7.3991,-1.2079,227.975,-0.48261,2.37578,-0.05518
-7.2627,-1.4054,228.033,-0.49614,2.36679,-0.05571
-7.155,-1.3342,227.961,-0.49726,2.36808,-0.0564
-7.0318,-1.2847,228.117,-0.48981,2.35695,-0.0636
-7.0494,-1.2593,227.699,-0.4989,2.361,-0.06144
-7.1285,-1.0614,227.533,-0.50105,2.36644,-0.05983
-7.1591,-1.11,227.466,-0.50758,2.36429,-0.06014
-7.1117,-1.0142,227.497,-0.50504,2.36491,-0.06273
-7.1829,-1.0537,227.268,-0.50971,2.3731,-0.06449
-7.2531,-0.9665,227.149,-0.51367,2.37464,-0.07119
-7.1161,-1.093,227.277,-0.51027,2.36395,-0.08021
-7.3062,-0.8902,227.044,-0.50435,2.37761,-0.07996
-7.3817,-1.0129,226.944,-0.51277,2.3786,-0.07836
-7.4489,-1.012,226.939,-0.51284,2.36759,-0.07964
-7.6151,-0.8907,226.664,-0.51702,2.37752,-0.07653
-7.5707,-1.1057,226.717,-0.52713,2.36532,-0.07532
-7.4906,-1.1456,226.729,-0.52823,2.36446,-0.0746
-7.4015,-1.3723,226.77,-0.54547,2.36056,-0.07098
-7.3603,-1.1509,226.656,-0.53325,2.36836,-0.06761
-7.3315,-1.2643,226.776,-0.53614,2.36409,-0.06923
-7.3372,-1.3481,226.716,-0.53525,2.3624,-0.06892
-7.4654,-1.2378,226.547,-0.53371,2.36446,-0.06858
-7.4748,-1.1279,226.617,-0.53366,2.3661,-0.06959
-7.3668,-1.2891,226.836,-0.52764,2.35994,-0.071
-7.4131,-1.394,226.777,-0.53283,2.35696,-0.06594
-7.477,-1.4246,226.887,-0.5308,2.36617,-0.06051
-7.5031,-1.47,227.136,-0.52642,2.36342,-0.05787
-7.6096,-1.6129,227.251,-0.52977,2.37234,-0.05203
-7.7731,-1.4761,227.113,-0.52761,2.38527,-0.04727
-7.7753,-1.4724,227.349,-0.52092,2.38007,-0.05045
-7.8054,-1.4477,227.381,-0.51509,2.37505,-0.05389
-7.8882,-1.3699,227.233,-0.51507,2.37755,-0.05794
-7.8602,-1.3933,227.317,-0.51304,2.37533,-0.06168
-7.8257,-1.3376,227.464,-0.50499,2.37147,-0.06204
-7.9865,-1.3676,227.5,-0.50712,2.37552,-0.05669
-8.1251,-1.2774,227.493,-0.50981,2.38541,-0.05274
-8.0865,-1.4326,227.639,-0.51329,2.37831,-0.05169
-7.9909,-1.3735,227.743,-0.50336,2.37259,-0.05382
-7.948,-1.257,227.609,-0.5017,2.37633,-0.05112
-7.7793,-1.4138,227.784,-0.50477,2.36896,-0.05241
-7.6919,-1.4797,227.631,-0.51053,2.37112,-0.05098
-7.5879,-1.4325,227.446,-0.51361,2.36962,-0.05117
-7.562,-1.5789,227.586,-0.52045,2.36394,-0.05272
-7.4888,-1.7658,227.663,-0.52486,2.3544,-0.05431
-7.6411,-1.6143,227.391,-0.53173,2.36979,-0.05352
-7.6708,-1.4702,227.242,-0.52311,2.3741,-0.05409
-7.5679,-1.4657,227.581,-0.51924,2.36039,-0.05716
-7.6184,-1.1399,227.308,-0.50953,2.36854,-0.0544
-7.6791,-1.2578,227.269,-0.51896,2.36822,-0.05327
-7.633,-1.3871,227.383,-0.52328,2.3692,-0.05444
-7.6573,-1.4759,227.536,-0.52511,2.36546,-0.05519
-7.6695,-1.5255,227.525,-0.52661,2.36336,-0.05535
-7.6954,-1.4893,227.357,-0.5242,2.36497,-0.05455
-7.6803,-1.5473,227.455,-0.53141,2.36383,-0.05556
-7.7226,-1.3711,227.341,-0.52603,2.36358,-0.05417
-7.6882,-1.3864,227.296,-0.52853,2.36327,-0.05514
-7.6481,-1.4915,227.509,-0.53028,2.36151,-0.05832
-7.6894,-1.4312,227.329,-0.52672,2.3632,-0.05694
-7.7506,-1.3519,227.05,-0.52721,2.37319,-0.05428
-7.7576,-1.3733,227.2,-0.52768,2.36859,-0.05576
-7.7175,-1.3701,227.304,-0.52827,2.36485,-0.05727
-7.7463,-1.2972,227.13,-0.52566,2.37208,-0.05717
-7.7557,-1.226,227.217,-0.52417,2.37173,-0.0583
-7.5786,-1.335,227.281,-0.52604,2.36829,-0.05959
-7.5579,-1.2288,227.284,-0.52019,2.37065,-0.06103
-7.5182,-1.1689,227.429,-0.51114,2.36579,-0.06245
-7.5234,-1.0606,227.405,-0.50872,2.3692,-0.06315
-7.5102,-1.0714,227.493,-0.5076,2.37094,-0.06207
-7.5118,-1.1215,227.511,-0.50814,2.36606,-0.06254
-7.487,-1.2143,227.552,-0.50934,2.36316,-0.05949
-7.5911,-1.1923,227.408,-0.51879,2.37233,-0.05501
-7.5748,-1.2927,227.416,-0.51558,2.36412,-0.05493
-7.5408,-1.3858,227.479,-0.52463,2.36573,-0.05388
-7.5595,-1.3351,227.424,-0.51837,2.37014,-0.05521
-7.604,-1.4475,227.47,-0.53106,2.36824,-0.05097
-7.662,-1.3813,227.323,-0.53191,2.37253,-0.05138
-7.6664,-1.3684,227.146,-0.53362,2.37046,-0.05387
-7.607,-1.3702,227.29,-0.53933,2.36918,-0.0542
-7.5204,-1.4173,227.26,-0.53558,2.36619,-0.05792
-7.6262,-1.3087,227.259,-0.53426,2.36493,-0.05938
-7.6551,-1.2399,227.214,-0.53104,2.37143,-0.05852
-7.6774,-1.235,227.359,-0.52716,2.37156,-0.05896
-7.6977,-1.1616,227.31,-0.52542,2.37516,-0.0563
-7.6866,-1.1757,227.286,-0.52831,2.37232,-0.05528
-7.7735,-1.2301,227.179,-0.52516,2.37507,-0.05721
-7.8743,-1.224,227.084,-0.53014,2.38012,-0.05785
-7.9113,-1.3551,227.214,-0.53289,2.3816,-0.05627
-7.9961,-1.3465,227.163,-0.53431,2.38202,-0.05262
-8.0419,-1.4618,227.069,-0.538,2.38126,-0.04973
-8.0919,-1.4532,227.2,-0.53763,2.38269,-0.05257
-8.1003,-1.4446,227.294,-0.53395,2.37944,-0.05421
-8.078,-1.4271,227.155,-0.53543,2.3799,-0.05039
-7.9654,-1.4998,227.431,-0.53324,2.37255,-0.04966
-7.9367,-1.5464,227.559,-0.5333,2.37521,-0.0506
-8.0026,-1.6363,227.387,-0.53988,2.382,-0.04743
-7.9725,-1.7455,227.543,-0.53565,2.37672,-0.05035
-8.1397,-1.5599,227.504,-0.53544,2.38803,-0.05361
-8.0257,-1.5657,227.532,-0.53002,2.38413,-0.05564
-7.9347,-1.5926,227.496,-0.53048,2.38201,-0.05302
-7.9,-1.6395,227.607,-0.53124,2.38164,-0.05296
-7.8908,-1.542,227.438,-0.52752,2.384,-0.0526
-7.8293,-1.6932,227.465,-0.53744,2.37771,-0.05497
-7.8374,-1.7753,227.433,-0.54595,2.37851,-0.05454
-7.9132,-1.6566,227.414,-0.53971,2.37835,-0.05272
-8.0878,-1.5547,227.297,-0.53756,2.38277,-0.04901
-8.1485,-1.5255,227.252,-0.53912,2.38682,-0.04961
-8.1501,-1.6199,227.335,-0.54087,2.38194,-0.05186
-8.1094,-1.5931,227.25,-0.54177,2.38288,-0.05351
-8.0143,-1.7913,227.414,-0.54873,2.37885,-0.05551
-8.0269,-1.8195,227.377,-0.55215,2.37742,-0.05554
-8.0436,-1.8453,227.389,-0.55022,2.3752,-0.0554
-7.8498,-1.905,225.275,-0.57688,2.38118,-0.05194
-7.602,-1.9573,215.496,-0.64134,2.42052,-0.05221
-7.4703,-1.7255,212.476,-0.62345,2.42133,-0.06029
-8.4353,-2.0313,213.629,-0.62996,2.44457,-0.05755
-9.4764,-2.2836,214.173,-0.63362,2.48497,-0.05246
-10.4977,-2.051,211.659,-0.62715,2.53938,-0.04895
-10.6043,-1.697,205.03,-0.61708,2.56698,-0.04378
-10.5692,-0.0624,195.763,-0.56043,2.59361,-0.04017
-10.5605,2.2007,184.262,-0.49962,2.63125,-0.02558
-11.79,3.7183,171.418,-0.5435,2.74544,0.0125
-11.3277,4.0281,154.94,-0.67428,2.82336,0.05969
-9.0805,3.5551,122.951,-0.94903,2.92696,0.11984
-7.2228,2.2048,84.3048,-1.21615,3.14258,0.15723
-4.6909,2.3869,55.0928,-1.20029,3.28136,0.1787
-2.4975,3.921,42.5894,-0.80282,3.2904,0.18516
-5.1456,0.7207,49.7096,-0.48776,3.32477,0.19571
-10.0159,-1.9349,71.4531,-0.50837,3.31971,0.17965
-14.0073,-2.6691,107.435,-0.69257,3.22494,0.14655
-14.724,-2.8588,159.075,-0.68643,2.92532,0.10704
-13.8563,-2.6487,201.043,-0.54655,2.67537,0.03081
-12.7411,-2.1982,218.626,-0.44421,2.55384,-0.05303
-12.1374,-1.8998,223.731,-0.40545,2.51739,-0.07951
-11.7923,-1.9987,225.374,-0.42308,2.51077,-0.05576
-11.2838,-1.9826,226.091,-0.4488,2.49828,-0.04098
-10.7857,-2.271,226.053,-0.49568,2.49236,-0.02799
-10.3361,-2.7417,225.272,-0.5508,2.47827,-0.01176
-9.4004,-3.3047,224.58,-0.60132,2.45263,0.00843
-9.5462,-3.0473,224.233,-0.60198,2.45299,0.00935
-9.9057,-2.8459,223.944,-0.60457,2.46337,0.0093
-11.0174,-2.0634,224.79,-0.61353,2.54534,-0.02164
-10.8157,-2.1362,224.954,-0.62575,2.54999,-0.02385
-10.2035,-1.9815,225.026,-0.6147,2.53622,-0.02873
-9.441,-1.9181,225.177,-0.59538,2.51282,-0.03396
-8.286,-1.5203,225.25,-0.563,2.48057,-0.04362
-7.0479,-1.2407,225.337,-0.53119,2.45315,-0.06012
-6.5183,-1.4551,225.355,-0.52301,2.42755,-0.06101
-6.5031,-1.6577,225.467,-0.53047,2.41464,-0.0544
-6.6486,-1.6477,225.611,-0.52964,2.39883,-0.05147
-7.5268,-1.4684,225.384,-0.53994,2.38571,-0.04036
-7.7831,-1.5121,225.468,-0.53655,2.41117,-0.03481
-7.4468,-1.6436,225.819,-0.52566,2.43528,-0.03961
-7.2517,-1.7088,226.15,-0.51593,2.45167,-0.04221
-7.1223,-1.8224,226.526,-0.51893,2.43702,-0.0449
-7.0978,-1.5485,226.353,-0.50819,2.44396,-0.04636
-7.0504,-1.5988,226.408,-0.5101,2.44554,-0.04797
-7.3228,-1.4578,226.325,-0.50288,2.45992,-0.04716
-7.4661,-1.6827,226.439,-0.51298,2.45543,-0.04401
-7.3915,-1.7446,226.565,-0.51359,2.44874,-0.0445
-7.3889,-1.7902,226.757,-0.50868,2.44322,-0.04676
-7.5234,-1.7177,226.619,-0.51582,2.44465,-0.04497
-7.6243,-1.7813,226.627,-0.5221,2.44379,-0.04316
-7.7258,-1.6637,226.606,-0.51538,2.44185,-0.04487
-7.7517,-1.7213,226.638,-0.51352,2.44068,-0.04597
-7.7174,-1.717,226.565,-0.5145,2.44911,-0.0459
-7.7443,-1.701,226.608,-0.51229,2.45112,-0.04432
-7.7421,-1.66,226.826,-0.50444,2.44797,-0.04433
-7.7909,-1.6414,226.737,-0.50609,2.45619,-0.04312
-7.7643,-1.5714,226.765,-0.50602,2.45536,-0.04553
-7.7621,-1.7555,226.81,-0.51307,2.45423,-0.04469
-7.8425,-1.6531,226.817,-0.50776,2.4567,-0.04455
-7.7944,-1.8196,227.001,-0.50797,2.45047,-0.04455
-7.7724,-1.8116,227.031,-0.51241,2.44873,-0.04404
-7.8227,-1.6804,226.919,-0.50915,2.45352,-0.04017
-7.8587,-1.8273,227.015,-0.51516,2.45303,-0.03777
-7.855,-1.8337,226.992,-0.51754,2.45513,-0.03811
-7.914,-1.88,227.152,-0.51602,2.45562,-0.03716
-7.9352,-1.8098,227.068,-0.51357,2.46136,-0.03669
-7.9459,-1.8003,227.171,-0.51034,2.46311,-0.03741
-7.9463,-1.738,227.102,-0.51053,2.46542,-0.0357
-7.9805,-1.702,227.037,-0.51134,2.47639,-0.03392
-7.9776,-1.6356,226.986,-0.5047,2.47732,-0.03331
-7.9765,-1.728,227.203,-0.50319,2.48069,-0.03381
-8.0033,-1.7166,227.058,-0.50477,2.48534,-0.0331
-8.017,-1.7346,227.172,-0.50693,2.48171,-0.03376
-8.0369,-1.722,227.072,-0.51306,2.48816,-0.03206
-8.0607,-1.7415,227.114,-0.50706,2.48147,-0.03218
-8.0253,-1.7863,227.066,-0.51222,2.4817,-0.03061
-8.068,-1.7526,227.076,-0.51047,2.48321,-0.03163
-8.0665,-1.7235,226.939,-0.51708,2.48535,-0.03038
-8.0488,-1.763,226.874,-0.51653,2.48612,-0.03119
-8.0782,-1.7551,226.925,-0.51241,2.47952,-0.03235
-8.0818,-1.6916,226.947,-0.50646,2.4757,-0.03326
-8.0161,-1.5971,227.173,-0.49903,2.47926,-0.03444
-7.9908,-1.7743,227.154,-0.51116,2.48644,-0.03366
-7.9584,-1.5862,227.11,-0.4975,2.48904,-0.03408
-7.9463,-1.5559,227.118,-0.49199,2.49347,-0.03555
-7.96,-1.6494,227.228,-0.49189,2.48511,-0.03462
-7.9372,-1.75,227.308,-0.49929,2.4823,-0.03441
-7.964,-1.5895,227.27,-0.49258,2.47999,-0.03583
-7.9243,-1.7243,227.255,-0.50052,2.48022,-0.03702
-8.0425,-1.4814,227.038,-0.4903,2.48477,-0.03656
-8.0336,-1.6045,227.134,-0.49632,2.47947,-0.03765
-8.0253,-1.5522,227.212,-0.49065,2.46947,-0.03949
-8.0928,-1.4264,227.131,-0.4855,2.47492,-0.03908
-8.1609,-1.4737,227.088,-0.49379,2.47485,-0.03998
-8.2336,-1.4659,227.047,-0.49526,2.47428,-0.03934
-8.3105,-1.5103,227.042,-0.49558,2.47057,-0.03807
-8.412,-1.4323,227.005,-0.48709,2.48269,-0.03742
-8.406,-1.5148,227.085,-0.48504,2.48565,-0.03835
-8.3213,-1.5965,227.145,-0.49039,2.47824,-0.03754
-8.1767,-1.6589,227.256,-0.48421,2.4738,-0.03941
-8.236,-1.696,227.205,-0.49423,2.4771,-0.03663
-8.2761,-1.6766,227.181,-0.48801,2.47314,-0.03542
-8.4654,-1.6629,227.06,-0.494,2.47508,-0.0302
-8.5026,-1.636,227.124,-0.49084,2.48289,-0.03009
-8.3902,-1.6945,227.245,-0.485,2.48757,-0.03392
-8.3334,-1.6887,227.374,-0.47548,2.49051,-0.04086
-8.3434,-1.8181,227.456,-0.48511,2.49597,-0.04186
-8.4382,-1.7727,227.267,-0.48195,2.50564,-0.04061
-8.5192,-1.7676,227.375,-0.48315,2.49933,-0.04097
-8.5564,-1.7521,227.321,-0.47947,2.50636,-0.03928
-8.5366,-1.6948,227.417,-0.47308,2.50566,-0.04072
-8.6374,-1.5997,227.327,-0.47564,2.51468,-0.0364
-8.5914,-1.7074,227.41,-0.47991,2.50685,-0.03555
-8.6695,-1.6838,227.4,-0.47879,2.50287,-0.03386
-8.6077,-1.5223,227.509,-0.46807,2.50502,-0.0373
-8.5667,-1.5919,227.618,-0.4668,2.51527,-0.03825
-8.5639,-1.5538,227.634,-0.46664,2.50314,-0.03602
-8.5575,-1.4461,227.465,-0.46511,2.49851,-0.03301
-8.539,-1.4172,227.768,-0.46022,2.4859,-0.0327
-8.616,-1.5052,227.74,-0.46814,2.49045,-0.02766
-8.6484,-1.5365,227.562,-0.46608,2.48998,-0.02269
-8.6861,-1.5139,227.745,-0.46416,2.48649,-0.02254
-8.7529,-1.4987,227.639,-0.46939,2.48822,-0.01744
-8.675,-1.5692,227.834,-0.46885,2.48434,-0.01879
-8.7636,-1.3791,227.63,-0.46571,2.49192,-0.01653
-8.6571,-1.5152,227.632,-0.46719,2.48114,-0.01742
-8.55,-1.5404,227.69,-0.46347,2.47622,-0.01899
-8.666,-1.555,227.526,-0.47117,2.4765,-0.01815
-8.6483,-1.6412,227.661,-0.47398,2.47314,-0.01732
-8.6331,-1.7055,227.807,-0.47613,2.47893,-0.01718
-8.7349,-1.4758,227.724,-0.46676,2.49099,-0.01969
-8.7375,-1.4522,227.777,-0.46389,2.48815,-0.01995
-8.7699,-1.451,227.656,-0.46909,2.4848,-0.01855
-8.8447,-1.2667,227.58,-0.46513,2.49031,-0.01925
-8.7777,-1.328,227.555,-0.46875,2.47913,-0.01818
-8.8711,-1.2302,227.575,-0.47031,2.48034,-0.01938
-8.9152,-1.3536,227.544,-0.47571,2.47922,-0.02068
-9.0014,-1.3401,227.594,-0.47518,2.48343,-0.01932
-8.9631,-1.1912,227.845,-0.46267,2.49483,-0.02017
-8.9305,-1.2665,227.837,-0.46639,2.49236,-0.01856
-8.9486,-1.1813,227.752,-0.46825,2.49671,-0.01812
-8.8738,-1.1648,227.557,-0.46892,2.49183,-0.01652
-8.9093,-1.1373,227.452,-0.4704,2.49606,-0.01562
-8.874,-1.2101,227.647,-0.47198,2.49159,-0.01733
-8.8545,-1.2141,227.465,-0.47429,2.49605,-0.01574
-8.8758,-1.207,227.583,-0.4746,2.49401,-0.01602
-8.8369,-1.3102,227.674,-0.4776,2.48952,-0.01714
-8.8567,-1.1682,227.534,-0.48016,2.49548,-0.01473
-8.7927,-1.0121,227.62,-0.47462,2.49722,-0.01429
-8.8115,-0.9465,227.607,-0.46456,2.49952,-0.01308
-8.7372,-1.0867,227.767,-0.46411,2.49572,-0.01344
-8.7435,-1.2866,227.95,-0.474,2.49337,-0.01541
-8.8024,-1.1897,227.834,-0.45992,2.49547,-0.0204
-8.7825,-1.4713,227.946,-0.47192,2.49155,-0.02072
-8.7924,-1.4269,227.787,-0.47204,2.49794,-0.02173
-8.722,-1.4913,227.925,-0.46555,2.49286,-0.023
-8.7579,-1.4086,227.749,-0.46438,2.49498,-0.02206
-8.7431,-1.316,227.728,-0.45639,2.49112,-0.02186
-8.7291,-1.3734,227.805,-0.46751,2.48861,-0.01945
-8.7569,-1.4239,227.683,-0.47326,2.48789,-0.01745
-8.7361,-1.4342,227.751,-0.46942,2.4881,-0.01723
-8.7671,-1.3581,227.726,-0.46929,2.48965,-0.01596
-8.7871,-1.1785,227.612,-0.46286,2.49733,-0.01452
-8.8246,-1.1874,227.631,-0.45774,2.50087,-0.01346
-8.8838,-1.2268,227.66,-0.46443,2.50724,-0.01161
-8.8967,-1.1538,227.835,-0.45871,2.50239,-0.01567
-8.8829,-1.1496,227.76,-0.45091,2.50047,-0.01567
-8.9446,-1.0764,227.617,-0.45156,2.50673,-0.01424
-8.9747,-1.2089,227.769,-0.45827,2.51057,-0.01627
-8.9305,-1.1586,227.7,-0.45044,2.51242,-0.01766
-8.9143,-1.2818,227.703,-0.45865,2.5135,-0.01479
-8.777,-1.3825,227.886,-0.45478,2.50173,-0.01694
-8.7799,-1.3863,227.748,-0.45694,2.50733,-0.01429
-8.7947,-1.3149,227.804,-0.45354,2.50038,-0.01417
-8.8451,-1.2114,227.825,-0.45206,2.50372,-0.01521
-8.8607,-1.1814,227.751,-0.4533,2.50725,-0.01291
-8.8424,-1.218,227.851,-0.45852,2.50373,-0.01322
-8.8563,-1.3314,227.789,-0.46023,2.50496,-0.01263
-8.8474,-1.2559,227.683,-0.45679,2.50315,-0.0122
-8.8607,-1.2201,227.802,-0.45593,2.50319,-0.01332
-8.7997,-1.3123,227.773,-0.45695,2.49838,-0.01283
-8.8284,-1.2408,227.696,-0.45648,2.50168,-0.01257
-8.821,-1.3357,227.755,-0.45592,2.50063,-0.01375
-8.8597,-1.232,227.668,-0.45276,2.50076,-0.0128
-8.8489,-1.3445,227.712,-0.459,2.49822,-0.01287
-8.7864,-1.2454,227.847,-0.44687,2.50003,-0.01295
-8.7839,-1.3271,227.863,-0.44842,2.49519,-0.01326
-8.7957,-1.3895,227.909,-0.45822,2.50063,-0.01237
-8.8254,-1.3853,227.856,-0.45158,2.50152,-0.01239
-8.821,-1.3552,227.767,-0.45473,2.50213,-0.01086
-8.8196,-1.3632,227.861,-0.45281,2.50141,-0.0114
-8.7555,-1.4413,227.84,-0.45178,2.50168,-0.01143
-8.7122,-1.4597,227.909,-0.45427,2.49791,-0.01059
-8.7084,-1.5062,228,-0.44713,2.49401,-0.01387
-8.7653,-1.4608,227.883,-0.45596,2.49989,-0.00986
-8.8332,-1.4343,227.839,-0.4561,2.50185,-0.0098
-8.7884,-1.4883,227.833,-0.4555,2.50203,-0.00825
-8.727,-1.4807,227.949,-0.45914,2.49626,-0.0089
-8.757,-1.4402,227.841,-0.45397,2.5013,-0.00766
-8.746,-1.4396,227.778,-0.45452,2.50366,-0.00752
-8.6485,-1.4692,227.893,-0.4583,2.49263,-0.00936
-8.7346,-1.4229,227.745,-0.46164,2.50307,-0.00862
-8.6897,-1.5173,227.863,-0.46053,2.49495,-0.00949
-8.6439,-1.6286,227.99,-0.46867,2.48761,-0.00922
-8.7644,-1.4061,227.761,-0.45791,2.49591,-0.00928
-8.7715,-1.4863,227.886,-0.46524,2.49618,-0.00895
-8.6795,-1.6335,227.974,-0.46485,2.48618,-0.00977
-8.7612,-1.5342,227.821,-0.46298,2.48924,-0.00763
-8.7579,-1.5061,227.865,-0.46277,2.49047,-0.0087
-8.8407,-1.4112,227.775,-0.45826,2.49677,-0.00766
-8.8247,-1.3523,227.828,-0.45568,2.49749,-0.0081
-8.8331,-1.4312,227.828,-0.45844,2.49523,-0.00839
-8.7621,-1.3919,227.806,-0.45351,2.491,-0.01088
-8.7896,-1.3601,227.803,-0.4552,2.49328,-0.01081
-8.7506,-1.2868,227.757,-0.44801,2.48867,-0.0141
-8.7256,-1.3164,227.872,-0.44988,2.48363,-0.01631
-8.7093,-1.3552,227.903,-0.44912,2.48274,-0.01769
-8.7341,-1.3061,227.789,-0.44777,2.48293,-0.01967
-8.7098,-1.4075,227.809,-0.45174,2.48029,-0.02265
-8.7739,-1.3111,227.745,-0.44578,2.48902,-0.02332
-8.6985,-1.2456,227.872,-0.44184,2.49251,-0.02462
-8.5976,-1.4146,228.111,-0.4457,2.48493,-0.02426
-8.6902,-1.2087,227.918,-0.44361,2.48983,-0.0231
-8.6801,-1.2363,227.994,-0.44992,2.50232,-0.02207
-8.5799,-1.2354,228.205,-0.44341,2.49452,-0.02308
-8.5115,-1.1155,228.158,-0.44146,2.49598,-0.02089
-8.5036,-1.0419,228.113,-0.44436,2.49546,-0.01992
-8.4148,-1.0207,228.009,-0.44366,2.49289,-0.02008
-8.317,-1.0122,228.123,-0.43883,2.48682,-0.02193
-8.2477,-1.0726,228.136,-0.44668,2.48541,-0.02194
-8.1369,-1.2257,228.298,-0.44535,2.4764,-0.02435
-8.1642,-1.1568,228.086,-0.44666,2.47512,-0.02358
-8.2376,-0.9931,227.993,-0.44509,2.47093,-0.02537
-8.2356,-0.9383,228.008,-0.4425,2.47485,-0.02656
-8.2337,-1.0665,227.931,-0.44823,2.47862,-0.02615
-8.1487,-1.1311,228.113,-0.44208,2.46682,-0.03121
-8.2139,-1.1117,228.012,-0.44751,2.47317,-0.02974
-8.1481,-1.0277,228.1,-0.43871,2.47002,-0.03275
-8.2106,-0.8173,227.84,-0.43435,2.47924,-0.03089
-8.1453,-0.8485,227.959,-0.4303,2.47458,-0.03607
-8.1698,-0.853,228.048,-0.42742,2.48123,-0.03689
-8.039,-0.9861,228.087,-0.42975,2.47613,-0.0399
-8.0262,-1.0781,228.135,-0.42907,2.47489,-0.04232
-8.2146,-0.9359,227.716,-0.43129,2.48554,-0.0402
-8.2469,-0.9962,227.784,-0.43077,2.48473,-0.04012
-8.2783,-1.2035,227.709,-0.44655,2.48731,-0.03697
-8.2485,-1.1752,227.794,-0.44011,2.48396,-0.03649
-8.2227,-1.3019,227.778,-0.44825,2.47975,-0.03423
-8.2902,-1.2057,227.726,-0.45015,2.47852,-0.03204
-8.3032,-1.2807,227.768,-0.45357,2.47618,-0.0314
-8.3617,-1.1167,227.65,-0.45008,2.48102,-0.03015
-8.3104,-1.2007,227.802,-0.44958,2.47885,-0.03041
-8.209,-1.1145,227.911,-0.44513,2.47484,-0.03326
-8.19,-0.9231,227.766,-0.44035,2.48444,-0.03289
-8.1121,-0.8679,227.856,-0.43978,2.48089,-0.03445
-8.0679,-0.8691,227.894,-0.43676,2.47705,-0.03506
-8.0839,-0.8894,227.764,-0.44208,2.47795,-0.03402
-8.0945,-1.0281,227.891,-0.44792,2.47558,-0.03305
-8.137,-1.1156,227.868,-0.452,2.48104,-0.03042
-8.2083,-1.2419,227.992,-0.45751,2.48366,-0.02881
-8.2205,-1.1941,227.989,-0.4522,2.48308,-0.02848
-8.2448,-1.1696,227.859,-0.45358,2.48861,-0.02715
-8.3239,-1.1604,227.774,-0.459,2.48879,-0.02475
-8.3326,-1.178,228.009,-0.45312,2.49521,-0.02644
-8.328,-1.1447,228.044,-0.45023,2.4963,-0.02656
-8.3128,-1.33,228.207,-0.45961,2.49606,-0.02596
-8.3237,-1.2885,228.188,-0.45984,2.49997,-0.02484
-8.3338,-1.12,227.986,-0.44666,2.50144,-0.02409
-8.2946,-1.094,228.128,-0.4459,2.50245,-0.02114
-8.1998,-1.1725,228.083,-0.44882,2.50234,-0.02486
-8.1872,-1.2955,228.018,-0.45695,2.49923,-0.02259
-8.2706,-1.1601,227.935,-0.45038,2.50536,-0.01967
-8.2887,-1.1736,227.917,-0.45841,2.51372,-0.01948
-8.1916,-1.4513,228.151,-0.46291,2.49565,-0.02063
-8.3361,-1.3,228.014,-0.46062,2.50017,-0.0185
-8.3093,-1.2789,227.959,-0.45869,2.5007,-0.01837
-8.3412,-1.2458,228.143,-0.45478,2.49983,-0.0194
-8.3928,-1.3045,227.959,-0.46126,2.50645,-0.01628
-8.237,-1.419,228.198,-0.45763,2.49675,-0.01919
-8.3106,-1.305,228.245,-0.45392,2.49893,-0.01906
-8.2843,-1.3346,228.143,-0.45944,2.50313,-0.01696
-8.2786,-1.1847,228.129,-0.45313,2.50422,-0.01745
-8.2368,-1.2988,228.09,-0.46092,2.49843,-0.01544
-8.243,-1.3239,228.203,-0.45792,2.49528,-0.01659
-8.3313,-1.2295,228.188,-0.45355,2.49658,-0.01618
-8.3854,-1.2327,228.066,-0.45216,2.50049,-0.01551
-8.366,-1.4305,228.167,-0.45397,2.50136,-0.0165
-8.439,-1.458,228.027,-0.45711,2.50286,-0.01423
-8.4859,-1.3895,228.006,-0.45307,2.50495,-0.01371
-8.5684,-1.427,227.991,-0.45743,2.51102,-0.01165
-8.5807,-1.3827,227.943,-0.45537,2.51326,-0.01179
-8.4937,-1.5584,228.175,-0.45706,2.50451,-0.01298
-8.5462,-1.5545,228.099,-0.46342,2.51467,-0.01086
-8.5044,-1.5765,228.137,-0.45638,2.50954,-0.01223
-8.5084,-1.5572,228.132,-0.45812,2.51236,-0.01155
-8.5077,-1.5046,228.037,-0.45774,2.51134,-0.01205
-8.5856,-1.5167,228.039,-0.46273,2.5181,-0.01059
-8.7022,-1.4216,228.029,-0.44973,2.51997,-0.01513
-8.7886,-1.3874,228.029,-0.45062,2.51734,-0.01768
-8.8113,-1.5166,228.01,-0.45361,2.51657,-0.01796
-8.8229,-1.5377,228.009,-0.4585,2.51806,-0.01682
-8.8144,-1.5589,228.011,-0.46242,2.52174,-0.01526
-8.824,-1.5234,228.156,-0.45411,2.51682,-0.01808
-8.9038,-1.5785,228.095,-0.45834,2.51442,-0.01919
-9.0239,-1.4332,227.895,-0.44846,2.5229,-0.01983
-8.9909,-1.4787,227.986,-0.45046,2.52222,-0.02266
-8.9581,-1.4145,228.047,-0.44078,2.52243,-0.02398
-8.9439,-1.5625,228.191,-0.45025,2.52303,-0.02424
-9.0218,-1.3355,227.954,-0.44056,2.52855,-0.02554
-8.9976,-1.5301,228.061,-0.44909,2.52569,-0.02702
-9.0443,-1.4308,227.997,-0.44663,2.52705,-0.02562
-8.9927,-1.5666,227.96,-0.45012,2.5226,-0.02565
-8.9156,-1.5675,227.932,-0.44985,2.52207,-0.02286
-8.8331,-1.4727,227.916,-0.44656,2.52355,-0.02136
-8.744,-1.5773,228.014,-0.45354,2.51859,-0.01682
-8.7374,-1.4711,228.055,-0.44495,2.52103,-0.01584
-8.617,-1.6192,228.057,-0.45238,2.5235,-0.01512
-8.6239,-1.5762,228.18,-0.44839,2.52277,-0.01383
-8.6583,-1.5148,228.117,-0.45194,2.5253,-0.01245
-8.6099,-1.3704,228.081,-0.44201,2.52876,-0.01295
-8.6206,-1.3652,228.091,-0.44663,2.52884,-0.00941
-8.5927,-1.318,227.981,-0.44728,2.5235,-0.00648
-8.6247,-1.4777,228.048,-0.45457,2.52276,-0.00636
-8.6069,-1.4609,228.06,-0.45792,2.521,-0.00583
-8.6562,-1.388,228.035,-0.45323,2.52327,-0.00725
-8.6527,-1.3085,228.004,-0.44406,2.52912,-0.00706
-8.6371,-1.4975,228.119,-0.4536,2.52895,-0.00605
-8.6536,-1.548,228.097,-0.45555,2.53158,-0.00444
-8.6312,-1.5504,228.174,-0.45513,2.53094,-0.00737
-8.5959,-1.6278,228.243,-0.45695,2.52831,-0.00639
-8.6936,-1.4837,228.115,-0.45187,2.53357,-0.00503
-8.6415,-1.5731,228.031,-0.46103,2.52664,-0.004
-8.6367,-1.7038,228.285,-0.466,2.52056,-0.00493
-8.5874,-1.605,228.089,-0.45588,2.51567,-0.00661
-8.5338,-1.6903,228.128,-0.46311,2.51297,-0.00661
-8.5347,-1.7147,228.178,-0.46247,2.5063,-0.00737
-8.6484,-1.5697,227.869,-0.46674,2.51853,-0.00328
-8.6683,-1.6051,228.153,-0.47077,2.51243,-0.00545
-8.6035,-1.5556,228.279,-0.46187,2.50517,-0.00498
-8.6567,-1.5165,228.217,-0.46228,2.51064,-0.00372
-8.6329,-1.5027,228.268,-0.46321,2.5069,-0.00539
-8.7083,-1.4138,228.061,-0.46482,2.51799,-0.00307
-8.6817,-1.5467,228.272,-0.46908,2.51498,-0.0041
-8.6301,-1.5152,228.254,-0.45928,2.51086,-0.00539
-8.5523,-1.641,228.405,-0.46561,2.50875,-0.00717
-8.5377,-1.7211,228.443,-0.4631,2.51049,-0.00686
-8.5931,-1.6803,228.312,-0.46547,2.51554,-0.00467
-8.6337,-1.5698,228.244,-0.46319,2.52056,-0.00534
-8.6126,-1.5113,228.287,-0.45813,2.5175,-0.00587
-8.5582,-1.6982,228.351,-0.46566,2.51079,-0.00567
-8.5688,-1.5488,228.172,-0.45897,2.50943,-0.00421
-8.6153,-1.4635,228.121,-0.45543,2.51629,-0.00436
-8.5984,-1.5463,228.156,-0.46122,2.51427,-0.00313
-8.5965,-1.596,228.15,-0.46409,2.51158,-0.00347
-8.5419,-1.7268,228.269,-0.46703,2.50705,-0.00514
-8.6778,-1.5153,228.208,-0.45381,2.51644,-0.00563
-8.6085,-1.5675,228.26,-0.45204,2.5158,-0.00694
-8.6101,-1.58,228.232,-0.45366,2.51666,-0.00722
-8.5846,-1.6352,228.305,-0.45702,2.51093,-0.00743
-8.6656,-1.5512,228.152,-0.45541,2.51436,-0.00658
-8.632,-1.5611,228.109,-0.4549,2.51363,-0.00639
-8.6589,-1.5336,228.1,-0.45891,2.51686,-0.00423
-8.6542,-1.5348,228.11,-0.45951,2.51429,-0.00628
-8.6389,-1.5743,228.103,-0.46206,2.50944,-0.00772
-8.6236,-1.4752,228.044,-0.45372,2.50589,-0.00826
-8.6554,-1.5266,228.1,-0.46027,2.50706,-0.00646
-8.5862,-1.513,228.182,-0.45799,2.50133,-0.00786
-8.6667,-1.5589,228.078,-0.46485,2.50293,-0.00578
-8.677,-1.4574,227.962,-0.46413,2.50549,-0.0054
-8.6496,-1.5317,228.086,-0.46638,2.50325,-0.00617
-8.5771,-1.5564,228.202,-0.46559,2.49685,-0.00774
-8.6307,-1.5043,228.022,-0.46566,2.50748,-0.00451
-8.636,-1.4311,227.998,-0.46525,2.51061,-0.00408
-8.6148,-1.4465,228.072,-0.46064,2.50471,-0.00453
-8.6619,-1.4099,227.941,-0.46274,2.50819,-0.004
-8.6404,-1.4469,228.041,-0.45863,2.50733,-0.00505
-8.6043,-1.5451,227.995,-0.46289,2.50025,-0.00514
-8.6908,-1.3578,227.944,-0.45587,2.50382,-0.00574
-8.7002,-1.4887,227.927,-0.46833,2.50689,-0.00421
-8.7353,-1.4223,227.886,-0.45945,2.50389,-0.00508
-8.7122,-1.4733,227.972,-0.45881,2.49626,-0.00641
-8.7344,-1.5288,228.117,-0.45727,2.50057,-0.0074
-8.7276,-1.5666,228.01,-0.46034,2.50445,-0.00632
-8.7061,-1.4221,228.12,-0.45219,2.50495,-0.00823
-8.7901,-1.3666,228.092,-0.45171,2.5157,-0.00976
-8.755,-1.3435,228.143,-0.44665,2.5147,-0.01034
-8.6763,-1.3832,228.188,-0.44406,2.51609,-0.01194
-8.6311,-1.4755,228.162,-0.4464,2.51535,-0.01099
-8.6832,-1.3879,228.05,-0.44768,2.51937,-0.0091
-8.6775,-1.5303,228.133,-0.45425,2.51448,-0.00812
-8.7657,-1.3514,227.953,-0.45154,2.51399,-0.00692
-8.6925,-1.485,227.932,-0.4528,2.51282,-0.00499
-8.7062,-1.4917,228.178,-0.45501,2.51079,-0.00636
-8.7744,-1.3419,228.071,-0.44596,2.51675,-0.00551
-8.7562,-1.3707,228.178,-0.44653,2.51574,-0.00723
-8.6863,-1.4885,228.153,-0.45048,2.51645,-0.00785
-8.6456,-1.5763,228.251,-0.45483,2.51551,-0.0101
-8.6389,-1.455,228.241,-0.44626,2.51408,-0.01132
-8.6106,-1.3844,228.164,-0.43713,2.51164,-0.0144
-8.6071,-1.4643,228.056,-0.44438,2.51158,-0.01381
-8.6376,-1.5007,228.025,-0.45681,2.51272,-0.01158
-8.6404,-1.4048,227.977,-0.45095,2.51161,-0.01115
-8.6712,-1.4733,227.961,-0.45857,2.51501,-0.00809
-8.764,-1.363,227.902,-0.45557,2.5195,-0.00561
-8.6937,-1.4317,228.077,-0.45283,2.51128,-0.00694
-8.6525,-1.4989,228.208,-0.45454,2.50759,-0.00687
-8.6927,-1.3827,228.094,-0.44762,2.51164,-0.00657
-8.6539,-1.4769,228.035,-0.45621,2.5102,-0.00675
-8.683,-1.4874,228.154,-0.45112,2.5082,-0.00818
-8.7146,-1.4389,228.028,-0.45412,2.51424,-0.00734
-8.7839,-1.3339,228.076,-0.4469,2.51702,-0.00888
-8.7243,-1.4339,228.141,-0.44841,2.51031,-0.01036
-8.655,-1.5433,228.267,-0.4507,2.50081,-0.01232
-8.7717,-1.4586,228.101,-0.45517,2.51259,-0.00956
-8.7859,-1.4174,227.958,-0.45097,2.50843,-0.00874
-8.7963,-1.4842,228.21,-0.45811,2.50874,-0.00804
-8.736,-1.5492,228.177,-0.45841,2.50754,-0.00816
-8.7417,-1.4437,228.086,-0.44882,2.50424,-0.01033
-8.8226,-1.3703,228.069,-0.4511,2.51201,-0.0094
-8.8342,-1.3457,228.019,-0.45133,2.51759,-0.00768
-8.7928,-1.4374,228.141,-0.45238,2.5176,-0.00924
-8.8334,-1.3909,228.162,-0.4526,2.52302,-0.00905
-8.7115,-1.4534,228.108,-0.45151,2.51893,-0.00995
-8.7357,-1.4192,228.014,-0.44859,2.51935,-0.00986
-8.707,-1.4302,228.04,-0.44884,2.51727,-0.01016
-8.7312,-1.442,228.089,-0.44894,2.51641,-0.00935
-8.6662,-1.647,228.138,-0.4584,2.50985,-0.00917
-8.6773,-1.6009,228.223,-0.46048,2.5071,-0.00856
-8.7008,-1.5259,228.299,-0.45906,2.51089,-0.00786
-8.7562,-1.551,228.159,-0.46083,2.51219,-0.00597
-8.7401,-1.555,228.226,-0.46367,2.51025,-0.00499
-8.6929,-1.547,228.249,-0.45819,2.51049,-0.00715
-8.749,-1.4474,228.112,-0.45921,2.51911,-0.00471
-8.731,-1.4329,228.297,-0.44919,2.51586,-0.00845
-8.8179,-1.3168,228.013,-0.45011,2.52726,-0.00515
-8.8306,-1.2547,228.089,-0.44813,2.52871,-0.00564
-8.7849,-1.4398,228.159,-0.45838,2.52372,-0.00676
-8.6981,-1.439,228.32,-0.44866,2.51631,-0.00908
-8.761,-1.4443,228.119,-0.45668,2.52251,-0.00611
-8.7242,-1.5365,228.141,-0.45983,2.51993,-0.00492
-8.7277,-1.4452,228.267,-0.45171,2.52042,-0.00718
-8.7418,-1.3599,228.109,-0.44925,2.52605,-0.00581
-8.7806,-1.38,228.131,-0.45359,2.52543,-0.00533
-8.7736,-1.3752,228.12,-0.45174,2.52958,-0.00603
-8.7818,-1.4135,228.149,-0.45606,2.53037,-0.00597
-8.6735,-1.5277,228.319,-0.4574,2.51802,-0.0067
-8.6725,-1.4741,228.301,-0.45314,2.51571,-0.0075
-8.7377,-1.4567,228.3,-0.45443,2.52072,-0.00672
-8.7026,-1.4097,228.206,-0.4543,2.52255,-0.00555
-8.7748,-1.3851,228.095,-0.45324,2.52218,-0.00492
-8.7832,-1.4294,228.098,-0.45616,2.52397,-0.00492
-8.7805,-1.367,228.158,-0.45178,2.52191,-0.00606
-8.7441,-1.4185,228.256,-0.45293,2.52129,-0.00541
-8.7711,-1.3975,228.09,-0.45083,2.52731,-0.00508
-8.71,-1.5137,228.135,-0.4598,2.52516,-0.00413
-8.7989,-1.3068,228.048,-0.45082,2.53589,-0.00422
-8.7259,-1.3586,228.183,-0.44614,2.52391,-0.00701
-8.7251,-1.428,228.135,-0.45409,2.52755,-0.0062
-8.7441,-1.4585,228.277,-0.45161,2.52606,-0.00703
-8.7346,-1.479,228.199,-0.45242,2.52322,-0.00543
-8.7194,-1.5932,228.166,-0.45997,2.52155,-0.00462
-8.6659,-1.5663,228.239,-0.45705,2.5165,-0.00544
-8.6594,-1.5622,228.199,-0.45614,2.51505,-0.00644
-8.782,-1.3874,228.09,-0.45175,2.52465,-0.00485
-8.7709,-1.3778,228.03,-0.45414,2.52227,-0.00466
-8.7057,-1.5696,228.216,-0.46229,2.51884,-0.00539
-8.6923,-1.6159,228.346,-0.46374,2.51341,-0.00473
-8.7395,-1.4015,228.151,-0.45245,2.51388,-0.00509
-8.7855,-1.3201,227.974,-0.45175,2.52412,-0.00311
-8.7117,-1.442,228.146,-0.45076,2.51811,-0.00482
-8.7163,-1.5176,228.172,-0.45924,2.51562,-0.00564
-8.7185,-1.5664,228.29,-0.45977,2.51354,-0.00562
-8.7641,-1.4218,228.121,-0.45648,2.52176,-0.00394
-8.7212,-1.4979,228.194,-0.45952,2.5181,-0.00435
-8.7527,-1.457,228.006,-0.4622,2.52072,-0.00217
-8.7363,-1.4613,228.095,-0.4582,2.51998,-0.0043
-8.8273,-1.356,228.086,-0.45802,2.52414,-0.00359
-8.7291,-1.5055,228.186,-0.45698,2.51242,-0.00329
-8.7077,-1.5615,228.204,-0.45845,2.51848,-0.00327
-8.6968,-1.4911,228.26,-0.45449,2.51671,-0.00445
-8.6943,-1.521,228.273,-0.45697,2.5167,-0.0056
-8.6978,-1.4582,228.142,-0.45678,2.51605,-0.00513
-8.7515,-1.3697,228.195,-0.44848,2.51841,-0.00548
-8.7417,-1.4257,228.158,-0.45464,2.52388,-0.00465
-8.7422,-1.5001,228.1,-0.45865,2.5246,-0.00307
-8.6688,-1.5504,228.25,-0.45799,2.51889,-0.00494
-8.6726,-1.6188,228.311,-0.46256,2.51794,-0.00463
-8.7234,-1.502,228.129,-0.45752,2.51855,-0.00364
-8.7408,-1.4726,228.177,-0.45863,2.51826,-0.00497
-8.7723,-1.4308,228.018,-0.45853,2.5239,-0.00259
-8.7515,-1.4019,228.19,-0.45284,2.51683,-0.00505
-8.7296,-1.5083,228.267,-0.45448,2.51717,-0.00534
-8.6922,-1.5601,228.234,-0.45621,2.5158,-0.00527
-8.6339,-1.62,228.387,-0.46168,2.50877,-0.00668
-8.6387,-1.6209,228.26,-0.45803,2.5104,-0.00628
-8.7074,-1.5187,228.285,-0.45713,2.51531,-0.00654
-8.7783,-1.3248,227.993,-0.45367,2.52176,-0.00345
-8.7861,-1.3725,228.029,-0.45423,2.5241,-0.00264
-8.7683,-1.4995,228.317,-0.45689,2.51843,-0.00592
-8.7896,-1.5739,228.245,-0.46384,2.51836,-0.00523
-8.7471,-1.512,228.112,-0.46097,2.5171,-0.00455
-8.7998,-1.4472,228.182,-0.45984,2.52142,-0.00499
-8.7406,-1.5194,228.168,-0.45771,2.51661,-0.00501
-8.7715,-1.4812,228.231,-0.45778,2.51434,-0.00608
-8.7583,-1.4941,228.069,-0.45939,2.51956,-0.00475
-8.7507,-1.3689,228.26,-0.45174,2.5149,-0.00614
-8.7022,-1.5012,228.288,-0.45166,2.5088,-0.00755
-8.7131,-1.5139,228.282,-0.45679,2.51315,-0.00671
-8.7626,-1.4369,228.218,-0.45858,2.51887,-0.00583
-8.7721,-1.4103,228.163,-0.45099,2.51534,-0.00495
-8.7545,-1.4327,228.205,-0.45176,2.51626,-0.00643
-8.7558,-1.4414,228.351,-0.45507,2.51157,-0.0065
-8.7651,-1.4306,228.116,-0.45362,2.518,-0.0037
-8.6553,-1.5269,228.107,-0.45394,2.51193,-0.00551
-8.7578,-1.5273,228.062,-0.46393,2.51905,-0.00419
-8.7535,-1.3891,228.166,-0.4492,2.51552,-0.00741
-8.7685,-1.4816,228.07,-0.45514,2.51821,-0.0046
-8.7396,-1.4951,228.216,-0.45589,2.51508,-0.00741
-8.836,-1.4388,228.115,-0.46102,2.51869,-0.00415
-8.8533,-1.3599,228.134,-0.45125,2.52347,-0.00471
-8.7325,-1.5656,228.219,-0.45789,2.51897,-0.00467
-8.7126,-1.5865,228.228,-0.45758,2.5188,-0.00571
-8.7384,-1.5048,228.221,-0.45593,2.51917,-0.006
-8.7235,-1.4299,228.234,-0.4469,2.51695,-0.00868
-8.737,-1.5195,228.239,-0.45821,2.51697,-0.0056
-8.7579,-1.5199,228.166,-0.45828,2.51378,-0.0057
-8.7021,-1.5826,228.286,-0.45504,2.51722,-0.00608
-8.7577,-1.5004,228.214,-0.45595,2.52022,-0.00557
-8.7258,-1.46,228.093,-0.45628,2.5153,-0.00549
-8.7865,-1.4919,228.181,-0.461,2.51688,-0.00606
-8.7607,-1.4086,228.191,-0.45384,2.51816,-0.00685
-8.7736,-1.3675,228.128,-0.44795,2.52065,-0.00706
-8.7257,-1.6373,228.284,-0.46362,2.5154,-0.00577
-8.7071,-1.5931,228.244,-0.46159,2.51267,-0.00633
-8.679,-1.6089,228.434,-0.45582,2.50767,-0.00825
-8.749,-1.4916,228.227,-0.45869,2.51666,-0.00534
-8.7871,-1.4234,228.119,-0.45202,2.52269,-0.00412
-8.7326,-1.443,228.269,-0.45052,2.51842,-0.00558
-8.6994,-1.4688,228.293,-0.4527,2.52102,-0.00517
-8.7782,-1.4111,228.121,-0.45411,2.52434,-0.00438
-8.7341,-1.4659,228.316,-0.45129,2.51781,-0.00592
-8.7351,-1.5078,228.201,-0.45481,2.51877,-0.00461
-8.736,-1.5265,228.3,-0.45835,2.51964,-0.00534
-8.7448,-1.5204,228.235,-0.45718,2.51898,-0.00552
-8.7462,-1.482,228.306,-0.45493,2.51902,-0.00673
-8.7716,-1.4671,228.319,-0.45416,2.52,-0.00681
-8.7545,-1.4813,228.318,-0.4564,2.51565,-0.00723
-8.8031,-1.4372,228.109,-0.45892,2.52532,-0.0054
-8.7606,-1.473,228.271,-0.45127,2.52158,-0.00698
-8.7355,-1.5576,228.277,-0.45514,2.51645,-0.00648
-8.7818,-1.4667,228.37,-0.45055,2.52186,-0.00746
-8.762,-1.5051,228.229,-0.45266,2.51471,-0.00677
-8.7127,-1.6286,228.369,-0.46012,2.51348,-0.00702
-8.8127,-1.4954,228.218,-0.45859,2.52182,-0.00434
-8.8053,-1.4797,228.349,-0.45681,2.51942,-0.00638
-8.7855,-1.4168,228.327,-0.4504,2.51782,-0.00702
-8.796,-1.4155,228.224,-0.45221,2.51576,-0.0075
-8.7496,-1.4592,228.295,-0.45242,2.51045,-0.00792
-8.77,-1.4658,228.26,-0.45166,2.51695,-0.00819
-8.734,-1.538,228.38,-0.45441,2.51333,-0.00839
-8.8069,-1.4525,228.206,-0.45592,2.51712,-0.00583
-8.6913,-1.5928,228.359,-0.45544,2.51087,-0.00827
-8.7518,-1.5799,228.271,-0.46028,2.51445,-0.00539
-8.7654,-1.4986,228.309,-0.45725,2.52055,-0.00683
-8.7808,-1.4755,228.29,-0.45451,2.51999,-0.00686
-8.7832,-1.493,228.264,-0.45546,2.52099,-0.00651
-8.7249,-1.5745,228.295,-0.45958,2.5225,-0.00536
-8.7907,-1.3418,228.112,-0.45134,2.52304,-0.00539
-8.7734,-1.4443,228.151,-0.4556,2.52134,-0.00599
-8.7189,-1.5259,228.262,-0.456,2.51639,-0.00682
-8.7881,-1.4246,228.261,-0.45546,2.52353,-0.00609
-8.7577,-1.4841,228.336,-0.45375,2.51456,-0.00755
-8.7524,-1.5354,228.314,-0.45654,2.51075,-0.00692
-8.7815,-1.3963,228.193,-0.44959,2.52005,-0.0071
-8.7584,-1.5194,228.335,-0.45733,2.51289,-0.0076
-8.7694,-1.5177,228.204,-0.4593,2.51666,-0.00719
-8.718,-1.5059,228.232,-0.45364,2.51134,-0.00765
-8.7741,-1.4552,228.241,-0.45151,2.51508,-0.00674
-8.7712,-1.4331,228.31,-0.45039,2.51128,-0.00776
-8.8743,-1.3339,228.016,-0.45504,2.5198,-0.00572
-8.7537,-1.5762,228.295,-0.46159,2.5079,-0.00777
-8.6563,-1.7798,228.365,-0.46551,2.50065,-0.00829
-8.6827,-1.5932,228.312,-0.45539,2.50445,-0.00928
-8.6953,-1.5686,228.144,-0.46065,2.50936,-0.00761
-8.7238,-1.5848,228.215,-0.45908,2.50941,-0.00737
-8.7396,-1.3862,228.211,-0.44811,2.5133,-0.00899
-8.7771,-1.3411,228.071,-0.45177,2.51835,-0.00754
-8.7872,-1.3965,228.014,-0.45347,2.51445,-0.00541
-8.7683,-1.4561,228.141,-0.45545,2.51272,-0.00585
-8.7075,-1.5259,228.116,-0.45861,2.50926,-0.00519
-8.7761,-1.5202,228.184,-0.45777,2.51232,-0.00596
-8.7855,-1.4562,228.055,-0.45979,2.51446,-0.00605
-8.8296,-1.2994,228.023,-0.44784,2.519,-0.00525
-8.732,-1.4471,228.154,-0.45504,2.51579,-0.00628
-8.7258,-1.5216,228.202,-0.45673,2.51613,-0.00649
-8.7567,-1.4017,228.08,-0.45432,2.51717,-0.00558
-8.7637,-1.4279,228.19,-0.4587,2.52024,-0.00527
-8.7626,-1.5049,228.292,-0.4589,2.51716,-0.00547
-8.6632,-1.6221,228.393,-0.45595,2.50805,-0.00721
-8.7686,-1.4485,228.127,-0.45674,2.51522,-0.006
-8.775,-1.468,228.115,-0.45505,2.51869,-0.0058
-8.741,-1.4946,228.196,-0.45944,2.51391,-0.00516
-8.7613,-1.4637,228.293,-0.45996,2.51545,-0.00556
-8.7474,-1.5275,228.312,-0.45611,2.51332,-0.00612
-8.7373,-1.5025,228.258,-0.45259,2.5128,-0.0066
-8.7914,-1.4049,228.19,-0.4545,2.51645,-0.0062
-8.7631,-1.5022,228.229,-0.45976,2.51656,-0.0063
-8.7589,-1.5035,228.316,-0.46153,2.51573,-0.00709
-8.7839,-1.4507,228.318,-0.45284,2.51917,-0.00703
-8.7352,-1.5434,228.338,-0.45656,2.51308,-0.00752
-8.8156,-1.4697,228.145,-0.46032,2.52221,-0.00519
-8.7599,-1.3667,228.309,-0.44643,2.51383,-0.00768
-8.7865,-1.4419,228.186,-0.45255,2.51922,-0.0049
-8.7309,-1.5312,228.184,-0.45711,2.51284,-0.00581
-8.671,-1.5936,228.162,-0.45774,2.5133,-0.00625
-8.7653,-1.5436,228.204,-0.45914,2.51646,-0.00572
-8.7254,-1.5911,228.243,-0.46276,2.51348,-0.0041
-8.7658,-1.4863,228.2,-0.45654,2.51191,-0.00547
-8.6976,-1.5752,228.214,-0.45812,2.50969,-0.00597
-8.7942,-1.437,228.127,-0.45534,2.51699,-0.00546
-8.7976,-1.36,228.042,-0.4512,2.52183,-0.00561
-8.7699,-1.5092,228.194,-0.45687,2.51672,-0.00666
-8.712,-1.4962,228.335,-0.45152,2.50995,-0.00703
-8.8408,-1.3683,228.106,-0.44911,2.52294,-0.00526
-8.7668,-1.4797,228.213,-0.45475,2.51544,-0.00663
-8.8091,-1.3777,228.075,-0.44929,2.5168,-0.00639
-8.7549,-1.467,228.226,-0.45047,2.51151,-0.00686
-8.8115,-1.494,228.201,-0.45869,2.5192,-0.00552
-8.7224,-1.4464,228.27,-0.45124,2.51366,-0.00841
-8.6973,-1.4622,228.192,-0.45068,2.50938,-0.00886
-8.7538,-1.3496,228.109,-0.44646,2.51599,-0.00872
-8.7993,-1.3483,228.072,-0.44911,2.51784,-0.00675
-8.7773,-1.4005,228.198,-0.45406,2.51566,-0.00621
-8.7616,-1.4418,228.122,-0.45428,2.5148,-0.00697
-8.6922,-1.5481,228.235,-0.45192,2.50859,-0.00846
-8.6322,-1.6252,228.311,-0.45422,2.50481,-0.00839
-8.7368,-1.4673,228.185,-0.44876,2.51363,-0.00781
-8.7546,-1.4874,228.245,-0.45717,2.51283,-0.00651
-8.701,-1.5112,228.151,-0.45492,2.50837,-0.00692
-8.7056,-1.4624,228.129,-0.45103,2.51491,-0.00671
-8.7296,-1.4274,228.148,-0.4536,2.5155,-0.00637
-8.6885,-1.4866,228.211,-0.4506,2.5144,-0.00836
-8.7499,-1.3934,228.065,-0.45194,2.51206,-0.00703
-8.6406,-1.6011,228.342,-0.45451,2.50427,-0.00816
-8.7007,-1.5802,228.255,-0.46169,2.50773,-0.00702
-8.773,-1.4818,228.149,-0.46099,2.5144,-0.00552
-8.6928,-1.496,228.207,-0.45653,2.51165,-0.00623
-8.7564,-1.4501,228.144,-0.45293,2.51727,-0.00632
-8.6924,-1.5149,228.143,-0.45669,2.51361,-0.00663
-8.713,-1.5739,228.109,-0.45909,2.51366,-0.00575
-8.6969,-1.5494,228.3,-0.45784,2.50791,-0.00859
-8.6623,-1.5316,228.32,-0.44915,2.51084,-0.00812
-8.7361,-1.5026,228.178,-0.4534,2.51406,-0.0074
-8.7896,-1.3966,228.081,-0.44969,2.51735,-0.00649
-8.7608,-1.6154,228.187,-0.46391,2.51515,-0.00525
-8.7771,-1.4414,228.015,-0.45323,2.51846,-0.00519
-8.7629,-1.4974,228.187,-0.45592,2.51628,-0.00749
-8.7301,-1.449,228.331,-0.4463,2.51028,-0.00984
-8.7823,-1.4175,228.076,-0.44984,2.51476,-0.00587
-8.7191,-1.5281,228.247,-0.45334,2.51564,-0.00832
-8.8084,-1.4038,228.16,-0.45124,2.52133,-0.00723
-8.7544,-1.5022,228.102,-0.45802,2.51319,-0.00693
-8.6931,-1.6226,228.215,-0.45681,2.50963,-0.00744
-8.8016,-1.3989,228.126,-0.45049,2.51388,-0.00615
-8.7593,-1.505,228.177,-0.45413,2.51471,-0.00702
-8.7769,-1.3742,228.095,-0.44725,2.51834,-0.00832
-8.7811,-1.3665,228.143,-0.44526,2.5206,-0.00837
-8.7807,-1.4225,228.178,-0.4525,2.51863,-0.00745
-8.7487,-1.4562,228.128,-0.45095,2.51969,-0.00714
-8.808,-1.4415,228.086,-0.45947,2.52357,-0.00509
-8.7652,-1.5096,228.156,-0.45496,2.51847,-0.0064
-8.771,-1.4486,228.161,-0.44982,2.52003,-0.00679
-8.8722,-1.3582,227.956,-0.45326,2.52877,-0.00356
-8.7934,-1.5131,228.185,-0.45533,2.52149,-0.00499
-8.785,-1.4336,228.088,-0.45247,2.51961,-0.00568
-8.7224,-1.5278,228.166,-0.45128,2.51665,-0.00563
-8.7319,-1.5424,228.264,-0.44763,2.512,-0.0075
-8.7636,-1.5047,228.148,-0.45454,2.5143,-0.00622
-8.8117,-1.4384,228.013,-0.4541,2.5218,-0.0045
-8.8825,-1.4536,228.075,-0.45979,2.52377,-0.00512
-8.7794,-1.3885,227.991,-0.44952,2.52227,-0.00489
-8.7792,-1.3525,227.969,-0.44801,2.52396,-0.00467
-8.7385,-1.4327,228.03,-0.45198,2.51831,-0.00469
-8.7686,-1.5158,228.097,-0.45964,2.51546,-0.00493
-8.7557,-1.545,228.047,-0.46072,2.51883,-0.0044
-8.7444,-1.5402,228.11,-0.45576,2.52126,-0.00516
-8.7174,-1.4781,228.243,-0.44849,2.51842,-0.00642
-8.7102,-1.4469,228.185,-0.44609,2.52005,-0.00611
-8.7849,-1.4835,228.133,-0.45335,2.52198,-0.00597
-8.7718,-1.4564,228.15,-0.45344,2.51899,-0.00509
-8.7675,-1.3893,228.072,-0.44853,2.52445,-0.0048
-8.7127,-1.5362,228.234,-0.44845,2.51351,-0.00707
-8.7359,-1.4597,228.142,-0.44994,2.51484,-0.00625
-8.7929,-1.3779,228.05,-0.44422,2.52343,-0.00534
-8.6876,-1.5924,228.293,-0.456,2.51073,-0.00698
-8.7471,-1.422,228.165,-0.4523,2.51926,-0.00713
-8.7424,-1.5585,228.29,-0.45627,2.51444,-0.00772
-8.7893,-1.4114,228.157,-0.45039,2.52509,-0.0071
-8.743,-1.5312,228.207,-0.45518,2.51743,-0.0056
-8.7176,-1.553,228.22,-0.45258,2.51656,-0.00639
-8.737,-1.5896,228.232,-0.45944,2.52009,-0.00632
-8.6985,-1.5796,228.299,-0.45721,2.5158,-0.00597
-8.7412,-1.4929,228.174,-0.45587,2.51794,-0.0052
-8.7273,-1.439,228.163,-0.45164,2.5187,-0.00561
-8.7654,-1.3942,228.216,-0.44922,2.5221,-0.0053
-8.6829,-1.4868,228.31,-0.44834,2.51283,-0.00726
-8.7041,-1.4842,228.248,-0.45016,2.51678,-0.00587
-8.8031,-1.4435,228.12,-0.45226,2.52561,-0.00431
-8.6953,-1.5937,228.303,-0.45252,2.51004,-0.00574
-8.7343,-1.6178,228.272,-0.4573,2.51768,-0.00406
-8.8088,-1.4553,228.152,-0.45483,2.5246,-0.00377
-8.7757,-1.5174,228.222,-0.45543,2.52044,-0.00555
-8.7436,-1.4271,228.133,-0.44671,2.51806,-0.00585
-8.7561,-1.4503,228.133,-0.45192,2.51868,-0.00516
-8.7416,-1.5209,228.1,-0.45291,2.51885,-0.00483
-8.699,-1.5091,228.279,-0.45383,2.51061,-0.00714
-8.6956,-1.586,228.332,-0.45635,2.51129,-0.00689
-8.7723,-1.5123,228.221,-0.45369,2.51851,-0.00546
-8.8259,-1.3971,228.233,-0.45075,2.52324,-0.00538
-8.7365,-1.4606,228.343,-0.4482,2.51582,-0.00763
-8.7224,-1.5418,228.327,-0.455,2.51669,-0.00619
-8.6983,-1.5412,228.292,-0.45074,2.51506,-0.00781
-8.7487,-1.5144,228.188,-0.45258,2.51824,-0.00616
-8.8135,-1.3935,228.184,-0.45132,2.52102,-0.00599
-8.7772,-1.4217,228.071,-0.45443,2.52105,-0.00513
-8.6903,-1.6059,228.327,-0.45247,2.51278,-0.00643
-8.7078,-1.5225,228.348,-0.44827,2.5133,-0.00655
-8.7676,-1.4439,228.037,-0.4525,2.52102,-0.00474
-8.7541,-1.4659,228.163,-0.45601,2.51663,-0.00578
-8.7935,-1.4695,227.958,-0.45904,2.52229,-0.00398
-8.7992,-1.4942,228.039,-0.45887,2.52263,-0.00306
-8.8168,-1.3865,228.091,-0.44918,2.52198,-0.00535
-8.7879,-1.4595,228.148,-0.45368,2.52202,-0.00467
-8.7665,-1.5086,228.198,-0.45334,2.5188,-0.00553
-8.8066,-1.4849,228.04,-0.45777,2.52453,-0.00277
-8.684,-1.5789,228.26,-0.45561,2.51275,-0.00599
-8.7187,-1.521,228.254,-0.45337,2.51146,-0.00496
-8.7831,-1.5056,228.245,-0.45644,2.51403,-0.00617
-8.7388,-1.435,228.193,-0.44855,2.51865,-0.00649
-8.7888,-1.3834,228.073,-0.44993,2.52327,-0.00519
-8.7957,-1.4998,228.158,-0.45421,2.51596,-0.00481
-8.7859,-1.4677,228.026,-0.45392,2.51989,-0.00397
-8.7553,-1.5038,228.263,-0.45423,2.51727,-0.00606
-8.8003,-1.413,228.06,-0.4506,2.51978,-0.00575
-8.8511,-1.3666,228.073,-0.45364,2.52312,-0.00592
-8.8433,-1.4606,228.047,-0.45736,2.52269,-0.00463
-8.7546,-1.4579,228.25,-0.44922,2.51695,-0.00842
-8.8859,-1.4225,228.119,-0.45275,2.51967,-0.00723
-8.8408,-1.4265,228.069,-0.44997,2.52049,-0.01004
-8.7471,-1.5657,228.288,-0.45293,2.51406,-0.01064
-8.7402,-1.6393,228.285,-0.45692,2.51858,-0.01078
-8.6967,-1.5209,228.375,-0.44864,2.5206,-0.01514
-8.6745,-1.4174,228.518,-0.44106,2.52444,-0.01798
-8.7136,-1.3924,228.652,-0.4416,2.52614,-0.01695
-8.7097,-1.4567,228.874,-0.44171,2.52843,-0.01725
-8.7288,-1.5155,229.061,-0.44099,2.52824,-0.01564
-8.7699,-1.606,228.807,-0.45334,2.53149,-0.01191
-8.775,-1.5476,228.679,-0.44939,2.53074,-0.00969
-8.7258,-1.6149,228.703,-0.45543,2.52492,-0.00915
-8.6712,-1.6996,228.712,-0.462,2.52028,-0.00876
-8.6375,-1.7531,228.352,-0.46801,2.52084,-0.01086
-8.609,-1.7681,228.436,-0.46431,2.51387,-0.01338
-8.6133,-1.6665,228.196,-0.46443,2.51477,-0.01053
-8.5163,-1.5905,228.452,-0.46479,2.50759,-0.01199
-8.4954,-1.6309,228.347,-0.46425,2.50142,-0.01045
-8.628,-1.5108,228.154,-0.46182,2.50597,-0.00831
-8.5881,-1.6376,228.149,-0.4684,2.50244,-0.00919
-8.5542,-1.7688,228.193,-0.47271,2.49787,-0.01093
-8.3452,-1.9278,228.353,-0.48085,2.49051,-0.01289
-8.2466,-2.0029,228.216,-0.48742,2.4923,-0.01197
-8.3781,-1.8694,228.057,-0.48795,2.50351,-0.01073
-8.5085,-1.7254,227.993,-0.47927,2.50191,-0.01361
-8.6197,-1.7721,227.932,-0.48829,2.50201,-0.01376
-8.6648,-1.6677,227.899,-0.48436,2.50519,-0.01478
-8.6668,-1.6383,227.956,-0.48415,2.50471,-0.01403
-8.5812,-1.6278,228.194,-0.47055,2.50486,-0.01257
-8.4577,-1.623,228.347,-0.46627,2.50817,-0.01104
-8.5147,-1.344,228.215,-0.45359,2.5162,-0.00624
-8.5634,-1.3215,228.302,-0.45138,2.5233,-0.0025
-8.6272,-1.3608,228.185,-0.44841,2.52446,0.00172
-8.6083,-1.4475,228.425,-0.44565,2.52342,0.00089
-8.6761,-1.5532,228.486,-0.45036,2.53189,-0.00041
-8.665,-1.5319,228.35,-0.45018,2.53063,-0.00413
-8.6789,-1.4543,228.184,-0.44912,2.52242,-0.00465
-8.5072,-1.6341,228.304,-0.44932,2.50133,-0.00834
-8.6628,-1.4147,228.1,-0.44588,2.50783,-0.00548
-8.5853,-1.5767,228.282,-0.44957,2.50149,-0.00577
-8.592,-1.6702,228.297,-0.45148,2.50679,-0.00762
-8.6629,-1.5345,228.223,-0.44598,2.50888,-0.01098
-8.5975,-1.7089,228.463,-0.45218,2.50016,-0.01611
-8.5863,-1.6796,228.59,-0.44916,2.48966,-0.01989
-8.696,-1.561,228.539,-0.44715,2.49102,-0.01916
-8.7097,-1.4908,228.537,-0.44089,2.49107,-0.02034
-8.786,-1.4496,228.62,-0.43656,2.49881,-0.01938
-8.7585,-1.4953,228.56,-0.4362,2.50531,-0.01788
-8.8419,-1.4513,228.5,-0.43935,2.51157,-0.01508
-8.8276,-1.4091,228.355,-0.44383,2.51576,-0.0131
-8.7911,-1.5408,228.249,-0.45814,2.51047,-0.01181
-8.9316,-1.8377,228.309,-0.47966,2.51512,-0.01199
-8.8573,-1.8327,228.232,-0.47617,2.5142,-0.01228
-8.6046,-1.6807,228.147,-0.46487,2.49403,-0.01594
-8.5732,-1.5217,228.064,-0.45197,2.49539,-0.0191
-8.6719,-1.5689,227.976,-0.4579,2.50233,-0.01769
-8.5991,-1.5879,228,-0.45879,2.49704,-0.01892
-8.5814,-1.5017,228.036,-0.45434,2.50132,-0.01826
-8.4812,-1.2362,228.121,-0.44202,2.49521,-0.01774
-8.4957,-1.1048,228.07,-0.4376,2.50054,-0.01827
-8.5579,-1.072,227.9,-0.44281,2.51123,-0.01668
-8.5564,-1.2211,228.131,-0.43741,2.5009,-0.02082
-8.5927,-1.3721,228.209,-0.44342,2.5027,-0.02245
-8.5717,-1.3894,228.293,-0.43661,2.49944,-0.02516
-8.6182,-1.3436,228.19,-0.4344,2.50081,-0.02453
-8.6484,-1.3812,228.166,-0.44092,2.5094,-0.0229
-8.6193,-1.4745,228.039,-0.44515,2.50972,-0.02203
-8.5579,-1.4358,228.201,-0.43935,2.50845,-0.02304
-8.6068,-1.2919,228.182,-0.43182,2.5123,-0.02327
-8.6172,-1.4476,228.17,-0.43938,2.51079,-0.02233
-8.707,-1.2443,228.228,-0.42795,2.51539,-0.02238
-8.6925,-1.4832,228.114,-0.44479,2.51404,-0.01915
-8.7132,-1.3689,228.045,-0.44214,2.51528,-0.01795
-8.7991,-1.3685,227.81,-0.44727,2.5182,-0.01669
-8.7864,-1.4009,227.91,-0.44957,2.51196,-0.01499
-8.8226,-1.3701,228.028,-0.44947,2.5087,-0.01561
-8.8493,-1.3037,228.074,-0.44409,2.50928,-0.01422
-8.871,-1.3483,228.175,-0.44411,2.51297,-0.01233
-8.8614,-1.2267,228.188,-0.43497,2.51573,-0.01392
-8.8631,-1.2511,228.161,-0.43262,2.52026,-0.01089
-8.7828,-1.4255,228.349,-0.43976,2.52282,-0.00971
-8.8081,-1.5759,228.425,-0.44483,2.53285,-0.00161
-8.8583,-1.3976,228.388,-0.4403,2.53894,0.00533
-8.8167,-1.3908,228.368,-0.43904,2.53823,0.00597
-8.7774,-1.4051,228.211,-0.444,2.536,0.00387
-8.683,-1.3494,228.191,-0.43815,2.53042,-0.00611
-8.5828,-1.4055,228.176,-0.4413,2.52448,-0.01498
-8.4416,-1.3294,228.446,-0.43667,2.51051,-0.02507
-8.5186,-1.0497,228.336,-0.42331,2.51388,-0.02745
-8.5167,-0.9535,228.363,-0.41639,2.50993,-0.02863
-8.5748,-1.2359,228.241,-0.43401,2.5085,-0.02754
-8.7294,-1.1684,228.266,-0.43415,2.51074,-0.02856
-8.7205,-1.3265,228.325,-0.43591,2.50699,-0.02806
-8.7712,-1.2939,228.445,-0.43788,2.50571,-0.02742
-8.8475,-1.236,228.318,-0.43667,2.50797,-0.02595
-8.8954,-1.2695,228.19,-0.43978,2.51133,-0.02322
-8.9448,-1.3308,228.241,-0.44522,2.51059,-0.0212
-8.9471,-1.3473,228.242,-0.44257,2.51061,-0.01783
-8.9862,-1.3336,228.113,-0.43514,2.50863,-0.0157
-8.9126,-1.5157,228.322,-0.44297,2.50388,-0.0144
-8.958,-1.3922,228.268,-0.44068,2.50913,-0.01154
-8.8391,-1.5541,228.371,-0.44425,2.50677,-0.01192
-8.8402,-1.482,228.334,-0.44061,2.51548,-0.01018
-8.8228,-1.5623,228.31,-0.45268,2.51389,-0.00715
-8.8891,-1.4398,228.237,-0.4461,2.52181,-0.00671
-8.8657,-1.5271,228.274,-0.45118,2.51979,-0.00622
-8.8184,-1.4231,228.256,-0.44507,2.52001,-0.00495
-8.7781,-1.5121,228.3,-0.4496,2.51887,-0.00413
-8.7447,-1.5344,228.38,-0.4536,2.52203,-0.00151
-8.7639,-1.5225,228.36,-0.45178,2.52219,-0.00268
-8.75,-1.4562,228.331,-0.4473,2.51682,-0.0063
-8.7135,-1.4455,228.371,-0.44676,2.50951,-0.00939
-8.711,-1.3988,228.366,-0.444,2.50921,-0.01061
-8.7683,-1.272,228.255,-0.441,2.51413,-0.01126
-8.8376,-1.2486,228.301,-0.44212,2.51966,-0.01068
-8.8244,-1.1914,228.29,-0.43932,2.52152,-0.01139
-8.8047,-1.2894,228.224,-0.44396,2.52163,-0.00936
-8.8369,-1.3477,228.327,-0.4492,2.51739,-0.00969
-8.7915,-1.3406,228.231,-0.44744,2.51484,-0.0085
-8.8086,-1.3743,228.202,-0.45164,2.51335,-0.0082
-8.891,-1.205,228.198,-0.44593,2.51411,-0.00809
-8.8892,-1.2806,228.15,-0.44957,2.5146,-0.00768
-8.8609,-1.3406,228.18,-0.45056,2.51317,-0.00651
-8.8358,-1.403,228.175,-0.45071,2.51411,-0.00612
-8.8071,-1.5477,228.356,-0.45602,2.50858,-0.00758
-8.8834,-1.5299,228.201,-0.45693,2.51361,-0.00636
-8.8781,-1.4454,228.16,-0.45393,2.51008,-0.00685
-8.8815,-1.3925,228.168,-0.45136,2.51486,-0.00656
-8.8332,-1.3666,228.161,-0.4428,2.51104,-0.00845
-8.8357,-1.4865,228.285,-0.45404,2.51427,-0.00805
-8.7233,-1.625,228.375,-0.45798,2.50732,-0.0066
-8.8477,-1.4646,228.192,-0.45585,2.51585,-0.00543
-8.8105,-1.4513,228.312,-0.44713,2.50723,-0.0087
-8.8933,-1.4365,228.205,-0.45117,2.51872,-0.00701
-8.8406,-1.4383,228.343,-0.44572,2.50988,-0.00959
-8.8055,-1.4611,228.305,-0.44708,2.51276,-0.00987
-8.8254,-1.4391,228.254,-0.44747,2.51886,-0.00938
-8.8841,-1.3571,228.306,-0.45427,2.52133,-0.00697
-8.8773,-1.231,228.197,-0.44349,2.52046,-0.00776
-8.7982,-1.3161,228.312,-0.44345,2.5163,-0.00784
-8.7931,-1.3453,228.356,-0.44824,2.51165,-0.00718
-8.8219,-1.3819,228.349,-0.45311,2.51327,-0.00553
-8.8717,-1.2443,228.161,-0.45557,2.52188,-0.00539
-8.8089,-1.339,228.238,-0.45498,2.51654,-0.00621
-8.7685,-1.3769,228.352,-0.44702,2.50972,-0.00831
-8.8243,-1.4687,228.29,-0.45834,2.51734,-0.00594
-8.8831,-1.3138,228.283,-0.44995,2.51591,-0.00839
-8.8264,-1.3278,228.257,-0.44601,2.514,-0.0082
-8.843,-1.4019,228.289,-0.45188,2.51341,-0.00836
-8.8164,-1.3949,228.192,-0.44752,2.51351,-0.00924
-8.8587,-1.3563,228.187,-0.44926,2.51429,-0.00933
-8.8595,-1.3354,228.175,-0.44537,2.51638,-0.00994
-8.8258,-1.3767,228.302,-0.45228,2.51529,-0.00952
-8.8089,-1.3559,228.234,-0.44615,2.51472,-0.00943
-8.8802,-1.2803,228.207,-0.44202,2.51717,-0.00858
-8.8751,-1.3232,228.269,-0.44859,2.51768,-0.00808
-8.8387,-1.3561,228.32,-0.4493,2.51464,-0.00801
-8.7728,-1.5613,228.408,-0.46077,2.51028,-0.00692
-8.8032,-1.4008,228.236,-0.45035,2.51367,-0.00647
-8.8691,-1.4153,228.189,-0.45854,2.51227,-0.00512
-8.8363,-1.3792,228.181,-0.45456,2.51132,-0.00611
-8.7873,-1.3423,228.286,-0.44471,2.50532,-0.00829
-8.8266,-1.4331,228.286,-0.45074,2.5101,-0.00864
-8.7312,-1.5222,228.437,-0.45078,2.49931,-0.00979
-8.7824,-1.4444,228.408,-0.44874,2.50198,-0.01023
-8.905,-1.2672,228.136,-0.45219,2.51276,-0.00732
-8.8182,-1.3366,228.413,-0.44583,2.50591,-0.00956
-8.8707,-1.2116,228.173,-0.4436,2.50889,-0.0078
-8.8645,-1.2975,228.174,-0.44739,2.51129,-0.00778
-8.8509,-1.3839,228.322,-0.44999,2.50681,-0.0083
-8.8516,-1.4287,228.319,-0.4563,2.51068,-0.00755
-8.7746,-1.3339,228.37,-0.44628,2.50483,-0.01128
-8.8473,-1.2891,228.268,-0.44628,2.50965,-0.00907
-8.7966,-1.3856,228.289,-0.45126,2.50278,-0.00836
-8.7527,-1.3603,228.32,-0.4512,2.50603,-0.00864
-8.8338,-1.2904,228.208,-0.44817,2.50686,-0.00803
-8.8062,-1.3727,228.258,-0.45323,2.51,-0.00782
-8.8157,-1.3362,228.271,-0.4493,2.50851,-0.00939
-8.8034,-1.3754,228.231,-0.44948,2.51151,-0.00849
-8.7559,-1.3572,228.403,-0.4486,2.50306,-0.00974
-8.9075,-1.2628,228.11,-0.45116,2.51395,-0.00615
-8.8703,-1.3829,228.101,-0.45543,2.51146,-0.00595
-8.8346,-1.4046,228.102,-0.45598,2.50776,-0.00478
-8.9001,-1.317,228.161,-0.45285,2.51203,-0.00631
-8.8032,-1.5179,228.383,-0.45826,2.5015,-0.00753
-8.8069,-1.5241,228.326,-0.4555,2.5054,-0.00812
-8.7794,-1.3865,228.242,-0.44466,2.50205,-0.01004
-8.8377,-1.3716,228.181,-0.44937,2.5085,-0.00842
-8.8,-1.4221,228.26,-0.44883,2.50531,-0.00834
-8.8243,-1.3826,228.126,-0.45043,2.50701,-0.00727
-8.8648,-1.319,228.142,-0.45205,2.51055,-0.00624
-8.8613,-1.2706,228.166,-0.44703,2.5106,-0.00714
-8.7988,-1.5069,228.203,-0.45878,2.50713,-0.00628
-8.8155,-1.3551,228.33,-0.45087,2.50795,-0.00809
-8.805,-1.4415,228.349,-0.45721,2.50888,-0.00747
-8.8237,-1.4822,228.21,-0.46219,2.5103,-0.00576
-8.8273,-1.5131,228.32,-0.45915,2.50693,-0.00681
-8.8142,-1.3587,228.278,-0.45152,2.50257,-0.00727
-8.7889,-1.4104,228.228,-0.45471,2.50653,-0.0061
-8.791,-1.4108,228.21,-0.45194,2.50449,-0.00629
-8.8432,-1.3242,228.188,-0.45316,2.51204,-0.00637
-8.8739,-1.2446,228.191,-0.44749,2.51127,-0.00775
-8.8377,-1.2324,228.208,-0.4439,2.50825,-0.00789
-8.8176,-1.3659,228.251,-0.45372,2.50647,-0.00811
-8.7292,-1.5132,228.406,-0.45776,2.50392,-0.00805
-8.8156,-1.4167,228.194,-0.45512,2.50865,-0.00602
-8.8559,-1.2388,228.139,-0.447,2.51475,-0.0068
-8.7906,-1.3123,228.23,-0.44721,2.50873,-0.00805
-8.8052,-1.3458,228.133,-0.45167,2.50861,-0.00646
-8.8232,-1.4351,228.203,-0.45737,2.50839,-0.00742
-8.8147,-1.4436,228.248,-0.45576,2.50549,-0.00669
-8.8208,-1.4127,228.271,-0.45003,2.50554,-0.0079
-8.8014,-1.36,228.202,-0.45007,2.50869,-0.00787
-8.7986,-1.4548,228.24,-0.45901,2.50795,-0.00684
-8.7613,-1.5111,228.252,-0.45788,2.49851,-0.00841
-8.7514,-1.5411,228.464,-0.45713,2.49996,-0.00893
-8.8155,-1.3927,228.251,-0.45495,2.50721,-0.00646
-8.7435,-1.5136,228.41,-0.45592,2.50067,-0.00791
-8.6785,-1.6184,228.452,-0.45765,2.49682,-0.00815
-8.7492,-1.4789,228.297,-0.45641,2.5003,-0.00707
-8.7953,-1.3959,228.169,-0.45844,2.50793,-0.00623
-8.7963,-1.434,228.22,-0.45588,2.50397,-0.00758
-8.8023,-1.442,228.204,-0.45942,2.50938,-0.00658
-8.8176,-1.3879,228.328,-0.45244,2.50669,-0.00601
-8.8376,-1.3517,228.366,-0.45032,2.50582,-0.00821
-8.7703,-1.403,228.333,-0.4463,2.50407,-0.01016
-8.7454,-1.4453,228.305,-0.44939,2.50515,-0.00982
-8.8261,-1.2581,228.2,-0.44418,2.50861,-0.00865
-8.8301,-1.3724,228.182,-0.45169,2.50794,-0.00776
-8.8699,-1.2906,228.28,-0.44817,2.51109,-0.00857
-8.8179,-1.398,228.19,-0.45283,2.5127,-0.00747
-8.847,-1.4774,228.112,-0.45806,2.51553,-0.00543
-8.8268,-1.4807,228.196,-0.45867,2.51006,-0.00639
-8.7746,-1.395,228.23,-0.45068,2.5109,-0.00798
-8.755,-1.4516,228.368,-0.45033,2.50295,-0.00914
-8.7796,-1.4239,228.296,-0.45394,2.50638,-0.0078
-8.7743,-1.4526,228.279,-0.45841,2.50888,-0.00656
-8.7654,-1.417,228.299,-0.45465,2.50841,-0.00592
-8.7899,-1.3673,228.251,-0.45249,2.51205,-0.0067
-8.7822,-1.4239,228.284,-0.45762,2.50895,-0.00603
-8.7722,-1.4616,228.197,-0.45438,2.50908,-0.00601
-8.7841,-1.4653,228.285,-0.45878,2.5042,-0.00699
-8.8229,-1.4698,228.239,-0.46031,2.50888,-0.00606
-8.7604,-1.5005,228.215,-0.45681,2.5017,-0.00736
-8.8359,-1.3814,228.217,-0.45192,2.50798,-0.00715
-8.8274,-1.3485,228.209,-0.45147,2.5068,-0.00751
-8.8525,-1.2575,228.084,-0.44901,2.5087,-0.00805
-8.8137,-1.2671,228.284,-0.44426,2.50574,-0.01047
-8.804,-1.422,228.268,-0.45496,2.50243,-0.00807
-8.804,-1.4523,228.317,-0.45619,2.50645,-0.00745
-8.7987,-1.4527,228.3,-0.45433,2.50634,-0.00786
-8.8338,-1.3692,228.207,-0.45402,2.51026,-0.00599
-8.7991,-1.4255,228.236,-0.45591,2.50623,-0.00661
-8.8435,-1.3784,228.111,-0.45711,2.51363,-0.00535
-8.7702,-1.3708,228.233,-0.45301,2.50862,-0.00732
-8.7734,-1.3562,228.335,-0.44968,2.50492,-0.00791
-8.7571,-1.4319,228.321,-0.4533,2.50422,-0.00803
-8.7882,-1.3876,228.333,-0.45299,2.5065,-0.00739
-8.8356,-1.2763,228.263,-0.4516,2.51337,-0.00799
-8.7746,-1.4253,228.399,-0.45353,2.50558,-0.00904
-8.7326,-1.4218,228.377,-0.4475,2.50079,-0.00969
-8.7362,-1.3778,228.449,-0.4469,2.5015,-0.01061
-8.8199,-1.3956,228.26,-0.4536,2.51234,-0.00811
-8.8151,-1.3824,228.17,-0.45449,2.5124,-0.00708
-8.8379,-1.4415,228.258,-0.46038,2.50722,-0.00588
-8.8223,-1.3031,228.203,-0.44732,2.50639,-0.00792
-8.7663,-1.4294,228.401,-0.45233,2.50195,-0.00838
-8.7897,-1.4845,228.34,-0.45596,2.50788,-0.00773
-8.7779,-1.5801,228.401,-0.46139,2.50986,-0.00631
-8.8379,-1.3598,228.269,-0.45174,2.50808,-0.00772
-8.8595,-1.331,228.181,-0.45006,2.51479,-0.00699
-8.8287,-1.3466,228.178,-0.45101,2.5094,-0.00654
-8.801,-1.341,228.207,-0.44747,2.50589,-0.00737
-8.7631,-1.3768,228.381,-0.44938,2.50623,-0.00918
-8.8099,-1.3987,228.271,-0.45185,2.51251,-0.0074
-8.7762,-1.4896,228.252,-0.45239,2.50558,-0.00785
-8.834,-1.3491,228.275,-0.44853,2.5099,-0.00758
-8.853,-1.3274,228.246,-0.45003,2.51289,-0.00659
-8.772,-1.4127,228.26,-0.45051,2.50892,-0.00715
-8.7913,-1.3661,228.251,-0.44552,2.51062,-0.00671
-8.7913,-1.5517,228.37,-0.45963,2.51027,-0.00664
-8.8516,-1.3132,228.257,-0.44926,2.51722,-0.00562
-8.817,-1.3506,228.272,-0.45088,2.51744,-0.00553
-8.8545,-1.2987,228.251,-0.44774,2.51871,-0.0055
-8.897,-1.2416,228.157,-0.44704,2.5172,-0.00482
-8.8416,-1.3006,228.304,-0.44605,2.51498,-0.0071
-8.7439,-1.4877,228.416,-0.44911,2.5075,-0.0087
-8.7937,-1.5054,228.323,-0.45261,2.50802,-0.00771
-8.7866,-1.4575,228.194,-0.4509,2.51056,-0.00707
-8.8897,-1.2544,228.175,-0.44032,2.51836,-0.00794
-8.8249,-1.3413,228.131,-0.44397,2.51557,-0.0074
-8.8503,-1.3555,228.168,-0.45179,2.51895,-0.00661
-8.8283,-1.3535,228.102,-0.44697,2.51524,-0.00632
-8.7779,-1.48,228.363,-0.44851,2.50627,-0.00818
-8.8303,-1.3082,228.247,-0.44324,2.51624,-0.00816
-8.8671,-1.2674,228.317,-0.44426,2.52073,-0.00829
-8.8285,-1.4309,228.25,-0.4512,2.51686,-0.00628
-8.8445,-1.367,228.129,-0.44768,2.51966,-0.00635
-8.7841,-1.4054,228.37,-0.44651,2.50985,-0.00778
-8.8156,-1.3397,228.318,-0.44522,2.51834,-0.00746
-8.872,-1.2809,228.238,-0.44704,2.52219,-0.00574
-8.8513,-1.2776,228.109,-0.44337,2.52106,-0.00638
-8.8901,-1.1797,227.989,-0.43989,2.52234,-0.00563
-8.8751,-1.3581,228.101,-0.4537,2.51781,-0.00513
-8.8198,-1.3586,228.349,-0.44542,2.51554,-0.00847
-8.8462,-1.375,228.222,-0.44464,2.51765,-0.00783
-8.8755,-1.3513,228.2,-0.45085,2.5147,-0.0061
-8.8612,-1.3369,228.192,-0.44562,2.51943,-0.00613
-8.8623,-1.3959,228.177,-0.45332,2.51563,-0.00546
-8.865,-1.3279,228.32,-0.44604,2.51704,-0.00837
-8.8595,-1.323,228.132,-0.44935,2.51592,-0.0064
-8.7622,-1.414,228.24,-0.44652,2.51256,-0.00829
-8.8303,-1.293,228.175,-0.44289,2.51732,-0.00625
-8.7952,-1.3807,228.252,-0.45078,2.51548,-0.00699
-8.7962,-1.4349,228.364,-0.44844,2.50797,-0.00744
-8.8932,-1.2643,228.08,-0.44923,2.51886,-0.00449
-8.8006,-1.2436,228.16,-0.4421,2.51715,-0.00744
-8.8624,-1.2418,228.084,-0.4424,2.52193,-0.00661
-8.8155,-1.3841,228.193,-0.45116,2.51526,-0.00607
-8.822,-1.4088,228.282,-0.44972,2.51324,-0.00709
-8.809,-1.4687,228.384,-0.4526,2.51024,-0.00684
-8.8161,-1.3782,228.306,-0.44126,2.51208,-0.0083
-8.806,-1.2993,228.151,-0.44552,2.51551,-0.00656
-8.8648,-1.3406,228.149,-0.44729,2.51875,-0.00599
-8.833,-1.3794,228.246,-0.45197,2.51459,-0.00634
-8.8502,-1.4485,228.329,-0.45195,2.51501,-0.00758
-8.8457,-1.3705,228.305,-0.45042,2.51766,-0.00687
-8.8704,-1.352,228.374,-0.44657,2.51122,-0.00789
-8.769,-1.4516,228.308,-0.4485,2.5082,-0.00602
-8.7925,-1.5322,228.386,-0.45941,2.50311,-0.00625
-8.8085,-1.3737,228.289,-0.44678,2.50879,-0.00777
-8.8119,-1.4018,228.3,-0.44824,2.50951,-0.00768
-8.735,-1.4782,228.53,-0.4464,2.50104,-0.01038
-8.7837,-1.5239,228.387,-0.45362,2.506,-0.00686
-8.9214,-1.229,228.088,-0.44742,2.52087,-0.00485
-8.8711,-1.2803,228.016,-0.44973,2.51922,-0.00531
-8.8623,-1.3001,228.166,-0.44966,2.51401,-0.00652
-8.8217,-1.3448,228.361,-0.44617,2.51113,-0.00839
-8.8606,-1.2325,228.301,-0.44354,2.51618,-0.0077
-8.8281,-1.3134,228.368,-0.44688,2.51375,-0.00801
-8.7653,-1.2654,228.295,-0.43768,2.50855,-0.01022
-8.7679,-1.3352,228.285,-0.44345,2.50664,-0.0088
-8.8661,-1.3059,228.082,-0.45295,2.51274,-0.00419
-8.8533,-1.3872,228.275,-0.45447,2.50865,-0.00536
-8.856,-1.369,228.219,-0.45312,2.51088,-0.00645
-8.9214,-1.2327,228.111,-0.4456,2.51771,-0.00459
-8.7967,-1.4513,228.361,-0.45259,2.50567,-0.00691
-8.8806,-1.2761,228.247,-0.44442,2.51339,-0.0064
-8.8584,-1.3031,228.257,-0.4438,2.51535,-0.00615
-8.8544,-1.2906,228.221,-0.44493,2.50918,-0.0063
-8.8826,-1.3955,228.206,-0.45569,2.51762,-0.00398
-8.8582,-1.338,228.323,-0.44435,2.51704,-0.00554
-8.879,-1.3038,228.176,-0.44622,2.51606,-0.00603
-8.7838,-1.4036,228.317,-0.4511,2.51202,-0.00649
-8.8164,-1.2215,228.32,-0.44075,2.51351,-0.0079
-8.7925,-1.3606,228.303,-0.44723,2.51364,-0.00718
-8.8055,-1.363,228.339,-0.45106,2.51421,-0.00559
-8.7936,-1.3974,228.249,-0.45333,2.51619,-0.00576
-8.8468,-1.2573,228.337,-0.4456,2.51686,-0.00729
-8.8318,-1.3887,228.374,-0.45505,2.51792,-0.00677
-8.8344,-1.3462,228.322,-0.44517,2.51584,-0.00811
-8.8086,-1.3653,228.349,-0.45004,2.51487,-0.00879
-8.8722,-1.3406,228.326,-0.44823,2.51634,-0.00798
-8.8325,-1.4188,228.376,-0.44673,2.51152,-0.00851
-8.844,-1.302,228.347,-0.44065,2.51121,-0.00986
-8.7659,-1.4182,228.403,-0.44617,2.50707,-0.00889
-8.9019,-1.2217,228.316,-0.44193,2.51451,-0.00926
-8.8941,-1.2257,228.357,-0.43859,2.51696,-0.00842
-8.9072,-1.2153,228.221,-0.44221,2.52078,-0.00655
-8.8025,-1.4036,228.434,-0.44699,2.51003,-0.00881
-8.8793,-1.3376,228.189,-0.45095,2.51764,-0.00499
-8.8652,-1.3896,228.274,-0.44872,2.51609,-0.00685
-8.9091,-1.2599,228.132,-0.44651,2.51872,-0.00556
-8.8732,-1.2982,228.192,-0.44705,2.51267,-0.00601
-8.8595,-1.4718,228.228,-0.46087,2.51685,-0.00402
-8.8326,-1.3891,228.27,-0.44707,2.51145,-0.0074
-8.8163,-1.4536,228.3,-0.44991,2.51172,-0.00721
-8.835,-1.4575,228.322,-0.45443,2.51625,-0.00531
-8.8629,-1.3829,228.186,-0.45221,2.51013,-0.00496
-8.8401,-1.4141,228.249,-0.44992,2.50619,-0.00592
-8.8171,-1.3924,228.192,-0.44772,2.51195,-0.00661
-8.8603,-1.2857,228.242,-0.43948,2.51692,-0.00801
-8.8402,-1.3575,228.373,-0.44801,2.51221,-0.008
-8.8566,-1.3832,228.305,-0.45346,2.51279,-0.00697
-8.8527,-1.3984,228.284,-0.45432,2.51788,-0.00637
-8.8237,-1.4333,228.366,-0.45304,2.50942,-0.00817
-8.8053,-1.3949,228.469,-0.44649,2.50943,-0.00883
-8.8058,-1.4423,228.329,-0.44734,2.51299,-0.00834
-8.8457,-1.3196,228.234,-0.44221,2.51375,-0.00809
-8.833,-1.3934,228.298,-0.4486,2.51024,-0.0082
-8.826,-1.4614,228.376,-0.45313,2.51254,-0.00697
-8.8465,-1.3236,228.147,-0.44773,2.51644,-0.00649
-8.8573,-1.3637,228.076,-0.45256,2.51503,-0.00504
-8.8536,-1.2758,228.181,-0.44428,2.51917,-0.00615
-8.8356,-1.3622,228.267,-0.45005,2.5135,-0.00675
-8.8276,-1.252,228.237,-0.44418,2.5128,-0.00748
-8.8167,-1.3244,228.329,-0.44253,2.51171,-0.00725
-8.7781,-1.4107,228.393,-0.44589,2.50846,-0.00911
-8.8449,-1.3003,228.34,-0.44137,2.51093,-0.00928
-8.832,-1.4093,228.394,-0.44522,2.50896,-0.01001
-8.8616,-1.4135,228.27,-0.44796,2.51397,-0.00658
-8.8667,-1.4007,228.213,-0.45119,2.51823,-0.00524
-8.9007,-1.2311,228.191,-0.44912,2.51752,-0.00617
-8.9363,-1.2449,228.221,-0.44768,2.52208,-0.00594
-8.8804,-1.2295,228.292,-0.43724,2.51868,-0.00754
-8.8449,-1.331,228.222,-0.44659,2.51483,-0.00724
-8.9,-1.2901,228.14,-0.44587,2.51655,-0.00573
-8.8299,-1.3775,228.295,-0.4506,2.5126,-0.00634
-8.8355,-1.3138,228.312,-0.44455,2.5147,-0.00747
-8.8523,-1.3143,228.268,-0.44079,2.51694,-0.00675
-8.8544,-1.3313,228.321,-0.44669,2.51278,-0.00744
-8.8863,-1.3648,228.285,-0.45008,2.516,-0.00676
-8.8901,-1.311,228.243,-0.44735,2.51388,-0.00659
-8.8493,-1.3657,228.331,-0.44647,2.51065,-0.00761
-8.8177,-1.4185,228.315,-0.44957,2.51077,-0.00718
-8.8875,-1.2474,228.101,-0.44347,2.51792,-0.00677
-8.8265,-1.3935,228.199,-0.44945,2.51354,-0.00658
-8.8313,-1.3629,228.368,-0.44825,2.51429,-0.00841
-8.8876,-1.3784,228.285,-0.4522,2.51863,-0.00579
-8.8788,-1.2885,228.156,-0.44699,2.51665,-0.00622
-8.8257,-1.391,228.385,-0.44916,2.51034,-0.00779
-8.8654,-1.2726,228.297,-0.44328,2.5169,-0.00742
-8.783,-1.4051,228.343,-0.4492,2.51211,-0.00717
-8.8695,-1.3143,228.371,-0.44508,2.51375,-0.00786
-8.8459,-1.3717,228.288,-0.45096,2.51435,-0.00608
-8.7726,-1.3931,228.369,-0.4441,2.50761,-0.009
-8.8571,-1.4839,228.344,-0.45494,2.5172,-0.00781
-8.8386,-1.4338,228.296,-0.45023,2.51274,-0.0075
-8.85,-1.3086,228.299,-0.44487,2.51617,-0.00711
-8.8362,-1.3564,228.264,-0.44163,2.51301,-0.00872
-8.7936,-1.4005,228.351,-0.44424,2.50411,-0.00915
-8.8403,-1.3673,228.297,-0.44482,2.51286,-0.00768
-8.8711,-1.3296,228.237,-0.44549,2.51574,-0.00685
-8.8359,-1.4751,228.356,-0.45144,2.51214,-0.00681
-8.8242,-1.3543,228.357,-0.44237,2.51146,-0.00879
-8.7908,-1.3886,228.358,-0.44789,2.51094,-0.0078
-8.914,-1.2542,228.226,-0.44212,2.52051,-0.00688
-8.8446,-1.371,228.315,-0.45022,2.51501,-0.00807
-8.8838,-1.3654,228.171,-0.45333,2.51685,-0.00579
-8.8221,-1.3469,228.278,-0.44553,2.51593,-0.00747
-8.8862,-1.3131,228.206,-0.44966,2.52079,-0.00611
-8.8326,-1.4171,228.265,-0.45358,2.51201,-0.00762
-8.8406,-1.4297,228.297,-0.45411,2.51561,-0.00748
-8.8254,-1.3855,228.224,-0.44596,2.51771,-0.00726
-8.8396,-1.3607,228.243,-0.44856,2.51384,-0.00737
-8.8554,-1.3635,228.157,-0.44774,2.52135,-0.00671
-8.8455,-1.2889,228.227,-0.44797,2.51906,-0.00819
-8.784,-1.4553,228.336,-0.45197,2.51248,-0.00738
-8.8795,-1.3092,228.229,-0.44658,2.51726,-0.00677
-8.836,-1.449,228.197,-0.45523,2.51841,-0.0054
-8.8181,-1.3258,228.374,-0.43803,2.51274,-0.00982
-8.8248,-1.2832,228.331,-0.43862,2.51348,-0.00947
-8.8333,-1.3354,228.332,-0.4441,2.51926,-0.00763
-8.82,-1.3606,228.207,-0.4512,2.51908,-0.00585
-8.9261,-1.2024,228.142,-0.44342,2.52247,-0.00685
-8.8816,-1.3399,228.339,-0.44782,2.51761,-0.00728
-8.831,-1.3259,228.254,-0.44745,2.52112,-0.00718
-8.874,-1.2702,228.245,-0.44305,2.52248,-0.00748
-8.8342,-1.2936,228.267,-0.44051,2.51658,-0.00874
-8.8331,-1.3614,228.298,-0.44796,2.51835,-0.00694
-8.8171,-1.2911,228.395,-0.44255,2.51319,-0.00987
-8.864,-1.3533,228.312,-0.44957,2.51916,-0.00689
-8.8735,-1.2978,228.317,-0.44488,2.51659,-0.00803
-8.8862,-1.2093,228.288,-0.44079,2.52448,-0.00713
-8.8209,-1.4034,228.271,-0.44821,2.51848,-0.00735
-8.864,-1.2667,228.328,-0.44246,2.51676,-0.00849
-8.7854,-1.395,228.393,-0.44514,2.51308,-0.00868
-8.8875,-1.2337,228.171,-0.44419,2.51785,-0.00642
-8.89,-1.25,228.169,-0.44472,2.52193,-0.00654
-8.8819,-1.2775,228.291,-0.44632,2.51797,-0.00806
-8.8661,-1.154,228.2,-0.43533,2.51992,-0.00894
-8.7941,-1.4165,228.328,-0.44652,2.51188,-0.00778
-8.8385,-1.3042,228.1,-0.44825,2.51839,-0.00606
-8.7837,-1.3575,228.325,-0.44552,2.5145,-0.00819
-8.8521,-1.3163,228.393,-0.44641,2.51578,-0.00741
-8.8535,-1.3836,228.214,-0.44903,2.51526,-0.00502
-8.8236,-1.3639,228.266,-0.4511,2.51685,-0.00617
-8.8645,-1.2276,228.089,-0.44573,2.51959,-0.00583
-8.8561,-1.3597,228.253,-0.4512,2.51434,-0.00666
-8.8848,-1.3749,228.179,-0.45171,2.51651,-0.00535
-8.7988,-1.2941,228.184,-0.44538,2.51402,-0.00716
-8.7921,-1.3726,228.24,-0.44808,2.51377,-0.00714
-8.8295,-1.3921,228.289,-0.44515,2.51142,-0.00738
-8.7978,-1.4094,228.332,-0.44942,2.50755,-0.00832
-8.7797,-1.407,228.419,-0.44802,2.50859,-0.0079
-8.7962,-1.3219,228.328,-0.44635,2.51125,-0.00756
-8.8488,-1.2957,228.381,-0.44307,2.51008,-0.0094
-8.761,-1.3083,228.302,-0.44549,2.51388,-0.00976
-8.8711,-1.2183,228.226,-0.44655,2.51801,-0.00789
-8.8312,-1.2064,228.264,-0.4394,2.51592,-0.00787
-8.8505,-1.2602,228.225,-0.44399,2.51777,-0.00778
-8.8184,-1.4688,228.379,-0.45115,2.5124,-0.00808
-8.8189,-1.4424,228.362,-0.45039,2.51277,-0.00773
-8.8278,-1.4047,228.335,-0.45489,2.51272,-0.00733
-8.8615,-1.311,228.265,-0.44566,2.51669,-0.00814
-8.8011,-1.4562,228.326,-0.44806,2.51148,-0.00776
-8.8518,-1.4718,228.285,-0.45643,2.51349,-0.00627
-8.9354,-1.2972,228.123,-0.45066,2.52069,-0.00526
-8.8405,-1.3455,228.169,-0.44981,2.5152,-0.00665
-8.7682,-1.4473,228.336,-0.45351,2.50923,-0.00802
-8.8108,-1.3682,228.126,-0.45445,2.5138,-0.00538
-8.797,-1.3934,228.107,-0.45479,2.51229,-0.00525
-8.8162,-1.4613,228.256,-0.45449,2.50708,-0.00479
-8.8186,-1.4757,228.434,-0.45143,2.50709,-0.00797
-8.7612,-1.4799,228.519,-0.44786,2.50742,-0.00949
-8.8405,-1.3378,228.27,-0.45131,2.50825,-0.00734
-8.8177,-1.4101,228.312,-0.45045,2.51074,-0.00763
-8.8274,-1.3718,228.362,-0.44997,2.5124,-0.00689
-8.8567,-1.4127,228.292,-0.45276,2.51302,-0.00631
-8.8626,-1.253,228.215,-0.44222,2.51411,-0.00813
-8.8242,-1.2217,228.264,-0.44043,2.50861,-0.00821
-8.7784,-1.4087,228.432,-0.44871,2.5034,-0.00909
-8.8009,-1.3563,228.32,-0.44943,2.50678,-0.00858
-8.8211,-1.4464,228.408,-0.45298,2.506,-0.00786
-8.8299,-1.4161,228.274,-0.45525,2.50664,-0.00763
-8.9119,-1.2805,228.147,-0.45366,2.51326,-0.00623
-8.8234,-1.3824,228.183,-0.45245,2.51194,-0.00692
-8.8708,-1.3126,228.257,-0.44971,2.51342,-0.00794
-8.8167,-1.3581,228.335,-0.44956,2.50968,-0.00803
-8.8052,-1.3381,228.251,-0.44859,2.50742,-0.00774
-8.865,-1.3245,228.205,-0.44883,2.51322,-0.00679
-8.8058,-1.4391,228.401,-0.44909,2.50493,-0.00828
-8.8539,-1.3095,228.27,-0.45001,2.51068,-0.00719
-8.8703,-1.2181,228.155,-0.4458,2.51536,-0.00685
-8.8401,-1.2584,228.204,-0.44317,2.50844,-0.00676
-8.8716,-1.2543,228.161,-0.44825,2.51536,-0.00722
-8.8617,-1.307,228.106,-0.45323,2.51816,-0.00465
-8.8509,-1.3986,228.226,-0.45412,2.51092,-0.00577
-8.8477,-1.3608,228.323,-0.44756,2.51204,-0.00687
-8.8245,-1.4198,228.239,-0.4511,2.51086,-0.00681
-8.8774,-1.3716,228.235,-0.45589,2.51292,-0.00589
-8.8387,-1.3937,228.216,-0.45633,2.51613,-0.00638
-8.8293,-1.2837,228.4,-0.44583,2.50939,-0.00841
-8.853,-1.2814,228.225,-0.44619,2.51054,-0.00708
-8.8197,-1.2795,228.394,-0.44433,2.51027,-0.00799
-8.8803,-1.3356,228.195,-0.44993,2.5169,-0.0056
-8.8503,-1.2866,228.246,-0.45058,2.51583,-0.00679
-8.8572,-1.2519,228.267,-0.44818,2.5126,-0.00619
-8.9036,-1.3471,228.211,-0.4544,2.51618,-0.00621
-8.791,-1.3632,228.311,-0.44747,2.50978,-0.00734
-8.8173,-1.3475,228.375,-0.44554,2.5092,-0.00791
-8.8153,-1.4358,228.397,-0.45121,2.50743,-0.00745
-8.852,-1.4645,228.406,-0.45837,2.51074,-0.00773
-8.9606,-1.1665,228.292,-0.44513,2.51769,-0.00764
-8.8566,-1.3644,228.414,-0.45091,2.5125,-0.0076
-8.8435,-1.2867,228.362,-0.44534,2.50903,-0.00819
-8.834,-1.3668,228.395,-0.45193,2.50792,-0.00706
-8.8716,-1.3835,228.262,-0.45087,2.51248,-0.00665
-8.9552,-1.333,228.134,-0.45404,2.51636,-0.00546
-8.8579,-1.4526,228.359,-0.45514,2.51122,-0.00693
-8.87,-1.3492,228.156,-0.45124,2.51057,-0.00499
-8.9008,-1.3116,228.147,-0.45256,2.51351,-0.00448
-8.8416,-1.4499,228.394,-0.45682,2.50547,-0.0069
-8.8506,-1.3373,228.456,-0.44734,2.51072,-0.00801
-8.8139,-1.5086,228.495,-0.4565,2.50672,-0.0074
-8.7989,-1.4062,228.41,-0.45126,2.50962,-0.00725
-8.8427,-1.4727,228.405,-0.45787,2.51262,-0.00617
-8.8199,-1.3694,228.39,-0.44775,2.50873,-0.00814
-8.8908,-1.2548,228.177,-0.45257,2.51522,-0.00663
-8.8284,-1.3587,228.314,-0.44991,2.50888,-0.00822
-8.8816,-1.3176,228.19,-0.45106,2.51712,-0.00658
-8.8463,-1.3465,228.3,-0.44788,2.50789,-0.00919
-8.9098,-1.2002,228.291,-0.44504,2.51568,-0.00719
-8.8837,-1.3351,228.314,-0.45161,2.51334,-0.00577
-8.8957,-1.2269,228.209,-0.44525,2.51877,-0.00522
-8.8462,-1.3272,228.298,-0.45077,2.51155,-0.00599
-8.8124,-1.3384,228.407,-0.44563,2.50802,-0.00801
-8.8532,-1.3675,228.339,-0.4528,2.51095,-0.00661
-8.7953,-1.4521,228.426,-0.45282,2.5059,-0.00886
-8.8094,-1.4528,228.389,-0.45468,2.50975,-0.00626
-8.8758,-1.2648,228.227,-0.44937,2.51561,-0.006
-8.7922,-1.4295,228.358,-0.45133,2.50795,-0.0074
-8.8456,-1.3918,228.303,-0.44894,2.50898,-0.00812
-8.8459,-1.4131,228.303,-0.45038,2.51246,-0.0064
-8.8146,-1.4939,228.346,-0.45451,2.5124,-0.00699
-8.8205,-1.4223,228.343,-0.45154,2.51514,-0.00737
-8.8867,-1.2918,228.241,-0.44994,2.518,-0.00747
-8.8597,-1.3114,228.255,-0.45031,2.51339,-0.00578
-8.8818,-1.3751,228.364,-0.44995,2.51291,-0.00685
-8.8984,-1.2429,228.188,-0.44469,2.51585,-0.00718
-8.8149,-1.285,228.357,-0.44174,2.51206,-0.00804
-8.8099,-1.4737,228.368,-0.45387,2.50981,-0.0077
-8.8654,-1.416,228.298,-0.45144,2.511,-0.00835
-8.82,-1.576,228.412,-0.45849,2.5123,-0.00647
-8.831,-1.3946,228.267,-0.45326,2.50945,-0.00676
-8.8668,-1.3474,228.278,-0.44675,2.5128,-0.0062
-8.8953,-1.3463,228.242,-0.45332,2.5178,-0.00499
-8.8516,-1.3514,228.397,-0.44676,2.5164,-0.00675
-8.841,-1.3554,228.375,-0.44592,2.51204,-0.00706
-8.8553,-1.2905,228.3,-0.44342,2.51535,-0.00662
-8.8755,-1.4023,228.296,-0.45469,2.51017,-0.00577
-8.8194,-1.3695,228.325,-0.44848,2.50867,-0.00793
-8.8623,-1.3284,228.233,-0.45093,2.5174,-0.00546
-8.8934,-1.3601,228.256,-0.45141,2.51552,-0.00628
-8.8558,-1.3484,228.331,-0.44471,2.51324,-0.00685
-8.893,-1.2714,228.308,-0.44236,2.51623,-0.00724
-8.7694,-1.4373,228.329,-0.4489,2.50809,-0.00753
-8.823,-1.4562,228.419,-0.44656,2.50809,-0.00767
-8.8142,-1.3679,228.257,-0.44492,2.51402,-0.00717
-8.8205,-1.2816,228.267,-0.44158,2.51313,-0.00807
-8.8182,-1.3896,228.341,-0.44627,2.50902,-0.00755
-8.8409,-1.3106,228.435,-0.44439,2.50848,-0.00923
-8.8888,-1.1757,228.23,-0.44213,2.51874,-0.00761
-8.8413,-1.2741,228.312,-0.44541,2.51325,-0.00703
-8.8504,-1.3357,228.349,-0.44382,2.516,-0.008
-8.8745,-1.2805,228.278,-0.44773,2.5162,-0.00704
-8.834,-1.3033,228.343,-0.44765,2.51319,-0.00822
-8.8543,-1.302,228.209,-0.44648,2.52063,-0.00571
-8.878,-1.3363,228.27,-0.44952,2.52007,-0.00605
-8.8196,-1.3554,228.322,-0.44896,2.51286,-0.00723
-8.9128,-1.2919,228.341,-0.44509,2.51983,-0.00731
-8.8842,-1.2431,228.258,-0.44603,2.51822,-0.00748
-8.8819,-1.2765,228.219,-0.44684,2.52088,-0.00585
-8.8299,-1.4163,228.335,-0.44999,2.51825,-0.00606
-8.8276,-1.3497,228.34,-0.44739,2.51719,-0.00807
-8.9392,-1.1996,228.275,-0.44726,2.52277,-0.00683
-8.8486,-1.3108,228.426,-0.44496,2.51371,-0.00844
-8.8593,-1.373,228.271,-0.44851,2.51564,-0.00686
-8.8668,-1.3364,228.27,-0.45005,2.51558,-0.00717
-8.8405,-1.2754,228.348,-0.44275,2.51432,-0.00811
-8.857,-1.2265,228.2,-0.44317,2.51783,-0.00776
-8.8589,-1.2759,228.388,-0.44339,2.51054,-0.00869
-8.8216,-1.3965,228.424,-0.45039,2.51222,-0.00747
-8.8792,-1.288,228.24,-0.44909,2.51258,-0.0069
-8.8789,-1.4135,228.288,-0.45523,2.51511,-0.00641
-8.8512,-1.3668,228.29,-0.44858,2.5122,-0.007
-8.8346,-1.3211,228.246,-0.44556,2.51127,-0.00618
-8.7858,-1.3628,228.276,-0.44422,2.51101,-0.0064
-8.8705,-1.2866,228.224,-0.44654,2.51531,-0.0061
-8.7653,-1.4151,228.352,-0.45102,2.50723,-0.00672
-8.8184,-1.215,228.356,-0.43886,2.50782,-0.00721
-8.8479,-1.3034,228.203,-0.44852,2.51246,-0.00578
-8.819,-1.2665,228.324,-0.44332,2.51442,-0.00716
-8.8339,-1.3515,228.29,-0.45011,2.5157,-0.00656
-8.7802,-1.4294,228.468,-0.45191,2.50777,-0.00904
-8.8313,-1.3506,228.337,-0.45072,2.50968,-0.00861
-8.9092,-1.1687,228.251,-0.44204,2.51923,-0.00867
-8.8802,-1.3228,228.212,-0.4489,2.51421,-0.0072
-8.8291,-1.3332,228.279,-0.44518,2.51293,-0.0077
-8.8241,-1.4024,228.39,-0.44837,2.50851,-0.00798
-8.8182,-1.3583,228.304,-0.4453,2.51065,-0.00748
-8.8181,-1.3286,228.367,-0.44317,2.50939,-0.00908
-8.7749,-1.3315,228.275,-0.44243,2.50685,-0.0081
-8.8408,-1.4769,228.305,-0.45597,2.51219,-0.0065
-8.8577,-1.3817,228.274,-0.45555,2.51687,-0.00613
-8.868,-1.2156,228.19,-0.44276,2.51112,-0.00739
-8.8452,-1.3544,228.191,-0.4524,2.51633,-0.00548
-8.8622,-1.4296,228.218,-0.45772,2.51852,-0.00524
-8.8797,-1.3689,228.254,-0.45429,2.51746,-0.00558
-8.7963,-1.5228,228.265,-0.45812,2.50857,-0.00542
-8.8276,-1.3961,228.309,-0.44626,2.51264,-0.00772
-8.8259,-1.4906,228.161,-0.4584,2.51435,-0.00438
-8.8765,-1.2212,228.111,-0.44438,2.51846,-0.00629
-8.8038,-1.4104,228.227,-0.45379,2.51211,-0.00606
-8.8773,-1.2217,228.149,-0.44343,2.51651,-0.0064
-8.8741,-1.3826,228.347,-0.44892,2.5145,-0.00681
-8.8705,-1.3667,228.356,-0.45067,2.51002,-0.00778
-8.8511,-1.3606,228.222,-0.44772,2.51423,-0.00615
-8.8555,-1.4147,228.171,-0.45319,2.5184,-0.00542
-8.8347,-1.3032,228.235,-0.44383,2.51341,-0.00855
-8.8052,-1.3906,228.408,-0.4495,2.51114,-0.00788
-8.8048,-1.4895,228.415,-0.45367,2.50961,-0.00806
-8.8883,-1.32,228.262,-0.44578,2.51488,-0.00702
-8.9195,-1.2539,228.101,-0.45069,2.52043,-0.0057
-8.8779,-1.33,228.257,-0.44951,2.51582,-0.0059
-8.8381,-1.3446,228.328,-0.44643,2.50891,-0.00695
-8.8063,-1.4301,228.243,-0.45198,2.50986,-0.0054
-8.8808,-1.2505,228.285,-0.44317,2.51185,-0.00755
-8.8484,-1.2551,228.085,-0.44699,2.52085,-0.00516
-8.885,-1.3145,228.279,-0.4484,2.51728,-0.00591
-8.8854,-1.3729,228.389,-0.45071,2.51054,-0.00795
-8.8742,-1.3133,228.33,-0.44982,2.51582,-0.00786
-8.8177,-1.4395,228.402,-0.45901,2.51184,-0.00785
-8.8834,-1.2572,228.262,-0.44681,2.51667,-0.00718
-8.8722,-1.322,228.24,-0.4464,2.51824,-0.00626
-8.8591,-1.449,228.268,-0.45631,2.51632,-0.00612
-8.8497,-1.3587,228.376,-0.45121,2.51634,-0.00783
-8.8179,-1.3789,228.413,-0.44817,2.50655,-0.00848
-8.8311,-1.3985,228.335,-0.45416,2.51168,-0.00707
-8.7738,-1.343,228.394,-0.44338,2.50934,-0.00902
-8.8628,-1.2696,228.277,-0.44215,2.51475,-0.00727
-8.8651,-1.2541,228.311,-0.44549,2.51618,-0.00659
-8.7675,-1.5919,228.458,-0.45551,2.50589,-0.00671
-8.8537,-1.3184,228.294,-0.44723,2.51172,-0.00709
-8.8388,-1.4055,228.319,-0.45277,2.51457,-0.00642
-8.8524,-1.3878,228.224,-0.45085,2.51488,-0.00615
-8.7998,-1.3866,228.237,-0.44869,2.51473,-0.00677
-8.8048,-1.3755,228.326,-0.44675,2.51188,-0.00759
-8.8108,-1.3993,228.338,-0.44879,2.51155,-0.00899
-8.8643,-1.2928,228.177,-0.44752,2.51275,-0.00718
-8.7805,-1.4543,228.333,-0.45068,2.50849,-0.00831
-8.8484,-1.3249,228.29,-0.44925,2.51309,-0.00804
-8.889,-1.2849,228.246,-0.4525,2.51367,-0.00599
-8.8922,-1.3053,228.193,-0.45142,2.51524,-0.00506
-8.8093,-1.267,228.35,-0.43895,2.50893,-0.00928
-8.7875,-1.4557,228.312,-0.45111,2.50981,-0.00687
-8.8814,-1.3246,228.138,-0.45157,2.51404,-0.00584
-8.8633,-1.3994,228.292,-0.45311,2.51428,-0.0072
-8.822,-1.4087,228.304,-0.44828,2.51439,-0.00649
-8.8844,-1.3175,228.19,-0.44886,2.5163,-0.00516
-8.8316,-1.322,228.279,-0.44986,2.51363,-0.0066
-8.8677,-1.2746,228.267,-0.44506,2.51683,-0.00625
-8.8195,-1.3438,228.345,-0.44422,2.5108,-0.00826
-8.858,-1.2335,228.292,-0.44465,2.51851,-0.00707
-8.8166,-1.4449,228.255,-0.45569,2.50944,-0.00612
-8.7443,-1.4807,228.374,-0.44913,2.5044,-0.00952
-8.8472,-1.4022,228.188,-0.4524,2.51332,-0.00709
-8.8205,-1.3375,228.224,-0.44279,2.50849,-0.00921
-8.907,-1.3255,228.271,-0.45155,2.51577,-0.00685
-8.8336,-1.3557,228.334,-0.44891,2.51561,-0.00829
-8.814,-1.3685,228.311,-0.4447,2.51115,-0.00919
-8.8505,-1.334,228.329,-0.4443,2.51153,-0.00788
-8.8191,-1.4025,228.339,-0.44801,2.51275,-0.00752
-8.8232,-1.5086,228.343,-0.45455,2.50866,-0.00692
-8.8029,-1.4198,228.478,-0.45048,2.50593,-0.00883
-8.815,-1.3847,228.369,-0.44867,2.51087,-0.00796
-8.8505,-1.4346,228.184,-0.45357,2.51372,-0.00588
-8.8581,-1.3552,228.248,-0.45009,2.51541,-0.00707
-8.8512,-1.381,228.22,-0.44969,2.51377,-0.00613
-8.9117,-1.2687,228.17,-0.44804,2.52045,-0.00582
-8.8604,-1.2697,228.194,-0.44133,2.51632,-0.00686
-8.8649,-1.3779,228.247,-0.44942,2.51642,-0.00532
-8.8196,-1.396,228.237,-0.45212,2.51456,-0.00663
-8.8479,-1.4068,228.16,-0.45489,2.51756,-0.00481
-8.7887,-1.5117,228.32,-0.45417,2.51255,-0.0075
-8.9048,-1.3548,228.11,-0.45335,2.51973,-0.00513
-8.8214,-1.2753,228.206,-0.44209,2.51072,-0.00862
-8.8717,-1.2321,228.137,-0.44232,2.51775,-0.00681
-8.8991,-1.0953,228.127,-0.43446,2.52013,-0.0075
-8.7995,-1.4092,228.393,-0.44458,2.51505,-0.00947
-8.8553,-1.3452,228.304,-0.44668,2.5167,-0.0084
-8.8416,-1.3713,228.287,-0.44856,2.5157,-0.00756
-8.8157,-1.4235,228.197,-0.4491,2.51466,-0.00679
-8.871,-1.3227,228.092,-0.44932,2.51475,-0.00502
-8.7467,-1.4844,228.278,-0.45195,2.50688,-0.00733
-8.8235,-1.3057,228.153,-0.44736,2.51993,-0.00657
-8.811,-1.4106,228.402,-0.44615,2.50999,-0.00794
-8.8007,-1.4523,228.362,-0.44834,2.50777,-0.00721
-8.8594,-1.4134,228.171,-0.44986,2.51569,-0.00553
-8.8514,-1.3906,228.267,-0.4481,2.51521,-0.00639
-8.8204,-1.4923,228.304,-0.45226,2.51432,-0.00555
-8.8311,-1.3499,228.167,-0.44765,2.5202,-0.00699
-8.8457,-1.2739,228.246,-0.44306,2.51573,-0.00717
-8.7822,-1.3743,228.387,-0.44195,2.51149,-0.00887
-8.8489,-1.311,228.206,-0.44725,2.51353,-0.00709
-8.9037,-1.2806,228.143,-0.45037,2.52276,-0.00701
-8.8771,-1.343,228.145,-0.44843,2.51712,-0.0064
-8.8154,-1.4333,228.198,-0.4498,2.51366,-0.00789
-8.8157,-1.4213,228.373,-0.44854,2.5176,-0.00904
-8.8863,-1.3396,228.26,-0.44954,2.52017,-0.00835
-8.8387,-1.3676,228.218,-0.45053,2.51639,-0.00957
-8.8184,-1.3806,228.211,-0.44517,2.51148,-0.00996
-8.8752,-1.273,228.111,-0.44502,2.51947,-0.00967
-8.8111,-1.4032,228.317,-0.4492,2.51345,-0.00942
-8.8156,-1.2983,228.179,-0.44876,2.51887,-0.0084
-8.7632,-1.214,228.196,-0.44506,2.51502,-0.00725
-8.798,-1.3496,228.045,-0.45596,2.51312,-0.00773
-8.8022,-1.287,228.078,-0.45043,2.51079,-0.00767
-8.7686,-1.3561,228.183,-0.45318,2.50719,-0.00822
-8.7552,-1.3918,228.216,-0.44946,2.5084,-0.00779
-8.8237,-1.2696,228.074,-0.44854,2.51757,-0.00672
-8.7677,-1.3401,228.238,-0.45158,2.51037,-0.00963
-8.8405,-1.2751,228.054,-0.45211,2.50755,-0.00953
-8.9471,-1.1222,227.835,-0.4488,2.50737,-0.00752
-8.8716,-1.3654,228.017,-0.45777,2.49741,-0.00729
-8.7769,-1.3952,228.203,-0.45451,2.4904,-0.00784
-8.7378,-1.3664,228.27,-0.45535,2.49117,-0.0094
-8.7911,-1.3047,228.334,-0.44465,2.49458,-0.01325
-8.8379,-1.3988,228.131,-0.45451,2.50082,-0.00954
-8.7827,-1.4398,228.256,-0.45384,2.49907,-0.01037
-8.7683,-1.3996,228.251,-0.44621,2.50204,-0.0101
-8.6562,-1.4441,228.432,-0.44819,2.4906,-0.01277
-8.7134,-1.4172,228.316,-0.44937,2.49859,-0.01154
-8.7188,-1.4092,228.271,-0.45412,2.49433,-0.01384
