-0.215,0,-0.205,0,0
-0.215,0,-0.205,0,0
-0.215,0,-0.205,0,0
-0.215,0,-0.205,0,0
-0.215,0,-0.205,0,0
-0.215,0,-0.205,0,0
-0.215,0,-0.205,0,0
-0.215,0,-0.205,0,0
-0.215,0,-0.205,0,0
-0.215,0,-0.205,0,0
-0.215,0,-0.205,0,0
-0.215,0,-0.205,0,0
-0.215,0,-0.205,0,0
-0.215,0,-0.205,0,0
-0.215,0,-0.205,0,0
-0.215,0,-0.205,0,0
-0.215,0,-0.205,0,0
-0.215,0,-0.205,0,0
-0.215,0,-0.205,0,0
-0.215,0,-0.205,0,0
-0.215,0,-0.205,0,0
-0.215,0,-0.205,0,0
-0.215,0,-0.205,0,0
-0.215,0,-0.205,0,0
-0.215,0,-0.205,0,0
-0.215,0,-0.205,0,0
-0.215,0,-0.205,0,0
-0.215,0,-0.205,0,0
-0.215,0,-0.205,0,0
-0.215,0,-0.205,0,0
-0.215,0,-0.205,0,0
-0.215,0,-0.205,0,0
-0.215,0,-0.205,0,0
-0.215,0,-0.205,0,0
-0.215,0,-0.205,0,0
-0.215,0,-0.205,0,0
-0.215,0,-0.205,0,0
-0.215,0,-0.205,0,0
-0.215,0,-0.205,0,0
-0.215,0,-0.205,0,0
-0.215,0,-0.205,0,0
-0.215,0,-0.205,0,0
-0.215,0,-0.205,0,0
-0.215,0,-0.205,0,0
-0.215,0,-0.205,0,0
-0.215,0,-0.205,0,0
-0.215,0,-0.205,0,0
-0.215,0,-0.205,0,0
-0.215,0,-0.205,0,0
-0.215,0,-0.205,0,0
-0.215,0,-0.205,0,0
-0.215,0,-0.205,0,0
-0.215,0,-0.205,0,0
-0.215,0,-0.205,0,0
-0.215,0,-0.205,0,0
-0.215,0,-0.205,0,0
-0.215,0,-0.205,0,0
-0.215,0,-0.205,0,0
-0.215,0,-0.205,0,0
-0.215,0,-0.205,0,0
-0.215,0,-0.205,0,0
-0.215,0,-0.205,0,0
-0.215,0,-0.205,0,0
-0.215,0,-0.205,0,0
-0.215,0,-0.205,0,0
-0.215,0,-0.205,0,0
-0.215,0,-0.205,0,0
-0.215,0,-0.205,0,0
-0.215,0,-0.205,0,0
-0.215,0,-0.205,0,0
-0.215,0,-0.205,0,0
-0.215,0,-0.205,0,0
-0.215,0,-0.205,0,0
-0.215,0,-0.205,0,0
-0.215,0,-0.205,0,0
-0.215,0,-0.205,0,0
-0.215,0,-0.205,0,0
-0.215,0,-0.205,0,0
-0.215,0,-0.205,0,0
-0.215,0,-0.205,0,0
-0.215,0,-0.205,0,0
-0.215,0,-0.205,0,0
-0.215,0,-0.205,0,0
-0.215,0,-0.205,0,0
-0.215,0,-0.205,0,0
-0.215,0,-0.205,0,0
-0.215,0,-0.205,0,0
-0.215,0,-0.205,0,0
-0.215,0,-0.205,0,0
-0.215,0,-0.205,0,0
-0.215,0,-0.205,0,0
-0.215,0,-0.205,0,0
-0.215,0,-0.205,0,0
-0.215,0,-0.205,0,0
-0.215,0,-0.205,0,0
-0.215,0,-0.205,0,0
-0.215,0,-0.205,0,0
-0.215,0,-0.205,0,0
-0.215,0,-0.205,0,0
-0.215,0,-0.205,0,0
-0.215,0,-0.205,0,0
-0.215,0,-0.205,0,0
-0.215,0,-0.205,0,0
-0.215,0,-0.205,0,0
-0.215,0,-0.205,0,0
-0.215,0,-0.205,0,0
-0.215,0,-0.205,0,0
-0.215,0,-0.205031,0,0
-0.215,0,-0.205124,0,0
-0.215,0,-0.205275,0,0
-0.215,0,-0.20548,0,0
-0.215,0,-0.205734,0,0
-0.215,0,-0.206032,0,0
-0.215,0,-0.20637,0,0
-0.215,0,-0.206744,0,0
-0.215,0,-0.207149,0,0
-0.215,0,-0.207581,0,0
-0.215,0,-0.208036,0,0
-0.215,0,-0.208508,0,0
-0.215,0,-0.208994,0,0
-0.215,0,-0.209488,0,0
-0.215,0,-0.209987,0,0
-0.215,0,-0.210487,0,0
-0.215,0,-0.210982,0,0
-0.215,0,-0.211468,0,0
-0.215,0,-0.211941,0,0
-0.215,0,-0.212396,0,0
-0.215,0,-0.212829,0,0
-0.215,0,-0.213236,0,0
-0.215,0,-0.213612,0,0
-0.215,0,-0.213952,0,0
-0.215,0,-0.214252,0,0
-0.215,0,-0.214508,0,0
-0.215,0,-0.214715,0,0
-0.215,0,-0.214869,0,0
-0.215,0,-0.214966,0,0
-0.215,0,-0.215,0,0
-0.215,0,-0.215,0,0
-0.215,0,-0.215,0,0
-0.215,0,-0.215,0,0
-0.215,0,-0.215,0,0
-0.215,0,-0.215,0,0
-0.215,0,-0.215,0,0
-0.215,0,-0.215,0,0
0.235,0.206714,0,0,0
0.235,0.206714,0,0,0
0.235,0.206714,0,0,0
0.235,0.206714,0,0,0
0.235,0.206714,0,0,0
0.235,0.206714,0,0,0
0.235,0.206714,0,0,0
0.285,0.206714,0,0,0
0.304012,0.207146,0,0,0
0.239857,0.207124,0,0.00292971,0
0.225222,0.207212,0,0.00290421,0
0.231512,0.207882,0,-0.00115644,0
0.234087,0.208697,0,-0.00418605,0
0.242345,0.21038,0,-0.0069787,0
0.244213,0.211852,0,-0.00824862,0
0.246726,0.213735,0,-0.0086814,0
0.24651,0.215318,0,-0.00844315,0
0.244279,0.216439,0,-0.00777863,0
0.242118,0.217492,0,-0.00749942,0
0.239636,0.218294,0,-0.00742613,0
0.236815,0.218735,0,-0.00772047,0
0.235857,0.219432,0,-0.00823129,0
0.236466,0.221217,0,-0.00893834,0
0.237528,0.223277,0,-0.0094952,0
0.236168,0.224011,0,-0.00906961,0
0.235416,0.224932,0,-0.00958487,0
0.234038,0.225361,0,-0.010764,0
0.234094,0.226659,0,-0.0136803,0
0.233937,0.227699,0,-0.0161923,0
0.233104,0.22815,0,-0.0192279,0
0.232985,0.229063,0,-0.0229436,0
0.23285,0.229863,0,-0.0266573,0
0.233204,0.231003,0,-0.0309153,0
0.234253,0.233855,0,-0.034925,0
0.234704,0.234487,0,-0.035788,0
0.234787,0.234968,0,-0.0344911,0
0.235165,0.235288,0,-0.0324062,0
0.236421,0.235432,0,-0.0279366,0
0.237647,0.235439,0,-0.0182858,0
0.237647,0.235439,0,0,0
0.237647,0.235439,0,0,0
0.237647,0.235439,0,0,0
0.237647,0.235439,0,0,0
0.237647,0.235439,0,0,0
0.237647,0.235439,0,0,0
-0.245,0,-0.225312,0,0
-0.245,0,-0.225312,0,0
-0.245,0,-0.225312,0,0
-0.245,0,-0.225312,0,0
-0.245,0,-0.225312,0,0
-0.245,0,-0.225312,0,0
-0.245,0,-0.225312,0,0
-0.245,0,-0.225312,0,0
-0.295,0,-0.225485,0,0
-0.237948,0,-0.225432,0.00611085,0
-0.227094,0,-0.225353,0.0108805,0
-0.237799,0,-0.225837,0.0146681,0
-0.236764,0,-0.226066,0.015637,0
-0.244557,0,-0.227147,0.0174004,0
-0.247071,0,-0.228111,0.0173344,0
-0.247074,0,-0.228909,0.0166516,0
-0.245345,0,-0.22941,0.015866,0
-0.244784,0,-0.230124,0.0157068,0
-0.245144,0,-0.231104,0.0159612,0
-0.244785,0,-0.231911,0.0161766,0
-0.2468,0,-0.233653,0.0167603,0
-0.246725,0,-0.234655,0.0159544,0
-0.246047,0,-0.235394,0.0159544,0
-0.245805,0,-0.236301,0.0161105,0
-0.24568,0,-0.237245,0.016506,0
-0.245281,0,-0.237964,0.0180073,0
-0.244921,0,-0.238694,0.0180073,0
-0.244179,0,-0.239027,0.0193826,0
-0.243662,0,-0.239457,0.0216152,0
-0.242934,0,-0.239626,0.0244337,0
-0.242257,0,-0.239704,0.0282665,0
-0.241055,0,-0.239236,0.0332726,0
-0.241428,0,-0.24007,0.0399291,0
-0.241723,0,-0.242979,0.0463959,0
-0.242497,0,-0.243393,0.0509154,0
-0.243068,0,-0.243711,0.053069,0
-0.243143,0,-0.243924,0.0528799,0
-0.244948,0,-0.244024,0.0516137,0
-0.246398,0,-0.24403,0.0423283,0
-0.246398,0,-0.24403,0,0
-0.246398,0,-0.24403,0,0
-0.246398,0,-0.24403,0,0
-0.246398,0,-0.24403,0,0
-0.246398,0,-0.24403,0,0
-0.246398,0,-0.24403,0,0
0.245,0.234334,0,0,0
0.245,0.234334,0,0,0
0.245,0.234334,0,0,0
0.245,0.234334,0,0,0
0.245,0.234334,0,0,0
0.245,0.234334,0,0,0
0.245,0.234334,0,0,0
0.245,0.234334,0,0,0
0.295,0.234465,0,0,0
0.236129,0.23435,0,-0.00377658,0
0.216975,0.233956,0,-0.00881619,0
0.223577,0.233902,0,-0.0136408,0
0.22449,0.233709,0,-0.01611,0
0.234148,0.234317,0,-0.0188061,0
0.242601,0.235377,0,-0.0204094,0
0.240526,0.235337,0,-0.0207796,0
0.241531,0.235783,0,-0.0219079,0
0.240321,0.235792,0,-0.0226816,0
0.24069,0.236166,0,-0.0240939,0
0.243194,0.237307,0,-0.025711,0
0.245318,0.238559,0,-0.0265453,0
0.246217,0.239504,0,-0.026358,0
0.246492,0.24023,0,-0.0257946,0
0.246379,0.240779,0,-0.0251143,0
0.246301,0.241332,0,-0.0247487,0
0.246088,0.241783,0,-0.0244676,0
0.245736,0.242088,0,-0.0245048,0
0.245118,0.242165,0,-0.0248503,0
0.244617,0.242254,0,-0.0259812,0
0.243999,0.242165,0,-0.0276462,0
0.243634,0.242228,0,-0.0304077,0
0.242546,0.241594,0,-0.0336283,0
0.242365,0.241677,0,-0.0383392,0
0.24312,0.244212,0,-0.0437137,0
0.2436,0.244444,0,-0.0468877,0
0.243946,0.244623,0,-0.047992,0
0.243992,0.244742,0,-0.0468951,0
0.244586,0.244798,0,-0.0448478,0
0.246353,0.244802,0,-0.0400977,0
0.246353,0.244802,0,0,0
0.246353,0.244802,0,0,0
0.246353,0.244802,0,0,0
0.246353,0.244802,0,0,0
0.246353,0.244802,0,0,0
0.246353,0.244802,0,0,0
-0.245,0,-0.237486,0,0
-0.245,0,-0.237486,0,0
-0.245,0,-0.237486,0,0
-0.245,0,-0.237486,0,0
-0.245,0,-0.237486,0,0
-0.245,0,-0.237486,0,0
-0.245,0,-0.237486,0,0
-0.245,0,-0.237486,0,0
-0.295,0,-0.23761,0,0
-0.231464,0,-0.237433,0.00814377,0
-0.216609,0,-0.237031,0.0134305,0
-0.223842,0,-0.236938,0.0183164,0
-0.222277,0,-0.236524,0.0203474,0
-0.230241,0,-0.236766,0.0231829,0
-0.238738,0,-0.237654,0.0251779,0
-0.237703,0,-0.237523,0.0260404,0
-0.237198,0,-0.237426,0.0273698,0
-0.235913,0,-0.23709,0.0289287,0
-0.236839,0,-0.237294,0.0309931,0
-0.240332,0,-0.238472,0.0335629,0
-0.242017,0,-0.239275,0.0349013,0
-0.24269,0,-0.239803,0.0357235,0
-0.242515,0,-0.239976,0.0363233,0
-0.241966,0,-0.239921,0.0371057,0
-0.241694,0,-0.239981,0.0383975,0
-0.241608,0,-0.24013,0.0400091,0
-0.241459,0,-0.240223,0.0419045,0
-0.240673,0,-0.239822,0.0443502,0
-0.239736,0,-0.239233,0.0470891,0
-0.239173,0,-0.238863,0.0549012,0
-0.238821,0,-0.238625,0.0549012,0
-0.238327,0,-0.238233,0.0591156,0
-0.238387,0,-0.238314,0.0631669,0
-0.239035,0,-0.241967,0.0663611,0
-0.239961,0,-0.242069,0.0693102,0
-0.24032,0,-0.242147,0.0698556,0
-0.240405,0,-0.242197,0.0698556,0
-0.241207,0,-0.242217,0.0698762,0
-0.240133,0,-0.242218,0.0698762,0
-0.240133,0,-0.242218,0,0
-0.240133,0,-0.242218,0,0
-0.240133,0,-0.242218,0,0
-0.240133,0,-0.242218,0,0
-0.240133,0,-0.242218,0,0
-0.240133,0,-0.242218,0,0
0.245,0.231718,0,0,0
0.245,0.231718,0,0,0
0.245,0.231718,0,0,0
0.245,0.231718,0,0,0
0.245,0.231718,0,0,0
0.245,0.231718,0,0,0
0.245,0.231718,0,0,0
0.245,0.231718,0,0,0
0.245,0.231733,0,0,0
0.212995,0.231573,0,0.00722401,0
0.20929,0.231267,0,0.00204593,0
0.225309,0.231473,0,-0.00421022,0
0.227666,0.23147,0,-0.00725788,0
0.236801,0.232174,0,-0.0102333,0
0.243354,0.23315,0,-0.0114854,0
0.243932,0.233655,0,-0.0122541,0
0.244577,0.234269,0,-0.0131267,0
0.246146,0.235199,0,-0.0136871,0
0.246407,0.235919,0,-0.0141313,0
0.245156,0.236188,0,-0.0141932,0
0.24485,0.236719,0,-0.0148444,0
0.243032,0.236572,0,-0.0157778,0
0.244089,0.237641,0,-0.0180242,0
0.242291,0.237439,0,-0.0196073,0
0.240802,0.237084,0,-0.022131,0
0.234638,0.233631,0,-0.0250695,0
0.231151,0.231312,0,-0.0296939,0
0.231454,0.231516,0,-0.0347194,0
0.233597,0.233231,0,-0.0394325,0
0.232267,0.232189,0,-0.0439549,0
0.234108,0.233837,0,-0.0481851,0
0.242733,0.241867,0,-0.0558757,0
0.235535,0.239245,0,-0.0550778,0
0.235239,0.239474,0,-0.0567139,0
0.239845,0.239489,0,-0.0550683,0
0.24905,0.23949,0,-0.0344271,0
0.24905,0.23949,0,-0.0343259,0
0.24905,0.23949,0,0,0
0.24905,0.23949,0,0,0
0.24905,0.23949,0,0,0
0.24905,0.23949,0,0,0
0.24905,0.23949,0,0,0
-0.245,0,-0.230943,0,0
-0.245,0,-0.230943,0,0
-0.245,0,-0.230943,0,0
-0.245,0,-0.230943,0,0
-0.245,0,-0.230943,0,0
-0.245,0,-0.230943,0,0
-0.245,0,-0.230943,0,0
-0.245,0,-0.230943,0,0
-0.245,0,-0.230945,0,0
-0.245,0,-0.231009,0,0
-0.202186,0,-0.230354,-0.0251147,0
-0.248286,0,-0.231607,-0.0190951,0
-0.247171,0,-0.231904,-0.0159213,0
-0.235875,0,-0.231375,-0.0130791,0
-0.241856,0,-0.232269,-0.00938468,0
-0.245196,0,-0.233198,-0.00691176,0
-0.252155,0,-0.235197,-0.00488163,0
-0.255853,0,-0.237046,-0.00434897,0
-0.256193,0,-0.238383,-0.00524213,0
-0.254142,0,-0.238927,-0.00680504,0
-0.251884,0,-0.23915,-0.00803418,0
-0.25116,0,-0.239839,-0.00847019,0
-0.246762,0,-0.238647,-0.00847019,0
-0.24761,0,-0.239834,-0.00777863,0
-0.245782,0,-0.239742,-0.00747284,0
-0.246919,0,-0.241105,-0.00686257,0
-0.246454,0,-0.241411,-0.00609003,0
-0.245148,0,-0.241173,-0.00379434,0
-0.245965,0,-0.242415,0.000538986,0
-0.245281,0,-0.242495,0.00429563,0
-0.245198,0,-0.242957,0.00930728,0
-0.245193,0,-0.243462,0.0153454,0
-0.238694,0,-0.237965,0.0174074,0
-0.237705,0,-0.238425,0.0231052,0
-0.238089,0,-0.238627,0.0298523,0
-0.243627,0,-0.238769,0.0326604,0
-0.239241,0,-0.238878,0.0326604,0
-0.236785,0,-0.238943,0.0349533,0
-0.233441,0,-0.238959,0.0442962,0
-0.233441,0,-0.238959,0.0641148,0
-0.233441,0,-0.238959,0,0
-0.233441,0,-0.238959,0,0
-0.233441,0,-0.238959,0,0
-0.233441,0,-0.238959,0,0
-0.233441,0,-0.238959,0,0
0.245,0.231545,0,0,0
0.245,0.231545,0,0,0
0.245,0.231545,0,0,0
0.245,0.231545,0,0,0
0.245,0.231545,0,0,0
0.245,0.231545,0,0,0
0.245,0.231545,0,0,0
0.245,0.231551,0,0,0
0.245,0.231615,0,0,0
0.234596,0.231595,0,0.0682609,0
0.23397,0.231624,0,0.0632084,0
0.235618,0.231766,0,0.0585833,0
0.240211,0.232238,0,0.0537926,0
0.244471,0.23299,0,0.0497831,0
0.258709,0.235574,0,0.0462857,0
0.269906,0.238851,0,0.0442296,0
0.280288,0.243155,0,0.0471907,0
0.283496,0.246427,0,0.0523147,0
0.283088,0.248636,0,0.0589561,0
0.283649,0.251472,0,0.0656348,0
0.281684,0.253217,0,0.0718444,0
0.275664,0.252646,0,0.0737368,0
0.271152,0.25246,0,0.0735603,0
0.272813,0.255379,0,0.0734109,0
0.296683,0.273433,0,0.0732825,0
0.328305,0.298563,0,0.0731814,0
0.331441,0.305504,0,0.0731411,0
0.315556,0.296105,0,0.0733142,0
0.291642,0.279499,0,0.0736198,0
0.26566,0.259864,0,0.0736761,0
0.278753,0.272553,0,0.0735085,0
0.259477,0.256945,0,0.0732994,0
0.263307,0.26058,0,0.073092,0
0.276874,0.261312,0,0.0728927,0
0.256011,0.261884,0,0.0726897,0
0.248639,0.262283,0,0.0724897,0
0.236161,0.262497,0,0.0722851,0
0.239075,0.262526,0,0.0720793,0
0.239075,0.262526,0,0.0718772,0
0.239075,0.262526,0,0,0
0.239075,0.262526,0,0,0
0.239075,0.262526,0,0,0
0.239075,0.262526,0,0,0
0.239075,0.262526,0,0,0
0.239075,0.262526,0,0,0
-0.245,0,-0.260207,0,0
-0.245,0,-0.260207,0,0
-0.245,0,-0.260207,0,0
-0.245,0,-0.260207,0,0
-0.245,0,-0.260207,0,0
-0.245,0,-0.260207,0,0
-0.245,0,-0.260207,0,0
-0.245,0,-0.260198,0,0
-0.245,0,-0.26014,0,0
-0.210593,0,-0.259463,-0.0286162,0
-0.217914,0,-0.258895,-0.0214301,0
-0.219239,0,-0.258082,-0.0157526,0
-0.220111,0,-0.257117,-0.00967904,0
-0.232441,0,-0.257209,-0.00330845,0
-0.240004,0,-0.257311,0.000169973,0
-0.245159,0,-0.257464,0.0017689,0
-0.247868,0,-0.257443,0.00184044,0
-0.246642,0,-0.256585,-0.00068831,0
-0.250849,0,-0.257274,-0.00268447,0
-0.250832,0,-0.25681,-0.00268447,0
-0.2509,0,-0.256378,-0.00480803,0
-0.250323,0,-0.255649,-0.00702556,0
-0.249149,0,-0.254554,-0.00922111,0
-0.247457,0,-0.253068,-0.0106615,0
-0.244729,0,-0.250797,-0.0111902,0
-0.242618,0,-0.248687,-0.00995933,0
-0.242202,0,-0.24757,-0.00693318,0
-0.241949,0,-0.246568,-0.00342719,0
-0.241711,0,-0.245598,0.000255026,0
-0.241415,0,-0.244637,0.00416145,0
-0.241642,0,-0.244113,0.00828141,0
-0.241746,0,-0.24361,0.0120393,0
-0.241382,0,-0.242823,0.0147884,0
-0.241375,0,-0.242355,0.0180462,0
-0.24203,0,-0.241979,0.0183403,0
-0.243071,0,-0.241703,0.0192613,0
-0.244044,0,-0.241535,0.0164279,0
-0.242572,0,-0.241483,0.00808269,0
-0.242572,0,-0.241483,0.00505534,0
-0.242572,0,-0.241483,0,0
-0.242572,0,-0.241483,0,0
-0.242572,0,-0.241483,0,0
-0.242572,0,-0.241483,0,0
-0.242572,0,-0.241483,0,0
-0.242572,0,-0.241483,0,0
0.245,0.231477,0,0,0
0.245,0.231477,0,0,0
0.245,0.231477,0,0,0
0.245,0.231477,0,0,0
0.245,0.231477,0,0,0
0.245,0.231477,0,0,0
0.245,0.231477,0,0,0
0.245,0.231477,0,0,0
0.295,0.231819,0,0,0
0.236086,0.23154,0,-0.008316,0
0.228317,0.231386,0,-0.013409,0
0.230631,0.231435,0,-0.0161531,0
0.233613,0.231637,0,-0.0181175,0
0.239317,0.232303,0,-0.0199117,0
0.240356,0.232718,0,-0.0202085,0
0.243918,0.233689,0,-0.0204868,0
0.245132,0.23447,0,-0.0197368,0
0.244194,0.234807,0,-0.018767,0
0.245065,0.235665,0,-0.0183047,0
0.243794,0.235857,0,-0.0170901,0
0.242291,0.235837,0,-0.0166095,0
0.24102,0.235785,0,-0.0170351,0
0.24303,0.237282,0,-0.0195545,0
0.240771,0.236598,0,-0.0195545,0
0.239425,0.236237,0,-0.0214448,0
0.237758,0.235533,0,-0.0242242,0
0.236348,0.234852,0,-0.0286345,0
0.235622,0.234531,0,-0.0345879,0
0.234946,0.234218,0,-0.0413378,0
0.235541,0.23485,0,-0.0479786,0
0.235511,0.234974,0,-0.0532934,0
0.236204,0.235728,0,-0.0583151,0
0.237077,0.237239,0,-0.062433,0
0.237182,0.237396,0,-0.0651461,0
0.237954,0.237518,0,-0.0656149,0
0.239302,0.237607,0,-0.0679574,0
0.240221,0.23766,0,-0.0693144,0
0.240694,0.237676,0,-0.0685233,0
0.240694,0.237676,0,-0.0685233,0
0.240694,0.237676,0,0,0
0.240694,0.237676,0,0,0
0.240694,0.237676,0,0,0
0.240694,0.237676,0,0,0
0.240694,0.237676,0,0,0
0.240694,0.237676,0,0,0
-0.245,0,-0.226467,0,0
-0.245,0,-0.226467,0,0
-0.245,0,-0.226467,0,0
-0.245,0,-0.226467,0,0
-0.245,0,-0.226467,0,0
-0.245,0,-0.226467,0,0
-0.245,0,-0.226467,0,0
-0.245,0,-0.226468,0,0
-0.295,0,-0.226713,0,0
-0.231317,0,-0.226521,0.00459941,0
-0.215737,0,-0.226199,0.0106533,0
-0.227411,0,-0.22651,0.0160945,0
-0.226941,0,-0.2265,0.0189865,0
-0.238505,0,-0.227756,0.0226007,0
-0.240177,0,-0.228408,0.0232682,0
-0.238412,0,-0.228602,0.0233286,0
-0.239032,0,-0.229224,0.0243191,0
-0.237907,0,-0.229463,0.0252683,0
-0.238144,0,-0.230063,0.0266875,0
-0.238185,0,-0.230628,0.0283184,0
-0.238113,0,-0.231167,0.0299229,0
-0.236865,0,-0.231163,0.0319213,0
-0.239709,0,-0.233121,0.0348782,0
-0.240929,0,-0.234472,0.0366811,0
-0.24126,0,-0.235384,0.0378458,0
-0.241051,0,-0.235963,0.0389125,0
-0.240936,0,-0.236568,0.0403573,0
-0.240864,0,-0.237169,0.042009,0
-0.24033,0,-0.237347,0.0438105,0
-0.240233,0,-0.237827,0.0462309,0
-0.239693,0,-0.237874,0.0489156,0
-0.238783,0,-0.237488,0.0517951,0
-0.238578,0,-0.237667,0.055543,0
-0.238707,0,-0.241186,0.0593363,0
-0.239576,0,-0.241507,0.0615919,0
-0.239591,0,-0.241747,0.0643424,0
-0.239741,0,-0.241899,0.0663263,0
-0.240509,0,-0.241956,0.0679175,0
-0.243242,0,-0.241956,0.069414,0
-0.243242,0,-0.241956,0,0
-0.243242,0,-0.241956,0,0
-0.243242,0,-0.241956,0,0
-0.243242,0,-0.241956,0,0
-0.243242,0,-0.241956,0,0
-0.243242,0,-0.241956,0,0
0.245,0.232731,0,0,0
0.245,0.232731,0,0,0
0.245,0.232731,0,0,0
0.245,0.232731,0,0,0
0.245,0.232731,0,0,0
0.245,0.232731,0,0,0
0.245,0.232731,0,0,0
0.245,0.232731,0,0,0
0.245,0.232749,0,0,0
0.20436,0.232484,0,0.00323363,0
0.20775,0.23219,0,-0.00302192,0
0.220303,0.232233,0,-0.00896487,0
0.220087,0.231931,0,-0.0123713,0
0.23119,0.232589,0,-0.0164796,0
0.238364,0.233437,0,-0.0186207,0
0.239255,0.233784,0,-0.0200215,0
0.243217,0.234848,0,-0.0227197,0
0.240429,0.234606,0,-0.0227197,0
0.241423,0.235235,0,-0.0241925,0
0.242238,0.235921,0,-0.0254883,0
0.243427,0.236834,0,-0.0265088,0
0.244213,0.237713,0,-0.0271545,0
0.244557,0.238452,0,-0.0276765,0
0.244054,0.23876,0,-0.0280746,0
0.244119,0.239374,0,-0.0288649,0
0.243932,0.239798,0,-0.029853,0
0.243844,0.240272,0,-0.0311549,0
0.243416,0.240474,0,-0.0328003,0
0.242842,0.240504,0,-0.0351069,0
0.241685,0.240062,0,-0.0381756,0
0.240931,0.239755,0,-0.0417609,0
0.239861,0.239075,0,-0.0458739,0
0.239771,0.23921,0,-0.0508535,0
0.24065,0.242899,0,-0.0563393,0
0.241704,0.243126,0,-0.0595735,0
0.241941,0.243297,0,-0.0621264,0
0.241632,0.243406,0,-0.0641536,0
0.24224,0.243449,0,-0.0667336,0
0.244638,0.24345,0,-0.0650907,0
0.244638,0.24345,0,0,0
0.244638,0.24345,0,0,0
0.244638,0.24345,0,0,0
0.244638,0.24345,0,0,0
0.244638,0.24345,0,0,0
0.244638,0.24345,0,0,0
-0.245,0,-0.234888,0,0
-0.245,0,-0.234888,0,0
-0.245,0,-0.234888,0,0
-0.245,0,-0.234888,0,0
-0.245,0,-0.234888,0,0
-0.245,0,-0.234888,0,0
-0.245,0,-0.234888,0,0
-0.245,0,-0.234888,0,0
-0.295,0,-0.234999,0,0
-0.225813,0,-0.234812,0.00546941,0
-0.207721,0,-0.234321,0.0117323,0
-0.219263,0,-0.234278,0.0181053,0
-0.217867,0,-0.233726,0.0211102,0
-0.229259,0,-0.234337,0.024754,0
-0.231524,0,-0.234448,0.026313,0
-0.238053,0,-0.235423,0.0280253,0
-0.237169,0,-0.235363,0.029111,0
-0.238953,0,-0.23591,0.0307173,0
-0.239512,0,-0.236259,0.0321208,0
-0.24075,0,-0.236905,0.0335318,0
-0.241668,0,-0.237548,0.0347828,0
-0.24159,0,-0.237847,0.035748,0
-0.241818,0,-0.238292,0.0369056,0
-0.242596,0,-0.239068,0.0383719,0
-0.242816,0,-0.239581,0.0394965,0
-0.242807,0,-0.239961,0.0406194,0
-0.242478,0,-0.240098,0.0420562,0
-0.24177,0,-0.239927,0.0437072,0
-0.241416,0,-0.239953,0.0461577,0
-0.24078,0,-0.239692,0.0489794,0
-0.24008,0,-0.239319,0.0523976,0
-0.239379,0,-0.238877,0.0563613,0
-0.239904,0,-0.239494,0.0603886,0
-0.24024,0,-0.242706,0.0638929,0
-0.240971,0,-0.242888,0.066379,0
-0.241477,0,-0.243022,0.0682556,0
-0.241709,0,-0.24311,0.0692853,0
-0.242486,0,-0.243145,0.0701737,0
-0.244765,0,-0.243145,0.0701745,0
-0.244765,0,-0.243145,0,0
-0.244765,0,-0.243145,0,0
-0.244765,0,-0.243145,0,0
-0.244765,0,-0.243145,0,0
-0.244765,0,-0.243145,0,0
-0.244765,0,-0.243145,0,0
0.245,0.233415,0,0,0
0.245,0.233415,0,0,0
0.245,0.233415,0,0,0
0.245,0.233415,0,0,0
0.245,0.233415,0,0,0
0.245,0.233415,0,0,0
0.245,0.233415,0,0,0
0.245,0.233415,0,0,0
0.245,0.233428,0,0,0
0.210382,0.233237,0,0.00840863,0
0.211473,0.232973,0,0.00250032,0
0.223067,0.23302,0,-0.00310639,0
0.223131,0.232787,0,-0.00651977,0
0.231842,0.233275,0,-0.0101755,0
0.24039,0.234268,0,-0.0128995,0
0.253873,0.236719,0,-0.0194139,0
0.241275,0.234966,0,-0.0156336,0
0.241316,0.235305,0,-0.017241,0
0.244989,0.236716,0,-0.0205965,0
0.241702,0.236149,0,-0.0205965,0
0.241047,0.236299,0,-0.0223127,0
0.242384,0.237241,0,-0.026896,0
0.243944,0.238443,0,-0.026896,0
0.243828,0.238907,0,-0.0281951,0
0.241695,0.238182,0,-0.0296343,0
0.241787,0.238746,0,-0.0330312,0
0.242117,0.239369,0,-0.0360067,0
0.241918,0.239622,0,-0.0388305,0
0.24185,0.239941,0,-0.0420254,0
0.241243,0.239794,0,-0.0453232,0
0.240614,0.239546,0,-0.0489905,0
0.240554,0.239743,0,-0.0533384,0
0.240983,0.240358,0,-0.0576746,0
0.241313,0.243223,0,-0.0610351,0
0.241714,0.243448,0,-0.0635843,0
0.24221,0.243618,0,-0.0660156,0
0.242487,0.24373,0,-0.0679501,0
0.242742,0.243779,0,-0.0688616,0
0.244814,0.243781,0,-0.069904,0
0.244814,0.243781,0,0,0
0.244814,0.243781,0,0,0
0.244814,0.243781,0,0,0
0.244814,0.243781,0,0,0
0.244814,0.243781,0,0,0
0.244814,0.243781,0,0,0
-0.245,0,-0.234634,0,0
-0.245,0,-0.234634,0,0
-0.245,0,-0.234634,0,0
-0.245,0,-0.234634,0,0
-0.245,0,-0.234634,0,0
-0.245,0,-0.234634,0,0
-0.245,0,-0.234634,0,0
-0.245,0,-0.234634,0,0
-0.295,0,-0.234713,0,0
-0.231412,0,-0.23461,0.00193285,0
-0.212228,0,-0.234199,0.00795119,0
-0.222021,0,-0.234166,0.0139511,0
-0.233482,0,-0.234565,0.020875,0
-0.228555,0,-0.234103,0.020875,0
-0.228891,0,-0.233903,0.0227123,0
-0.229301,0,-0.233763,0.024331,0
-0.229578,0,-0.233611,0.0261504,0
-0.230246,0,-0.233562,0.0278524,0
-0.232196,0,-0.233929,0.0299425,0
-0.233487,0,-0.234249,0.0315338,0
-0.233532,0,-0.234212,0.0327116,0
-0.23367,0,-0.234217,0.0341295,0
-0.23465,0,-0.234642,0.0357186,0
-0.235721,0,-0.235213,0.0371995,0
-0.236584,0,-0.235768,0.0384113,0
-0.2364,0,-0.235747,0.0390869,0
-0.236162,0,-0.235669,0.0400271,0
-0.235952,0,-0.235588,0.0413603,0
-0.235271,0,-0.235122,0.0429801,0
-0.234632,0,-0.234633,0.0447487,0
-0.234307,0,-0.234357,0.0476985,0
-0.233643,0,-0.233762,0.0508853,0
-0.233556,0,-0.233651,0.0546558,0
-0.23366,0,-0.235323,0.0582938,0
-0.233921,0,-0.23534,0.061519,0
-0.234526,0,-0.235353,0.0613937,0
-0.234776,0,-0.235362,0.0640938,0
-0.235723,0,-0.235366,0.0661781,0
-0.237957,0,-0.235367,0.0676938,0
-0.237957,0,-0.235367,0.0643951,0
-0.237957,0,-0.235367,0,0
-0.237957,0,-0.235367,0,0
-0.237957,0,-0.235367,0,0
-0.237957,0,-0.235367,0,0
-0.237957,0,-0.235367,0,0
0.245,0.227607,0,0,0
0.245,0.227607,0,0,0
0.245,0.227607,0,0,0
0.245,0.227607,0,0,0
0.245,0.227607,0,0,0
0.245,0.227607,0,0,0
0.245,0.227607,0,0,0
0.245,0.227607,0,0,0
0.295,0.227623,0,0,0
0.295,0.228077,0,0,0
0.235912,0.227737,0,-0.00711553,0
0.221683,0.227422,0,-0.0121998,0
0.221348,0.227275,0,-0.0157883,0
0.22821,0.227655,0,-0.019337,0
0.232674,0.228161,0,-0.0219753,0
0.231326,0.228175,0,-0.0236417,0
0.23345,0.228723,0,-0.0255613,0
0.233808,0.229051,0,-0.0271873,0
0.234994,0.229651,0,-0.0287184,0
0.235718,0.230223,0,-0.0302005,0
0.23785,0.231406,0,-0.0315858,0
0.237101,0.231591,0,-0.0325493,0
0.236669,0.231846,0,-0.0337597,0
0.23668,0.232301,0,-0.0353651,0
0.235832,0.232269,0,-0.0371667,0
0.235863,0.23269,0,-0.0395365,0
0.236611,0.23357,0,-0.0422771,0
0.236587,0.233971,0,-0.0446139,0
0.236086,0.233993,0,-0.0472206,0
0.23593,0.234227,0,-0.0501358,0
0.235703,0.234366,0,-0.0532861,0
0.235075,0.234103,0,-0.0564385,0
0.234166,0.233527,0,-0.0599474,0
0.234319,0.234605,0,-0.0636843,0
0.235639,0.234787,0,-0.0667368,0
0.236777,0.234929,0,-0.0667532,0
0.237313,0.235037,0,-0.0684997,0
0.237997,0.2351,0,-0.0692368,0
0.238653,0.235115,0,-0.0697146,0
0.238653,0.235115,0,-0.0700236,0
0.238653,0.235115,0,0,0
0.238653,0.235115,0,0,0
0.238653,0.235115,0,0,0
0.238653,0.235115,0,0,0
0.238653,0.235115,0,0,0
0.238653,0.235115,0,0,0
-0.245,0,-0.226907,0,0
-0.245,0,-0.226907,0,0
-0.245,0,-0.226907,0,0
-0.245,0,-0.226907,0,0
-0.245,0,-0.226907,0,0
-0.245,0,-0.226907,0,0
-0.245,0,-0.226907,0,0
-0.245,0,-0.226907,0,0
-0.295,0,-0.22718,0,0
-0.239646,0,-0.227057,0.00544186,0
-0.229758,0,-0.226982,0.010109,0
-0.233865,0,-0.227228,0.0128799,0
-0.235158,0,-0.227494,0.0147927,0
-0.236195,0,-0.227843,0.0163394,0
-0.23373,0,-0.227819,0.0176084,0
-0.234438,0,-0.228191,0.0200168,0
-0.233516,0,-0.228294,0.0221887,0
-0.23454,0,-0.228917,0.0250713,0
-0.236096,0,-0.229751,0.0277439,0
-0.236879,0,-0.230463,0.0298373,0
-0.237134,0,-0.231048,0.0317953,0
-0.237633,0,-0.231778,0.0339678,0
-0.237856,0,-0.232423,0.0360909,0
-0.2384,0,-0.233266,0.0384071,0
-0.239091,0,-0.234264,0.04068,0
-0.239244,0,-0.234937,0.0448553,0
-0.239482,0,-0.235682,0.0448553,0
-0.239396,0,-0.236186,0.0469924,0
-0.239432,0,-0.23675,0.0493175,0
-0.238984,0,-0.236867,0.0516619,0
-0.238483,0,-0.236885,0.0543938,0
-0.23815,0,-0.236977,0.0607555,0
-0.237791,0,-0.23698,0.0607555,0
-0.238157,0,-0.240785,0.0639433,0
-0.238937,0,-0.241084,0.0656795,0
-0.238977,0,-0.241306,0.0675056,0
-0.238711,0,-0.241447,0.0688045,0
-0.239702,0,-0.241494,0.0699974,0
-0.239702,0,-0.241494,0.0700003,0
-0.239702,0,-0.241494,0,0
-0.239702,0,-0.241494,0,0
-0.239702,0,-0.241494,0,0
-0.239702,0,-0.241494,0,0
-0.239702,0,-0.241494,0,0
-0.239702,0,-0.241494,0,0
0.245,0.23266,0,0,0
0.245,0.23266,0,0,0
0.245,0.23266,0,0,0
0.245,0.23266,0,0,0
0.245,0.23266,0,0,0
0.245,0.23266,0,0,0
0.245,0.23266,0,0,0
0.245,0.23266,0,0,0
0.245,0.232681,0,0,0
0.208596,0.232437,0,0.0102401,0
0.225833,0.232505,0,0.0033733,0
0.232576,0.232657,0,-0.00125892,0
0.234394,0.232774,0,-0.00413209,0
0.243127,0.233655,0,-0.00724639,0
0.241555,0.233797,0,-0.00791829,0
0.24305,0.234367,0,-0.00919011,0
0.243201,0.23481,0,-0.0102177,0
0.243931,0.235437,0,-0.0111664,0
0.245285,0.236347,0,-0.0121084,0
0.245625,0.237053,0,-0.0125061,0
0.245128,0.237487,0,-0.0128136,0
0.24462,0.237879,0,-0.0132554,0
0.244785,0.238556,0,-0.0142544,0
0.24397,0.23871,0,-0.0152924,0
0.2433,0.238879,0,-0.0168222,0
0.243972,0.239824,0,-0.0191493,0
0.24414,0.240477,0,-0.0211322,0
0.244053,0.240942,0,-0.0229741,0
0.244015,0.241414,0,-0.0251228,0
0.243621,0.241563,0,-0.0273766,0
0.242051,0.240636,0,-0.0303095,0
0.241678,0.240636,0,-0.0340292,0
0.242221,0.241415,0,-0.0402494,0
0.242761,0.243789,0,-0.0451924,0
0.243387,0.244048,0,-0.0475208,0
0.243643,0.244245,0,-0.0481974,0
0.244376,0.244376,0,-0.0474654,0
0.244988,0.244435,0,-0.0428632,0
0.246584,0.244438,0,-0.034471,0
0.246584,0.244438,0,0,0
0.246584,0.244438,0,0,0
0.246584,0.244438,0,0,0
0.246584,0.244438,0,0,0
0.246584,0.244438,0,0,0
0.246584,0.244438,0,0,0
-0.245,0,-0.236431,0,0
-0.245,0,-0.236431,0,0
-0.245,0,-0.236431,0,0
-0.245,0,-0.236431,0,0
-0.245,0,-0.236431,0,0
-0.245,0,-0.236431,0,0
-0.245,0,-0.236431,0,0
-0.245,0,-0.236431,0,0
-0.245,0,-0.236446,0,0
-0.198012,0,-0.236078,-0.000579627,0
-0.214177,0,-0.235932,0.00683732,0
-0.223347,0,-0.235892,0.0120692,0
-0.228669,0,-0.235925,0.0150481,0
-0.23821,0,-0.236599,0.0188105,0
-0.239463,0,-0.236816,0.0200661,0
-0.240787,0,-0.237145,0.0211274,0
-0.240231,0,-0.237204,0.0220409,0
-0.240327,0,-0.237389,0.0232554,0
-0.239981,0,-0.2375,0.0245796,0
-0.24081,0,-0.237959,0.0260009,0
-0.241664,0,-0.23851,0.0273931,0
-0.241871,0,-0.23886,0.0285,0
-0.242061,0,-0.239225,0.0297373,0
-0.240334,0,-0.238557,0.0309762,0
-0.241635,0,-0.239529,0.0338277,0
-0.241632,0,-0.23978,0.0356969,0
-0.241278,0,-0.239781,0.0377353,0
-0.240735,0,-0.239602,0.0401211,0
-0.240354,0,-0.239485,0.0431333,0
-0.239989,0,-0.239346,0.0465477,0
-0.239226,0,-0.238827,0.0502794,0
-0.238923,0,-0.238649,0.0546542,0
-0.238633,0,-0.238458,0.0588823,0
-0.239434,0,-0.242158,0.0630386,0
-0.240186,0,-0.242285,0.0652327,0
-0.240653,0,-0.242381,0.0672696,0
-0.240665,0,-0.242443,0.0686903,0
-0.241581,0,-0.242467,0.0699721,0
-0.244447,0,-0.242467,0.0699805,0
-0.244447,0,-0.242467,0,0
-0.244447,0,-0.242467,0,0
-0.244447,0,-0.242467,0,0
-0.244447,0,-0.242467,0,0
-0.244447,0,-0.242467,0,0
-0.244447,0,-0.242467,0,0
0.245,0.232902,0,0,0
0.245,0.232902,0,0,0
0.245,0.232902,0,0,0
0.245,0.232902,0,0,0
0.245,0.232902,0,0,0
0.245,0.232902,0,0,0
0.245,0.232902,0,0,0
0.245,0.232902,0,0,0
0.245,0.232918,0,0,0
0.207697,0.232695,0,0.0040247,0
0.206246,0.232348,0,-0.00189653,0
0.219728,0.232388,0,-0.00811189,0
0.224395,0.232372,0,-0.011678,0
0.231735,0.232797,0,-0.0146718,0
0.240112,0.233797,0,-0.0171787,0
0.242165,0.234389,0,-0.0182443,0
0.242287,0.234778,0,-0.0191545,0
0.243242,0.235405,0,-0.0200261,0
0.243623,0.235975,0,-0.0208125,0
0.243306,0.236369,0,-0.0214382,0
0.24392,0.237114,0,-0.022574,0
0.244511,0.237911,0,-0.0233443,0
0.244666,0.238564,0,-0.0240801,0
0.243638,0.238591,0,-0.0248404,0
0.242634,0.238542,0,-0.0263547,0
0.242999,0.239248,0,-0.0290086,0
0.243551,0.240104,0,-0.0316004,0
0.243749,0.240739,0,-0.0339439,0
0.242512,0.240357,0,-0.036246,0
0.242755,0.24095,0,-0.0394375,0
0.242445,0.24106,0,-0.0422893,0
0.242464,0.241406,0,-0.0454992,0
0.242453,0.241689,0,-0.0484411,0
0.242934,0.244093,0,-0.0516291,0
0.243692,0.244344,0,-0.0543671,0
0.244422,0.244491,0,-0.0548108,0
0.245122,0.244629,0,-0.0527691,0
0.245987,0.244696,0,-0.0473844,0
0.247053,0.244701,0,-0.0385552,0
0.247053,0.244701,0,0,0
0.247053,0.244701,0,0,0
0.247053,0.244701,0,0,0
0.247053,0.244701,0,0,0
0.247053,0.244701,0,0,0
0.247053,0.244701,0,0,0
-0.245,0,-0.235013,0,0
-0.245,0,-0.235013,0,0
-0.245,0,-0.235013,0,0
-0.245,0,-0.235013,0,0
-0.245,0,-0.235013,0,0
-0.245,0,-0.235013,0,0
-0.245,0,-0.235013,0,0
-0.245,0,-0.235013,0,0
-0.295,0,-0.235124,0,0
-0.235039,0,-0.235013,0.00767246,0
-0.21766,0,-0.23465,0.0129527,0
-0.217682,0,-0.234339,0.0174489,0
-0.222652,0,-0.234247,0.0208199,0
-0.234054,0,-0.234919,0.0252529,0
-0.230882,0,-0.234473,0.0252529,0
-0.237757,0,-0.235477,0.0271547,0
-0.238062,0,-0.23565,0.0284196,0
-0.236823,0,-0.235467,0.0298444,0
-0.236303,0,-0.235394,0.0316809,0
-0.237888,0,-0.235997,0.0342636,0
-0.23749,0,-0.23598,0.0364405,0
-0.240081,0,-0.237239,0.0393975,0
-0.240322,0,-0.237608,0.0411561,0
-0.240152,0,-0.237781,0.0429276,0
-0.240462,0,-0.238223,0.045093,0
-0.240716,0,-0.23865,0.047294,0
-0.240378,0,-0.238689,0.0493364,0
-0.240359,0,-0.238919,0.0519377,0
-0.239705,0,-0.238646,0.0544894,0
-0.239359,0,-0.238556,0.0575553,0
-0.238788,0,-0.238229,0.0606525,0
-0.238138,0,-0.237785,0.0638386,0
-0.237893,0,-0.237656,0.0668228,0
-0.238748,0,-0.241587,0.068985,0
-0.239727,0,-0.241741,0.0697437,0
-0.240525,0,-0.241854,0.0700026,0
-0.241165,0,-0.241929,0.0700082,0
-0.232931,0,-0.241959,0.070016,0
-0.223744,0,-0.241959,0.0700257,0
-0.223744,0,-0.241959,0,0
-0.223744,0,-0.241959,0,0
-0.223744,0,-0.241959,0,0
-0.223744,0,-0.241959,0,0
-0.223744,0,-0.241959,0,0
-0.223744,0,-0.241959,0,0
0.245,0.232229,0,0,0
0.245,0.232229,0,0,0
0.245,0.232229,0,0,0
0.245,0.232229,0,0,0
0.245,0.232229,0,0,0
0.245,0.232229,0,0,0
0.245,0.232229,0,0,0
0.245,0.232229,0,0,0
0.245,0.23224,0,0,0
0.21024,0.232068,0,0.0168072,0
0.207017,0.231739,0,0.0104393,0
0.21661,0.231649,0,0.00354506,0
0.22013,0.231507,0,-0.00136371,0
0.230111,0.232043,0,-0.00626772,0
0.232927,0.232312,0,-0.00872153,0
0.2366,0.23291,0,-0.0109936,0
0.245848,0.234911,0,-0.0127113,0
0.246077,0.23554,0,-0.0128546,0
0.246997,0.236418,0,-0.0134925,0
0.24491,0.236405,0,-0.0135225,0
0.243791,0.23658,0,-0.0144786,0
0.243851,0.237172,0,-0.0162327,0
0.244355,0.238004,0,-0.0180659,0
0.243988,0.238417,0,-0.0198194,0
0.243993,0.239005,0,-0.022262,0
0.24348,0.239245,0,-0.0245294,0
0.243013,0.239471,0,-0.0274656,0
0.242884,0.239878,0,-0.0311372,0
0.242739,0.24024,0,-0.0351796,0
0.242332,0.240441,0,-0.0396897,0
0.242104,0.240634,0,-0.0434629,0
0.242136,0.241008,0,-0.0475818,0
0.242285,0.241452,0,-0.0519018,0
0.243215,0.244173,0,-0.0552508,0
0.24386,0.244448,0,-0.0578146,0
0.244146,0.244656,0,-0.0598749,0
0.245002,0.244766,0,-0.0614436,0
0.245825,0.244845,0,-0.0575057,0
0.246917,0.244854,0,-0.0492359,0
0.246917,0.244854,0,0,0
0.246917,0.244854,0,0,0
0.246917,0.244854,0,0,0
0.246917,0.244854,0,0,0
0.246917,0.244854,0,0,0
0.246917,0.244854,0,0,0
-0.245,0,-0.234154,0,0
-0.245,0,-0.234154,0,0
-0.245,0,-0.234154,0,0
-0.245,0,-0.234154,0,0
-0.245,0,-0.234154,0,0
-0.245,0,-0.234154,0,0
-0.245,0,-0.234154,0,0
-0.245,0,-0.234154,0,0
-0.295,0,-0.234234,0,0
-0.235878,0,-0.234167,0.00544611,0
-0.213192,0,-0.233747,0.0105281,0
-0.223736,0,-0.233768,0.0162313,0
-0.223504,0,-0.233519,0.0186223,0
-0.235488,0,-0.234282,0.0219765,0
-0.238003,0,-0.234648,0.022339,0
-0.244932,0,-0.235951,0.0231763,0
-0.24377,0,-0.236037,0.02293,0
-0.243043,0,-0.236267,0.023322,0
-0.242326,0,-0.236459,0.0241604,0
-0.243045,0,-0.237074,0.0255116,0
-0.243202,0,-0.237669,0.0266657,0
-0.242786,0,-0.237933,0.0277796,0
-0.242807,0,-0.238373,0.0291367,0
-0.243802,0,-0.239339,0.0309397,0
-0.244325,0,-0.240138,0.0323578,0
-0.244645,0,-0.240839,0.0336594,0
-0.244389,0,-0.241163,0.0348151,0
-0.243802,0,-0.241189,0.0362976,0
-0.243719,0,-0.241548,0.0383255,0
-0.243215,0,-0.241532,0.0407611,0
-0.241849,0,-0.240704,0.043707,0
-0.24167,0,-0.240814,0.0481513,0
-0.241585,0,-0.24097,0.0525742,0
-0.241948,0,-0.24392,0.0570595,0
-0.242781,0,-0.244144,0.0603185,0
-0.243375,0,-0.244314,0.062838,0
-0.243571,0,-0.244426,0.0647382,0
-0.244431,0,-0.244474,0.0666216,0
-0.246859,0,-0.244476,0.0638043,0
-0.246859,0,-0.244476,0,0
-0.246859,0,-0.244476,0,0
-0.246859,0,-0.244476,0,0
-0.246859,0,-0.244476,0,0
-0.246859,0,-0.244476,0,0
-0.246859,0,-0.244476,0,0
0.245,0.234956,0,0,0
0.245,0.234956,0,0,0
0.245,0.234956,0,0,0
0.245,0.234956,0,0,0
0.245,0.234956,0,0,0
0.245,0.234956,0,0,0
0.245,0.234956,0,0,0
0.245,0.234956,0,0,0
0.245,0.234965,0,0,0
0.211673,0.234786,0,0.000820004,0
0.210836,0.234489,0,-0.00448842,0
0.223973,0.234547,0,-0.00993618,0
0.224011,0.234303,0,-0.0127398,0
0.234746,0.234937,0,-0.0161823,0
0.235708,0.235046,0,-0.0170754,0
0.243132,0.236237,0,-0.0184588,0
0.24548,0.237012,0,-0.019351,0
0.244492,0.237229,0,-0.019351,0
0.245537,0.237949,0,-0.0199692,0
0.246265,0.238691,0,-0.0202649,0
0.247047,0.239531,0,-0.0203794,0
0.247431,0.24029,0,-0.0199475,0
0.247331,0.240864,0,-0.019817,0
0.246749,0.241177,0,-0.0196312,0
0.246305,0.241508,0,-0.0200848,0
0.245773,0.241717,0,-0.0208895,0
0.245658,0.242171,0,-0.0223584,0
0.244877,0.242093,0,-0.0238645,0
0.244233,0.242041,0,-0.0264494,0
0.243333,0.241693,0,-0.0298677,0
0.24257,0.241377,0,-0.0346911,0
0.241696,0.240871,0,-0.0406987,0
0.240739,0.240254,0,-0.0477561,0
0.241378,0.243551,0,-0.0538429,0
0.242301,0.24375,0,-0.0580954,0
0.242492,0.243902,0,-0.061538,0
0.242679,0.244003,0,-0.064289,0
0.243689,0.244048,0,-0.0670157,0
0.246016,0.244051,0,-0.0661327,0
0.246016,0.244051,0,0,0
0.246016,0.244051,0,0,0
0.246016,0.244051,0,0,0
0.246016,0.244051,0,0,0
0.246016,0.244051,0,0,0
0.246016,0.244051,0,0,0
-0.245,0,-0.235731,0,0
-0.245,0,-0.235731,0,0
-0.245,0,-0.235731,0,0
-0.245,0,-0.235731,0,0
-0.245,0,-0.235731,0,0
-0.245,0,-0.235731,0,0
-0.245,0,-0.235731,0,0
-0.245,0,-0.235731,0,0
-0.295,0,-0.235794,0,0
-0.237211,0,-0.235741,0.00449484,0
-0.210703,0,-0.235263,0.00944298,0
-0.219543,0,-0.235148,0.0155468,0
-0.22142,0,-0.234897,0.0188862,0
-0.23332,0,-0.235505,0.0223121,0
-0.23727,0,-0.235926,0.0235689,0
-0.23572,0,-0.235729,0.0233866,0
-0.233113,0,-0.235204,0.0234134,0
-0.233769,0,-0.235254,0.0245556,0
-0.234886,0,-0.235488,0.0259189,0
-0.235631,0,-0.235698,0.0268956,0
-0.236838,0,-0.236155,0.0280458,0
-0.236427,0,-0.236031,0.0286395,0
-0.235895,0,-0.23581,0.0295412,0
-0.236366,0,-0.236067,0.0309065,0
-0.236748,0,-0.23632,0.0323211,0
-0.23688,0,-0.236452,0.0336221,0
-0.236635,0,-0.236341,0.0350559,0
-0.235165,0,-0.235323,0.0367206,0
-0.23459,0,-0.234859,0.0388693,0
-0.234714,0,-0.234912,0.0427048,0
-0.234046,0,-0.234309,0.0460691,0
-0.233573,0,-0.233836,0.0502791,0
-0.233254,0,-0.233478,0.0544127,0
-0.23351,0,-0.235111,0.0586779,0
-0.234053,0,-0.235096,0.0623924,0
-0.23527,0,-0.235084,0.0622754,0
-0.235577,0,-0.235076,0.0647136,0
-0.236316,0,-0.235071,0.066434,0
-0.238101,0,-0.23507,0.0677403,0
-0.238101,0,-0.23507,0,0
-0.238101,0,-0.23507,0,0
-0.238101,0,-0.23507,0,0
-0.238101,0,-0.23507,0,0
-0.238101,0,-0.23507,0,0
-0.238101,0,-0.23507,0,0
-0.238101,0,-0.23507,0,0
0.245,0.226523,0,0,0
0.245,0.226523,0,0,0
0.245,0.226523,0,0,0
0.245,0.226523,0,0,0
0.245,0.226523,0,0,0
0.245,0.226523,0,0,0
0.245,0.226523,0,0,0
0.245,0.226525,0,0,0
0.295,0.226962,0,0,0
0.23619,0.226667,0,-0.00226943,0
0.221378,0.226367,0,-0.00759813,0
0.223219,0.226353,0,-0.0115926,0
0.231409,0.226902,0,-0.0152942,0
0.236729,0.227628,0,-0.0178467,0
0.236837,0.227993,0,-0.0187238,0
0.237154,0.228438,0,-0.0194608,0
0.236879,0.22881,0,-0.0206182,0
0.236731,0.229218,0,-0.0218633,0
0.237801,0.230013,0,-0.0234911,0
0.239185,0.231049,0,-0.0248732,0
0.240268,0.232118,0,-0.0258531,0
0.240182,0.232741,0,-0.026334,0
0.239153,0.232901,0,-0.0270217,0
0.239358,0.233642,0,-0.028537,0
0.238471,0.233866,0,-0.0301189,0
0.238359,0.234364,0,-0.0321047,0
0.238086,0.234721,0,-0.0345608,0
0.237719,0.234959,0,-0.0371328,0
0.237142,0.234973,0,-0.0402657,0
0.237376,0.235588,0,-0.0437502,0
0.237325,0.235938,0,-0.0477987,0
0.237293,0.236262,0,-0.0509373,0
0.238032,0.237729,0,-0.0545329,0
0.237914,0.238019,0,-0.0573233,0
0.23809,0.238249,0,-0.0567208,0
0.238813,0.238415,0,-0.0594387,0
0.23873,0.238511,0,-0.0617481,0
0.239724,0.238535,0,-0.059151,0
0.239724,0.238535,0,-0.0538024,0
0.239724,0.238535,0,0,0
0.239724,0.238535,0,0,0
0.239724,0.238535,0,0,0
0.239724,0.238535,0,0,0
0.239724,0.238535,0,0,0
0.239724,0.238535,0,0,0
-0.245,0,-0.229645,0,0
-0.245,0,-0.229645,0,0
-0.245,0,-0.229645,0,0
-0.245,0,-0.229645,0,0
-0.245,0,-0.229645,0,0
-0.245,0,-0.229645,0,0
-0.245,0,-0.229645,0,0
-0.245,0,-0.229645,0,0
-0.295,0,-0.229923,0,0
-0.236403,0,-0.229729,0.00971273,0
-0.229268,0,-0.229635,0.0146507,0
-0.230955,0,-0.229707,0.0172465,0
-0.23377,0,-0.229943,0.0191843,0
-0.238606,0,-0.230561,0.0209072,0
-0.237706,0,-0.23074,0.0216113,0
-0.237674,0,-0.231029,0.0225501,0
-0.238509,0,-0.231534,0.0237151,0
-0.239315,0,-0.232227,0.0248604,0
-0.240073,0,-0.232914,0.0257436,0
-0.239897,0,-0.233345,0.0264016,0
-0.240301,0,-0.234009,0.0272567,0
-0.240728,0,-0.234731,0.0282381,0
-0.242042,0,-0.235952,0.0292995,0
-0.24254,0,-0.236864,0.0298424,0
-0.242348,0,-0.237364,0.0301712,0
-0.242233,0,-0.237751,0.0306287,0
-0.242123,0,-0.238269,0.0315094,0
-0.241895,0,-0.238669,0.0326973,0
-0.241295,0,-0.238732,0.0342202,0
-0.24059,0,-0.238613,0.0365441,0
-0.239235,0,-0.23795,0.0400712,0
-0.238465,0,-0.237566,0.0440538,0
-0.238839,0,-0.238234,0.0489678,0
-0.239218,0,-0.238466,0.0532451,0
-0.239655,0,-0.238654,0.0540477,0
-0.240001,0,-0.238792,0.0572717,0
-0.241121,0,-0.238861,0.0577536,0
-0.242225,0,-0.238904,0.05585,0
-0.244239,0,-0.238905,0.0494791,0
-0.244239,0,-0.238905,0,0
-0.244239,0,-0.238905,0,0
-0.244239,0,-0.238905,0,0
-0.244239,0,-0.238905,0,0
-0.244239,0,-0.238905,0,0
-0.244239,0,-0.238905,0,0
0.245,0.231046,0,0,0
0.245,0.231046,0,0,0
0.245,0.231046,0,0,0
0.245,0.231046,0,0,0
0.245,0.231046,0,0,0
0.245,0.231046,0,0,0
0.245,0.231046,0,0,0
0.245,0.231046,0,0,0
0.295,0.231227,0,0,0
0.237057,0.231107,0,-0.00391271,0
0.221227,0.230817,0,-0.00893802,0
0.229786,0.230992,0,-0.0135653,0
0.22928,0.230929,0,-0.0161503,0
0.237818,0.231694,0,-0.0194291,0
0.237601,0.231888,0,-0.0207675,0
0.239291,0.232408,0,-0.0222741,0
0.239419,0.232761,0,-0.0233984,0
0.240159,0.233399,0,-0.0245377,0
0.241152,0.23412,0,-0.025593,0
0.240482,0.234361,0,-0.0263963,0
0.241555,0.235246,0,-0.0276885,0
0.242672,0.23628,0,-0.0288351,0
0.243183,0.237115,0,-0.0296166,0
0.242539,0.237366,0,-0.0300822,0
0.241956,0.237569,0,-0.0311313,0
0.242153,0.238225,0,-0.0327683,0
0.24203,0.238663,0,-0.0345087,0
0.241233,0.238573,0,-0.0362274,0
0.240529,0.238449,0,-0.0389066,0
0.239351,0.237867,0,-0.0421369,0
0.239406,0.238226,0,-0.0469911,0
0.238914,0.238062,0,-0.0512627,0
0.239095,0.238477,0,-0.0560109,0
0.239552,0.241975,0,-0.0599236,0
0.240294,0.242217,0,-0.0623288,0
0.240396,0.242399,0,-0.0650334,0
0.240551,0.242516,0,-0.0669053,0
0.241018,0.242562,0,-0.068484,0
0.243724,0.242563,0,-0.0699996,0
0.243724,0.242563,0,0,0
0.243724,0.242563,0,0,0
0.243724,0.242563,0,0,0
0.243724,0.242563,0,0,0
0.243724,0.242563,0,0,0
0.243724,0.242563,0,0,0
-0.245,0,-0.233443,0,0
-0.245,0,-0.233443,0,0
-0.245,0,-0.233443,0,0
-0.245,0,-0.233443,0,0
-0.245,0,-0.233443,0,0
-0.245,0,-0.233443,0,0
-0.245,0,-0.233443,0,0
-0.245,0,-0.233443,0,0
-0.295,0,-0.233556,0,0
-0.240294,0,-0.233501,0.0063628,0
-0.224444,0,-0.233253,0.0107488,0
-0.227903,0,-0.233225,0.0144154,0
-0.23133,0,-0.23331,0.0165691,0
-0.239273,0,-0.233976,0.0195052,0
-0.238271,0,-0.23404,0.0204957,0
-0.238567,0,-0.23426,0.0221438,0
-0.23898,0,-0.234543,0.0237628,0
-0.238469,0,-0.234707,0.0253945,0
-0.240476,0,-0.235534,0.027296,0
-0.241255,0,-0.236131,0.0287156,0
-0.241929,0,-0.236781,0.029901,0
-0.241542,0,-0.237019,0.0311128,0
-0.24231,0,-0.237799,0.0322305,0
-0.243461,0,-0.238876,0.0339055,0
-0.244137,0,-0.239772,0.034878,0
-0.244172,0,-0.240316,0.0357179,0
-0.244176,0,-0.240827,0.0365334,0
-0.244072,0,-0.241242,0.0375539,0
-0.243684,0,-0.241403,0.0387703,0
-0.243058,0,-0.24131,0.0404188,0
-0.242199,0,-0.240928,0.0427548,0
-0.241508,0,-0.240616,0.0459071,0
-0.241994,0,-0.241311,0.0500828,0
-0.24224,0,-0.244011,0.0535823,0
-0.242782,0,-0.244248,0.0564094,0
-0.242815,0,-0.244426,0.0591054,0
-0.243275,0,-0.244517,0.060402,0
-0.244036,0,-0.24458,0.0594667,0
-0.245712,0,-0.244585,0.0538832,0
-0.245712,0,-0.244585,0,0
-0.245712,0,-0.244585,0,0
-0.245712,0,-0.244585,0,0
-0.245712,0,-0.244585,0,0
-0.245712,0,-0.244585,0,0
-0.245712,0,-0.244585,0,0
0.245,0.236521,0,0,0
0.245,0.236521,0,0,0
0.245,0.236521,0,0,0
0.245,0.236521,0,0,0
0.245,0.236521,0,0,0
0.245,0.236521,0,0,0
0.245,0.236521,0,0,0
0.245,0.236521,0,0,0
0.245,0.236532,0,0,0
0.199311,0.236215,0,0.0025508,0
0.204339,0.235849,0,-0.00453532,0
0.219441,0.235855,0,-0.0110202,0
0.217469,0.23534,0,-0.0144313,0
0.229608,0.235897,0,-0.018794,0
0.230544,0.235791,0,-0.020474,0
0.237203,0.23663,0,-0.0227234,0
0.239243,0.23709,0,-0.024921,0
0.238873,0.237113,0,-0.0261827,0
0.240441,0.237686,0,-0.0279215,0
0.241656,0.238288,0,-0.0292908,0
0.243133,0.239122,0,-0.0304272,0
0.243536,0.239627,0,-0.0311775,0
0.242292,0.239364,0,-0.0316255,0
0.241834,0.239396,0,-0.0330013,0
0.241037,0.239188,0,-0.0348055,0
0.240602,0.239129,0,-0.0373429,0
0.240433,0.239201,0,-0.0403674,0
0.238961,0.238304,0,-0.0436223,0
0.239196,0.238589,0,-0.0485687,0
0.238866,0.238427,0,-0.0527916,0
0.238464,0.238176,0,-0.0572254,0
0.238366,0.238157,0,-0.0613938,0
0.238562,0.238394,0,-0.064992,0
0.238797,0.241904,0,-0.0676304,0
0.239501,0.242029,0,-0.0690959,0
0.240047,0.242122,0,-0.069995,0
0.240645,0.242183,0,-0.0699991,0
0.23989,0.242208,0,-0.0700055,0
0.228605,0.242209,0,-0.0700133,0
0.228605,0.242209,0,0,0
0.228605,0.242209,0,0,0
0.228605,0.242209,0,0,0
0.228605,0.242209,0,0,0
0.228605,0.242209,0,0,0
0.228605,0.242209,0,0,0
-0.245,0,-0.230752,0,0
-0.245,0,-0.230752,0,0
-0.245,0,-0.230752,0,0
-0.245,0,-0.230752,0,0
-0.245,0,-0.230752,0,0
-0.245,0,-0.230752,0,0
-0.245,0,-0.230752,0,0
-0.245,0,-0.230752,0,0
-0.295,0,-0.230836,0,0
-0.205303,0,-0.230568,-0.00407664,0
-0.206695,0,-0.230286,0.00254399,0
-0.224967,0,-0.230537,0.0088211,0
-0.225573,0,-0.230442,0.0116955,0
-0.235864,0,-0.231203,0.0148933,0
-0.243073,0,-0.232243,0.0163747,0
-0.24547,0,-0.233066,0.0169011,0
-0.247621,0,-0.234074,0.0173588,0
-0.245259,0,-0.234211,0.0168068,0
-0.244633,0,-0.234679,0.0171233,0
-0.242008,0,-0.234449,0.0179887,0
-0.241445,0,-0.234766,0.019092,0
-0.242648,0,-0.235812,0.0217592,0
-0.243278,0,-0.236703,0.0240449,0
-0.243719,0,-0.237559,0.026102,0
-0.243884,0,-0.238298,0.0281049,0
-0.244151,0,-0.239127,0.0301878,0
-0.243832,0,-0.239536,0.0322227,0
-0.243856,0,-0.240308,0.0346722,0
-0.244128,0,-0.241092,0.0370895,0
-0.244173,0,-0.241681,0.0391654,0
-0.243991,0,-0.242039,0.0416256,0
-0.243668,0,-0.242214,0.0441787,0
-0.243316,0,-0.242291,0.0470469,0
-0.244163,0,-0.244806,0.0509212,0
-0.245055,0,-0.245055,0.0535574,0
-0.245588,0,-0.24532,0.0534579,0
-0.245793,0,-0.245502,0.0504104,0
-0.245825,0,-0.245595,0.0454245,0
-0.246894,0,-0.245607,0.0392148,0
-0.246894,0,-0.245607,0,0
-0.246894,0,-0.245607,0,0
-0.246894,0,-0.245607,0,0
-0.246894,0,-0.245607,0,0
-0.246894,0,-0.245607,0,0
-0.246894,0,-0.245607,0,0
0.245,0.23506,0,0,0
0.245,0.23506,0,0,0
0.245,0.23506,0,0,0
0.245,0.23506,0,0,0
0.245,0.23506,0,0,0
0.245,0.23506,0,0,0
0.245,0.23506,0,0,0
0.245,0.23506,0,0,0
0.245,0.235069,0,0,0
0.202257,0.234822,0,0.00284941,0
0.203221,0.234443,0,-0.00370674,0
0.215434,0.234336,0,-0.0104467,0
0.22555,0.23449,0,-0.0153505,0
0.234989,0.235053,0,-0.0181122,0
0.235826,0.235151,0,-0.0191712,0
0.242917,0.236291,0,-0.0204981,0
0.241388,0.236295,0,-0.0210298,0
0.240369,0.236318,0,-0.0223016,0
0.241052,0.236745,0,-0.024121,0
0.241609,0.237282,0,-0.0260153,0
0.242644,0.238006,0,-0.0276354,0
0.241585,0.237909,0,-0.0289731,0
0.240363,0.237632,0,-0.0305296,0
0.239852,0.237622,0,-0.0333888,0
0.237767,0.236638,0,-0.0365468,0
0.238942,0.237511,0,-0.0417228,0
0.239495,0.238072,0,-0.0500748,0
0.239747,0.238464,0,-0.0500748,0
0.239701,0.238634,0,-0.0538468,0
0.239961,0.239036,0,-0.0574568,0
0.239955,0.23922,0,-0.0607834,0
0.239559,0.23904,0,-0.0637465,0
0.239612,0.239229,0,-0.0664772,0
0.239843,0.242314,0,-0.0684554,0
0.241192,0.242486,0,-0.0694719,0
0.241877,0.242614,0,-0.06994,0
0.241886,0.242698,0,-0.06994,0
0.241377,0.242735,0,-0.0699461,0
0.230878,0.242736,0,-0.0699536,0
0.230878,0.242736,0,0,0
0.230878,0.242736,0,0,0
0.230878,0.242736,0,0,0
0.230878,0.242736,0,0,0
0.230878,0.242736,0,0,0
0.230878,0.242736,0,0,0
-0.245,0,-0.231514,0,0
-0.245,0,-0.231514,0,0
-0.245,0,-0.231514,0,0
-0.245,0,-0.231514,0,0
-0.245,0,-0.231514,0,0
-0.245,0,-0.231514,0,0
-0.245,0,-0.231514,0,0
-0.245,0,-0.231514,0,0
-0.245,0,-0.231524,0,0
-0.202513,0,-0.231318,-0.00776002,0
-0.204441,0,-0.23101,-0.00083657,0
-0.224068,0,-0.231245,0.00612178,0
-0.224816,0,-0.231122,0.00928816,0
-0.2372,0,-0.232009,0.0125922,0
-0.236973,0,-0.23216,0.0134537,0
-0.245899,0,-0.233755,0.0149309,0
-0.248242,0,-0.234784,0.0151209,0
-0.245896,0,-0.234912,0.0145122,0
-0.245032,0,-0.235308,0.0149775,0
-0.244731,0,-0.235836,0.0158805,0
-0.244183,0,-0.236265,0.0171361,0
-0.243412,0,-0.236546,0.0186736,0
-0.24194,0,-0.236429,0.0205243,0
-0.242333,0,-0.237167,0.0237628,0
-0.242713,0,-0.237922,0.0270192,0
-0.24281,0,-0.238531,0.030317,0
-0.241728,0,-0.238455,0.0337133,0
-0.242234,0,-0.239292,0.037465,0
-0.242388,0,-0.239881,0.0412941,0
-0.242528,0,-0.240445,0.044816,0
-0.243068,0,-0.241343,0.0484127,0
-0.243094,0,-0.241771,0.0516541,0
-0.243027,0,-0.242071,0.0548767,0
-0.243256,0,-0.244233,0.0575797,0
-0.243903,0,-0.244529,0.0602411,0
-0.244172,0,-0.244755,0.06204,0
-0.244524,0,-0.244905,0.0636969,0
-0.245671,0,-0.244963,0.0640646,0
-0.246924,0,-0.244976,0.056265,0
-0.246924,0,-0.244976,0,0
-0.246924,0,-0.244976,0,0
-0.246924,0,-0.244976,0,0
-0.246924,0,-0.244976,0,0
-0.246924,0,-0.244976,0,0
-0.246924,0,-0.244976,0,0
0.245,0.234105,0,0,0
0.245,0.234105,0,0,0
0.245,0.234105,0,0,0
0.245,0.234105,0,0,0
0.245,0.234105,0,0,0
0.245,0.234105,0,0,0
0.245,0.234105,0,0,0
0.245,0.234105,0,0,0
0.245,0.234113,0,0,0
0.206229,0.233915,0,0.00055966,0
0.204201,0.233548,0,-0.00530571,0
0.224897,0.233771,0,-0.0120307,0
0.222723,0.233439,0,-0.0145739,0
0.234808,0.234165,0,-0.0180037,0
0.235455,0.234264,0,-0.0188327,0
0.234077,0.2341,0,-0.0195243,0
0.235148,0.234304,0,-0.0207516,0
0.234408,0.234175,0,-0.0217479,0
0.234793,0.234295,0,-0.023068,0
0.236403,0.234875,0,-0.0245446,0
0.237272,0.235318,0,-0.0254436,0
0.236116,0.234971,0,-0.0261868,0
0.235849,0.234942,0,-0.0268982,0
0.23607,0.235146,0,-0.0286086,0
0.235784,0.235077,0,-0.0302167,0
0.235146,0.234758,0,-0.0320531,0
0.235641,0.235142,0,-0.0347394,0
0.235799,0.235326,0,-0.0372484,0
0.23545,0.235134,0,-0.0397581,0
0.234599,0.234502,0,-0.0423814,0
0.233729,0.233788,0,-0.0458433,0
0.233076,0.233202,0,-0.0499135,0
0.233185,0.233268,0,-0.0549996,0
0.233608,0.234984,0,-0.0590486,0
0.234553,0.235006,0,-0.06263,0
0.235616,0.235023,0,-0.0621252,0
0.235875,0.235035,0,-0.0643879,0
0.235985,0.235041,0,-0.0656282,0
0.237262,0.235042,0,-0.0672891,0
0.237262,0.235042,0,-0.0653629,0
0.237262,0.235042,0,0,0
0.237262,0.235042,0,0,0
0.237262,0.235042,0,0,0
0.237262,0.235042,0,0,0
0.237262,0.235042,0,0,0
0.237262,0.235042,0,0,0
-0.245,0,-0.22635,0,0
-0.245,0,-0.22635,0,0
-0.245,0,-0.22635,0,0
-0.245,0,-0.22635,0,0
-0.245,0,-0.22635,0,0
-0.245,0,-0.22635,0,0
-0.245,0,-0.22635,0,0
-0.295,0,-0.22636,0,0
-0.295,0,-0.22679,0,0
-0.242171,0,-0.226586,0.00894524,0
-0.232542,0,-0.226539,0.0130675,0
-0.231494,0,-0.226616,0.0146426,0
-0.23727,0,-0.227204,0.0166295,0
-0.236503,0,-0.227449,0.0174449,0
-0.234959,0,-0.227576,0.0182368,0
-0.237232,0,-0.22831,0.0198704,0
-0.237258,0,-0.228758,0.0209347,0
-0.237704,0,-0.229348,0.0221055,0
-0.239147,0,-0.230321,0.0234303,0
-0.239532,0,-0.231062,0.0242199,0
-0.240077,0,-0.231923,0.0250284,0
-0.240243,0,-0.232675,0.0256841,0
-0.24088,0,-0.233705,0.026499,0
-0.241046,0,-0.23452,0.0270605,0
-0.240582,0,-0.234963,0.0276299,0
-0.240483,0,-0.235565,0.0287087,0
-0.24005,0,-0.235926,0.0301506,0
-0.240455,0,-0.236845,0.0322186,0
-0.24013,0,-0.237193,0.0338382,0
-0.239443,0,-0.23718,0.0359554,0
-0.238925,0,-0.237201,0.0389254,0
-0.238471,0,-0.237311,0.0429585,0
-0.238343,0,-0.238206,0.0463603,0
-0.238583,0,-0.238513,0.0495744,0
-0.239873,0,-0.238702,0.0482432,0
-0.240311,0,-0.238895,0.0489214,0
-0.240968,0,-0.239016,0.0471538,0
-0.241988,0,-0.239059,0.042635,0
-0.241988,0,-0.239059,0.0334444,0
-0.241988,0,-0.239059,0,0
-0.241988,0,-0.239059,0,0
-0.241988,0,-0.239059,0,0
-0.241988,0,-0.239059,0,0
-0.241988,0,-0.239059,0,0
-0.241988,0,-0.239059,0,0
0.245,0.230353,0,0,0
0.245,0.230353,0,0,0
0.245,0.230353,0,0,0
0.245,0.230353,0,0,0
0.245,0.230353,0,0,0
0.245,0.230353,0,0,0
0.245,0.230353,0,0,0
0.245,0.230353,0,0,0
0.295,0.230641,0,0,0
0.232451,0.230379,0,-0.00720791,0
0.222915,0.230153,0,-0.0127403,0
0.229517,0.230314,0,-0.0166501,0
0.233116,0.230553,0,-0.0189986,0
0.238704,0.231207,0,-0.0211045,0
0.237612,0.231336,0,-0.0216144,0
0.240342,0.232085,0,-0.0227572,0
0.240667,0.232557,0,-0.0232387,0
0.241356,0.233177,0,-0.0236807,0
0.240513,0.23342,0,-0.0239508,0
0.241786,0.234342,0,-0.0247078,0
0.243138,0.235445,0,-0.0251267,0
0.243349,0.236171,0,-0.0250691,0
0.242661,0.236476,0,-0.0249128,0
0.240939,0.236133,0,-0.0253135,0
0.239389,0.235721,0,-0.0269872,0
0.23947,0.236211,0,-0.0300848,0
0.238779,0.236262,0,-0.0333012,0
0.238058,0.236092,0,-0.036623,0
0.237605,0.236064,0,-0.0405308,0
0.237392,0.236178,0,-0.0451328,0
0.236909,0.236012,0,-0.0497161,0
0.236256,0.235647,0,-0.0543712,0
0.23682,0.236339,0,-0.0633645,0
0.237656,0.240249,0,-0.0633645,0
0.238775,0.240461,0,-0.0647284,0
0.239496,0.240618,0,-0.066748,0
0.239999,0.240717,0,-0.0683155,0
0.240433,0.240752,0,-0.0690897,0
0.240433,0.240752,0,-0.0699925,0
0.240433,0.240752,0,0,0
0.240433,0.240752,0,0,0
0.240433,0.240752,0,0,0
0.240433,0.240752,0,0,0
0.240433,0.240752,0,0,0
0.240433,0.240752,0,0,0
-0.245,0,-0.231047,0,0
-0.245,0,-0.231047,0,0
-0.245,0,-0.231047,0,0
-0.245,0,-0.231047,0,0
-0.245,0,-0.231047,0,0
-0.245,0,-0.231047,0,0
-0.245,0,-0.231047,0,0
-0.245,0,-0.231047,0,0
-0.245,0,-0.231071,0,0
-0.208668,0,-0.230841,-0.00528908,0
-0.223776,0,-0.230882,0.00126944,0
-0.233814,0,-0.231163,0.00597896,0
-0.231248,0,-0.23106,0.00825402,0
-0.240265,0,-0.231924,0.0117391,0
-0.240499,0,-0.232256,0.0128771,0
-0.240867,0,-0.232656,0.0139524,0
-0.241241,0,-0.23312,0.0152278,0
-0.240904,0,-0.233469,0.0165051,0
-0.241792,0,-0.234168,0.0180595,0
-0.242774,0,-0.23501,0.01945,0
-0.243563,0,-0.235879,0.0205315,0
-0.244226,0,-0.236798,0.0215118,0
-0.244399,0,-0.237539,0.022098,0
-0.244682,0,-0.238359,0.0227867,0
-0.245365,0,-0.239436,0.0235679,0
-0.245422,0,-0.240172,0.0238598,0
-0.245454,0,-0.240879,0.024191,0
-0.244838,0,-0.241093,0.0245384,0
-0.2446,0,-0.241515,0.025674,0
-0.243953,0,-0.24153,0.0271559,0
-0.243268,0,-0.241444,0.0295963,0
-0.24243,0,-0.241114,0.0329163,0
-0.242192,0,-0.241253,0.0377002,0
-0.24256,0,-0.243766,0.0429667,0
-0.243012,0,-0.244062,0.0462043,0
-0.244204,0,-0.244287,0.0481494,0
-0.24373,0,-0.244437,0.0455107,0
-0.244614,0,-0.244504,0.0435198,0
-0.245723,0,-0.244508,0.0364123,0
-0.245723,0,-0.244508,0,0
-0.245723,0,-0.244508,0,0
-0.245723,0,-0.244508,0,0
-0.245723,0,-0.244508,0,0
-0.245723,0,-0.244508,0,0
-0.245723,0,-0.244508,0,0
0.245,0.236819,0,0,0
0.245,0.236819,0,0,0
0.245,0.236819,0,0,0
0.245,0.236819,0,0,0
0.245,0.236819,0,0,0
0.245,0.236819,0,0,0
0.245,0.236819,0,0,0
0.245,0.236819,0,0,0
0.245,0.236833,0,0,0
0.245,0.236897,0,0.00478856,0
0.245,0.237009,0,-0.00203035,0
0.245,0.237166,0,-0.00673198,0
0.245,0.237363,0,-0.00925119,0
0.245,0.237599,0,-0.0129033,0
0.245,0.237868,0,-0.0139326,0
0.245,0.238167,0,-0.0149676,0
0.245,0.238492,0,-0.0152589,0
0.245,0.23884,0,-0.0149381,0
0.245,0.239208,0,-0.0154228,0
0.245,0.239591,0,-0.0146017,0
0.245,0.239986,0,-0.0139653,0
0.245,0.240389,0,-0.0132223,0
0.245,0.240797,0,-0.013037,0
0.245,0.241206,0,-0.0130153,0
0.245,0.241612,0,-0.0131991,0
0.245,0.242012,0,-0.0137913,0
0.245,0.242402,0,-0.0152291,0
0.245,0.242778,0,-0.0172589,0
0.245,0.243137,0,-0.0193112,0
0.245,0.243476,0,-0.0236136,0
0.245,0.24379,0,-0.0273806,0
0.245,0.244076,0,-0.0317166,0
0.245,0.24433,0,-0.0344019,0
0.245,0.244549,0,-0.0375989,0
0.245,0.244729,0,-0.0383684,0
0.245,0.244866,0,-0.0380476,0
0.245,0.244957,0,-0.0381475,0
0.245,0.244998,0,-0.0372736,0
0.245,0.245,0,-0.0320126,0
0.245,0.245,0,0,0
0.245,0.245,0,0,0
0.245,0.245,0,0,0
0.245,0.245,0,0,0
0.245,0.245,0,0,0
0.245,0.245,0,0,0
0.245,0.245,0,0,0
0.245,0.245,0,0,0
0.245,0.245,0,0,0
0.245,0.245,0,0,0
0.245,0.245,0,0,0
0.245,0.245,0,0,0
0.245,0.245,0,0,0
0.245,0.245,0,0,0
0.245,0.245,0,0,0
0.245,0.245,0,0,0
0.245,0.245,0,0,0
0.245,0.245,0,0,0
0.245,0.245,0,0,0
0.245,0.245,0,0,0
0.245,0.245,0,0,0
0.245,0.245,0,0,0
0.245,0.245,0,0,0
0.245,0.245,0,0,0
0.245,0.245,0,0,0
0.245,0.245,0,0,0
0.245,0.245,0,0,0
0.245,0.245,0,0,0
0.245,0.245,0,0,0
0.245,0.245,0,0,0
0.245,0.245,0,0,0
0.245,0.245,0,0,0
0.245,0.245,0,0,0
0.245,0.245,0,0,0
0.245,0.245,0,0,0
0.245,0.245,0,0,0
0.245,0.245,0,0,0
0.245,0.245,0,0,0
0.245,0.245,0,0,0
0.245,0.245,0,0,0
0.245,0.245,0,0,0
0.245,0.245,0,0,0
0.245,0.245,0,0,0
0.245,0.245,0,0,0
0.245,0.245,0,0,0
0.245,0.245,0,0,0
0.245,0.245,0,0,0
0.245,0.245,0,0,0
0.245,0.245,0,0,0
0.245,0.245,0,0,0
0.245,0.245,0,0,0
0.245,0.245,0,0,0
0.245,0.245,0,0,0
0.245,0.245,0,0,0
0.245,0.245,0,0,0
0.245,0.245,0,0,0
0.245,0.245,0,0,0
0.245,0.245,0,0,0
0.245,0.245,0,0,0
0.245,0.245,0,0,0
0.245,0.245,0,0,0
0.245,0.245,0,0,0
0.245,0.245,0,0,0
0.245,0.245,0,0,0
0.245,0.245,0,0,0
0.245,0.245,0,0,0
0.245,0.245,0,0,0
0.245,0.245,0,0,0
0.245,0.245,0,0,0
0.245,0.245,0,0,0
0.245,0.245,0,0,0
0.245,0.245,0,0,0
0.245,0.245,0,0,0
0.245,0.245,0,0,0
0.245,0.245,0,0,0
