-0.000155187,0,-0.000146636,0,0,0.9
-0.000155187,0,-0.000146636,0,0,0.9
-0.000155187,0,-0.000146636,0,0,0.9
-0.000155187,0,-0.000146636,0,0,0.9
-0.000155187,0,-0.000146636,0,0,0.9
-0.000155187,0,-0.000146636,0,0,0.9
-0.000155187,0,-0.000146636,0,0,0.9
-0.000155187,0,-0.000146636,0,0,0.9
-0.000155187,0,-0.000146636,0,0,0.9
-0.000155187,0,-0.000146636,0,0,0.9
-0.000155187,0,-0.000146636,0,0,0.9
-0.000155187,0,-0.000146636,0,0,0.9
-0.000155187,0,-0.000146636,0,0,0.9
-0.000155187,0,-0.000146636,0,0,0.9
-0.000155187,0,-0.000146636,0,0,0.9
-0.000155187,0,-0.000146636,0,0,0.9
-0.000155187,0,-0.000146636,0,0,0.9
-0.000155187,0,-0.000146636,0,0,0.9
-0.000155187,0,-0.000146636,0,0,0.9
-0.000155187,0,-0.000146636,0,0,0.9
-0.000155187,0,-0.000146636,0,0,0.9
-0.000155187,0,-0.000146636,0,0,0.9
-0.000155187,0,-0.000146636,0,0,0.9
-0.000155187,0,-0.000146636,0,0,0.9
-0.000155187,0,-0.000146636,0,0,0.9
-0.000155187,0,-0.000146636,0,0,0.9
-0.000155187,0,-0.000146636,0,0,0.9
-0.000155187,0,-0.000146636,0,0,0.9
-0.000155187,0,-0.000146636,0,0,0.9
-0.000155187,0,-0.000146636,0,0,0.9
-0.000155187,0,-0.000146636,0,0,0.9
-0.000155187,0,-0.000146636,0,0,0.9
-0.000155187,0,-0.000146636,0,0,0.9
-0.000155187,0,-0.000146636,0,0,0.9
-0.000155187,0,-0.000146636,0,0,0.9
-0.000155187,0,-0.000146636,0,0,0.9
-0.000155187,0,-0.000146636,0,0,0.9
-0.000155187,0,-0.000146636,0,0,0.9
-0.000155187,0,-0.000146636,0,0,0.9
-0.000155187,0,-0.000146636,0,0,0.9
-0.000155187,0,-0.000146636,0,0,0.9
-0.000155187,0,-0.000146636,0,0,0.9
-0.000155187,0,-0.000146636,0,0,0.9
-0.000155187,0,-0.000146636,0,0,0.9
-0.000155187,0,-0.000146636,0,0,0.9
-0.000155187,0,-0.000146636,0,0,0.9
-0.000155187,0,-0.000146636,0,0,0.9
-0.000155187,0,-0.000146636,0,0,0.9
-0.000155187,0,-0.000146636,0,0,0.9
-0.000155187,0,-0.000146636,0,0,0.9
-0.000155187,0,-0.000146636,0,0,0.9
-0.000155187,0,-0.000146636,0,0,0.9
-0.000155187,0,-0.000146636,0,0,0.9
-0.000155187,0,-0.000146636,0,0,0.9
-0.000155187,0,-0.000146636,0,0,0.9
-0.000155187,0,-0.000146636,0,0,0.9
-0.000155187,0,-0.000146636,0,0,0.9
-0.000155187,0,-0.000146636,0,0,0.9
-0.000155187,0,-0.000146636,0,0,0.9
-0.000155187,0,-0.000146636,0,0,0.9
-0.000155187,0,-0.000146636,0,0,0.9
-0.000155187,0,-0.000146636,0,0,0.9
-0.000155187,0,-0.000146636,0,0,0.9
-0.000155187,0,-0.000146636,0,0,0.9
-0.000155187,0,-0.000146636,0,0,0.9
-0.000155187,0,-0.000146636,0,0,0.9
-0.000155187,0,-0.000146636,0,0,0.9
-0.000155187,0,-0.000146636,0,0,0.9
-0.000155187,0,-0.000146636,0,0,0.9
-0.000155187,0,-0.000146636,0,0,0.9
-0.000155187,0,-0.000146636,0,0,0.9
-0.000155187,0,-0.000146636,0,0,0.9
-0.000155187,0,-0.000146636,0,0,0.9
-0.000155187,0,-0.000146636,0,0,0.9
-0.000155187,0,-0.000146636,0,0,0.9
-0.000155187,0,-0.000146636,0,0,0.9
-0.000155187,0,-0.000146636,0,0,0.9
-0.000155187,0,-0.000146636,0,0,0.9
-0.000155187,0,-0.000146636,0,0,0.9
-0.000155187,0,-0.000146636,0,0,0.9
-0.000155187,0,-0.000146636,0,0,0.9
-0.000155187,0,-0.000146636,0,0,0.9
-0.000155187,0,-0.000146636,0,0,0.9
-0.000155187,0,-0.000146636,0,0,0.9
-0.000155187,0,-0.000146636,0,0,0.9
-0.000155187,0,-0.000146636,0,0,0.9
-0.000155187,0,-0.000146636,0,0,0.9
-0.000155187,0,-0.000146636,0,0,0.9
-0.000155187,0,-0.000146636,0,0,0.9
-0.000155187,0,-0.000146636,0,0,0.9
-0.000155187,0,-0.000146636,0,0,0.9
-0.000155187,0,-0.000146636,0,0,0.9
-0.000155187,0,-0.000146636,0,0,0.9
-0.000155187,0,-0.000146636,0,0,0.9
-0.000155187,0,-0.000146636,0,0,0.9
-0.000155187,0,-0.000146636,0,0,0.9
-0.000155187,0,-0.000146636,0,0,0.9
-0.000155187,0,-0.000146636,0,0,0.9
-0.000155187,0,-0.000146636,0,0,0.9
-0.000155187,0,-0.000146636,0,0,0.9
-0.000155187,0,-0.000146636,0,0,0.9
-0.000155187,0,-0.000146636,0,0,0.9
-0.000155187,0,-0.000146636,0,0,0.9
-0.000155187,0,-0.000146636,0,0,0.9
-0.000155187,0,-0.000146636,0,0,0.9
-0.000155187,0,-0.000146636,0,0,0.9
-0.000155187,0,-0.000146636,0,0,0.9
-0.000155187,0,-0.000146663,0,0,0.9
-0.000155187,0,-0.000146742,0,0,0.9
-0.000155187,0,-0.000146872,0,0,0.9
-0.000155187,0,-0.000147047,0,0,0.9
-0.000155187,0,-0.000147264,0,0,0.9
-0.000155187,0,-0.000147519,0,0,0.9
-0.000155187,0,-0.000147808,0,0,0.9
-0.000155187,0,-0.000148128,0,0,0.9
-0.000155187,0,-0.000148474,0,0,0.9
-0.000155187,0,-0.000148844,0,0,0.9
-0.000155187,0,-0.000149232,0,0,0.9
-0.000155187,0,-0.000149636,0,0,0.9
-0.000155187,0,-0.000150051,0,0,0.9
-0.000155187,0,-0.000150474,0,0,0.9
-0.000155187,0,-0.000150901,0,0,0.9
-0.000155187,0,-0.000151328,0,0,0.9
-0.000155187,0,-0.000151751,0,0,0.9
-0.000155187,0,-0.000152167,0,0,0.9
-0.000155187,0,-0.000152572,0,0,0.9
-0.000155187,0,-0.000152961,0,0,0.9
-0.000155187,0,-0.000153331,0,0,0.9
-0.000155187,0,-0.000153679,0,0,0.9
-0.000155187,0,-0.000154,0,0,0.9
-0.000155187,0,-0.000154291,0,0,0.9
-0.000155187,0,-0.000154548,0,0,0.9
-0.000155187,0,-0.000154767,0,0,0.9
-0.000155187,0,-0.000154944,0,0,0.9
-0.000155187,0,-0.000155076,0,0,0.9
-0.000155187,0,-0.000155158,0,0,0.9
-0.000155187,0,-0.000155187,0,0,0.9
-0.000155187,0,-0.000155187,0,0,0.9
-0.000155187,0,-0.000155187,0,0,0.9
-0.000155187,0,-0.000155187,0,0,0.9
-0.000155187,0,-0.000155187,0,0,0.9
-0.000155187,0,-0.000155187,0,0,0.9
-0.000155187,0,-0.000155187,0,0,0.9
-0.000155187,0,-0.000155187,0,0,0.9
0,-0.0103214,0,0,0,0.9
0,-0.0103214,0,0,0,0.9
0,-0.0103214,0,0,0,0.9
0,-0.0103214,0,0,0,0.9
0,-0.0103214,0,0,0,0.9
0,-0.0103214,0,0,0,0.9
0,-0.0103214,0,0,0,0.9
-0.05,-0.0103214,0,0,0,0.8
-0.048758,-0.0104923,0,0,0,0.8
0.016605,-0.00998778,0,-0.0129747,0,0.901
0.00582672,-0.00988637,0,-0.0102037,0,0.907
0.00180969,-0.00974987,0,-0.00851703,0,0.906
0.00467966,-0.00923427,0,-0.00819063,0,0.904
0.00107433,-0.00914899,0,-0.00699409,0,0.901
0.00155486,-0.00869399,0,-0.00619455,0,0.9
0.000749609,-0.00837876,0,-0.00560159,0,0.898
0.000993288,-0.00787507,0,-0.00503228,0,0.898
-0.00126195,-0.00797604,0,-0.00454759,0,0.899
-0.00167268,-0.00768849,0,-0.00453986,0,0.899
-0.00353953,-0.00793583,0,-0.00457016,0,0.899
-0.00472207,-0.00808524,0,-0.00513841,0,0.9
-0.00337471,-0.00728986,0,-0.00634825,0,0.9
-0.000687769,-0.00562521,0,-0.00746678,0,0.899
-0.000563548,-0.00507626,0,-0.00747501,0,0.899
-0.00176723,-0.005298,0,-0.00708521,0,0.899
-0.00154034,-0.00474762,0,-0.00756589,0,0.9
-0.00214177,-0.00473946,0,-0.00791688,0,0.9
-0.00264345,-0.00472851,0,-0.00892733,0,0.9
-0.0025128,-0.00430194,0,-0.0102726,0,0.901
-0.0026668,-0.00410377,0,-0.0117081,0,0.901
-0.00178793,-0.00306189,0,-0.0133351,0,0.901
-0.00238104,-0.0032883,0,-0.0142016,0,0.901
-0.00244247,-0.00309701,0,-0.0154805,0,0.901
-0.00212081,-0.00206662,0,-0.0171805,0,0.9
-0.0025752,-0.00187458,0,-0.0186845,0,0.9
-0.00305748,-0.00172807,0,-0.0204714,0,0.9
-0.00313129,-0.00163096,0,-0.0236347,0,0.9
-0.00160177,-0.00158715,0,-0.0266799,0,0.9
-0.000393105,-0.00158496,0,-0.026346,0,0.9
-0.000393105,-0.00158496,0,0,0,0.9
-0.000393105,-0.00158496,0,0,0,0.9
-0.000393105,-0.00158496,0,0,0,0.9
-0.000393105,-0.00158496,0,0,0,0.9
-0.000393105,-0.00158496,0,0,0,0.9
-0.000393105,-0.00158496,0,0,0,0.9
0,0,-0.00920239,0,0,0.899
0,0,-0.00920239,0,0,0.899
0,0,-0.00920239,0,0,0.899
0,0,-0.00920239,0,0,0.899
0,0,-0.00920239,0,0,0.899
0,0,-0.00920239,0,0,0.899
0,0,-0.00920239,0,0,0.899
0,0,-0.00920239,0,0,0.899
-0.037243,0,-0.00927177,0,0,0.8
0.00668371,0,-0.00905184,-0.0108132,0,0.902
-0.000807261,0,-0.00901151,-0.00917135,0,0.907
-0.00248538,0,-0.00892013,-0.00858516,0,0.903
9.47532e-05,0,-0.00859085,-0.00861573,0,0.904
4.56944e-05,0,-0.00832056,-0.00807753,0,0.9
0.00303534,0,-0.00762845,-0.00757633,0,0.899
0.00147968,0,-0.00743702,-0.00667693,0,0.899
-0.000614153,0,-0.00744564,-0.00570467,0,0.9
-0.000864328,0,-0.00714186,-0.00552396,0,0.9
-0.00343753,0,-0.00751883,-0.00535286,0,0.9
-0.00510098,0,-0.00781262,-0.00604767,0,0.9
-0.00554439,0,-0.0077825,-0.00739416,0,0.899
-0.00472202,0,-0.00724761,-0.0107613,0,0.899
-0.00330336,0,-0.00633398,-0.0107613,0,0.9
-0.00242336,0,-0.00556732,-0.0116839,0,0.9
-0.00221026,0,-0.00510591,-0.0121408,0,0.9
-0.00258154,0,-0.0050078,-0.0133094,0,0.9
-0.00250253,0,-0.00463026,-0.0133094,0,0.9
-0.00312342,0,-0.00481858,-0.014065,0,0.901
-0.00339969,0,-0.00472922,-0.0154665,0,0.901
-0.00352695,0,-0.00459237,-0.0172237,0,0.901
-0.0032876,0,-0.00417884,-0.0193804,0,0.902
-0.00354222,0,-0.00419636,-0.0212267,0,0.902
-0.00345369,0,-0.00393816,-0.0240325,0,0.902
-0.00390543,0,-0.0031291,-0.0260466,0,0.901
-0.00440501,0,-0.00298649,-0.027613,0,0.901
-0.00434945,0,-0.00287718,-0.0316115,0,0.901
-0.00402596,0,-0.00280401,-0.0359914,0,0.901
-0.00338396,0,-0.00276982,-0.0395083,0,0.901
-0.00213628,0,-0.00276758,-0.0407642,0,0.901
-0.00213628,0,-0.00276758,0,0,0.901
-0.00213628,0,-0.00276758,0,0,0.901
-0.00213628,0,-0.00276758,0,0,0.901
-0.00213628,0,-0.00276758,0,0,0.901
-0.00213628,0,-0.00276758,0,0,0.901
-0.00213628,0,-0.00276758,0,0,0.901
0,-0.00910477,0,0,0,0.899
0,-0.00910477,0,0,0,0.899
0,-0.00910477,0,0,0,0.899
0,-0.00910477,0,0,0,0.899
0,-0.00910477,0,0,0,0.899
0,-0.00910477,0,0,0,0.899
0,-0.00910477,0,0,0,0.899
0,-0.00910477,0,0,0,0.899
-0.05,-0.0091926,0,0,0,0.8
0.0150139,-0.00888831,0,-0.0155309,0,0.901
0.00919924,-0.00870581,0,-0.0124657,0,0.909
0.00247139,-0.00863962,0,-0.0100323,0,0.909
0.00413298,-0.00826448,0,-0.00909613,0,0.909
-0.000584825,-0.0083177,0,-0.00763139,0,0.905
0.00149449,-0.00776816,0,-0.0073397,0,0.901
-0.00117051,-0.00782027,0,-0.00665144,0,0.902
-0.000465771,-0.00736566,0,-0.00636651,0,0.902
-0.00535274,-0.00819103,0,-0.00604102,0,0.902
-0.00689987,-0.0084695,0,-0.007223,0,0.902
-0.00820826,-0.00880395,0,-0.00896835,0,0.901
-0.00654099,-0.00811853,0,-0.0111969,0,0.9
-0.00507069,-0.00734972,0,-0.0130251,0,0.899
-0.00312988,-0.00620709,0,-0.0147581,0,0.899
-0.00210855,-0.00536156,0,-0.0152532,0,0.899
-0.0019819,-0.00493948,0,-0.0154524,0,0.899
-0.00180379,-0.0044777,0,-0.015558,0,0.899
-0.00146449,-0.00390882,0,-0.0153971,0,0.9
-0.00172516,-0.00374583,0,-0.0151442,0,0.9
-0.000545757,-0.00251252,0,-0.0154266,0,0.9
-0.00107165,-0.00259576,0,-0.0146202,0,0.901
-0.00157281,-0.00271114,0,-0.014047,0,0.901
-0.00212156,-0.00293107,0,-0.0144355,0,0.901
-0.0030583,-0.00357673,0,-0.0155399,0,0.902
-0.00278,-0.00238688,0,-0.0184244,0,0.9
-0.00288947,-0.00222862,0,-0.0196189,0,0.9
-0.0033539,-0.0021073,0,-0.0220144,0,0.9
-0.00305811,-0.00202608,0,-0.0255658,0,0.9
-0.00314997,-0.00198813,0,-0.0287134,0,0.9
-0.00159381,-0.00198565,0,-0.0319893,0,0.9
-0.00159381,-0.00198565,0,0,0,0.9
-0.00159381,-0.00198565,0,0,0,0.9
-0.00159381,-0.00198565,0,0,0,0.9
-0.00159381,-0.00198565,0,0,0,0.9
-0.00159381,-0.00198565,0,0,0,0.9
-0.00159381,-0.00198565,0,0,0,0.9
0,0,-0.011164,0,0,0.899
0,0,-0.011164,0,0,0.899
0,0,-0.011164,0,0,0.899
0,0,-0.011164,0,0,0.899
0,0,-0.011164,0,0,0.899
0,0,-0.011164,0,0,0.899
0,0,-0.011164,0,0,0.899
0,0,-0.011164,0,0,0.899
-0.031194,0,-0.011207,0,0,0.8
0.0166868,0,-0.0109149,-0.0100623,0,0.902
0.0134547,0,-0.0106274,-0.00706301,0,0.909
0.00849012,0,-0.0103743,-0.0043902,0,0.909
0.0063269,0,-0.0100572,-0.00270113,0,0.91
0.00337603,0,-0.00971794,-0.00129138,0,0.907
0.00312283,0,-0.00924913,-0.000565104,0,0.903
0.00250322,0,-0.00883448,-0.000127827,0,0.904
0.000843332,0,-0.00863777,0.000566877,0,0.904
-0.00273587,0,-0.00903753,0.000826603,0,0.905
-0.00327188,0,-0.00881282,0.000175619,0,0.904
-0.00477522,0,-0.00895025,-0.000707906,0,0.902
-0.00414823,0,-0.00839414,-0.00210717,0,0.902
-0.00279427,0,-0.00743789,-0.00334199,0,0.901
-0.00183736,0,-0.00654724,-0.00430966,0,0.901
-0.00145649,0,-0.00588744,-0.00482721,0,0.902
-0.001484,0,-0.0054242,-0.0052903,0,0.902
-0.00197214,0,-0.00526716,-0.0055989,0,0.902
-0.00217152,0,-0.00496963,-0.00635402,0,0.902
-0.00222604,0,-0.00461276,-0.00723558,0,0.903
-0.00212786,0,-0.00414802,-0.00832857,0,0.903
-0.00182383,0,-0.00353913,-0.00933693,0,0.903
-0.00203004,0,-0.00337311,-0.0104995,0,0.904
-0.00232638,0,-0.00331971,-0.0115468,0,0.904
-0.00384521,0,-0.00443708,-0.0131042,0,0.904
-0.00410724,0,-0.00286862,-0.0164044,0,0.902
-0.00395214,0,-0.00268053,-0.0242237,0,0.902
-0.00392747,0,-0.00253518,-0.0271436,0,0.902
-0.00381936,0,-0.00244196,-0.0271436,0,0.902
-0.00307081,0,-0.00240523,-0.0330276,0,0.902
-0.00169661,0,-0.00240458,-0.0330276,0,0.902
-0.00169661,0,-0.00240458,0,0,0.902
-0.00169661,0,-0.00240458,0,0,0.902
-0.00169661,0,-0.00240458,0,0,0.902
-0.00169661,0,-0.00240458,0,0,0.902
-0.00169661,0,-0.00240458,0,0,0.902
-0.00169661,0,-0.00240458,0,0,0.902
0,-0.00709457,0,0,0,0.901
0,-0.00709457,0,0,0,0.901
0,-0.00709457,0,0,0,0.901
0,-0.00709457,0,0,0,0.901
0,-0.00709457,0,0,0,0.901
0,-0.00709457,0,0,0,0.901
0,-0.00709457,0,0,0,0.901
0,-0.00709457,0,0,0,0.901
0,-0.00708687,0,0,0,0.901
-0.0096697,-0.00711452,0,-0.0136411,0,0.909
-0.00488444,-0.00705011,0,-0.0143226,0,0.911
-0.00994313,-0.00720348,0,-0.0140025,0,0.908
-0.00408365,-0.00690994,0,-0.0146865,0,0.907
-0.00261933,-0.00669335,0,-0.014444,0,0.904
0.00498118,-0.00560868,0,-0.0141471,0,0.9
-0.00168111,-0.00623601,0,-0.012088,0,0.901
-0.00159287,-0.00600305,0,-0.0115133,0,0.9
-0.0065606,-0.00696574,0,-0.0111268,0,0.899
-0.0134114,-0.00890103,0,-0.0122143,0,0.899
-0.0191288,-0.0110977,0,-0.0153894,0,0.899
-0.0240466,-0.0135504,0,-0.0210643,0,0.899
-0.0283311,-0.0162043,0,-0.0287685,0,0.9
-0.0311136,-0.0185938,0,-0.0391485,0,0.9
-0.0412627,-0.0255843,0,-0.0509745,0,0.901
-0.05,-0.0324367,0,-0.06,0,0.901
-0.05,-0.0351998,0,-0.06,0,0.891
-0.05,-0.0378812,0,-0.06,0,0.882
-0.105523,-0.0826537,0,-0.06,0,0.885
-0.162529,-0.132289,0,-0.06,0,0.889
-0.15919,-0.137436,0,-0.06,0,0.886
-0.13993,-0.124859,0,-0.06,0,0.889
-0.120231,-0.111335,0,-0.06,0,0.887
-0.099065,-0.110315,0,-0.06,0,0.892
-0.0665405,-0.11345,0,-0.06,0,0.892
-0.03438,-0.113656,0,-0.06,0,0.892
-0.0341133,-0.113679,0,-0.06,0,0.892
-0.0341133,-0.113679,0,-0.06,0,0.892
-0.0341133,-0.113679,0,0,0,0.892
-0.0341133,-0.113679,0,0,0,0.892
-0.0341133,-0.113679,0,0,0,0.892
-0.0341133,-0.113679,0,0,0,0.892
-0.0341133,-0.113679,0,0,0,0.892
0,0,0.103559,0,0,0.895
0,0,0.103559,0,0,0.895
0,0,0.103559,0,0,0.895
0,0,0.103559,0,0,0.895
0,0,0.103559,0,0,0.895
0,0,0.103559,0,0,0.895
0,0,0.103559,0,0,0.895
0,0,0.103559,0,0,0.895
0,0,0.103541,0,0,0.895
0,0,0.103067,0,0,0.895
-0.05,0,0.100413,-0.06,0,0.823
-0.05,0,0.0976776,-0.06,0,0.848
-0.05,0,0.0944654,-0.06,0,0.871
-0.05,0,0.0900995,-0.06,0,0.873
-0.05,0,0.0849012,-0.06,0,0.872
-0.05,0,0.0792625,-0.06,0,0.872
-0.05,0,0.0727627,-0.06,0,0.872
-0.05,0,0.0659363,-0.06,0,0.872
-0.05,0,0.0583108,-0.06,0,0.869
-0.05,0,0.050708,-0.06,0,0.869
-0.05,0,0.0433737,-0.06,0,0.872
-0.05,0,0.0359892,-0.06,0,0.874
-0.05,0,0.0287683,-0.06,0,0.879
-0.05,0,0.0216378,-0.06,0,0.882
-0.05,0,0.0125073,-0.06,0,0.878
-0.05,0,0.00587934,-0.06,0,0.883
-0.053501,0,-0.00244258,-0.06,0,0.889
-0.0659096,0,-0.0184943,-0.06,0,0.891
-0.0723458,0,-0.0307794,-0.06,0,0.892
-0.0861425,0,-0.0492869,-0.06,0,0.893
-0.0989876,0,-0.0671477,-0.06,0,0.894
-0.109944,0,-0.0840051,-0.06,0,0.895
-0.118515,0,-0.0976166,-0.06,0,0.899
-0.117863,0,-0.0998975,-0.06,0,0.9
-0.0148485,0,-0.105404,-0.06,0,0.9
-0.00137244,0,-0.109166,-0.06,0,0.9
-0.00251833,0,-0.112217,-0.06,0,0.9
-0.00401618,0,-0.113987,-0.06,0,0.9
-0.00392062,0,-0.114416,-0.06,0,0.9
-0.00392062,0,-0.114416,-0.06,0,0.9
-0.00392062,0,-0.114416,0,0,0.9
-0.00392062,0,-0.114416,0,0,0.9
-0.00392062,0,-0.114416,0,0,0.9
-0.00392062,0,-0.114416,0,0,0.9
-0.00392062,0,-0.114416,0,0,0.9
0,0.103142,0,0,0,0.905
0,0.103142,0,0,0,0.905
0,0.103142,0,0,0,0.905
0,0.103142,0,0,0,0.905
0,0.103142,0,0,0,0.905
0,0.103142,0,0,0,0.905
0,0.103142,0,0,0,0.905
0,0.103101,0,0,0,0.905
0,0.102608,0,0,0,0.905
-0.049477,0.100647,0,-0.0188468,0,0.894
-0.0384874,0.0985694,0,-0.0243971,0,0.899
-0.023513,0.0962803,0,-0.0287053,0,0.902
-0.0103974,0.0940663,0,-0.0311456,0,0.902
-0.0148675,0.0899511,0,-0.0309832,0,0.901
-0.00767998,0.0867083,0,-0.0317596,0,0.895
-0.00154171,0.0832069,0,-0.03248,0,0.889
6.37706e-05,0.0785913,0,-0.0316048,0,0.883
0.00519766,0.0750844,0,-0.0299191,0,0.88
0.00644249,0.0710775,0,-0.0271622,0,0.882
0.006296,0.0661053,0,-0.023471,0,0.882
0.00133266,0.0591364,0,-0.0199079,0,0.885
-0.00406616,0.0518661,0,-0.0175023,0,0.887
-0.00304694,0.0470693,0,-0.0179746,0,0.888
-0.00180057,0.042535,0,-0.0179863,0,0.888
-0.001632,0.0357651,0,-0.0182474,0,0.885
-0.00268864,0.0298414,0,-0.0184761,0,0.882
-0.0046987,0.023301,0,-0.0180319,0,0.886
-0.000547265,0.0234594,0,-0.0198171,0,0.891
0.00948236,0.0284072,0,-0.0209709,0,0.899
0.0100723,0.0258846,0,-0.0142648,0,0.907
-0.000114152,0.0134456,0,-0.00022316,0,0.901
-0.00720831,0.00279595,0,0.00158136,0,0.895
-0.00648793,0.00173788,0,-0.00513044,0,0.896
-0.00547832,-0.000818478,0,-0.0136295,0,0.896
-0.000607098,-0.00281795,0,-0.0180735,0,0.896
0.000284675,-0.00421148,0,-0.017659,0,0.896
-0.00575266,-0.00495965,0,-0.0116842,0,0.896
-0.00569196,-0.00505921,0,-0.017187,0,0.896
-0.00569196,-0.00505921,0,-0.0307228,0,0.896
-0.00569196,-0.00505921,0,0,0,0.896
-0.00569196,-0.00505921,0,0,0,0.896
-0.00569196,-0.00505921,0,0,0,0.896
-0.00569196,-0.00505921,0,0,0,0.896
-0.00569196,-0.00505921,0,0,0,0.896
-0.00569196,-0.00505921,0,0,0,0.896
0,0,0.00874638,0,0,0.902
0,0,0.00874638,0,0,0.902
0,0,0.00874638,0,0,0.902
0,0,0.00874638,0,0,0.902
0,0,0.00874638,0,0,0.902
0,0,0.00874638,0,0,0.902
0,0,0.00874638,0,0,0.902
0,0,0.00874119,0,0,0.902
0,0,0.00870743,0,0,0.902
0.042679,0,0.00925559,0.00228273,0,0.9
0.037486,0,0.00963822,0.00871641,0,0.902
0.0321773,0,0.00996215,0.01411,0,0.905
0.0167977,0,0.00936689,0.0191511,0,0.908
0.0179713,0,0.00974265,0.0209377,0,0.905
0.0158928,0,0.00977099,0.0234165,0,0.902
0.0182559,0,0.01048,0.0255054,0,0.9
0.0219348,0,0.0117011,0.0281789,0,0.899
0.019714,0,0.00922549,0.0359285,0,0.9
0.0151769,0,0.0107622,0.0385376,0,0.898
0.00954734,0,0.00903663,0.0385376,0,0.898
0.00582436,0,0.00754434,0.0393469,0,0.898
0.0037384,0,0.00643692,0.0385794,0,0.898
0.000760893,0,0.0046635,0.0372673,0,0.898
0.00157677,0,0.0047316,0.0343089,0,0.899
0.00293357,0,0.00521226,0.0319467,0,0.9
0.000133907,0,0.00310578,0.0314525,0,0.901
0.000509365,0,0.00296493,0.028237,0,0.901
0.000125605,0,0.00230662,0.025669,0,0.901
-0.000784492,0,0.00121848,0.0231191,0,0.901
-0.00149747,0,0.000258945,0.0195563,0,0.902
-0.00253628,0,-0.00103481,0.0155963,0,0.901
-0.00126657,0,-0.000255383,0.00993456,0,0.902
-0.00100289,0,-0.000195344,0.00645829,0,0.902
-0.000465889,0,-0.000435903,0.00353985,0,0.902
0.000208166,0,-0.000629316,0.00253942,0,0.902
-0.000342268,0,-0.000771345,0.00284165,0,0.902
0.00126683,0,-0.000857752,0.00099287,0,0.902
0.00173442,0,-0.000884478,0.0036349,0,0.902
0.00173442,0,-0.000884478,0.0082703,0,0.902
0.00173442,0,-0.000884478,0,0,0.902
0.00173442,0,-0.000884478,0,0,0.902
0.00173442,0,-0.000884478,0,0,0.902
0.00173442,0,-0.000884478,0,0,0.902
0.00173442,0,-0.000884478,0,0,0.902
0.00173442,0,-0.000884478,0,0,0.902
0,-0.0099376,0,0,0,0.901
0,-0.0099376,0,0,0,0.901
0,-0.0099376,0,0,0,0.901
0,-0.0099376,0,0,0,0.901
0,-0.0099376,0,0,0,0.901
0,-0.0099376,0,0,0,0.901
0,-0.0099376,0,0,0,0.901
0,-0.00993742,0,0,0,0.901
0.0218739,-0.0097662,0,0,0,0.8
0.0182429,-0.0095543,0,0.00530628,0,0.902
0.00404997,-0.00953594,0,0.00795412,0,0.907
0.00881809,-0.00901114,0,0.00809408,0,0.906
0.00989176,-0.0084505,0,0.00908226,0,0.905
0.00973891,-0.00786297,0,0.0103878,0,0.903
0.00938551,-0.00723675,0,0.0116599,0,0.902
0.00992547,-0.00640553,0,0.0132737,0,0.901
0.00795625,-0.00601603,0,0.015036,0,0.9
0.00456124,-0.00614106,0,0.0161191,0,0.901
0.000769419,-0.00663739,0,0.0165718,0,0.9
-0.0021485,-0.00716777,0,0.0158075,0,0.9
-0.00227649,-0.00684857,0,0.013972,0,0.901
-0.000789008,-0.0058072,0,0.0119709,0,0.902
0.00111464,-0.0043839,0,0.009943,0,0.901
-0.000548048,-0.00476395,0,0.009943,0,0.902
-0.00116208,-0.00468178,0,0.00885436,0,0.903
-0.00285705,-0.00536461,0,0.00736192,0,0.904
-0.00342173,-0.00542293,0,0.0048027,0,0.904
-0.00338556,-0.00511077,0,0.00189993,0,0.905
-0.00341068,-0.00477991,0,-0.00124604,0,0.905
-0.00119184,-0.00267813,0,-0.00458396,0,0.905
-0.00117057,-0.00233857,0,-0.00523391,0,0.905
-0.000262622,-0.00123831,0,-0.00635733,0,0.905
-0.000837826,-0.00138966,0,-0.00572146,0,0.904
-0.00192178,-0.0011573,0,-0.00603945,0,0.904
-0.00217595,-0.000976116,0,-0.00709335,0,0.904
-0.002157,-0.000843907,0,-0.00983697,0,0.904
-0.00200566,-0.00076468,0,-0.0121924,0,0.904
-0.00186692,-0.000741969,0,-0.0160084,0,0.904
-0.00186692,-0.000741969,0,-0.0160084,0,0.904
-0.00186692,-0.000741969,0,0,0,0.904
-0.00186692,-0.000741969,0,0,0,0.904
-0.00186692,-0.000741969,0,0,0,0.904
-0.00186692,-0.000741969,0,0,0,0.904
-0.00186692,-0.000741969,0,0,0,0.904
-0.00186692,-0.000741969,0,0,0,0.904
0,0,-0.00991321,0,0,0.902
0,0,-0.00991321,0,0,0.902
0,0,-0.00991321,0,0,0.902
0,0,-0.00991321,0,0,0.902
0,0,-0.00991321,0,0,0.902
0,0,-0.00991321,0,0,0.902
0,0,-0.00991321,0,0,0.902
0,0,-0.0099127,0,0,0.902
-0.00515864,0,-0.00989614,0,0,0.8
0.0157604,0,-0.00962768,-0.00242587,0,0.903
0.00796314,0,-0.00946664,-5.70623e-05,0,0.91
0.00114576,0,-0.00941841,0.0014085,0,0.907
0.00584134,0,-0.00882772,0.00167612,0,0.908
0.00533629,0,-0.00828086,0.00269931,0,0.903
0.00865588,0,-0.00728439,0.00347768,0,0.902
0.00999809,0,-0.00635453,0.00510733,0,0.903
0.00800842,0,-0.00598207,0.00665703,0,0.903
0.00120456,0,-0.00700215,0.00853947,0,0.904
-0.00244821,0,-0.00761414,0.008493,0,0.903
-0.00579037,0,-0.00844916,0.00770289,0,0.903
-0.00633479,0,-0.00846922,0.0055731,0,0.903
-0.00479882,0,-0.00760335,0.00310761,0,0.904
-0.00395455,0,-0.00691906,0.000980611,0,0.903
-0.0032748,0,-0.00623898,-0.000789368,0,0.902
-0.00351309,0,-0.00605554,-0.0022615,0,0.902
-0.00415766,0,-0.00616573,-0.00393334,0,0.902
-0.00504786,0,-0.00651666,-0.00585995,0,0.902
-0.00508623,0,-0.00632521,-0.00867405,0,0.902
-0.0046787,0,-0.00580498,-0.0115506,0,0.903
-0.00360013,0,-0.00470381,-0.0146277,0,0.903
-0.00275366,0,-0.0037386,-0.017063,0,0.903
-0.00199225,0,-0.00282486,-0.0182969,0,0.904
-0.00207662,0,-0.00266615,-0.0190354,0,0.904
-0.00264888,0,-0.00207226,-0.0192333,0,0.904
-0.00252516,0,-0.00190133,-0.0195205,0,0.904
-0.00265541,0,-0.00177363,-0.0214218,0,0.904
-0.00304177,0,-0.00169274,-0.0223893,0,0.904
-0.00238581,0,-0.00166219,-0.0246656,0,0.904
-0.00133421,0,-0.00166212,-0.0261303,0,0.904
-0.00133421,0,-0.00166212,0,0,0.904
-0.00133421,0,-0.00166212,0,0,0.904
-0.00133421,0,-0.00166212,0,0,0.904
-0.00133421,0,-0.00166212,0,0,0.904
-0.00133421,0,-0.00166212,0,0,0.904
-0.00133421,0,-0.00166212,0,0,0.904
0,-0.00709911,0,0,0,0.901
0,-0.00709911,0,0,0,0.901
0,-0.00709911,0,0,0,0.901
0,-0.00709911,0,0,0,0.901
0,-0.00709911,0,0,0,0.901
0,-0.00709911,0,0,0,0.901
0,-0.00709911,0,0,0,0.901
0,-0.00709911,0,0,0,0.901
0,-0.00708852,0,0,0,0.901
0.0108793,-0.00694239,0,-0.00364463,0,0.91
0.00633386,-0.00680817,0,-0.00213066,0,0.911
-0.000511831,-0.00683524,0,-0.000844858,0,0.91
0.00736158,-0.00618402,0,-0.000947452,0,0.91
0.0085656,-0.00565644,0,0.000425005,0,0.906
0.0077603,-0.00523661,0,0.00205997,0,0.903
0.00880157,-0.00453255,0,0.00362684,0,0.903
0.00505892,-0.00466399,0,0.0062333,0,0.902
0.000223161,-0.0053159,0,0.0062333,0,0.902
-0.00401,-0.00620908,0,0.00624792,0,0.902
-0.00534065,-0.00650905,0,0.00459492,0,0.901
-0.00458729,-0.00613544,0,0.00239951,0,0.901
-0.00440817,-0.00593145,0,0.000357385,0,0.9
-0.00240372,-0.0048277,0,-0.00142948,0,0.9
-4.73e-05,-0.00334454,0,-0.00262299,0,0.901
-0.00179496,-0.00400466,0,-0.00233714,0,0.9
-0.00280462,-0.00438968,0,-0.00293002,0,0.901
-0.00286088,-0.00422299,0,-0.00473848,0,0.901
-0.00363792,-0.00459077,0,-0.00629648,0,0.901
-0.00353017,-0.00435554,0,-0.00869422,0,0.901
-0.00313842,-0.00385619,0,-0.0113584,0,0.902
-0.0024897,-0.00315058,0,-0.0138998,0,0.902
-0.00238822,-0.00290775,0,-0.0149945,0,0.903
-0.00284984,-0.00318846,0,-0.0165035,0,0.903
-0.00275471,-0.00209964,0,-0.018333,0,0.901
-0.00326805,-0.00198812,0,-0.0191633,0,0.901
-0.00358083,-0.00190432,0,-0.0215965,0,0.901
-0.00346873,-0.00185059,0,-0.025452,0,0.901
-0.00277702,-0.00182926,0,-0.028658,0,0.901
-0.00159117,-0.00182899,0,-0.0306022,0,0.901
-0.00159117,-0.00182899,0,0,0,0.901
-0.00159117,-0.00182899,0,0,0,0.901
-0.00159117,-0.00182899,0,0,0,0.901
-0.00159117,-0.00182899,0,0,0,0.901
-0.00159117,-0.00182899,0,0,0,0.901
-0.00159117,-0.00182899,0,0,0,0.901
0,0,-0.00993849,0,0,0.9
0,0,-0.00993849,0,0,0.9
0,0,-0.00993849,0,0,0.9
0,0,-0.00993849,0,0,0.9
0,0,-0.00993849,0,0,0.9
0,0,-0.00993849,0,0,0.9
0,0,-0.00993849,0,0,0.9
0,0,-0.00993849,0,0,0.9
-0.00767422,0,-0.00993432,0,0,0.8
0.0145117,0,-0.00973374,-0.00397939,0,0.904
0.00951853,0,-0.00953222,-0.00169459,0,0.911
0.00206523,0,-0.00947011,9.51499e-05,0,0.91
0.00373794,0,-0.00900487,0.000406105,0,0.911
0.00413456,0,-0.00856065,0.00113548,0,0.907
0.00654575,0,-0.00778414,0.00140495,0,0.907
0.00765408,0,-0.00696485,0.00265322,0,0.903
0.00615916,0,-0.00658492,0.00418208,0,0.904
0.000617088,0,-0.00728319,0.00515814,0,0.903
-0.00366382,0,-0.00807836,0.00535045,0,0.903
-0.00664829,0,-0.00880625,0.00445007,0,0.902
-0.00548704,0,-0.0081919,0.0021829,0,0.902
-0.00492113,0,-0.00772301,0.000232347,0,0.902
-0.0037229,0,-0.0068849,-0.00167029,0,0.902
-0.00303051,0,-0.00619172,-0.00318657,0,0.901
-0.00290984,0,-0.00577838,-0.00444362,0,0.901
-0.00380505,0,-0.00600967,-0.00548537,0,0.901
-0.00375795,0,-0.00569548,-0.0071555,0,0.902
-0.0032865,0,-0.00506784,-0.00918018,0,0.902
-0.00354905,0,-0.00498164,-0.0108683,0,0.902
-0.00354564,0,-0.00472599,-0.01281,0,0.903
-0.00287206,0,-0.00390779,-0.0151529,0,0.903
-0.00181722,0,-0.00272615,-0.0168257,0,0.903
-0.00209077,0,-0.00273303,-0.01814,0,0.903
-0.00294213,0,-0.00226561,-0.0183862,0,0.901
-0.00311308,0,-0.00208723,-0.0192228,0,0.901
-0.00295481,0,-0.00195617,-0.0220079,0,0.901
-0.00318953,0,-0.00186965,-0.0240555,0,0.901
-0.00267789,0,-0.00183556,-0.0270163,0,0.901
-0.0015134,0,-0.00183496,-0.0288513,0,0.901
-0.0015134,0,-0.00183496,0,0,0.901
-0.0015134,0,-0.00183496,0,0,0.901
-0.0015134,0,-0.00183496,0,0,0.901
-0.0015134,0,-0.00183496,0,0,0.901
-0.0015134,0,-0.00183496,0,0,0.901
-0.0015134,0,-0.00183496,0,0,0.901
0,-0.00746853,0,0,0,0.9
0,-0.00746853,0,0,0,0.9
0,-0.00746853,0,0,0,0.9
0,-0.00746853,0,0,0,0.9
0,-0.00746853,0,0,0,0.9
0,-0.00746853,0,0,0,0.9
0,-0.00746853,0,0,0,0.9
0,-0.00746853,0,0,0,0.9
0,-0.0074604,0,0,0,0.9
0.00351172,-0.00738344,0,-0.00731788,0,0.909
0.000622434,-0.00730526,0,-0.0065968,0,0.91
-0.00437047,-0.00735007,0,-0.00576793,0,0.908
0.00548109,-0.00667695,0,-0.00600074,0,0.908
0.00864353,-0.00602848,0,-0.00477407,0,0.905
0.0083078,-0.00553908,0,-0.00274961,0,0.902
0.00374138,-0.00565834,0,0.00133906,0,0.895
0.00760956,-0.00449461,0,0.00189926,0,0.902
0.00398073,-0.00472992,0,0.00352969,0,0.902
-0.00115582,-0.00568563,0,0.00415659,0,0.9
-0.00500046,-0.0066543,0,0.00415659,0,0.902
-0.00584792,-0.00685631,0,0.00232187,0,0.902
-0.00598365,-0.00683506,0,-0.00276468,0,0.901
-0.0029606,-0.00531579,0,-0.00276468,0,0.901
-0.00162146,-0.00438454,0,-0.00420485,0,0.901
-0.0036618,-0.00527685,0,-0.00461101,0,0.902
-0.00456093,-0.0056172,0,-0.00641757,0,0.902
-0.00531838,-0.00599745,0,-0.00877935,0,0.902
-0.00586981,-0.00630151,0,-0.0109673,0,0.902
-0.00597276,-0.0063113,0,-0.0145473,0,0.902
-0.00530407,-0.00570489,0,-0.0182328,0,0.902
-0.00342382,-0.00402404,0,-0.0223616,0,0.903
-0.00282366,-0.00335115,0,-0.0241411,0,0.903
-0.00267607,-0.00307175,0,-0.0256416,0,0.903
-0.00274413,-0.00237991,0,-0.0265059,0,0.901
-0.00348059,-0.0022634,0,-0.0261391,0,0.901
-0.00424055,-0.00217496,0,-0.0279903,0,0.901
-0.00450217,-0.00211696,0,-0.031401,0,0.901
-0.00403484,-0.00209159,0,-0.0349412,0,0.901
-0.00198062,-0.00209088,0,-0.0390336,0,0.901
-0.00198062,-0.00209088,0,0,0,0.901
-0.00198062,-0.00209088,0,0,0,0.901
-0.00198062,-0.00209088,0,0,0,0.901
-0.00198062,-0.00209088,0,0,0,0.901
-0.00198062,-0.00209088,0,0,0,0.901
-0.00198062,-0.00209088,0,0,0,0.901
0,0,-0.0101496,0,0,0.9
0,0,-0.0101496,0,0,0.9
0,0,-0.0101496,0,0,0.9
0,0,-0.0101496,0,0,0.9
0,0,-0.0101496,0,0,0.9
0,0,-0.0101496,0,0,0.9
0,0,-0.0101496,0,0,0.9
0,0,-0.0101496,0,0,0.9
-0.0178017,0,-0.0101596,0,0,0.8
0.00723075,0,-0.0100207,-0.00658184,0,0.903
0.00567108,0,-0.00984226,-0.00536648,0,0.91
-0.00153912,0,-0.00983014,-0.00398984,0,0.909
-4.45046e-05,0,-0.0095408,-0.00322685,0,0.906
0.00531963,0,-0.00879831,-0.00322685,0,0.907
0.0104296,0,-0.00753097,-0.0020154,0,0.907
0.0107911,0,-0.00673088,-0.000208136,0,0.907
0.00637671,0,-0.00680394,0.00207521,0,0.907
0.00019184,0,-0.00762237,0.00388375,0,0.907
-0.00297062,0,-0.00807174,0.00380117,0,0.906
-0.00789662,0,-0.00939331,0.00316969,0,0.906
-0.00831138,0,-0.00944484,0.000768878,0,0.906
-0.00692381,0,-0.00875568,-0.00189295,0,0.906
-0.00372755,0,-0.00705777,-0.00439495,0,0.906
-0.00205907,0,-0.00584372,-0.00577664,0,0.905
-0.00272032,0,-0.00582952,-0.00644384,0,0.905
-0.00378173,0,-0.00613745,-0.00710989,0,0.905
-0.0053098,0,-0.00687074,-0.00828595,0,0.905
-0.00615689,0,-0.00726162,-0.0104306,0,0.905
-0.00616785,0,-0.00710089,-0.0134535,0,0.906
-0.00505722,0,-0.00603972,-0.0171302,0,0.906
-0.00427857,0,-0.00518504,-0.0196984,0,0.906
-0.00376583,0,-0.00453484,-0.0217486,0,0.907
-0.00292164,0,-0.0035637,-0.0228809,0,0.907
-0.00302187,0,-0.0030748,-0.0237982,0,0.906
-0.00444595,0,-0.00290321,-0.024026,0,0.906
-0.00410261,0,-0.00276937,-0.0247326,0,0.906
-0.00467405,0,-0.00267654,-0.0271685,0,0.906
-0.0045286,0,-0.00262795,-0.0307836,0,0.906
-0.00324798,0,-0.00262125,-0.0344073,0,0.906
-0.00324798,0,-0.00262125,-0.0348364,0,0.906
-0.00324798,0,-0.00262125,0,0,0.906
-0.00324798,0,-0.00262125,0,0,0.906
-0.00324798,0,-0.00262125,0,0,0.906
-0.00324798,0,-0.00262125,0,0,0.906
-0.00324798,0,-0.00262125,0,0,0.906
0,-0.00675217,0,0,0,0.904
0,-0.00675217,0,0,0,0.904
0,-0.00675217,0,0,0,0.904
0,-0.00675217,0,0,0,0.904
0,-0.00675217,0,0,0,0.904
0,-0.00675217,0,0,0,0.904
0,-0.00675217,0,0,0,0.904
0,-0.00675217,0,0,0,0.904
-0.0243937,-0.00675643,0,0,0,0.8
-0.0170466,-0.0068239,0,0,0,0.8
0.0110179,-0.00647523,0,-0.00727705,0,0.902
0.000749101,-0.00651756,0,-0.00480755,0,0.909
0.00622319,-0.00606442,0,-0.00449419,0,0.909
0.00406387,-0.00590084,0,-0.00322065,0,0.907
0.00100516,-0.00590444,0,-0.00212099,0,0.906
0.00241709,-0.00535337,0,-0.00200027,0,0.906
-0.00382131,-0.00619256,0,-0.00115465,0,0.906
-0.00684113,-0.00677289,0,-0.0017211,0,0.905
-0.00865888,-0.00727973,0,-0.00277029,0,0.905
-0.00921395,-0.00754615,0,-0.00484883,0,0.905
-0.00756945,-0.00705533,0,-0.0070405,0,0.904
-0.00686704,-0.00680037,0,-0.00907353,0,0.904
-0.00411252,-0.00551737,0,-0.0109406,0,0.905
-0.00210102,-0.00434589,0,-0.0121724,0,0.905
-0.00259089,-0.0043937,0,-0.0120708,0,0.905
-0.00157695,-0.00356635,0,-0.0126372,0,0.905
-0.0010945,-0.00300555,0,-0.012695,0,0.905
-0.00124065,-0.00284661,0,-0.012397,0,0.905
-0.000782745,-0.00225636,0,-0.0120007,0,0.905
-0.000729821,-0.00196227,0,-0.0117168,0,0.905
0.000517286,-0.00068344,0,-0.010992,0,0.905
-0.00056597,-0.00137152,0,-0.00991781,0,0.906
-0.00262312,-0.00302542,0,-0.00812769,0,0.906
-0.00334152,-0.00315281,0,-0.0100587,0,0.906
-0.0037711,-0.0030593,0,-0.0129314,0,0.906
-0.0041814,-0.00298628,0,-0.0150666,0,0.906
-0.00443835,-0.00293055,0,-0.0194283,0,0.906
-0.00429252,-0.00289814,0,-0.0247918,0,0.906
-0.00306373,-0.0028902,0,-0.0291454,0,0.906
-0.00306373,-0.0028902,0,-0.0311644,0,0.906
-0.00306373,-0.0028902,0,0,0,0.906
-0.00306373,-0.0028902,0,0,0,0.906
-0.00306373,-0.0028902,0,0,0,0.906
-0.00306373,-0.0028902,0,0,0,0.906
-0.00306373,-0.0028902,0,0,0,0.906
-0.00306373,-0.0028902,0,0,0,0.906
0,0,-0.00860864,0,0,0.903
0,0,-0.00860864,0,0,0.903
0,0,-0.00860864,0,0,0.903
0,0,-0.00860864,0,0,0.903
0,0,-0.00860864,0,0,0.903
0,0,-0.00860864,0,0,0.903
0,0,-0.00860864,0,0,0.903
0,0,-0.00860864,0,0,0.903
-0.0274273,0,-0.00868402,0,0,0.8
-0.00227601,0,-0.00853425,-0.00867951,0,0.902
-0.0112589,0,-0.00867796,-0.00835444,0,0.906
0.000540645,0,-0.00818651,-0.0100303,0,0.905
0.00585681,0,-0.00757999,-0.00940547,0,0.904
0.0116996,0,-0.00656403,-0.0076956,0,0.903
0.0161183,0,-0.00530442,-0.00485979,0,0.904
0.01437,0,-0.004692,-0.00133251,0,0.904
0.00384715,0,-0.00599564,0.00281193,0,0.905
-0.00116201,0,-0.00664787,0.00388488,0,0.905
-0.00722994,0,-0.00818202,0.00383515,0,0.904
-0.00957274,0,-0.00895238,0.00198647,0,0.904
-0.00733334,0,-0.00809226,-0.00123782,0,0.904
-0.0040514,0,-0.00653913,-0.00396091,0,0.904
-0.0010462,0,-0.00479925,-0.00548643,0,0.904
-0.00125962,0,-0.0045424,-0.00582213,0,0.904
-0.00319395,0,-0.00533924,-0.00592509,0,0.903
-0.00468819,0,-0.00605696,-0.00916164,0,0.903
-0.0056239,0,-0.00652589,-0.00916164,0,0.903
-0.00694215,0,-0.00737052,-0.0118457,0,0.903
-0.00609909,0,-0.00663644,-0.0159196,0,0.903
-0.00470142,0,-0.00538627,-0.0199955,0,0.904
-0.00368417,0,-0.00436397,-0.0229223,0,0.904
-0.00240786,0,-0.00305471,-0.0250869,0,0.904
-0.0020007,0,-0.00249322,-0.0250869,0,0.904
-0.00352159,0,-0.00215401,-0.0244745,0,0.904
-0.00391825,0,-0.00201517,-0.0249082,0,0.904
-0.00422714,0,-0.00191203,-0.0278512,0,0.904
-0.00488061,0,-0.00184643,-0.0309207,0,0.904
-0.00483339,0,-0.00182461,-0.0353654,0,0.904
-0.00483339,0,-0.00182461,-0.04024,0,0.904
-0.00483339,0,-0.00182461,0,0,0.904
-0.00483339,0,-0.00182461,0,0,0.904
-0.00483339,0,-0.00182461,0,0,0.904
-0.00483339,0,-0.00182461,0,0,0.904
-0.00483339,0,-0.00182461,0,0,0.904
-0.00483339,0,-0.00182461,0,0,0.904
0,-0.00655802,0,0,0,0.903
0,-0.00655802,0,0,0,0.903
0,-0.00655802,0,0,0,0.903
0,-0.00655802,0,0,0,0.903
0,-0.00655802,0,0,0,0.903
0,-0.00655802,0,0,0,0.903
0,-0.00655802,0,0,0,0.903
0,-0.00655802,0,0,0,0.903
0,-0.00654682,0,0,0,0.903
0.000275638,-0.00649471,0,-0.00917762,0,0.909
-0.0076163,-0.00658208,0,-0.0085712,0,0.907
-0.00994708,-0.00669953,0,-0.00925409,0,0.905
-0.00370518,-0.00637095,0,-0.0102648,0,0.905
-9.30577e-05,-0.00594347,0,-0.010505,0,0.901
0.0046126,-0.00513003,0,-0.00979795,0,0.901
0.00302634,-0.0049835,0,-0.00818712,0,0.901
0.00240809,-0.00472934,0,-0.00682007,0,0.901
-0.00129517,-0.00526118,0,-0.00562617,0,0.901
-0.00311427,-0.00555231,0,-0.00570926,0,0.9
-0.00523966,-0.00611129,0,-0.00607904,0,0.9
-0.00423546,-0.0056589,0,-0.00774064,0,0.9
-0.00297398,-0.00499393,0,-0.00874763,0,0.9
-0.00146135,-0.00407975,0,-0.00964947,0,0.9
-0.0031544,-0.00473737,0,-0.00962506,0,0.901
-0.00275755,-0.00433666,0,-0.0106789,0,0.901
-0.00350335,-0.00462342,0,-0.0113732,0,0.901
-0.00324481,-0.00430186,0,-0.013045,0,0.901
-0.00316109,-0.0040886,0,-0.0144844,0,0.901
-0.00258735,-0.00349712,0,-0.0158439,0,0.901
-0.00223366,-0.00304545,0,-0.0169971,0,0.901
-0.00218067,-0.00284025,0,-0.0174942,0,0.902
-0.00231551,-0.00280582,0,-0.0182605,0,0.902
-0.00258297,-0.00291796,0,-0.0192797,0,0.902
-0.00322004,-0.00216743,0,-0.0206424,0,0.9
-0.00358256,-0.00206529,0,-0.0221295,0,0.9
-0.00419364,-0.00198736,0,-0.0255642,0,0.9
-0.00405265,-0.00193572,0,-0.0304505,0,0.9
-0.00377422,-0.00191242,0,-0.0344506,0,0.9
-0.00179168,-0.00191125,0,-0.0377953,0,0.9
-0.00179168,-0.00191125,0,0,0,0.9
-0.00179168,-0.00191125,0,0,0,0.9
-0.00179168,-0.00191125,0,0,0,0.9
-0.00179168,-0.00191125,0,0,0,0.9
-0.00179168,-0.00191125,0,0,0,0.9
-0.00179168,-0.00191125,0,0,0,0.9
0,0,-0.00986734,0,0,0.899
0,0,-0.00986734,0,0,0.899
0,0,-0.00986734,0,0,0.899
0,0,-0.00986734,0,0,0.899
0,0,-0.00986734,0,0,0.899
0,0,-0.00986734,0,0,0.899
0,0,-0.00986734,0,0,0.899
0,0,-0.00986734,0,0,0.899
0,0,-0.00985027,0,0,0.899
0.00724338,0,-0.00970984,-0.0102922,0,0.911
0.004453,0,-0.00954585,-0.00870926,0,0.911
0.0033221,0,-0.00932349,-0.00727922,0,0.909
0.00678905,0,-0.00878192,-0.0065114,0,0.907
0.00442216,0,-0.00851734,-0.00475372,0,0.903
0.00604126,0,-0.00784597,-0.00351002,0,0.903
0.00732394,0,-0.00705156,-0.00194221,0,0.902
0.00287089,0,-0.00727692,-0.000174843,0,0.902
0.000608536,0,-0.00729333,0.000677961,0,0.902
-0.00185516,0,-0.00745528,0.000958238,0,0.903
-0.00327509,0,-0.00756735,0.00054286,0,0.902
-0.00302706,0,-0.00715004,-0.000389857,0,0.902
-0.00176659,0,-0.00625019,-0.00157685,0,0.902
-0.00168669,0,-0.00580759,-0.00212138,0,0.902
-0.00164347,0,-0.00538761,-0.00278219,0,0.903
-0.00275585,0,-0.00563311,-0.0031,0,0.902
-0.00306228,0,-0.00548537,-0.00432438,0,0.902
-0.00328073,0,-0.00531492,-0.00571796,0,0.902
-0.00383381,0,-0.00542261,-0.00734867,0,0.902
-0.00399201,0,-0.00529313,-0.00957691,0,0.903
-0.00360771,0,-0.00473876,-0.0120622,0,0.903
-0.00332889,0,-0.00426352,-0.0145605,0,0.903
-0.00376316,0,-0.0044343,-0.0164562,0,0.904
-0.0038898,0,-0.00436467,-0.0194802,0,0.904
-0.0043802,0,-0.00288992,-0.022194,0,0.902
-0.00429942,0,-0.00273477,-0.0245274,0,0.902
-0.00431459,0,-0.00261822,-0.0284724,0,0.902
-0.00467017,0,-0.00254218,-0.0319844,0,0.902
-0.00428824,0,-0.00251357,-0.0363049,0,0.902
-0.00251787,0,-0.00251344,-0.0395841,0,0.902
-0.00251787,0,-0.00251344,0,0,0.902
-0.00251787,0,-0.00251344,0,0,0.902
-0.00251787,0,-0.00251344,0,0,0.902
-0.00251787,0,-0.00251344,0,0,0.902
-0.00251787,0,-0.00251344,0,0,0.902
-0.00251787,0,-0.00251344,0,0,0.902
0,-0.0063968,0,0,0,0.9
0,-0.0063968,0,0,0,0.9
0,-0.0063968,0,0,0,0.9
0,-0.0063968,0,0,0,0.9
0,-0.0063968,0,0,0,0.9
0,-0.0063968,0,0,0,0.9
0,-0.0063968,0,0,0,0.9
0,-0.0063968,0,0,0,0.9
0,-0.00638858,0,0,0,0.9
-0.0035385,-0.00637332,0,-0.00945006,0,0.91
-0.00559454,-0.0063801,0,-0.00950697,0,0.912
-0.00250302,-0.00624486,0,-0.00943283,0,0.91
0.00316957,-0.0057999,0,-0.0094894,0,0.908
0.0044089,-0.00541786,0,-0.00837395,0,0.906
0.0115577,-0.00417032,0,-0.00727489,0,0.902
0.00978565,-0.00379979,0,-0.00417452,0,0.901
0.00576992,-0.00396523,0,-0.00164621,0,0.901
0.000215724,-0.0047962,0,-0.000124327,0,0.901
-0.00232275,-0.00522899,0,5.64672e-05,0,0.901
-0.00625285,-0.00634884,0,-0.000584693,0,0.901
-0.00739543,-0.00677852,0,-0.00263403,0,0.9
-0.00444988,-0.00555682,0,-0.00560025,0,0.9
-0.00341384,-0.00496124,0,-0.00740699,0,0.9
-0.00364347,-0.00493772,0,-0.00861783,0,0.901
-0.00440334,-0.00524146,0,-0.00979854,0,0.901
-0.00533261,-0.00572797,0,-0.0115626,0,0.901
-0.00435287,-0.00501457,0,-0.0142134,0,0.901
-0.00556028,-0.00579246,0,-0.0164318,0,0.901
-0.00452635,-0.00494573,0,-0.0199551,0,0.902
-0.00420352,-0.00460533,0,-0.0222923,0,0.902
-0.00219354,-0.0028038,0,-0.0241742,0,0.902
-0.000409579,-0.00107189,0,-0.0251848,0,0.902
-0.000720999,-0.00117471,0,-0.0232963,0,0.902
-0.00173803,-0.00137712,0,-0.021369,0,0.9
-0.00260163,-0.00126477,0,-0.0203191,0,0.9
-0.00347262,-0.00119872,0,-0.0210951,0,0.9
-0.00345019,-0.00113679,0,-0.0250165,0,0.9
-0.00370353,-0.00110692,0,-0.0293477,0,0.9
-0.00206489,-0.00110446,0,-0.0338152,0,0.9
-0.00206489,-0.00110446,0,0,0,0.9
-0.00206489,-0.00110446,0,0,0,0.9
-0.00206489,-0.00110446,0,0,0,0.9
-0.00206489,-0.00110446,0,0,0,0.9
-0.00206489,-0.00110446,0,0,0,0.9
-0.00206489,-0.00110446,0,0,0,0.9
0,0,-0.0106396,0,0,0.899
0,0,-0.0106396,0,0,0.899
0,0,-0.0106396,0,0,0.899
0,0,-0.0106396,0,0,0.899
0,0,-0.0106396,0,0,0.899
0,0,-0.0106396,0,0,0.899
0,0,-0.0106396,0,0,0.899
0,0,-0.0106396,0,0,0.899
-0.0310237,0,-0.0106772,0,0,0.8
0.00723383,0,-0.0104894,-0.00985889,0,0.903
-0.00167159,0,-0.0104517,-0.00812318,0,0.91
-0.00282913,0,-0.0103358,-0.00769528,0,0.911
-0.000546517,0,-0.0100137,-0.00779531,0,0.91
0.000516469,0,-0.00954398,-0.00646341,0,0.906
0.00635094,0,-0.00841905,-0.00646341,0,0.907
0.0077202,0,-0.00753625,-0.00513674,0,0.903
0.00504653,0,-0.00736221,-0.00301322,0,0.903
0.000955418,0,-0.00773111,-0.00168189,0,0.904
-0.00324963,0,-0.00845492,-0.00106728,0,0.904
-0.00563909,0,-0.00892814,-0.00173308,0,0.904
-0.00582599,0,-0.00876089,-0.00311483,0,0.904
-0.00458574,0,-0.0079808,-0.00492831,0,0.903
-0.00311119,0,-0.00695965,-0.00648187,0,0.903
-0.00211618,0,-0.00604953,-0.00751405,0,0.903
-0.00299278,0,-0.00613464,-0.0081777,0,0.903
-0.00314167,0,-0.00585815,-0.00909036,0,0.903
-0.00325797,0,-0.0055828,-0.0101884,0,0.903
-0.0036611,0,-0.00554015,-0.0116053,0,0.903
-0.00408033,0,-0.00556063,-0.0132853,0,0.903
-0.0039356,0,-0.0051734,-0.015522,0,0.903
-0.00368348,0,-0.00471265,-0.0181044,0,0.904
-0.00365385,0,-0.00444476,-0.0201464,0,0.904
-0.00387827,0,-0.00443478,-0.0228802,0,0.904
-0.00436143,0,-0.00337443,-0.0254479,0,0.902
-0.00474431,0,-0.00320499,-0.0273486,0,0.902
-0.00493101,0,-0.00308018,-0.031139,0,0.902
-0.00466567,0,-0.00299733,-0.0358338,0,0.902
-0.00484615,0,-0.00296341,-0.0396641,0,0.902
-0.00287861,0,-0.00296315,-0.0432717,0,0.902
-0.00287861,0,-0.00296315,0,0,0.902
-0.00287861,0,-0.00296315,0,0,0.902
-0.00287861,0,-0.00296315,0,0,0.902
-0.00287861,0,-0.00296315,0,0,0.902
-0.00287861,0,-0.00296315,0,0,0.902
-0.00287861,0,-0.00296315,0,0,0.902
0,-0.00521886,0,0,0,0.901
0,-0.00521886,0,0,0,0.901
0,-0.00521886,0,0,0,0.901
0,-0.00521886,0,0,0,0.901
0,-0.00521886,0,0,0,0.901
0,-0.00521886,0,0,0,0.901
0,-0.00521886,0,0,0,0.901
0,-0.00521886,0,0,0,0.901
0,-0.00521414,0,0,0,0.901
-0.00877736,-0.00524483,0,-0.0114782,0,0.908
0.000969106,-0.00509866,0,-0.012369,0,0.91
0.0011892,-0.00498112,0,-0.0114834,0,0.909
0.00407938,-0.00466389,0,-0.0104361,0,0.909
0.00136632,-0.00464186,0,-0.0088867,0,0.906
0.00673654,-0.00379007,0,-0.0080225,0,0.905
0.00924703,-0.00296531,0,-0.00646999,0,0.903
0.012288,-0.00177111,0,-0.0035925,0,0.899
0.00875488,-0.0018778,0,-4.81464e-05,0,0.899
0.00377614,-0.00266708,0,0.00245714,0,0.899
-0.000162275,-0.00355343,0,0.0037649,0,0.9
-0.00242554,-0.00416757,0,0.00350643,0,0.901
-0.00349028,-0.00448357,0,0.00242948,0,0.901
-0.00349315,-0.00439698,0,0.000670718,0,0.9
-0.00460703,-0.00489689,0,-0.00103465,0,0.9
-0.00449953,-0.00480454,0,-0.0034197,0,0.9
-0.00560984,-0.00546269,0,-0.00568365,0,0.901
-0.00482202,-0.00495237,0,-0.00963302,0,0.901
-0.00470757,-0.0048518,0,-0.0122953,0,0.901
-0.00325079,-0.00371864,0,-0.0151433,0,0.901
-0.00282377,-0.00327206,0,-0.0172834,0,0.902
-0.00267223,-0.00305127,0,-0.0181269,0,0.902
-0.00218048,-0.00252658,0,-0.0196672,0,0.902
-0.00259799,-0.00281504,0,-0.0201322,0,0.902
-0.00270959,-0.00204018,0,-0.0216422,0,0.9
-0.00308847,-0.00196717,0,-0.021881,0,0.9
-0.00366011,-0.00191174,0,-0.0241119,0,0.9
-0.00315744,-0.0018826,0,-0.0269488,0,0.9
-0.00271551,-0.00186153,0,-0.0305809,0,0.9
-0.00171678,-0.00185903,0,-0.032176,0,0.9
-0.00171678,-0.00185903,0,0,0,0.9
-0.00171678,-0.00185903,0,0,0,0.9
-0.00171678,-0.00185903,0,0,0,0.9
-0.00171678,-0.00185903,0,0,0,0.9
-0.00171678,-0.00185903,0,0,0,0.9
-0.00171678,-0.00185903,0,0,0,0.9
0,0,-0.00952168,0,0,0.899
0,0,-0.00952168,0,0,0.899
0,0,-0.00952168,0,0,0.899
0,0,-0.00952168,0,0,0.899
0,0,-0.00952168,0,0,0.899
0,0,-0.00952168,0,0,0.899
0,0,-0.00952168,0,0,0.899
0,0,-0.00952168,0,0,0.899
-0.0462497,0,-0.00956959,0,0,0.8
0.00682322,0,-0.00940006,-0.0131677,0,0.902
0.0066088,0,-0.00920832,-0.0115979,0,0.91
-0.00247162,0,-0.00926011,-0.00962437,0,0.909
-0.000184009,0,-0.00896434,-0.00935056,0,0.909
-0.0027684,0,-0.00887726,-0.00858546,0,0.905
0.00104844,0,-0.00816446,-0.00854798,0,0.904
0.00214325,0,-0.00757728,-0.00828289,0,0.9
0.000311371,0,-0.00759654,-0.00720577,0,0.901
-0.00111845,0,-0.00752406,-0.0066401,0,0.901
-0.00282486,0,-0.00763257,-0.00649977,0,0.901
-0.00677211,0,-0.00861858,-0.00680456,0,0.901
-0.00589922,0,-0.00811426,-0.0088098,0,0.901
-0.00510047,0,-0.0075863,-0.0104135,0,0.901
-0.00290162,0,-0.00629425,-0.0118504,0,0.901
-0.00283721,0,-0.0059294,-0.0125505,0,0.901
-0.0030873,0,-0.0057361,-0.0129883,0,0.9
-0.00338511,0,-0.00561166,-0.0138468,0,0.9
-0.00383036,0,-0.00562446,-0.0148524,0,0.9
-0.00486229,0,-0.00612402,-0.0162351,0,0.901
-0.00441168,0,-0.0055716,-0.0181939,0,0.901
-0.00402699,0,-0.00504752,-0.0205958,0,0.901
-0.00314998,0,-0.00409836,-0.0228531,0,0.902
-0.00294263,0,-0.00369205,-0.0243217,0,0.902
-0.00253455,0,-0.00311321,-0.0255397,0,0.902
-0.00298043,0,-0.00252245,-0.025962,0,0.9
-0.00349808,0,-0.00236168,-0.0261945,0,0.9
-0.00389791,0,-0.00223963,-0.0279978,0,0.9
-0.00412056,0,-0.00215958,-0.0314139,0,0.9
-0.00369521,0,-0.00212482,-0.0345072,0,0.9
-0.00180531,0,-0.00212358,-0.0381498,0,0.9
-0.00180531,0,-0.00212358,0,0,0.9
-0.00180531,0,-0.00212358,0,0,0.9
-0.00180531,0,-0.00212358,0,0,0.9
-0.00180531,0,-0.00212358,0,0,0.9
-0.00180531,0,-0.00212358,0,0,0.9
-0.00180531,0,-0.00212358,0,0,0.9
0,-0.00742086,0,0,0,0.899
0,-0.00742086,0,0,0,0.899
0,-0.00742086,0,0,0,0.899
0,-0.00742086,0,0,0,0.899
0,-0.00742086,0,0,0,0.899
0,-0.00742086,0,0,0,0.899
0,-0.00742086,0,0,0,0.899
0,-0.00742086,0,0,0,0.899
0,-0.0074141,0,0,0,0.899
0.00672534,-0.00731797,0,-0.0101162,0,0.909
0.00798735,-0.00712249,0,-0.00887611,0,0.911
-6.1861e-05,-0.00714697,0,-0.00690053,0,0.908
0.00160679,-0.00688203,0,-0.00652627,0,0.909
-0.000755008,-0.00683499,0,-0.00575625,0,0.905
0.00247369,-0.00623477,0,-0.00543915,0,0.904
0.00104357,-0.00609433,0,-0.00454107,0,0.901
0.0012233,-0.00573229,0,-0.00397683,0,0.9
-0.00235103,-0.00621218,0,-0.0033016,0,0.9
-0.00433572,-0.00654811,0,-0.00372445,0,0.9
-0.00512041,-0.00666109,0,-0.00466455,0,0.899
-0.00595986,-0.00686803,0,-0.00638111,0,0.899
-0.00593759,-0.00678661,0,-0.00870762,0,0.899
-0.00482734,-0.00618253,0,-0.0106573,0,0.899
-0.00224253,-0.00468912,0,-0.0123283,0,0.899
-0.00165224,-0.00409034,0,-0.0127073,0,0.899
-0.00168099,-0.00383311,0,-0.0127101,0,0.9
-0.00167748,-0.00354875,0,-0.0129471,0,0.9
-0.00244315,-0.00383996,0,-0.0131855,0,0.9
-0.00183372,-0.00315364,0,-0.0140984,0,0.9
-0.00282849,-0.00372759,0,-0.0146767,0,0.901
-0.00301421,-0.00370481,0,-0.0160818,0,0.901
-0.00228375,-0.00291202,0,-0.0182213,0,0.902
-0.00354286,-0.00386867,0,-0.0195587,0,0.903
-0.00387768,-0.00284495,0,-0.0219022,0,0.901
-0.00453022,-0.00273885,0,-0.0233399,0,0.901
-0.00503202,-0.0026579,0,-0.0278215,0,0.901
-0.00500664,-0.00260426,0,-0.0331217,0,0.901
-0.00487245,-0.00258006,0,-0.0385256,0,0.901
-0.00297173,-0.00257885,0,-0.0429429,0,0.901
-0.00297173,-0.00257885,0,0,0,0.901
-0.00297173,-0.00257885,0,0,0,0.901
-0.00297173,-0.00257885,0,0,0,0.901
-0.00297173,-0.00257885,0,0,0,0.901
-0.00297173,-0.00257885,0,0,0,0.901
-0.00297173,-0.00257885,0,0,0,0.901
0,0,-0.0101826,0,0,0.9
0,0,-0.0101826,0,0,0.9
0,0,-0.0101826,0,0,0.9
0,0,-0.0101826,0,0,0.9
0,0,-0.0101826,0,0,0.9
0,0,-0.0101826,0,0,0.9
0,0,-0.0101826,0,0,0.9
0,0,-0.0101826,0,0,0.9
-0.0407378,0,-0.0102153,0,0,0.8
0.00972049,0,-0.0100439,-0.0124912,0,0.902
0.0119481,0,-0.00976908,-0.0106029,0,0.91
0.00298501,0,-0.00970878,-0.00796993,0,0.91
0.00482736,0,-0.00930807,-0.00703118,0,0.91
0.0010797,0,-0.00912837,-0.00584963,0,0.906
0.00328034,0,-0.00847716,-0.00511298,0,0.904
0.0062392,0,-0.00750883,-0.00477801,0,0.904
0.00177635,0,-0.00777887,-0.00229023,0,0.906
0.00101868,0,-0.00746166,-0.00210348,0,0.906
-0.0023351,0,-0.00792275,-0.00156282,0,0.905
-0.00738603,0,-0.00924787,-0.00166367,0,0.905
-0.00658261,0,-0.00880378,-0.00351863,0,0.904
-0.00587216,0,-0.00832577,-0.00547811,0,0.905
-0.00327564,0,-0.0068661,-0.00731215,0,0.905
-0.00317771,0,-0.00647186,-0.00834764,0,0.905
-0.00409922,0,-0.00666007,-0.00890615,0,0.905
-0.00489658,0,-0.00686481,-0.0100852,0,0.905
-0.00455285,0,-0.00638173,-0.0117959,0,0.905
-0.00471326,0,-0.00623885,-0.0135887,0,0.905
-0.00471401,0,-0.00600716,-0.0156064,0,0.906
-0.00464914,0,-0.00572784,-0.0176747,0,0.906
-0.00407266,0,-0.00502734,-0.0197798,0,0.906
-0.00388008,0,-0.00464991,-0.0215789,0,0.907
-0.0035379,0,-0.00413803,-0.0231201,0,0.907
-0.00441181,0,-0.00396959,-0.0245274,0,0.906
-0.00491461,0,-0.00381711,-0.0265005,0,0.906
-0.00516969,0,-0.00369769,-0.0273002,0,0.906
-0.00527627,0,-0.00361419,-0.0312269,0,0.906
-0.00517844,0,-0.00356945,-0.0352767,0,0.906
-0.00453888,0,-0.00356238,-0.0385998,0,0.906
-0.00453888,0,-0.00356238,0,0,0.906
-0.00453888,0,-0.00356238,0,0,0.906
-0.00453888,0,-0.00356238,0,0,0.906
-0.00453888,0,-0.00356238,0,0,0.906
-0.00453888,0,-0.00356238,0,0,0.906
-0.00453888,0,-0.00356238,0,0,0.906
-0.00453888,0,-0.00356238,0,0,0.906
0,-0.00687731,0,0,0,0.904
0,-0.00687731,0,0,0,0.904
0,-0.00687731,0,0,0,0.904
0,-0.00687731,0,0,0,0.904
0,-0.00687731,0,0,0,0.904
0,-0.00687731,0,0,0,0.904
0,-0.00687731,0,0,0,0.904
0,-0.00687662,0,0,0,0.904
-0.0193556,-0.00695741,0,0,0,0.8
0.017118,-0.00651838,0,-0.00846838,0,0.901
0.00510294,-0.00651372,0,-0.00506189,0,0.909
0.00355095,-0.00634294,0,-0.00383049,0,0.909
0.00242152,-0.00615622,0,-0.00298196,0,0.906
0.00668806,-0.00540781,0,-0.00235011,0,0.904
0.00498869,-0.00518621,0,-0.00100981,0,0.904
0.00216952,-0.00524746,0,0.000760395,0,0.904
0.000241707,-0.00530532,0,0.000846165,0,0.904
-0.00485594,-0.00634355,0,0.00128234,0,0.904
-0.00681728,-0.00685873,0,-0.000256056,0,0.904
-0.00624317,-0.0066506,0,-0.00229178,0,0.903
-0.00664844,-0.00678415,0,-0.00433708,0,0.902
-0.00459482,-0.00583814,0,-0.00668303,0,0.903
-0.00378886,-0.00531772,0,-0.00831366,0,0.903
-0.00314212,-0.00480566,0,-0.00959771,0,0.903
-0.00330262,-0.00468042,0,-0.0106398,0,0.904
-0.00328297,-0.00449613,0,-0.0116065,0,0.904
-0.00323802,-0.00429726,0,-0.0125656,0,0.904
-0.00233525,-0.00345476,0,-0.0137153,0,0.904
-0.00247986,-0.00337789,0,-0.0144706,0,0.904
-0.00222084,-0.00298783,0,-0.0146617,0,0.904
-0.00126223,-0.00198322,0,-0.0159575,0,0.904
-0.00268189,-0.00308346,0,-0.0150407,0,0.904
-0.00196521,-0.00212625,0,-0.0163731,0,0.904
-0.00288589,-0.00200339,0,-0.0169169,0,0.904
-0.00315475,-0.00190566,0,-0.0170366,0,0.904
-0.00311118,-0.00183528,0,-0.0190733,0,0.904
-0.00312733,-0.00179445,0,-0.022098,0,0.904
-0.00243172,-0.00178458,0,-0.0241522,0,0.904
-0.00243172,-0.00178456,0,-0.025688,0,0.904
-0.00243172,-0.00178456,0,0,0,0.904
-0.00243172,-0.00178456,0,0,0,0.904
-0.00243172,-0.00178456,0,0,0,0.904
-0.00243172,-0.00178456,0,0,0,0.904
-0.00243172,-0.00178456,0,0,0,0.904
-0.00243172,-0.00178456,0,0,0,0.904
0,0,-0.00959807,0,0,0.903
0,0,-0.00959807,0,0,0.903
0,0,-0.00959807,0,0,0.903
0,0,-0.00959807,0,0,0.903
0,0,-0.00959807,0,0,0.903
0,0,-0.00959807,0,0,0.903
0,0,-0.00959807,0,0,0.903
0,0,-0.00959807,0,0,0.903
-0.0194869,0,-0.00964017,0,0,0.811
0.00868837,0,-0.00937221,-0.00660321,0,0.902
-0.00233682,0,-0.00940243,-0.0047827,0,0.907
0.00299456,0,-0.00900476,-0.00461944,0,0.906
0.00813174,0,-0.00831714,-0.00415126,0,0.905
0.00590179,0,-0.00801313,-0.00221559,0,0.903
0.0082056,0,-0.00718039,-0.00105949,0,0.903
0.00636131,0,-0.00684709,0.000952563,0,0.904
0.0015109,0,-0.00723095,0.00274058,0,0.903
-0.00186553,0,-0.00753323,0.00300573,0,0.903
-0.0067298,0,-0.00869889,0.00258375,0,0.902
-0.00769315,0,-0.00891063,0.000806484,0,0.902
-0.00667418,0,-0.00840074,-0.0014832,0,0.902
-0.00375334,0,-0.00691575,-0.00380749,0,0.902
-0.000916556,0,-0.0051816,-0.00544026,0,0.902
-0.00191756,0,-0.00529873,-0.00562663,0,0.901
-0.00311467,0,-0.00565853,-0.00597992,0,0.902
-0.00411471,0,-0.00606718,-0.00692637,0,0.902
-0.00437641,0,-0.00598904,-0.00901412,0,0.902
-0.00500086,0,-0.00621144,-0.0115974,0,0.902
-0.00495161,0,-0.00597378,-0.0147881,0,0.902
-0.00400436,0,-0.00501508,-0.0180926,0,0.903
-0.00377368,0,-0.00455433,-0.0206246,0,0.903
-0.00266835,0,-0.00337478,-0.0223627,0,0.904
-0.00282876,0,-0.00313897,-0.0232017,0,0.904
-0.00347603,0,-0.00296446,-0.0237433,0,0.904
-0.00430247,0,-0.00282371,-0.0234683,0,0.904
-0.00421338,0,-0.00271974,-0.027203,0,0.904
-0.00428184,0,-0.00266773,-0.0302958,0,0.904
-0.00375349,0,-0.00263544,-0.0350071,0,0.904
-0.00239278,0,-0.00263429,-0.0374998,0,0.904
-0.00239278,0,-0.00263429,0,0,0.904
-0.00239278,0,-0.00263429,0,0,0.904
-0.00239278,0,-0.00263429,0,0,0.904
-0.00239278,0,-0.00263429,0,0,0.904
-0.00239278,0,-0.00263429,0,0,0.904
-0.00239278,0,-0.00263429,0,0,0.904
0,-0.00819135,0,0,0,0.901
0,-0.00819135,0,0,0,0.901
0,-0.00819135,0,0,0,0.901
0,-0.00819135,0,0,0,0.901
0,-0.00819135,0,0,0,0.901
0,-0.00819135,0,0,0,0.901
0,-0.00819135,0,0,0,0.901
0,-0.00819135,0,0,0,0.901
-0.0332402,-0.00826207,0,0,0,0.8
0.0159941,-0.00794816,0,-0.0110286,0,0.901
0.00523575,-0.00787713,0,-0.00785973,0,0.909
0.00319225,-0.00770528,0,-0.00637228,0,0.906
0.00372416,-0.00739932,0,-0.00560289,0,0.907
-0.00146217,-0.00754725,0,-0.00439507,0,0.904
0.00230293,-0.00684386,0,-0.00448937,0,0.904
-0.000563317,-0.00693116,0,-0.00376097,0,0.903
-0.00132014,-0.00678402,0,-0.00338591,0,0.903
-0.0035434,-0.00699146,0,-0.0035851,0,0.903
-0.00451747,-0.00707375,0,-0.00435839,0,0.902
-0.00665094,-0.00765023,0,-0.00503888,0,0.902
-0.00530433,-0.00703742,0,-0.00712844,0,0.902
-0.00477877,-0.00665515,0,-0.00808766,0,0.901
-0.00132866,-0.00476,0,-0.0101281,0,0.901
-0.00132467,-0.00441575,0,-0.0101712,0,0.901
0.000613706,-0.00292718,0,-0.0102071,0,0.902
0.00111457,-0.0021767,0,-0.00939023,0,0.902
0.00053013,-0.00214315,0,-0.00811113,0,0.902
0.000338729,-0.00188853,0,-0.00708709,0,0.902
-0.000292519,-0.00202514,0,-0.00634776,0,0.903
-0.000270236,-0.00168595,0,-0.0056666,0,0.903
-4.43112e-05,-0.00119422,0,-0.0064149,0,0.903
-0.00222148,-0.00286818,0,-0.00507137,0,0.904
-0.00315008,-0.00353755,0,-0.00658049,0,0.903
-0.00332688,-0.00198038,0,-0.0100944,0,0.903
-0.00361207,-0.00184272,0,-0.0126548,0,0.903
-0.00403319,-0.00173932,0,-0.0168331,0,0.903
-0.0038437,-0.00167302,0,-0.0218854,0,0.903
-0.00284737,-0.00164658,0,-0.0261466,0,0.903
-0.00140559,-0.00164636,0,-0.0290562,0,0.903
-0.00140559,-0.00164636,0,0,0,0.903
-0.00140559,-0.00164636,0,0,0,0.903
-0.00140559,-0.00164636,0,0,0,0.903
-0.00140559,-0.00164636,0,0,0,0.903
-0.00140559,-0.00164636,0,0,0,0.903
-0.00140559,-0.00164636,0,0,0,0.903
0,0,-0.0100653,0,0,0.901
0,0,-0.0100653,0,0,0.901
0,0,-0.0100653,0,0,0.901
0,0,-0.0100653,0,0,0.901
0,0,-0.0100653,0,0,0.901
0,0,-0.0100653,0,0,0.901
0,0,-0.0100653,0,0,0.901
0,0,-0.0100653,0,0,0.901
-0.0265567,0,-0.0100958,0,0,0.8
0.00329635,0,-0.00995235,-0.00802403,0,0.901
-0.00132042,0,-0.009881,-0.00735127,0,0.908
-0.00628464,0,-0.00991642,-0.00690974,0,0.907
0.00558117,0,-0.00908299,-0.00759382,0,0.906
0.00628572,0,-0.0085703,-0.00612631,0,0.903
0.00918968,0,-0.00768483,-0.00444089,0,0.903
0.00809272,0,-0.00716863,-0.00254773,0,0.903
0.00457886,0,-0.00715575,-0.000174458,0,0.903
-0.00196314,0,-0.0080272,0.0010551,0,0.903
-0.0056932,0,-0.00876559,0.000670119,0,0.902
-0.0088208,0,-0.00963707,-0.000507275,0,0.902
-0.00789559,0,-0.00921174,-0.0032485,0,0.901
-0.00552271,0,-0.00805948,-0.00577042,0,0.902
-0.00217461,0,-0.00618879,-0.00789639,0,0.902
-0.00245986,0,-0.00594025,-0.00836807,0,0.901
-0.0037728,0,-0.00634092,-0.00881173,0,0.901
-0.00472432,0,-0.00664412,-0.0100322,0,0.901
-0.00542894,0,-0.00687562,-0.0119446,0,0.901
-0.00633905,0,-0.00733141,-0.0144834,0,0.901
-0.00592338,0,-0.00684597,-0.0178268,0,0.901
-0.00440781,0,-0.00543612,-0.0216113,0,0.901
-0.00384156,0,-0.00474518,-0.0241942,0,0.902
-0.00305671,0,-0.00383201,-0.0259452,0,0.902
-0.00238676,0,-0.00300056,-0.0276975,0,0.902
-0.00302006,0,-0.00245252,-0.0275805,0,0.9
-0.00364486,0,-0.00228214,-0.0272922,0,0.9
-0.00375667,0,-0.00215412,-0.0292479,0,0.9
-0.00357824,0,-0.00208805,-0.0316809,0,0.9
-0.00376393,0,-0.00204274,-0.0346847,0,0.9
-0.0026231,0,-0.00203901,-0.0379803,0,0.9
-0.0026231,0,-0.00203901,0,0,0.9
-0.0026231,0,-0.00203901,0,0,0.9
-0.0026231,0,-0.00203901,0,0,0.9
-0.0026231,0,-0.00203901,0,0,0.9
-0.0026231,0,-0.00203901,0,0,0.9
-0.0026231,0,-0.00203901,0,0,0.9
0,-0.00849906,0,0,0,0.9
0,-0.00849906,0,0,0,0.9
0,-0.00849906,0,0,0,0.9
0,-0.00849906,0,0,0,0.9
0,-0.00849906,0,0,0,0.9
0,-0.00849906,0,0,0,0.9
0,-0.00849906,0,0,0,0.9
0,-0.00849906,0,0,0,0.9
0,-0.00848814,0,0,0,0.9
0.0160541,-0.00829674,0,-0.00983595,0,0.909
0.0124416,-0.00806181,0,-0.00712374,0,0.911
0.0065132,-0.00791328,0,-0.00453791,0,0.91
0.0122236,-0.00721405,0,-0.00334775,0,0.91
0.00972327,-0.00685326,0,-0.000998131,0,0.907
0.00476864,-0.00687847,0,0.00108964,0,0.907
0.00550876,-0.00627107,0,0.00204133,0,0.904
0.00237318,-0.00622748,0,0.00322714,0,0.903
-0.00220145,-0.00691487,0,0.00369227,0,0.903
-0.00490181,-0.00742966,0,0.00349919,0,0.902
-0.00498645,-0.00729028,0,0.00196603,0,0.902
-0.00345811,-0.00651589,0,0.000415494,0,0.901
-0.00503143,-0.00696391,0,-0.000991306,0,0.901
-0.00523824,-0.00689306,0,-0.00232083,0,0.901
-0.00315149,-0.00560564,0,-0.00460261,0,0.902
-0.00226465,-0.00481763,0,-0.00577582,0,0.902
-0.00107516,-0.00375424,0,-0.00690998,0,0.902
-0.00128408,-0.00355643,0,-0.0071385,0,0.903
-0.00111125,-0.00310052,0,-0.00744849,0,0.903
-0.00153576,-0.00311463,0,-0.00768615,0,0.903
-0.000436381,-0.00194464,0,-0.00848793,0,0.904
-0.00158101,-0.00260455,0,-0.00844802,0,0.904
-0.00197902,-0.00271721,0,-0.00882132,0,0.904
-0.00277739,-0.00324832,0,-0.0105356,0,0.904
-0.00361354,-0.00247812,0,-0.012366,0,0.902
-0.00393292,-0.0023377,0,-0.0150333,0,0.902
-0.00395951,-0.00223427,0,-0.019278,0,0.902
-0.00338927,-0.00216561,0,-0.024419,0,0.902
-0.00248961,-0.00213812,0,-0.0277769,0,0.902
-0.00163982,-0.00213728,0,-0.0287901,0,0.902
-0.00163982,-0.00213728,0,0,0,0.902
-0.00163982,-0.00213728,0,0,0,0.902
-0.00163982,-0.00213728,0,0,0,0.902
-0.00163982,-0.00213728,0,0,0,0.902
-0.00163982,-0.00213728,0,0,0,0.902
-0.00163982,-0.00213728,0,0,0,0.902
0,0,-0.00542766,0,0,0.901
0,0,-0.00542766,0,0,0.901
0,0,-0.00542766,0,0,0.901
0,0,-0.00542766,0,0,0.901
0,0,-0.00542766,0,0,0.901
0,0,-0.00542766,0,0,0.901
0,0,-0.00542766,0,0,0.901
0,0,-0.00542766,0,0,0.901
-0.0272476,0,-0.00545612,0,0,0.8
-0.00485988,0,-0.00542354,-0.00761102,0,0.91
0.00288095,0,-0.00526677,-0.0079465,0,0.911
-3.46552e-05,0,-0.00522694,-0.00692584,0,0.908
0.00812587,0,-0.00461618,-0.00653849,0,0.908
0.00904808,0,-0.00415144,-0.00478265,0,0.904
0.00899871,0,-0.00368248,-0.00274291,0,0.901
0.00724943,0,-0.00343497,-0.000523006,0,0.9
0.00441855,0,-0.00348857,0.00112025,0,0.899
-0.000563503,0,-0.00426801,0.00243434,0,0.9
-0.00224525,0,-0.00452739,0.00218115,0,0.9
-0.0034988,0,-0.00479412,0.0014119,0,0.901
-0.00287921,0,-0.0044711,-7.45587e-05,0,0.902
-0.00232288,0,-0.00410697,-0.00112958,0,0.901
-0.00323094,0,-0.00438411,-0.00229698,0,0.901
-0.00330287,0,-0.00431225,-0.00376684,0,0.901
-0.0049726,0,-0.00516617,-0.00506828,0,0.901
-0.00676651,0,-0.00626452,-0.00756273,0,0.9
-0.00802085,0,-0.00716911,-0.0113511,0,0.901
-0.00860031,0,-0.00774117,-0.0162796,0,0.901
-0.0073014,0,-0.00687608,-0.0214667,0,0.901
-0.00553661,0,-0.00551638,-0.0260676,0,0.901
-0.00439686,0,-0.00454886,-0.0293879,0,0.901
-0.00421419,0,-0.00435083,-0.0313632,0,0.901
-0.00343034,0,-0.00359338,-0.033501,0,0.901
-0.00381185,0,-0.00275018,-0.0345845,0,0.9
-0.00328127,0,-0.00270271,-0.0344751,0,0.9
-0.00273531,0,-0.0026522,-0.0358481,0,0.9
-0.00295955,0,-0.00261745,-0.036137,0,0.9
-0.00306793,0,-0.0025997,-0.0365201,0,0.9
-0.00168212,0,-0.00259759,-0.037909,0,0.9
-0.00168212,0,-0.00259759,0,0,0.9
-0.00168212,0,-0.00259759,0,0,0.9
-0.00168212,0,-0.00259759,0,0,0.9
-0.00168212,0,-0.00259759,0,0,0.9
-0.00168212,0,-0.00259759,0,0,0.9
-0.00168212,0,-0.00259759,0,0,0.9
0,-0.00711587,0,0,0,0.899
0,-0.00711587,0,0,0,0.899
0,-0.00711587,0,0,0,0.899
0,-0.00711587,0,0,0,0.899
0,-0.00711587,0,0,0,0.899
0,-0.00711587,0,0,0,0.899
0,-0.00711587,0,0,0,0.899
0,-0.00711587,0,0,0,0.899
0,-0.00710938,0,0,0,0.899
0.0113929,-0.00698168,0,-0.0117847,0,0.91
0.0112343,-0.00676052,0,-0.00961265,0,0.911
0.00487148,-0.00667391,0,-0.00717495,0,0.911
0.00451698,-0.00641938,0,-0.00602493,0,0.908
0.00246602,-0.0062737,0,-0.00480013,0,0.905
0.000409964,-0.00621645,0,-0.00399746,0,0.905
0.0016437,-0.00574308,0,-0.00378075,0,0.901
-0.00216855,-0.00615011,0,-0.00300179,0,0.902
-0.00386932,-0.00634632,0,-0.00350775,0,0.902
-0.00493106,-0.00650129,0,-0.00410647,0,0.902
-0.00667779,-0.0069672,0,-0.00543238,0,0.902
-0.00632752,-0.00680957,0,-0.00705313,0,0.901
-0.00822726,-0.00760112,0,-0.00865717,0,0.902
-0.00615883,-0.00665163,0,-0.0116098,0,0.903
-0.00635114,-0.00670689,0,-0.013212,0,0.903
-0.00410394,-0.00536035,0,-0.0152705,0,0.904
-0.00218886,-0.00400459,0,-0.0170308,0,0.904
-0.00152983,-0.00332175,0,-0.0173899,0,0.903
-0.000123702,-0.00203778,0,-0.0173899,0,0.903
-0.000348548,-0.00190457,0,-0.0166316,0,0.903
-0.000439616,-0.00169885,0,-0.0153079,0,0.903
0.000231446,-0.000872344,0,-0.0152237,0,0.903
-0.00177748,-0.00239256,0,-0.0129517,0,0.903
-0.00222366,-0.00263467,0,-0.0137903,0,0.903
-0.00328076,-0.00235727,0,-0.0148104,0,0.901
-0.00301317,-0.0022445,0,-0.0169226,0,0.901
-0.00331584,-0.002161,0,-0.0230145,0,0.901
-0.00282066,-0.00210596,0,-0.0230145,0,0.901
-0.00169931,-0.00208158,0,-0.0258993,0,0.901
-0.00103903,-0.00208054,0,-0.026037,0,0.901
-0.00103903,-0.00208054,0,0,0,0.901
-0.00103903,-0.00208054,0,0,0,0.901
-0.00103903,-0.00208054,0,0,0,0.901
-0.00103903,-0.00208054,0,0,0,0.901
-0.00103903,-0.00208054,0,0,0,0.901
-0.00103903,-0.00208054,0,0,0,0.901
0,0,-0.00537595,0,0,0.9
0,0,-0.00537595,0,0,0.9
0,0,-0.00537595,0,0,0.9
0,0,-0.00537595,0,0,0.9
0,0,-0.00537595,0,0,0.9
0,0,-0.00537595,0,0,0.9
0,0,-0.00537595,0,0,0.9
0,0,-0.00537595,0,0,0.9
0,0,-0.00537195,0,0,0.9
-0.00802448,0,-0.00539393,-0.00653704,0,0.91
-0.00168279,0,-0.00530716,-0.00762238,0,0.911
-0.00396906,0,-0.005325,-0.00711726,0,0.908
0.00432443,0,-0.00480724,-0.0074609,0,0.908
0.0068575,0,-0.00431224,-0.00626292,0,0.903
0.00765833,0,-0.00383536,-0.00466164,0,0.904
0.00655031,0,-0.00351807,-0.00282986,0,0.899
0.00454626,0,-0.00343637,-0.000930836,0,0.898
-0.000157489,0,-0.00414313,0.000555172,0,0.9
-0.00172204,0,-0.00435061,0.000493826,0,0.9
-0.00303126,0,-0.00460925,6.31217e-05,0,0.9
-0.00243318,0,-0.00427258,-0.00108775,0,0.9
-0.00196717,0,-0.00393437,-0.00201275,0,0.901
-0.00273653,0,-0.00413183,-0.00237067,0,0.902
-0.00292028,0,-0.00409297,-0.00361066,0,0.901
-0.00381557,0,-0.00448317,-0.00497566,0,0.901
-0.00653983,0,-0.00609897,-0.00676001,0,0.901
-0.00851875,0,-0.00751148,-0.0104412,0,0.902
-0.00844232,0,-0.00760054,-0.0150848,0,0.902
-0.00709533,0,-0.00669885,-0.0203821,0,0.902
-0.00496345,0,-0.00504148,-0.0250012,0,0.902
-0.00380858,0,-0.00404257,-0.0278822,0,0.901
-0.00312012,0,-0.00337787,-0.0296318,0,0.901
-0.00249174,0,-0.00273135,-0.0306034,0,0.901
-0.0033025,0,-0.00237886,-0.0307909,0,0.9
-0.00349837,0,-0.00230914,-0.0306142,0,0.9
-0.00324154,0,-0.00225594,-0.0324573,0,0.9
-0.00369136,0,-0.00222069,-0.0336094,0,0.9
-0.00267758,0,-0.00220687,-0.0360282,0,0.9
-0.00160887,0,-0.00220399,-0.0368466,0,0.9
-0.00160887,0,-0.00220399,0,0,0.9
-0.00160887,0,-0.00220399,0,0,0.9
-0.00160887,0,-0.00220399,0,0,0.9
-0.00160887,0,-0.00220399,0,0,0.9
-0.00160887,0,-0.00220399,0,0,0.9
-0.00160887,0,-0.00220399,0,0,0.9
0,-0.00723791,0,0,0,0.899
0,-0.00723791,0,0,0,0.899
0,-0.00723791,0,0,0,0.899
0,-0.00723791,0,0,0,0.899
0,-0.00723791,0,0,0,0.899
0,-0.00723791,0,0,0,0.899
0,-0.00723791,0,0,0,0.899
0,-0.00723791,0,0,0,0.899
0,-0.00723251,0,0,0,0.899
0.0106741,-0.00711629,0,-0.0110929,0,0.91
0.0130854,-0.00685936,0,-0.0091337,0,0.911
0.00306468,-0.00686483,0,-0.00630466,0,0.908
0.00539896,-0.00649934,0,-0.0054449,0,0.909
0.00271369,-0.00637793,0,-0.00415012,0,0.905
-0.00240038,-0.00666787,0,-0.0032265,0,0.905
-0.00192,-0.00642423,0,-0.00363223,0,0.905
-0.00344493,-0.00651157,0,-0.00372429,0,0.905
-0.00489871,-0.00669319,0,-0.00436047,0,0.905
-0.00541048,-0.00673229,0,-0.00522598,0,0.905
-0.00701133,-0.00716197,0,-0.00649438,0,0.904
-0.00540509,-0.00653592,0,-0.00813977,0,0.904
-0.00613604,-0.00676325,0,-0.00926918,0,0.905
-0.00523002,-0.00627378,0,-0.0108437,0,0.905
-0.00627439,-0.0067275,0,-0.0122173,0,0.905
-0.00545773,-0.00620711,0,-0.0135014,0,0.905
-0.00377698,-0.00506564,0,-0.0154227,0,0.905
-0.00262161,-0.00412125,0,-0.0164867,0,0.905
-0.00177394,-0.00329803,0,-0.0168323,0,0.905
-0.00133568,-0.00272272,0,-0.0165767,0,0.905
-0.00212157,-0.00311895,0,-0.0158322,0,0.906
-0.00102889,-0.00199905,0,-0.0159062,0,0.906
-0.00216754,-0.00278686,0,-0.0151507,0,0.907
-0.00295341,-0.00334038,0,-0.0150279,0,0.907
-0.00365465,-0.00315833,0,-0.0164936,0,0.906
-0.00407148,-0.00305538,0,-0.0187204,0,0.906
-0.00418666,-0.00297691,0,-0.0204822,0,0.906
-0.00439575,-0.00292204,0,-0.0230737,0,0.906
-0.00419223,-0.00289264,0,-0.0275858,0,0.906
-0.00312034,-0.002888,0,-0.0305666,0,0.906
-0.00312034,-0.002888,0,-0.0319157,0,0.906
-0.00312034,-0.002888,0,0,0,0.906
-0.00312034,-0.002888,0,0,0,0.906
-0.00312034,-0.002888,0,0,0,0.906
-0.00312034,-0.002888,0,0,0,0.906
-0.00312034,-0.002888,0,0,0,0.906
-0.00312034,-0.002888,0,0,0,0.906
0,0,-0.0089388,0,0,0.904
0,0,-0.0089388,0,0,0.904
0,0,-0.0089388,0,0,0.904
0,0,-0.0089388,0,0,0.904
0,0,-0.0089388,0,0,0.904
0,0,-0.0089388,0,0,0.904
0,0,-0.0089388,0,0,0.904
-0.0307779,0,-0.00894199,0,0,0.8
-0.0347095,0,-0.00910423,0,0,0.8
-0.00584176,0,-0.00889247,-0.0108289,0,0.901
-0.00919161,0,-0.00894654,-0.0109343,0,0.906
0.00556978,0,-0.00818834,-0.0121535,0,0.906
0.00761878,0,-0.00764285,-0.0105871,0,0.903
0.00911476,0,-0.00698311,-0.00839763,0,0.904
0.00931452,0,-0.00633741,-0.00596283,0,0.904
0.00399167,0,-0.00660928,-0.00338107,0,0.904
-0.00134013,0,-0.0072609,-0.0015933,0,0.904
-0.00322592,0,-0.00743028,-0.0018357,0,0.904
-0.00757796,0,-0.00851653,-0.00241594,0,0.903
-0.00731097,0,-0.00835685,-0.00473976,0,0.903
-0.0052135,0,-0.00742643,-0.00721096,0,0.903
-0.00250485,0,-0.00600957,-0.00885898,0,0.903
-0.00103295,0,-0.00493663,-0.00941807,0,0.902
-0.00197072,0,-0.00506484,-0.00898692,0,0.902
-0.0032021,0,-0.00546699,-0.00941799,0,0.902
-0.00487027,0,-0.0062859,-0.0103736,0,0.903
-0.00476326,0,-0.0060203,-0.0130685,0,0.903
-0.00633957,0,-0.00700484,-0.0150768,0,0.903
-0.00518396,0,-0.00598405,-0.019085,0,0.903
-0.00400567,0,-0.00485853,-0.0223192,0,0.903
-0.00319024,0,-0.00397869,-0.024285,0,0.904
-0.00335535,0,-0.00388977,-0.0247641,0,0.904
-0.00317599,0,-0.00338869,-0.0259771,0,0.904
-0.00436558,0,-0.00324517,-0.0265895,0,0.904
-0.00442936,0,-0.00315665,-0.0270641,0,0.904
-0.00444617,0,-0.0030662,-0.0307547,0,0.904
-0.00495416,0,-0.00300963,-0.0339703,0,0.904
-0.00425549,0,-0.00298955,-0.0387372,0,0.904
-0.00425549,0,-0.00298954,-0.0411777,0,0.904
-0.00425549,0,-0.00298954,0,0,0.904
-0.00425549,0,-0.00298954,0,0,0.904
-0.00425549,0,-0.00298954,0,0,0.904
-0.00425549,0,-0.00298954,0,0,0.904
-0.00425549,0,-0.00298954,0,0,0.904
-0.00425549,0,-0.00298954,0,0,0.904
0,-0.0075219,0,0,0,0.902
0,-0.0075219,0,0,0,0.902
0,-0.0075219,0,0,0,0.902
0,-0.0075219,0,0,0,0.902
0,-0.0075219,0,0,0,0.902
0,-0.0075219,0,0,0,0.902
0,-0.0075219,0,0,0,0.902
0,-0.0075219,0,0,0,0.902
-0.0341644,-0.00764031,0,0,0,0.8
0.0216298,-0.00716068,0,-0.0121009,0,0.901
0.00919858,-0.00707285,0,-0.00791557,0,0.908
0.00698844,-0.00683824,0,-0.00582313,0,0.906
0.00347017,-0.00672775,0,-0.00435311,0,0.905
0.000555306,-0.00669597,0,-0.00325252,0,0.903
0.0024613,-0.00617029,0,-0.00301532,0,0.904
-0.0027381,-0.0066924,0,-0.00214066,0,0.902
-0.0037426,-0.00671426,0,-0.00257178,0,0.902
-0.00490513,-0.00685023,0,-0.00336456,0,0.902
-0.00714498,-0.00740811,0,-0.00460163,0,0.902
-0.00706248,-0.00736161,0,-0.00648002,0,0.902
-0.00671388,-0.00720006,0,-0.00871549,0,0.901
-0.00500724,-0.00639616,0,-0.0107425,0,0.901
-0.00350659,-0.00552427,0,-0.0121957,0,0.901
-0.00338639,-0.00526375,0,-0.0131324,0,0.902
-0.00226762,-0.00440071,0,-0.0140608,0,0.903
-0.00211926,-0.00405071,0,-0.0142827,0,0.903
-0.00140542,-0.00323271,0,-0.0147183,0,0.903
-0.000636937,-0.00239413,0,-0.014452,0,0.904
-0.000628532,-0.00209312,0,-0.0141709,0,0.904
-0.000898,-0.00203978,0,-0.0129038,0,0.904
0.000138703,-0.000908847,0,-0.0133851,0,0.905
-0.00171799,-0.00231699,0,-0.0113827,0,0.905
-0.0024891,-0.00286306,0,-0.0117808,0,0.905
-0.00392638,-0.0019799,0,-0.0133037,0,0.905
-0.00405468,-0.00186109,0,-0.0156704,0,0.905
-0.00422199,-0.00177282,0,-0.0204811,0,0.905
-0.00381202,-0.00171762,0,-0.0260308,0,0.905
-0.00274267,-0.00169802,0,-0.0284641,0,0.905
-0.00274267,-0.00169802,0,-0.0310012,0,0.905
-0.00274267,-0.00169802,0,0,0,0.905
-0.00274267,-0.00169802,0,0,0,0.905
-0.00274267,-0.00169802,0,0,0,0.905
-0.00274267,-0.00169802,0,0,0,0.905
-0.00274267,-0.00169802,0,0,0,0.905
-0.00274267,-0.00169802,0,0,0,0.905
0,0,-0.0104328,0,0,0.903
0,0,-0.0104328,0,0,0.903
0,0,-0.0104328,0,0,0.903
0,0,-0.0104328,0,0,0.903
0,0,-0.0104328,0,0,0.903
0,0,-0.0104328,0,0,0.903
0,0,-0.0104328,0,0,0.903
0,0,-0.0104328,0,0,0.903
0,0,-0.010415,0,0,0.903
-0.00269929,0,-0.0103614,-0.0109991,0,0.91
-0.00276435,0,-0.010259,-0.010733,0,0.908
0.00627264,0,-0.009733,-0.0106644,0,0.904
0.0137036,0,-0.0088501,-0.00929332,0,0.905
0.011323,0,-0.00836469,-0.00619658,0,0.901
0.0128348,0,-0.00745838,-0.00346105,0,0.901
0.0105924,0,-0.00698904,-0.00031519,0,0.902
0.00425649,0,-0.00744559,0.00223996,0,0.902
-0.000260072,0,-0.00793325,0.00343685,0,0.902
-0.00425691,0,-0.00863929,0.00322528,0,0.902
-0.00575194,0,-0.00885101,0.00189015,0,0.901
-0.00455604,0,-0.00816383,-0.000398888,0,0.901
-0.00238246,0,-0.00691958,-0.00232207,0,0.9
-0.00111278,0,-0.00590091,-0.00340755,0,0.9
-0.00172792,0,-0.00576504,-0.0037581,0,0.9
-0.00255609,0,-0.00581806,-0.00419562,0,0.9
-0.00406213,0,-0.006389,-0.00546836,0,0.9
-0.0047531,0,-0.00655684,-0.00760589,0,0.9
-0.00535012,0,-0.00673038,-0.0106142,0,0.9
-0.00516334,0,-0.00636292,-0.0140831,0,0.9
-0.00394189,0,-0.00516039,-0.0178362,0,0.901
-0.00290999,0,-0.00403306,-0.0204931,0,0.901
-0.00294721,0,-0.00381231,-0.0218378,0,0.902
-0.00264126,0,-0.00329789,-0.0234363,0,0.902
-0.00345521,0,-0.0025414,-0.0241425,0,0.9
-0.0038812,0,-0.00235781,-0.0255566,0,0.9
-0.00384504,0,-0.00221775,-0.0290756,0,0.9
-0.00378443,0,-0.00212492,-0.0323929,0,0.9
-0.00342353,0,-0.00208304,-0.0355968,0,0.9
-0.0020529,0,-0.00208095,-0.0373803,0,0.9
-0.0020529,0,-0.00208095,0,0,0.9
-0.0020529,0,-0.00208095,0,0,0.9
-0.0020529,0,-0.00208095,0,0,0.9
-0.0020529,0,-0.00208095,0,0,0.9
-0.0020529,0,-0.00208095,0,0,0.9
-0.0020529,0,-0.00208095,0,0,0.9
0,-0.00846977,0,0,0,0.9
0,-0.00846977,0,0,0,0.9
0,-0.00846977,0,0,0,0.9
0,-0.00846977,0,0,0,0.9
0,-0.00846977,0,0,0,0.9
0,-0.00846977,0,0,0,0.9
0,-0.00846977,0,0,0,0.9
0,-0.00846977,0,0,0,0.9
0,-0.00845517,0,0,0,0.9
0,-0.00838898,0,-0.0116839,0,0.9
0,-0.00827282,0,-0.00944801,0,0.9
0,-0.00811045,0,-0.00767134,0,0.9
0,-0.00790564,0,-0.00702714,0,0.9
0,-0.00766215,0,-0.00520924,0,0.9
0,-0.00738375,0,-0.00450788,0,0.9
0,-0.0070742,0,-0.00397467,0,0.9
0,-0.00673726,0,-0.00342068,0,0.9
0,-0.0063767,0,-0.00369995,0,0.9
0,-0.00599628,0,-0.00463583,0,0.9
0,-0.00559977,0,-0.00564191,0,0.9
0,-0.00519093,0,-0.00767577,0,0.9
0,-0.00477353,0,-0.00909919,0,0.9
0,-0.00435133,0,-0.0109092,0,0.9
0,-0.0039281,0,-0.0115262,0,0.9
0,-0.00350759,0,-0.0127066,0,0.9
0,-0.00309357,0,-0.0131671,0,0.9
0,-0.00268982,0,-0.013675,0,0.9
0,-0.00230008,0,-0.0143406,0,0.9
0,-0.00192814,0,-0.0146192,0,0.9
0,-0.00157774,0,-0.0152372,0,0.9
0,-0.00125266,0,-0.0159228,0,0.9
0,-0.000956658,0,-0.0164147,0,0.9
0,-0.0006935,0,-0.0184918,0,0.9
0,-0.000466951,0,-0.0220246,0,0.9
0,-0.000280774,0,-0.0247223,0,0.9
0,-0.000138734,0,-0.0273475,0,0.9
0,-4.45952e-05,0,-0.0326565,0,0.9
0,-2.12204e-06,0,-0.0370507,0,0.9
0,0,0,-0.0369363,0,0.9
0,0,0,0,0,0.9
0,0,0,0,0,0.9
0,0,0,0,0,0.9
0,0,0,0,0,0.9
0,0,0,0,0,0.9
0,0,0,0,0,0.9
0,0,0,0,0,0.9
0,0,0,0,0,0.9
0,0,0,0,0,0.9
0,0,0,0,0,0.9
0,0,0,0,0,0.9
0,0,0,0,0,0.9
0,0,0,0,0,0.9
0,0,0,0,0,0.9
0,0,0,0,0,0.9
0,0,0,0,0,0.9
0,0,0,0,0,0.9
0,0,0,0,0,0.9
0,0,0,0,0,0.9
0,0,0,0,0,0.9
0,0,0,0,0,0.9
0,0,0,0,0,0.9
0,0,0,0,0,0.9
0,0,0,0,0,0.9
0,0,0,0,0,0.9
0,0,0,0,0,0.9
0,0,0,0,0,0.9
0,0,0,0,0,0.9
0,0,0,0,0,0.9
0,0,0,0,0,0.9
0,0,0,0,0,0.9
0,0,0,0,0,0.9
0,0,0,0,0,0.9
0,0,0,0,0,0.9
0,0,0,0,0,0.9
0,0,0,0,0,0.9
0,0,0,0,0,0.9
0,0,0,0,0,0.9
0,0,0,0,0,0.9
0,0,0,0,0,0.9
0,0,0,0,0,0.9
0,0,0,0,0,0.9
0,0,0,0,0,0.9
0,0,0,0,0,0.9
0,0,0,0,0,0.9
0,0,0,0,0,0.9
0,0,0,0,0,0.9
0,0,0,0,0,0.9
0,0,0,0,0,0.9
0,0,0,0,0,0.9
0,0,0,0,0,0.9
0,0,0,0,0,0.9
0,0,0,0,0,0.9
0,0,0,0,0,0.9
0,0,0,0,0,0.9
0,0,0,0,0,0.9
0,0,0,0,0,0.9
0,0,0,0,0,0.9
0,0,0,0,0,0.9
0,0,0,0,0,0.9
0,0,0,0,0,0.9
0,0,0,0,0,0.9
0,0,0,0,0,0.9
0,0,0,0,0,0.9
0,0,0,0,0,0.9
0,0,0,0,0,0.9
0,0,0,0,0,0.9
0,0,0,0,0,0.9
0,0,0,0,0,0.9
0,0,0,0,0,0.9
0,0,0,0,0,0.9
0,0,0,0,0,0.9
0,0,0,0,0,0.9
0,0,0,0,0,0.9
0,0,0,0,0,0.9
