-8.9072,-1.3671,229.534,-0.46259,2.51808,-0.01035
-8.9104,-1.3479,229.609,-0.45667,2.51482,-0.0123
-8.8279,-1.4217,229.58,-0.45973,2.51101,-0.01239
-8.8419,-1.361,229.696,-0.45776,2.51295,-0.01318
-8.8028,-1.5563,229.732,-0.46393,2.50737,-0.01186
-8.9049,-1.3396,229.532,-0.46031,2.51596,-0.01191
-8.8701,-1.3529,229.684,-0.45764,2.51444,-0.01304
-8.8323,-1.4417,229.678,-0.45883,2.50718,-0.01297
-8.8525,-1.2778,229.552,-0.45455,2.51288,-0.01285
-8.9026,-1.2702,229.583,-0.45515,2.51822,-0.01205
-8.9327,-1.2441,229.444,-0.45736,2.52479,-0.01031
-8.8654,-1.4767,229.694,-0.46583,2.5138,-0.01072
-8.8861,-1.3915,229.597,-0.46189,2.51416,-0.01041
-8.9014,-1.453,229.61,-0.46681,2.51523,-0.01079
-8.8688,-1.4507,229.616,-0.46144,2.51555,-0.01144
-8.8623,-1.3298,229.595,-0.45516,2.51372,-0.01154
-8.7932,-1.536,229.621,-0.4645,2.50759,-0.0126
-8.8375,-1.4737,229.631,-0.46403,2.51475,-0.01224
-8.8315,-1.3826,229.72,-0.45687,2.5102,-0.01331
-8.9157,-1.3385,229.668,-0.45575,2.51544,-0.01226
-8.8663,-1.4091,229.71,-0.46158,2.51276,-0.0119
-8.9336,-1.358,229.584,-0.46081,2.51767,-0.01101
-8.8904,-1.3714,229.619,-0.45705,2.51097,-0.01237
-8.8689,-1.3961,229.5,-0.4591,2.51038,-0.01191
-8.9278,-1.2984,229.461,-0.45945,2.51456,-0.01132
-8.8683,-1.3548,229.713,-0.45397,2.51497,-0.01375
-8.8918,-1.3875,229.637,-0.45752,2.51578,-0.01237
-8.894,-1.3732,229.633,-0.45853,2.51719,-0.0124
-8.9345,-1.2882,229.654,-0.45363,2.51362,-0.01306
-8.9297,-1.3295,229.559,-0.46167,2.51448,-0.012
-8.8887,-1.366,229.543,-0.46284,2.51414,-0.01135
-8.866,-1.4455,229.554,-0.46557,2.51313,-0.01148
-8.8523,-1.5086,229.612,-0.46998,2.51298,-0.01132
-8.8654,-1.4863,229.596,-0.46719,2.50832,-0.01259
-8.8819,-1.3595,229.697,-0.45764,2.51118,-0.01361
-8.9345,-1.1662,229.492,-0.44865,2.52066,-0.01153
-8.8475,-1.4287,229.596,-0.45882,2.51203,-0.01157
-8.8601,-1.3643,229.544,-0.45455,2.51155,-0.01242
-8.9001,-1.2423,229.469,-0.45315,2.5181,-0.01228
-8.8866,-1.2981,229.568,-0.45559,2.51608,-0.01227
-8.833,-1.4224,229.696,-0.46207,2.51157,-0.01309
-8.796,-1.4907,229.673,-0.46589,2.50846,-0.01177
-8.8403,-1.5162,229.658,-0.46419,2.50969,-0.0124
-8.8062,-1.5337,229.682,-0.46453,2.5105,-0.01254
-8.8391,-1.3656,229.623,-0.45379,2.50953,-0.01303
-8.8923,-1.301,229.544,-0.45311,2.51308,-0.01306
-8.8588,-1.4015,229.707,-0.45595,2.50585,-0.01344
-8.8947,-1.3344,229.556,-0.45594,2.51093,-0.0122
-8.7575,-1.5005,229.728,-0.46267,2.50205,-0.01472
-8.8255,-1.4389,229.698,-0.46002,2.50738,-0.01329
-8.8103,-1.4356,229.721,-0.45769,2.5079,-0.01278
-8.8882,-1.4281,229.722,-0.46213,2.51262,-0.0134
-8.8712,-1.3337,229.693,-0.45215,2.51613,-0.01471
-8.8533,-1.414,229.631,-0.4571,2.51138,-0.0134
-8.8646,-1.4241,229.564,-0.46112,2.5142,-0.0118
-8.8863,-1.3865,229.667,-0.45636,2.50966,-0.01349
-8.8658,-1.3668,229.602,-0.45869,2.51247,-0.01378
-8.8166,-1.3601,229.763,-0.45165,2.50821,-0.0159
-8.9047,-1.373,229.504,-0.46335,2.51552,-0.0114
-8.8739,-1.2981,229.618,-0.45345,2.51101,-0.01381
-8.8692,-1.3896,229.571,-0.4561,2.5144,-0.01152
-8.8278,-1.3322,229.676,-0.45338,2.50908,-0.0137
-8.8498,-1.4089,229.611,-0.46007,2.50799,-0.01268
-8.8729,-1.3714,229.652,-0.45941,2.51583,-0.01173
-8.894,-1.2935,229.478,-0.4551,2.51679,-0.01168
-8.7779,-1.5164,229.738,-0.45673,2.50424,-0.01356
-8.8703,-1.4249,229.685,-0.45704,2.51563,-0.01289
-8.8226,-1.4281,229.712,-0.45512,2.5159,-0.01376
-8.9522,-1.282,229.417,-0.45925,2.52052,-0.01213
-8.8591,-1.3301,229.611,-0.45892,2.50909,-0.01303
-8.8679,-1.4208,229.615,-0.46291,2.51042,-0.01267
-8.8558,-1.4174,229.496,-0.45957,2.51111,-0.01201
-8.8795,-1.2916,229.56,-0.45282,2.51234,-0.01249
-8.8898,-1.3114,229.512,-0.45548,2.51631,-0.0122
-8.8343,-1.4736,229.755,-0.46069,2.50887,-0.01376
-8.8611,-1.43,229.713,-0.45809,2.50807,-0.01443
-8.8521,-1.3709,229.649,-0.45825,2.50943,-0.01393
-8.8598,-1.4102,229.64,-0.46186,2.51059,-0.01383
-8.9254,-1.4086,229.557,-0.46049,2.51467,-0.01172
-8.9353,-1.3141,229.522,-0.45667,2.51593,-0.01334
-8.8288,-1.4766,229.663,-0.45902,2.51047,-0.01394
-8.897,-1.2064,229.542,-0.45128,2.51525,-0.0134
-8.8749,-1.2722,229.534,-0.45467,2.5102,-0.01338
-8.8766,-1.2933,229.452,-0.45406,2.51258,-0.01264
-8.8577,-1.3835,229.606,-0.45824,2.5135,-0.01283
-8.9071,-1.4404,229.547,-0.45976,2.51773,-0.01191
-8.9177,-1.3726,229.441,-0.46132,2.51801,-0.01057
-8.8769,-1.4107,229.619,-0.46154,2.5094,-0.01267
-8.8435,-1.4175,229.6,-0.4634,2.51374,-0.01222
-8.8445,-1.2773,229.571,-0.45081,2.51279,-0.01415
-8.8902,-1.3497,229.625,-0.45471,2.51505,-0.01219
-8.8831,-1.3899,229.62,-0.45844,2.5131,-0.01277
-8.8457,-1.3721,229.65,-0.45491,2.51544,-0.01318
-8.9006,-1.3995,229.525,-0.46448,2.51622,-0.01126
-8.8919,-1.3207,229.567,-0.4616,2.51592,-0.01171
-8.8326,-1.4156,229.627,-0.45727,2.51191,-0.01182
-8.855,-1.3996,229.611,-0.46011,2.51494,-0.01161
-8.8605,-1.4862,229.665,-0.46399,2.5129,-0.0126
-8.9269,-1.3178,229.592,-0.45746,2.51716,-0.01204
-8.954,-1.3886,229.618,-0.46263,2.51616,-0.01197
-8.8962,-1.3305,229.651,-0.45618,2.51353,-0.01246
-8.8461,-1.3296,229.684,-0.45172,2.51138,-0.01357
-8.8739,-1.3486,229.572,-0.45756,2.51501,-0.011
-8.8291,-1.511,229.61,-0.46174,2.5108,-0.0124
-8.8664,-1.3904,229.444,-0.45736,2.5186,-0.01146
-8.878,-1.451,229.535,-0.46502,2.5178,-0.01125
-8.8713,-1.4421,229.59,-0.46135,2.51663,-0.01126
-8.8747,-1.4324,229.625,-0.45931,2.51439,-0.01176
-8.9195,-1.439,229.566,-0.46568,2.5179,-0.0107
-8.8808,-1.4624,229.555,-0.46464,2.51363,-0.01002
-8.8893,-1.3571,229.5,-0.46258,2.51501,-0.01165
-8.8938,-1.4073,229.678,-0.45987,2.51189,-0.0125
-8.8247,-1.4398,229.657,-0.45899,2.51151,-0.01171
-8.8401,-1.4652,229.653,-0.46071,2.50713,-0.01202
-8.9323,-1.2416,229.576,-0.45409,2.52219,-0.01167
-8.8431,-1.4605,229.679,-0.46389,2.51316,-0.01137
-8.8966,-1.2951,229.742,-0.45665,2.51457,-0.0127
-8.8919,-1.5296,229.67,-0.47028,2.52015,-0.01029
-8.8485,-1.4101,229.718,-0.46184,2.5117,-0.01234
-8.862,-1.234,229.686,-0.45404,2.51556,-0.01282
-8.8741,-1.3224,229.588,-0.45887,2.51348,-0.0115
-8.8795,-1.3637,229.734,-0.46364,2.51546,-0.01134
-8.8687,-1.3632,229.808,-0.45998,2.51164,-0.0131
-8.935,-1.2317,229.609,-0.45305,2.51995,-0.01204
-8.8697,-1.4768,229.65,-0.46427,2.5125,-0.00977
-8.8465,-1.3423,229.6,-0.45853,2.51528,-0.01128
-8.7554,-1.4579,229.828,-0.45742,2.50726,-0.01325
-8.8702,-1.4787,229.599,-0.46689,2.51679,-0.00929
-8.8684,-1.3864,229.772,-0.45922,2.51082,-0.0117
-8.9264,-1.3577,229.595,-0.46307,2.51747,-0.01015
-8.8666,-1.3764,229.58,-0.46335,2.5154,-0.01046
-8.9136,-1.3799,229.572,-0.46585,2.51782,-0.00932
-8.8856,-1.4057,229.591,-0.46534,2.51772,-0.0105
-8.8926,-1.3348,229.491,-0.46058,2.52086,-0.01001
-8.8672,-1.3824,229.69,-0.45895,2.51689,-0.01142
-8.8491,-1.3146,229.724,-0.4563,2.51746,-0.01142
-8.8301,-1.3782,229.734,-0.45862,2.51744,-0.01117
-8.923,-1.1505,229.58,-0.45035,2.52749,-0.01103
-8.9879,-1.2337,229.58,-0.45818,2.52594,-0.01048
-8.9372,-1.3095,229.505,-0.45562,2.52119,-0.01024
-8.8713,-1.3799,229.643,-0.46102,2.51685,-0.01113
-8.8882,-1.3985,229.734,-0.45937,2.51619,-0.01143
-8.9211,-1.388,229.79,-0.46006,2.51325,-0.01107
-8.9058,-1.3869,229.832,-0.46254,2.5127,-0.01104
-8.9036,-1.2745,229.674,-0.45581,2.51935,-0.01081
-8.8765,-1.3251,229.793,-0.45209,2.51388,-0.01271
-8.9395,-1.2325,229.649,-0.45679,2.51929,-0.00976
-8.8992,-1.2703,229.683,-0.45727,2.51719,-0.01066
-8.9001,-1.3438,229.645,-0.45826,2.51607,-0.01068
-8.8724,-1.3367,229.681,-0.46012,2.51602,-0.01064
-8.8651,-1.3362,229.644,-0.4567,2.51693,-0.01057
-8.872,-1.3064,229.737,-0.45535,2.51959,-0.0118
-8.8565,-1.2877,229.704,-0.45341,2.5232,-0.01124
-8.8571,-1.3482,229.656,-0.46156,2.51594,-0.0104
-8.6918,-1.6367,230.226,-0.46121,2.50802,-0.01262
-8.7184,-1.532,230.639,-0.44763,2.5241,-0.01423
-8.814,-1.5529,230.28,-0.45484,2.53969,-0.01096
-8.7423,-1.5472,229.878,-0.45541,2.5363,-0.01156
-8.6232,-1.6545,229.6,-0.47127,2.52564,-0.00541
-8.3461,-1.5869,229.87,-0.46476,2.51907,-0.00271
-8.0915,-1.5011,230.01,-0.46405,2.50551,-0.00229
-7.8168,-1.5398,229.948,-0.47058,2.49542,-0.00283
-7.7969,-1.3176,229.844,-0.46158,2.48853,-0.00595
-7.765,-1.3495,229.833,-0.46381,2.48495,-0.00582
-7.7489,-1.4919,230.102,-0.46273,2.47334,-0.00943
-7.8512,-1.5643,230.286,-0.46179,2.47848,-0.01346
-8.0332,-1.6023,230.058,-0.46512,2.48965,-0.01565
-8.0247,-1.7477,230.087,-0.46504,2.49608,-0.0199
-7.9964,-1.7831,229.982,-0.46988,2.49207,-0.02441
-7.9122,-1.6945,229.706,-0.47102,2.49053,-0.02496
-7.6974,-1.8154,229.881,-0.47086,2.47303,-0.03008
-7.6204,-1.8319,229.853,-0.47335,2.46471,-0.03388
-7.7212,-1.7616,229.609,-0.47833,2.46456,-0.03371
-7.7577,-1.6646,229.355,-0.48048,2.46775,-0.03482
-7.6157,-1.7137,229.45,-0.4832,2.45793,-0.03908
-7.4854,-1.8461,229.374,-0.48602,2.45275,-0.0405
-7.5473,-1.5869,229.263,-0.48136,2.45943,-0.04211
-7.4687,-1.6325,229.363,-0.48485,2.44914,-0.04406
-7.3405,-1.7531,229.458,-0.49129,2.44837,-0.04437
-7.404,-1.6116,229.176,-0.49044,2.45397,-0.04304
-7.4019,-1.7058,229.228,-0.49833,2.45193,-0.04268
-7.3482,-1.8047,229.238,-0.50581,2.4512,-0.04277
-7.3376,-1.8056,229.351,-0.50728,2.44193,-0.0444
-7.3343,-1.9124,229.321,-0.51737,2.43844,-0.04401
-7.432,-1.7639,229.054,-0.51891,2.44586,-0.04136
-7.4218,-1.7389,228.914,-0.51755,2.44579,-0.03989
-7.4361,-1.6328,228.937,-0.52085,2.43914,-0.04013
-7.4058,-1.6239,228.782,-0.53114,2.43831,-0.03507
-7.4279,-1.5145,228.743,-0.53505,2.4391,-0.03463
-7.3505,-1.378,228.772,-0.52224,2.43149,-0.0364
-7.2656,-1.4372,228.568,-0.53187,2.4238,-0.03391
-7.2948,-1.4076,228.631,-0.52917,2.42627,-0.0346
-7.2623,-1.5774,228.803,-0.53932,2.42134,-0.03388
-7.3321,-1.48,228.529,-0.54031,2.42694,-0.03049
-7.2321,-1.6325,228.696,-0.5467,2.42131,-0.0315
-7.3074,-1.6978,228.626,-0.54954,2.41864,-0.03312
-7.3721,-1.6072,228.559,-0.54671,2.4193,-0.03647
-7.2963,-1.5054,228.471,-0.54289,2.42274,-0.0409
-7.0845,-1.4715,228.53,-0.53588,2.41249,-0.04754
-7.1082,-1.426,228.461,-0.53491,2.41572,-0.04494
-7.0891,-1.3742,228.448,-0.53265,2.41578,-0.04535
-7.0251,-1.585,228.533,-0.53899,2.40801,-0.04666
-6.9971,-1.606,228.569,-0.53775,2.40363,-0.04755
-7.1009,-1.4332,228.425,-0.53066,2.41466,-0.0474
-6.9997,-1.5916,228.509,-0.53422,2.40217,-0.05336
-7.1557,-1.3157,228.414,-0.52635,2.4138,-0.05916
-7.2765,-1.5838,228.628,-0.53319,2.41218,-0.06129
-7.3785,-1.6729,228.472,-0.54104,2.41692,-0.05925
-7.1394,-1.6263,228.567,-0.53484,2.40378,-0.06658
-7.0694,-1.4181,228.232,-0.53348,2.4041,-0.0664
-6.553,-1.7386,227.736,-0.53293,2.37481,-0.06939
-6.8075,-1.5009,227.869,-0.51874,2.37739,-0.07314
-7.0931,-1.2141,227.991,-0.51451,2.38351,-0.07813
-7.2929,-1.2598,227.964,-0.51784,2.38949,-0.07787
-7.3438,-1.4272,228.07,-0.52907,2.38697,-0.0762
-7.266,-1.3645,227.964,-0.53232,2.37937,-0.07638
-7.1503,-1.3018,227.876,-0.52741,2.37808,-0.08105
-7.1544,-1.0692,227.914,-0.52272,2.36848,-0.08957
-7.2392,-0.9419,227.887,-0.52476,2.37107,-0.09053
-7.2322,-0.8938,227.877,-0.52522,2.38025,-0.08454
-7.3206,-0.7904,227.934,-0.52183,2.38172,-0.08265
-7.1663,-0.7441,228.024,-0.51457,2.371,-0.08267
-7.3116,-0.6583,227.925,-0.52381,2.3794,-0.07657
-7.4177,-0.7052,227.732,-0.53306,2.38994,-0.07197
-7.3106,-0.7361,227.885,-0.52422,2.37546,-0.07593
-7.3905,-0.9339,227.732,-0.52233,2.37731,-0.07383
-7.5443,-1.1512,227.612,-0.53783,2.37597,-0.07155
-7.6061,-1.3176,227.668,-0.54071,2.3718,-0.07119
-7.6545,-1.3129,227.515,-0.53916,2.3707,-0.0686
-7.8054,-1.0398,227.288,-0.53078,2.38183,-0.06392
-7.923,-1.1774,227.428,-0.53748,2.37366,-0.06063
-8.1142,-1.4013,227.339,-0.53792,2.37113,-0.05635
-8.3494,-1.4013,227.427,-0.54193,2.37094,-0.05402
-8.5825,-1.3975,227.34,-0.53741,2.38196,-0.05366
-8.829,-1.5703,227.434,-0.54643,2.38594,-0.05185
-9.2453,-1.5934,227.799,-0.5414,2.41151,-0.045
-9.2183,-1.6643,228.042,-0.53887,2.41268,-0.04507
-9.0916,-1.8135,228.315,-0.543,2.41054,-0.04329
-9.0076,-1.708,228.643,-0.53789,2.41865,-0.04607
-8.7902,-1.7472,228.766,-0.54078,2.4212,-0.0469
-8.6222,-1.6457,228.667,-0.53909,2.41843,-0.0518
-8.3719,-1.3766,228.721,-0.52858,2.40978,-0.06403
-8.16,-1.0931,228.631,-0.5272,2.40383,-0.07071
-7.748,-0.9666,228.647,-0.52861,2.39731,-0.07815
-7.5,-0.971,228.899,-0.53685,2.3944,-0.08435
-7.2935,-0.9622,228.609,-0.53114,2.39336,-0.08633
-7.0481,-0.934,228.243,-0.5312,2.38527,-0.08351
-6.7699,-0.9252,228.417,-0.52318,2.36383,-0.08956
-6.8935,-0.8893,228.307,-0.52979,2.37133,-0.08834
-6.909,-1.0541,228.3,-0.53658,2.3693,-0.08491
-6.9896,-1.0773,228.126,-0.53746,2.37201,-0.0856
-7.0741,-0.9614,228.003,-0.53206,2.37494,-0.08354
-7.1493,-0.9251,228.097,-0.53449,2.37422,-0.08053
-7.1039,-0.8818,228.117,-0.53228,2.37892,-0.07703
-6.9933,-0.9648,228.451,-0.52401,2.36986,-0.07801
-7.1203,-0.9635,228.537,-0.51587,2.36998,-0.07354
-7.2749,-0.8324,228.391,-0.50746,2.37974,-0.0674
-7.2035,-1.1024,228.91,-0.50986,2.37529,-0.06692
-7.2603,-1.0521,228.875,-0.5072,2.37958,-0.06426
-7.2002,-1.1641,228.895,-0.51068,2.37929,-0.06486
-7.26,-1.2138,228.831,-0.51734,2.38415,-0.06369
-7.2997,-1.283,228.782,-0.52096,2.38225,-0.06037
-7.422,-1.1087,228.683,-0.51382,2.39086,-0.06111
-7.3556,-1.0818,228.777,-0.50521,2.39077,-0.0647
-7.2618,-1.0726,228.948,-0.5053,2.38584,-0.0681
-7.2953,-0.9091,228.819,-0.49909,2.3911,-0.06778
-7.3127,-0.8005,228.862,-0.48942,2.39089,-0.069
-7.3233,-0.9558,228.997,-0.49797,2.38857,-0.06641
-7.3233,-0.7803,228.976,-0.48905,2.39808,-0.06642
-7.323,-0.9646,229.048,-0.4973,2.38754,-0.0666
-7.3645,-0.9772,228.989,-0.49567,2.38794,-0.06677
-7.4765,-0.8286,228.871,-0.49796,2.39439,-0.06725
-7.5514,-0.7391,228.669,-0.50168,2.40089,-0.06493
-7.4326,-0.9639,228.9,-0.51027,2.39211,-0.06666
-7.3936,-0.9539,228.813,-0.50774,2.39304,-0.06684
-7.445,-0.8633,228.568,-0.51116,2.40067,-0.06412
-7.3799,-0.9742,228.797,-0.50808,2.39122,-0.0644
-7.3345,-1.0748,228.707,-0.51187,2.39097,-0.06447
-7.3504,-1.0013,228.661,-0.51013,2.39697,-0.06501
-7.3032,-1.0789,228.841,-0.50564,2.38752,-0.06907
-7.4779,-1.0183,228.888,-0.5011,2.40481,-0.06825
-7.5518,-0.9624,228.844,-0.50506,2.40891,-0.06718
-7.4983,-1.136,228.911,-0.509,2.40291,-0.06853
-7.5349,-1.1437,228.969,-0.51115,2.40269,-0.06631
-7.6986,-0.9103,228.875,-0.50272,2.41478,-0.06406
-7.7864,-0.9586,228.919,-0.50506,2.41639,-0.06315
-7.8036,-0.9464,228.929,-0.50383,2.4187,-0.06382
-7.7337,-0.967,229.018,-0.50742,2.41396,-0.06645
-7.7341,-0.972,228.745,-0.50419,2.42763,-0.06752
-7.683,-0.9444,229.013,-0.50077,2.41864,-0.07193
-7.7101,-0.7669,228.797,-0.49203,2.42012,-0.07127
-7.6597,-0.9171,228.918,-0.49456,2.41035,-0.07027
-7.5895,-0.9668,229.057,-0.4985,2.41354,-0.06554
-7.52,-1.1365,229.094,-0.50442,2.40518,-0.06419
-7.536,-1.0242,228.772,-0.50373,2.41002,-0.06203
-7.461,-1.2738,228.825,-0.51281,2.40095,-0.06138
-7.4162,-1.2907,228.748,-0.51575,2.40049,-0.05953
-7.4664,-1.2453,228.68,-0.52074,2.40871,-0.05815
-7.4974,-1.0862,228.631,-0.51851,2.4159,-0.05856
-7.4232,-1.1464,228.829,-0.51203,2.40745,-0.06312
-7.4161,-1.1059,228.819,-0.51245,2.41066,-0.06465
-7.5038,-0.9274,228.815,-0.50438,2.41585,-0.06685
-7.4904,-1.0522,228.987,-0.5074,2.409,-0.07003
-7.547,-0.951,229.043,-0.4984,2.41057,-0.069
-7.6332,-0.9393,229.052,-0.50161,2.41722,-0.06605
-7.7096,-0.9702,228.988,-0.50531,2.41698,-0.06296
-7.705,-1.0375,229.109,-0.50262,2.41587,-0.06486
-7.7142,-1.0082,229.075,-0.50158,2.41296,-0.06552
-7.7524,-1.0018,229.055,-0.50193,2.41529,-0.06572
-7.7572,-1.0707,229.155,-0.49985,2.40886,-0.06475
-7.7992,-0.9719,228.94,-0.50298,2.41826,-0.06324
-7.7196,-1.036,228.869,-0.50545,2.41914,-0.06022
-7.6297,-1.2391,229.013,-0.51107,2.41392,-0.06012
-7.5526,-1.1615,229.043,-0.50604,2.40755,-0.06348
-7.5151,-1.3711,228.912,-0.51907,2.40575,-0.06233
-7.456,-1.3417,228.935,-0.51983,2.40563,-0.0627
-7.4808,-1.3049,228.985,-0.517,2.41027,-0.06516
-7.5456,-1.279,228.701,-0.52476,2.41629,-0.06515
-7.5598,-1.2308,228.765,-0.51907,2.41126,-0.06693
-7.4828,-1.4395,228.964,-0.52836,2.40209,-0.06789
-7.5268,-1.2398,228.912,-0.52363,2.40963,-0.06892
-7.5452,-1.2427,228.739,-0.52502,2.40733,-0.06913
-7.5276,-1.3607,228.824,-0.52394,2.39534,-0.06727
-7.6324,-1.2619,228.812,-0.52415,2.40331,-0.06555
-7.6714,-1.3041,228.937,-0.52209,2.40151,-0.06554
-7.8001,-1.3682,228.941,-0.52679,2.41099,-0.06131
-7.8746,-1.2869,228.899,-0.51919,2.413,-0.0622
-7.8746,-1.4136,228.881,-0.52862,2.41091,-0.06237
-7.8919,-1.4973,228.955,-0.52253,2.40824,-0.06885
-8.1093,-1.5127,228.982,-0.52175,2.41731,-0.06781
-8.2201,-1.5123,228.935,-0.52077,2.42037,-0.06435
-8.3758,-1.6715,228.665,-0.5306,2.42475,-0.06061
-8.4295,-1.7934,228.695,-0.53247,2.42378,-0.06193
-9.5719,-1.1634,215.612,-0.59157,2.57097,-0.06168
-8.2068,1.2047,207.06,-0.49575,2.51779,-0.04604
-8.6443,2.27,206.683,-0.44638,2.50512,-0.04517
-10.5085,2.2592,204.757,-0.48362,2.57239,-0.015
-11.8947,2.9123,202.539,-0.47888,2.62803,0.00222
-12.3826,3.1365,199.594,-0.49151,2.65192,-0.00772
-12.6114,3.0458,194.127,-0.52885,2.67361,-0.01616
-13.2367,2.954,187.533,-0.60624,2.70745,0.01142
-13.6615,3.4877,179.587,-0.68078,2.74695,0.05434
-13.2705,6.2517,159.938,-0.78593,2.79904,0.09398
-14.0789,11.2566,123.859,-1.02833,2.94103,0.18884
-17.5188,17.081,88.5722,-1.28409,3.10576,0.30443
-22.959,25.5536,56.5544,-1.46334,3.24399,0.40693
-25.5552,38.2603,39.9339,-2.25738,3.20641,0.46946
-24.4489,38.491,58.6522,-1.32674,2.99535,0.30219
-20.4156,28.1694,94.3532,-0.85661,2.83152,0.16403
-15.1151,14.9539,135.005,-0.58661,2.65113,-0.00091
-12.0786,2.4303,177.918,-0.52965,2.56961,-0.13208
-10.8242,-0.1315,215.186,-0.43611,2.48793,-0.19002
-10.9163,0.1544,224.589,-0.37505,2.49562,-0.16773
-11.3256,0.2774,227.751,-0.37154,2.51453,-0.11708
-11.3754,0.0056,228.349,-0.4037,2.51562,-0.08399
-11.3658,-0.2489,227.892,-0.43838,2.52626,-0.06137
-10.5128,-1.0601,226.712,-0.50829,2.50773,-0.04119
-9.4948,-1.6842,225.61,-0.55482,2.47241,-0.03398
-9.2903,-1.8322,225.818,-0.56037,2.4593,-0.03467
-9.1671,-1.8433,225.919,-0.56144,2.46178,-0.03238
-9.0995,-1.915,226.148,-0.56501,2.46288,-0.02609
-9.0505,-1.8731,226.336,-0.56407,2.46751,-0.02053
-8.7302,-1.8865,226.525,-0.56704,2.46247,-0.02222
-8.1516,-1.4418,226.528,-0.55806,2.46095,-0.03167
-7.5644,-1.3147,226.901,-0.5518,2.44393,-0.04665
-7.6017,-0.8945,227.096,-0.54094,2.44429,-0.05407
-7.7674,-0.7637,227.083,-0.5468,2.44498,-0.059
-7.6808,-0.4498,227.067,-0.53202,2.43672,-0.06817
-7.4965,-0.5183,227.036,-0.53047,2.44106,-0.06496
-7.3817,-0.628,227.101,-0.52895,2.43389,-0.06212
-7.3703,-0.6336,227.055,-0.52924,2.43844,-0.05866
-7.3712,-0.6055,227.028,-0.52201,2.43872,-0.05953
-7.3431,-0.7119,227.152,-0.52428,2.43602,-0.06249
-7.3713,-0.8049,227.304,-0.5253,2.44307,-0.06136
-7.2943,-0.8144,227.413,-0.52365,2.44404,-0.06045
-7.1583,-0.7375,227.524,-0.51624,2.44267,-0.0608
-7.1461,-0.6148,227.514,-0.51045,2.44746,-0.05942
-7.1337,-0.6357,227.755,-0.51039,2.44771,-0.05818
-7.2682,-0.5969,227.661,-0.5132,2.45432,-0.05683
-7.2439,-0.7046,227.584,-0.51667,2.45321,-0.05634
-7.3653,-0.593,227.532,-0.51483,2.46171,-0.05688
-7.4082,-0.5733,227.635,-0.51345,2.46274,-0.05939
-7.3165,-0.757,227.759,-0.51625,2.45033,-0.06264
-7.2814,-0.8133,227.826,-0.5176,2.44647,-0.06251
-7.3699,-0.8073,227.685,-0.52092,2.4482,-0.06021
-7.3505,-0.7903,227.732,-0.5128,2.45097,-0.05958
-7.2914,-0.8918,227.929,-0.51191,2.44149,-0.06002
-7.3106,-0.982,227.934,-0.51989,2.44374,-0.06033
-7.33,-0.8963,228.01,-0.51545,2.45,-0.06187
-7.2938,-0.8248,227.994,-0.51401,2.44952,-0.06239
-7.3248,-0.7664,228.064,-0.5031,2.45257,-0.06291
-7.2496,-0.9661,228.163,-0.51267,2.45048,-0.05962
-7.2548,-1.0814,228.168,-0.52102,2.45212,-0.05782
-7.275,-0.9965,228.167,-0.51293,2.45647,-0.05681
-7.2537,-0.9702,227.986,-0.51216,2.45508,-0.0576
-7.2776,-0.958,227.93,-0.5149,2.45673,-0.05723
-7.3224,-0.9555,227.975,-0.51726,2.45972,-0.05719
-7.3364,-0.9417,227.949,-0.51428,2.4633,-0.05565
-7.3648,-0.8836,227.962,-0.5133,2.46443,-0.05304
-7.2439,-0.9738,228.097,-0.51313,2.45404,-0.05478
-7.3106,-0.7698,228.005,-0.50641,2.46221,-0.05517
-7.3001,-0.7957,228.063,-0.50698,2.46295,-0.05655
-7.3032,-0.8461,228.055,-0.51006,2.45884,-0.05539
-7.3801,-0.847,228.007,-0.50948,2.45948,-0.05508
-7.3746,-0.8428,228.081,-0.50826,2.45714,-0.05657
-7.3875,-0.8748,228.21,-0.50552,2.45206,-0.05628
-7.4213,-0.8543,228.075,-0.50658,2.45968,-0.05496
-7.364,-0.862,228.225,-0.50084,2.4604,-0.05754
-7.3405,-0.958,228.209,-0.50426,2.45716,-0.05649
-7.3417,-0.9546,228.126,-0.50855,2.46025,-0.05552
-7.3961,-0.9082,228.128,-0.50802,2.4553,-0.05739
-7.3428,-0.9395,228.252,-0.50269,2.45453,-0.05957
-7.3518,-0.9552,228.185,-0.50343,2.46159,-0.06133
-7.3837,-1.0436,228.233,-0.50915,2.46455,-0.05803
-7.3421,-0.9696,227.983,-0.50681,2.46288,-0.05665
-7.2334,-0.9996,228.308,-0.50251,2.45675,-0.05745
-7.2201,-1.0086,228.154,-0.50947,2.45836,-0.05454
-7.2075,-0.9685,228.178,-0.50417,2.45671,-0.05517
-7.2695,-1.0335,228.117,-0.51374,2.45926,-0.05406
-7.2663,-0.9659,228.147,-0.50299,2.45609,-0.05633
-7.2492,-0.9492,228.307,-0.5,2.45528,-0.05791
-7.2322,-1.0898,228.277,-0.50919,2.45162,-0.0571
-7.2353,-0.9464,228.281,-0.50148,2.4589,-0.05772
-7.2588,-0.9903,228.285,-0.50521,2.45977,-0.05833
-7.258,-0.9629,228.28,-0.49837,2.4599,-0.05936
-7.2427,-1.0246,228.369,-0.50318,2.45995,-0.05836
-7.261,-0.9213,228.332,-0.50048,2.46537,-0.05751
-7.2734,-0.9483,228.329,-0.49855,2.46059,-0.05745
-7.3327,-0.9405,228.213,-0.50224,2.46351,-0.05662
-7.3111,-0.9893,228.276,-0.49811,2.45909,-0.05787
-7.3746,-1.0145,228.34,-0.50379,2.45859,-0.05777
-7.3981,-0.9445,228.314,-0.49789,2.46144,-0.05822
-7.4825,-0.8541,228.291,-0.49639,2.46668,-0.05827
-7.4475,-1.0215,228.32,-0.50172,2.45931,-0.05924
-7.4923,-0.9398,228.243,-0.50395,2.46395,-0.05584
-7.3668,-1.0821,228.415,-0.50479,2.45867,-0.05812
-7.3424,-1.0364,228.391,-0.502,2.45935,-0.05862
-7.2687,-1.0038,228.317,-0.49882,2.4616,-0.05941
-7.2616,-1.1249,228.405,-0.51116,2.45791,-0.05754
-7.2538,-1.1161,228.379,-0.50783,2.45474,-0.05789
-7.2304,-1.0018,228.394,-0.49723,2.46011,-0.0586
-7.2355,-1.0357,228.336,-0.50485,2.46567,-0.05835
-7.1853,-1.0685,228.446,-0.50487,2.45797,-0.06014
-7.247,-1.1549,228.298,-0.50802,2.46297,-0.05767
-7.3819,-1.1333,228.3,-0.51101,2.45977,-0.05678
-7.3964,-1.1894,228.435,-0.51169,2.45638,-0.05658
-7.5601,-0.9623,228.254,-0.50576,2.45986,-0.05551
-7.5031,-0.9962,228.297,-0.50347,2.46576,-0.05585
-7.4754,-0.9839,228.281,-0.50244,2.46399,-0.05652
-7.3979,-1.1103,228.345,-0.51084,2.46088,-0.05561
-7.4067,-1.0727,228.267,-0.50942,2.45947,-0.05623
-7.4004,-1.1107,228.278,-0.51123,2.46403,-0.05501
-7.3793,-0.9406,228.147,-0.50376,2.46711,-0.0551
-7.2937,-1.1181,228.325,-0.50735,2.46031,-0.05678
-7.2889,-1.1495,228.37,-0.51019,2.4607,-0.0567
-7.2827,-1.1527,228.254,-0.50845,2.46376,-0.05564
-7.3237,-0.9396,228.206,-0.49993,2.4673,-0.05686
-7.2114,-1.0524,228.374,-0.50161,2.45552,-0.05845
-7.2119,-1.2333,228.358,-0.51423,2.45705,-0.05671
-7.2381,-0.9011,228.275,-0.49194,2.46215,-0.0587
-7.2283,-1.126,228.456,-0.50266,2.45435,-0.0597
-7.3026,-1.115,228.325,-0.50644,2.46057,-0.05755
-7.2928,-0.982,228.328,-0.49967,2.4617,-0.05906
-7.2813,-1.0156,228.415,-0.50152,2.45696,-0.05934
-7.3315,-1.0767,228.509,-0.50369,2.46097,-0.05942
-7.3596,-1.0615,228.391,-0.50386,2.46267,-0.05766
-7.3992,-0.9966,228.447,-0.49926,2.46792,-0.05778
-7.4239,-0.9648,228.309,-0.50079,2.46925,-0.05624
-7.4478,-1.0271,228.338,-0.50404,2.47139,-0.05591
-7.487,-0.9801,228.186,-0.50224,2.4772,-0.05369
-7.4451,-1.1482,228.4,-0.50697,2.46729,-0.05423
-7.5393,-1.0809,228.357,-0.50796,2.47125,-0.05357
-7.4489,-1.066,228.436,-0.5056,2.46787,-0.0545
-7.4715,-1.0977,228.438,-0.50494,2.47075,-0.05397
-7.3624,-1.2043,228.686,-0.50545,2.46198,-0.05638
-7.3895,-1.2283,228.638,-0.50594,2.46184,-0.05479
-7.3808,-1.2902,228.696,-0.50994,2.46602,-0.05459
-7.3678,-1.2035,228.73,-0.50653,2.46045,-0.0538
-7.2822,-1.2269,228.736,-0.50332,2.45803,-0.05489
-7.3758,-1.1031,228.446,-0.50162,2.46858,-0.0522
-7.3848,-1.0737,228.554,-0.49716,2.46649,-0.05346
-7.4096,-1.0915,228.502,-0.49908,2.46641,-0.05315
-7.4202,-1.0578,228.488,-0.50332,2.46938,-0.05183
-7.4276,-0.9764,228.577,-0.49012,2.47087,-0.05479
-7.3862,-1.1307,228.537,-0.49865,2.466,-0.05354
-7.441,-1.1401,228.633,-0.50157,2.46977,-0.05243
-7.4041,-1.1519,228.621,-0.49926,2.46751,-0.05367
-7.4491,-1.1072,228.647,-0.49641,2.46908,-0.05242
-7.5279,-1.0518,228.521,-0.49855,2.47241,-0.05118
-7.5871,-1.0986,228.546,-0.50026,2.46945,-0.04987
-7.5977,-1.1812,228.536,-0.50241,2.46889,-0.04941
-7.7428,-0.9818,228.369,-0.49517,2.47685,-0.04842
-7.6682,-1.0425,228.622,-0.49459,2.46966,-0.05202
-7.6694,-1.0898,228.587,-0.49747,2.47348,-0.05326
-7.7936,-0.7488,228.322,-0.476,2.48234,-0.05431
-7.7936,-1.1025,228.484,-0.49706,2.48186,-0.05188
-7.6764,-1.1189,228.667,-0.48611,2.47452,-0.05579
-7.7511,-1.0436,228.619,-0.48611,2.47947,-0.05225
-7.8176,-1.0425,228.515,-0.49163,2.48335,-0.05091
-7.7555,-1.1943,228.617,-0.4935,2.47655,-0.0523
-7.8593,-0.9384,228.502,-0.4835,2.49001,-0.0524
-7.8164,-1.0725,228.633,-0.4817,2.48225,-0.05511
-7.8144,-1.1997,228.721,-0.48589,2.47952,-0.0545
-7.912,-1.172,228.696,-0.48484,2.48735,-0.05265
-7.9413,-1.095,228.913,-0.47552,2.49067,-0.05254
-8.0777,-1.0981,228.772,-0.48192,2.49644,-0.04885
-8.1021,-1.1199,228.603,-0.47747,2.49546,-0.04636
-8.1254,-1.1733,228.755,-0.47686,2.49146,-0.04598
-8.1277,-1.1067,228.884,-0.47176,2.49596,-0.04644
-8.1298,-1.1276,228.972,-0.47168,2.49408,-0.04699
-8.0797,-1.1495,228.908,-0.46812,2.50469,-0.04859
-8.1569,-1.0808,228.836,-0.46948,2.50898,-0.04623
-8.0935,-1.3082,229.046,-0.47055,2.50173,-0.04722
-8.1732,-1.3244,229.104,-0.46712,2.50137,-0.04288
-8.2247,-1.1188,229.096,-0.4569,2.50767,-0.04236
-8.1388,-1.3591,229.164,-0.46474,2.50529,-0.04087
-8.1418,-1.3328,229.053,-0.46768,2.50267,-0.03933
-8.2174,-1.2234,229.055,-0.46061,2.5064,-0.03754
-8.2372,-1.2843,229.224,-0.46042,2.50865,-0.03785
-8.2889,-1.255,229.225,-0.46375,2.51205,-0.0353
-8.2877,-1.2021,229.306,-0.45337,2.50712,-0.03637
-8.3284,-1.1862,229.297,-0.45298,2.50663,-0.03381
-8.3482,-1.3495,229.191,-0.4651,2.51034,-0.03063
-8.4199,-1.2812,229.243,-0.46061,2.51465,-0.03085
-8.4046,-1.3551,229.313,-0.45998,2.50707,-0.03054
-8.509,-1.3015,229.191,-0.45849,2.51229,-0.02718
-8.4757,-1.4122,229.306,-0.46018,2.50969,-0.02735
-8.5367,-1.331,229.292,-0.45976,2.5136,-0.02475
-8.4816,-1.4553,229.436,-0.46387,2.50996,-0.02477
-8.536,-1.486,229.239,-0.46857,2.51238,-0.02165
-8.5663,-1.3138,229.202,-0.45393,2.51659,-0.02332
-8.677,-1.2655,229.069,-0.45629,2.5244,-0.02063
-8.6906,-1.1493,229.055,-0.45016,2.5244,-0.01923
-8.7561,-1.2869,229.092,-0.46532,2.52851,-0.01764
-8.734,-1.2863,229.097,-0.45776,2.53615,-0.01659
-8.825,-1.2682,229.069,-0.45697,2.53905,-0.01493
-8.7925,-1.272,229.221,-0.46133,2.54038,-0.01491
-8.8034,-1.3736,229.311,-0.46321,2.53329,-0.01437
-8.8074,-1.3029,229.202,-0.45801,2.54018,-0.0157
-8.8115,-1.2506,229.2,-0.45724,2.53845,-0.01536
-8.7364,-1.3336,229.238,-0.45889,2.53352,-0.01638
-8.7529,-1.4715,229.309,-0.4678,2.53411,-0.01374
-8.7063,-1.4828,229.341,-0.46544,2.52382,-0.01618
-8.7523,-1.3484,229.284,-0.45984,2.52872,-0.01539
-8.7626,-1.3396,229.294,-0.46219,2.52315,-0.01571
-8.7468,-1.4174,229.189,-0.46877,2.52112,-0.01357
-8.765,-1.4327,229.058,-0.47112,2.52167,-0.01281
-8.7375,-1.4475,229.175,-0.47168,2.51649,-0.01413
-8.7844,-1.2429,229.175,-0.45758,2.5201,-0.0148
-8.7389,-1.3755,229.288,-0.46017,2.51645,-0.01543
-8.7419,-1.4054,229.168,-0.46289,2.51793,-0.01409
-8.7567,-1.419,229.247,-0.4661,2.51533,-0.01532
-8.6573,-1.499,229.311,-0.46846,2.511,-0.0158
-8.7094,-1.352,229.29,-0.45779,2.51113,-0.01647
-8.7513,-1.3965,229.268,-0.46169,2.51257,-0.01589
-8.7234,-1.4167,229.221,-0.45909,2.51199,-0.01665
-8.7939,-1.4052,229.244,-0.46317,2.51296,-0.01596
-8.8616,-1.2239,229.139,-0.45413,2.51952,-0.01492
-8.8773,-1.2022,229.192,-0.4527,2.52245,-0.01665
-8.8046,-1.3869,229.303,-0.45807,2.50943,-0.01658
-8.7252,-1.4348,229.276,-0.45988,2.51255,-0.01664
-8.8324,-1.3199,229.112,-0.45562,2.51535,-0.01619
-8.7932,-1.4102,229.145,-0.45989,2.51393,-0.01621
-8.7969,-1.4303,229.265,-0.463,2.51466,-0.01623
-8.8192,-1.3562,229.088,-0.46203,2.51468,-0.01586
-8.7541,-1.471,229.36,-0.46489,2.50574,-0.01779
-8.7875,-1.404,229.299,-0.46282,2.50626,-0.01693
-8.8111,-1.3904,229.183,-0.46586,2.51204,-0.01671
-8.8161,-1.4052,229.224,-0.46938,2.51252,-0.0148
-8.789,-1.3891,229.275,-0.46866,2.51217,-0.01557
-8.8234,-1.3928,229.245,-0.46779,2.51365,-0.01521
-8.7954,-1.3508,229.261,-0.46508,2.50794,-0.01635
-8.8547,-1.3543,229.191,-0.46653,2.51636,-0.01456
-8.7876,-1.3803,229.192,-0.46843,2.51246,-0.01425
-8.755,-1.4134,229.354,-0.46753,2.50734,-0.01521
-8.8472,-1.1283,229.363,-0.45604,2.50838,-0.0162
-9.0264,-0.9041,229.292,-0.45129,2.52587,-0.01547
-8.9879,-1.01,229.28,-0.45379,2.52683,-0.01398
-8.8259,-1.3405,229.284,-0.45689,2.52647,-0.0141
-8.909,-1.3329,229.237,-0.45967,2.53336,-0.01294
-8.8283,-1.4646,229.305,-0.46237,2.52861,-0.01545
-8.8831,-1.4427,229.299,-0.4662,2.5272,-0.01516
-8.8997,-1.3272,229.298,-0.45781,2.52765,-0.01615
-8.8119,-1.4392,229.343,-0.46033,2.52363,-0.0165
-8.8436,-1.2175,229.202,-0.452,2.53215,-0.01583
-8.8775,-1.1865,229.156,-0.45298,2.53118,-0.01542
-8.8102,-1.3849,229.331,-0.45639,2.52249,-0.01509
-8.7747,-1.5443,229.455,-0.46209,2.52163,-0.0147
-8.8488,-1.3475,229.303,-0.45905,2.52301,-0.01382
-8.816,-1.3081,229.32,-0.45791,2.52599,-0.01503
-8.8454,-1.3109,229.397,-0.46039,2.52658,-0.01466
-8.8502,-1.2796,229.318,-0.46004,2.52881,-0.01374
-8.8264,-1.3903,229.349,-0.46235,2.52499,-0.01462
-8.8672,-1.4222,229.29,-0.46358,2.52927,-0.01304
-8.8296,-1.3923,229.335,-0.45985,2.52784,-0.01451
-8.8588,-1.3776,229.359,-0.46169,2.52853,-0.01464
-8.8395,-1.3006,229.362,-0.45377,2.52813,-0.01655
-8.8181,-1.4401,229.386,-0.4664,2.52363,-0.0143
-8.9052,-1.4075,229.441,-0.46514,2.52827,-0.01356
-8.825,-1.475,229.574,-0.46349,2.52457,-0.01587
-8.8975,-1.3511,229.402,-0.46544,2.5296,-0.01486
-8.9546,-1.1721,229.249,-0.45644,2.53908,-0.01484
-8.9125,-1.3455,229.286,-0.46511,2.53407,-0.01417
-8.8594,-1.2962,229.403,-0.45692,2.53204,-0.01609
-8.8294,-1.4263,229.376,-0.46089,2.5281,-0.01525
-8.8007,-1.4077,229.341,-0.45626,2.52429,-0.0157
-8.8317,-1.3973,229.414,-0.46327,2.52999,-0.01506
-8.8525,-1.406,229.258,-0.46529,2.53025,-0.01312
-8.905,-1.3002,229.179,-0.46313,2.53294,-0.01347
-8.8721,-1.3103,229.347,-0.46406,2.52887,-0.01467
-8.8383,-1.323,229.476,-0.45795,2.52387,-0.01592
-8.8284,-1.3779,229.392,-0.46022,2.52721,-0.01574
-8.8164,-1.3642,229.402,-0.46142,2.52828,-0.01517
-8.8048,-1.4526,229.441,-0.46469,2.52518,-0.01438
-8.7886,-1.375,229.308,-0.45984,2.52346,-0.01532
-8.8474,-1.2731,229.327,-0.45746,2.52839,-0.01568
-8.7775,-1.4716,229.514,-0.46607,2.51937,-0.01603
-8.8297,-1.3748,229.384,-0.45868,2.5231,-0.01647
-8.8155,-1.2735,229.321,-0.45365,2.52309,-0.01594
-8.8014,-1.2643,229.338,-0.45434,2.51999,-0.01527
-8.7881,-1.366,229.44,-0.45528,2.51494,-0.01421
-8.7759,-1.3896,229.521,-0.45798,2.51599,-0.01416
-8.8048,-1.3128,229.372,-0.45352,2.51808,-0.01416
-8.8022,-1.2904,229.371,-0.45307,2.51485,-0.01416
-8.8761,-1.0588,229.304,-0.44388,2.5212,-0.0148
-8.8722,-1.2335,229.311,-0.45428,2.52047,-0.01406
-8.8803,-1.1613,229.376,-0.44704,2.52137,-0.01422
-8.9066,-1.1497,229.382,-0.45073,2.51853,-0.01526
-8.9606,-1.0784,229.328,-0.44627,2.52511,-0.01516
-8.9167,-1.0912,229.408,-0.44316,2.52383,-0.01653
-8.9041,-1.204,229.253,-0.44778,2.52213,-0.0158
-8.9458,-1.1416,229.354,-0.44272,2.52139,-0.01851
-8.9123,-1.1499,229.346,-0.44038,2.51787,-0.01822
-8.9661,-1.0637,229.166,-0.43982,2.5218,-0.01749
-8.9437,-1.1128,229.328,-0.44232,2.52005,-0.01966
-8.9082,-1.1632,229.363,-0.4395,2.51749,-0.02067
-8.8936,-1.2226,229.352,-0.44305,2.51904,-0.02015
-8.8539,-1.2112,229.482,-0.44247,2.52508,-0.02321
-8.8459,-1.1817,229.472,-0.44925,2.52327,-0.02256
-8.7672,-1.1183,229.456,-0.44446,2.51792,-0.02418
-8.7457,-0.9485,229.451,-0.43606,2.51613,-0.02568
-8.8107,-0.9149,229.519,-0.44084,2.52521,-0.02499
-8.747,-0.9619,229.523,-0.43707,2.52187,-0.02508
-8.8178,-1.0371,229.44,-0.44157,2.52732,-0.02326
-8.8967,-1.1493,229.314,-0.44932,2.53419,-0.02089
-8.8885,-1.1959,229.263,-0.44399,2.53293,-0.02141
-8.9133,-1.1917,229.375,-0.44982,2.52971,-0.02104
-8.885,-1.2469,229.4,-0.45295,2.53414,-0.01951
-8.9914,-1.1898,229.323,-0.45863,2.54027,-0.01654
-8.8567,-1.1481,229.387,-0.45422,2.53211,-0.01609
-8.7537,-1.2219,229.513,-0.45683,2.52396,-0.01631
-8.7834,-1.109,229.434,-0.44866,2.53018,-0.0138
-8.8178,-1.1455,229.221,-0.44907,2.53676,-0.01267
-8.7905,-1.2181,229.528,-0.44701,2.52819,-0.01597
-8.8695,-1.1097,229.415,-0.44373,2.53962,-0.01521
-8.8437,-1.2493,229.475,-0.45254,2.53232,-0.0143
-8.7655,-1.3496,229.594,-0.4556,2.5257,-0.01507
-8.8845,-1.1535,229.443,-0.45195,2.53941,-0.0136
-8.7845,-1.1768,229.43,-0.44791,2.52972,-0.01672
-8.7994,-1.1258,229.593,-0.44044,2.5301,-0.01703
-8.6946,-1.3257,229.601,-0.44808,2.51932,-0.0168
-8.7589,-1.1675,229.418,-0.44661,2.52821,-0.01442
-8.7522,-1.2192,229.442,-0.44815,2.53024,-0.01372
-8.7551,-1.1822,229.306,-0.44764,2.52896,-0.0108
-8.7077,-1.203,229.393,-0.44535,2.52399,-0.01042
-8.7616,-1.1369,229.268,-0.44757,2.53274,-0.00829
-8.7684,-1.0756,229.369,-0.44067,2.53239,-0.00928
-8.7053,-1.2677,229.439,-0.44701,2.52868,-0.00945
-8.766,-1.1114,229.343,-0.43914,2.53427,-0.00847
-8.6946,-1.2805,229.52,-0.44481,2.5311,-0.00935
-8.7114,-1.176,229.412,-0.43687,2.52436,-0.01046
-8.6426,-1.3196,229.56,-0.43976,2.52846,-0.01006
-8.7683,-1.2622,229.453,-0.44161,2.52871,-0.01161
-8.7682,-1.1973,229.386,-0.44533,2.52765,-0.01062
-8.735,-1.2391,229.427,-0.44656,2.52476,-0.01099
-8.783,-1.2055,229.454,-0.4461,2.52834,-0.01207
-8.7972,-1.1559,229.477,-0.44021,2.53095,-0.01259
-8.7744,-1.1773,229.381,-0.44272,2.53791,-0.01144
-8.7786,-1.226,229.433,-0.44474,2.53466,-0.01192
-8.8026,-1.2836,229.353,-0.44841,2.53532,-0.0107
-8.8293,-1.1661,229.254,-0.44558,2.53961,-0.00982
-8.8088,-1.1817,229.322,-0.44209,2.53878,-0.0101
-8.8249,-1.1982,229.366,-0.44545,2.53292,-0.0106
-8.8176,-1.2368,229.504,-0.44637,2.53476,-0.01117
-8.8563,-1.1974,229.46,-0.44333,2.53377,-0.01069
-8.8985,-1.1815,229.487,-0.44356,2.53737,-0.01016
-8.9395,-1.063,229.328,-0.43742,2.5466,-0.00996
-8.8661,-1.1418,229.468,-0.43915,2.54404,-0.01038
-8.8491,-1.1661,229.395,-0.43741,2.54168,-0.00885
-8.8874,-1.2127,229.457,-0.44192,2.53626,-0.00894
-8.8266,-1.2232,229.353,-0.44444,2.53248,-0.00777
-8.9394,-1.2083,229.2,-0.44866,2.5408,-0.00534
-8.8415,-1.2401,229.301,-0.44292,2.5263,-0.00794
-8.9463,-1.1127,229.187,-0.44465,2.52945,-0.00605
-8.9011,-1.1774,229.296,-0.44733,2.52013,-0.00629
-8.8669,-1.3032,229.323,-0.451,2.51699,-0.00663
-8.872,-1.2222,229.562,-0.44588,2.51377,-0.0098
-8.9517,-1.2084,229.449,-0.45148,2.51547,-0.01049
-9.0495,-1.0481,229.383,-0.44413,2.52335,-0.01102
-9.0304,-1.1983,229.404,-0.45264,2.51759,-0.01109
-8.9876,-1.2253,229.506,-0.44753,2.52046,-0.01127
-9.024,-1.0954,229.443,-0.44509,2.52679,-0.01146
-8.993,-1.1235,229.325,-0.44536,2.52955,-0.01283
-9.0104,-0.8351,229.27,-0.431,2.53644,-0.01386
-8.9923,-0.8518,229.447,-0.42905,2.53743,-0.01551
-8.8808,-1.0208,229.559,-0.43037,2.54167,-0.0157
-8.9483,-1.0349,229.348,-0.43626,2.54232,-0.01314
-8.8383,-1.1839,229.526,-0.44157,2.53494,-0.01383
-8.9045,-1.0503,229.398,-0.44016,2.53868,-0.0119
-8.9445,-1.1038,229.416,-0.44532,2.53804,-0.01122
-8.9532,-1.2129,229.403,-0.45008,2.53477,-0.00988
-8.8831,-1.2755,229.438,-0.44791,2.52918,-0.01043
-8.8899,-1.3047,229.389,-0.45332,2.53321,-0.00807
-8.8567,-1.2035,229.466,-0.44044,2.52832,-0.01062
-8.8467,-1.347,229.461,-0.45014,2.52667,-0.00955
-8.8967,-1.315,229.413,-0.45104,2.53103,-0.00839
-8.9444,-1.2517,229.404,-0.45015,2.53348,-0.00827
-8.9567,-1.3304,229.398,-0.45418,2.53558,-0.00855
-8.8367,-1.3269,229.479,-0.44039,2.529,-0.01149
-8.9129,-1.2334,229.446,-0.442,2.53185,-0.01026
-8.9335,-1.2188,229.474,-0.44427,2.53524,-0.01027
-8.8889,-1.3428,229.418,-0.44532,2.53594,-0.01063
-8.9309,-1.2421,229.44,-0.4417,2.53564,-0.0115
-8.9093,-1.2965,229.544,-0.44387,2.53362,-0.01152
-8.9503,-1.1753,229.376,-0.44194,2.53607,-0.01055
-8.912,-1.3392,229.579,-0.45045,2.53156,-0.01076
-8.9284,-1.1563,229.453,-0.44413,2.53829,-0.00978
-8.895,-1.1817,229.369,-0.4419,2.53216,-0.01154
-8.9334,-1.1741,229.38,-0.44664,2.53723,-0.01085
-8.8825,-1.1883,229.508,-0.44454,2.52872,-0.01131
-8.9349,-1.1346,229.371,-0.44608,2.54055,-0.00877
-8.889,-1.1771,229.481,-0.44321,2.53505,-0.01033
-8.9762,-1.2048,229.54,-0.45308,2.53776,-0.00767
-8.8766,-1.2797,229.522,-0.4531,2.53106,-0.00846
-8.8828,-1.28,229.461,-0.45281,2.52762,-0.00795
-8.8847,-1.2813,229.393,-0.45305,2.52229,-0.00868
-8.9062,-1.2421,229.475,-0.44917,2.52904,-0.00806
-8.9412,-1.1767,229.446,-0.45347,2.53121,-0.00789
-8.882,-1.2703,229.48,-0.45266,2.52255,-0.00914
-9.0015,-1.1591,229.371,-0.45366,2.53139,-0.00787
-8.9549,-1.1631,229.508,-0.4489,2.52449,-0.01057
-8.9436,-1.2122,229.498,-0.44896,2.52567,-0.00963
-8.9129,-1.2305,229.542,-0.45111,2.52556,-0.01018
-8.9429,-1.306,229.65,-0.45717,2.52558,-0.0097
-8.8933,-1.3195,229.648,-0.45397,2.52635,-0.0102
-8.919,-1.1404,229.543,-0.44356,2.52653,-0.01073
-8.9041,-1.205,229.717,-0.44544,2.52504,-0.01203
-8.9879,-1.0995,229.445,-0.44523,2.53274,-0.0094
-8.896,-1.2685,229.601,-0.44992,2.52567,-0.00875
-8.8955,-1.236,229.616,-0.44541,2.5297,-0.0106
-8.8848,-1.2182,229.528,-0.44677,2.53099,-0.01017
-8.8501,-1.3073,229.553,-0.4508,2.52831,-0.00948
-8.9717,-1.2012,229.402,-0.44652,2.53818,-0.00903
-8.8885,-1.3178,229.483,-0.45409,2.53459,-0.00897
-8.9381,-1.1721,229.417,-0.44967,2.53735,-0.00901
-8.9098,-1.1999,229.453,-0.44973,2.53567,-0.00926
-8.877,-1.2148,229.528,-0.44464,2.53293,-0.01206
-8.9294,-1.1807,229.404,-0.45221,2.53041,-0.01001
-8.8283,-1.3921,229.57,-0.45713,2.52428,-0.00907
-8.7931,-1.3122,229.534,-0.45652,2.52699,-0.00966
-8.8794,-1.3293,229.565,-0.46008,2.53007,-0.00762
-8.9297,-1.163,229.419,-0.45152,2.53278,-0.00767
-8.9149,-1.1831,229.401,-0.44996,2.52583,-0.00744
-8.879,-1.2047,229.472,-0.44943,2.52796,-0.00854
-8.8884,-1.2084,229.528,-0.45318,2.52652,-0.008
-8.9409,-1.1343,229.374,-0.45048,2.53364,-0.00685
-8.9686,-1.2079,229.407,-0.45582,2.53037,-0.00731
-8.9608,-1.2618,229.413,-0.45853,2.53325,-0.00673
-8.9334,-1.2577,229.419,-0.45704,2.53163,-0.00713
-8.8895,-1.2596,229.488,-0.45363,2.52517,-0.0085
-8.9413,-1.1633,229.411,-0.4554,2.53349,-0.00831
-8.8952,-1.2259,229.518,-0.44973,2.53107,-0.01056
-8.8834,-1.2207,229.408,-0.45206,2.53407,-0.0091
-8.8094,-1.2728,229.564,-0.4478,2.52973,-0.01158
-8.8794,-1.1634,229.448,-0.44562,2.53647,-0.00943
-8.9298,-1.2168,229.47,-0.45175,2.53354,-0.00743
-8.8963,-1.2946,229.498,-0.46002,2.53185,-0.00845
-8.8514,-1.2654,229.577,-0.45087,2.52621,-0.01001
-8.8684,-1.303,229.551,-0.45085,2.52891,-0.00993
-8.795,-1.3096,229.625,-0.44688,2.52362,-0.01143
-8.8433,-1.2997,229.571,-0.45018,2.52546,-0.01094
-8.8621,-1.2428,229.609,-0.44902,2.52572,-0.01124
-8.8219,-1.234,229.481,-0.44743,2.52469,-0.012
-8.859,-1.3275,229.502,-0.45629,2.52401,-0.00975
-8.8387,-1.32,229.485,-0.45903,2.52653,-0.00969
-8.8461,-1.2915,229.403,-0.45779,2.52547,-0.00844
-8.9073,-1.2451,229.428,-0.45738,2.52781,-0.00759
-8.8467,-1.2056,229.362,-0.45351,2.52166,-0.00787
-8.7704,-1.3317,229.563,-0.45371,2.51444,-0.01076
-8.8461,-1.1809,229.49,-0.45,2.5207,-0.0096
-8.7906,-1.3407,229.537,-0.45586,2.51533,-0.01042
-8.811,-1.3043,229.469,-0.45411,2.51654,-0.0098
-8.7794,-1.3852,229.567,-0.45654,2.51403,-0.00989
-8.8216,-1.2672,229.517,-0.45321,2.52013,-0.01123
-8.7341,-1.4261,229.665,-0.45488,2.51124,-0.01262
-8.7826,-1.2635,229.555,-0.45128,2.51807,-0.01303
-8.7561,-1.3174,229.541,-0.4536,2.51826,-0.01338
-8.7362,-1.3227,229.579,-0.45829,2.51343,-0.01288
-8.7791,-1.3353,229.471,-0.45449,2.51312,-0.01228
-8.802,-1.3011,229.501,-0.45752,2.51407,-0.01086
-8.7873,-1.364,229.378,-0.4655,2.51847,-0.00954
-8.8439,-1.2491,229.293,-0.4586,2.52232,-0.00913
-8.7728,-1.3554,229.51,-0.46204,2.51067,-0.01144
-8.8208,-1.3802,229.483,-0.46984,2.5162,-0.00985
-8.7782,-1.4216,229.614,-0.46757,2.51279,-0.01021
-8.8194,-1.37,229.474,-0.46466,2.51393,-0.00935
-8.8105,-1.3771,229.509,-0.46029,2.516,-0.01114
-8.7683,-1.332,229.581,-0.45215,2.51382,-0.01289
-8.7855,-1.3408,229.46,-0.4553,2.51362,-0.00982
-8.7372,-1.4483,229.454,-0.46343,2.51607,-0.01116
-8.7803,-1.2496,229.412,-0.45149,2.51876,-0.01223
-8.7531,-1.378,229.484,-0.4563,2.51913,-0.01156
-8.7105,-1.4544,229.606,-0.45972,2.51848,-0.01189
-8.8269,-1.3203,229.456,-0.45794,2.52504,-0.00971
-8.7716,-1.2854,229.445,-0.45392,2.52353,-0.01053
-8.7526,-1.2972,229.544,-0.45425,2.52435,-0.01103
-8.7244,-1.4182,229.586,-0.45807,2.51667,-0.01288
-8.8026,-1.2589,229.451,-0.45433,2.52021,-0.01262
-8.8061,-1.2766,229.488,-0.4546,2.51986,-0.01232
-8.7348,-1.3178,229.468,-0.45769,2.51573,-0.01264
-8.6778,-1.5247,229.547,-0.46795,2.51049,-0.01203
-8.6887,-1.4518,229.513,-0.46463,2.51077,-0.01306
-8.6918,-1.5054,229.522,-0.47085,2.50824,-0.01276
-8.7133,-1.4734,229.513,-0.46523,2.50659,-0.01295
-8.7748,-1.42,229.545,-0.46399,2.51185,-0.01142
-8.7146,-1.4034,229.581,-0.46268,2.50763,-0.01144
-8.7614,-1.3964,229.5,-0.46189,2.51137,-0.0102
-8.7404,-1.3051,229.568,-0.45895,2.50963,-0.01089
-8.7388,-1.375,229.53,-0.46375,2.5085,-0.01006
-8.7176,-1.4042,229.641,-0.46463,2.50989,-0.01189
-8.7087,-1.3802,229.681,-0.46171,2.50875,-0.01257
-8.6962,-1.4141,229.598,-0.46285,2.51152,-0.01328
-8.7619,-1.3316,229.54,-0.45958,2.51665,-0.01247
-8.7142,-1.3954,229.611,-0.45757,2.50983,-0.01391
-8.7347,-1.4432,229.552,-0.46339,2.51166,-0.01108
-8.7361,-1.3904,229.6,-0.45723,2.52008,-0.01121
-8.7252,-1.4155,229.699,-0.45815,2.51429,-0.01261
-8.7535,-1.4197,229.405,-0.46221,2.51945,-0.01012
-8.7727,-1.4098,229.415,-0.46369,2.52145,-0.0089
-8.7185,-1.3779,229.592,-0.45557,2.51728,-0.01186
-8.7059,-1.4109,229.627,-0.45657,2.51676,-0.01281
-8.7214,-1.3885,229.626,-0.45967,2.5161,-0.01239
-8.7756,-1.4677,229.528,-0.46564,2.51965,-0.01104
-8.727,-1.2834,229.488,-0.45492,2.5176,-0.01171
-8.7319,-1.384,229.516,-0.45782,2.51257,-0.01143
-8.7489,-1.3417,229.496,-0.4565,2.51512,-0.01096
-8.7833,-1.3149,229.451,-0.45615,2.51908,-0.01108
-8.7824,-1.3419,229.475,-0.45973,2.5215,-0.01041
-8.739,-1.2573,229.518,-0.45233,2.51627,-0.01165
-8.7749,-1.3483,229.476,-0.45951,2.51695,-0.01147
-8.6996,-1.4146,229.659,-0.45907,2.51154,-0.01301
-8.728,-1.441,229.5,-0.46413,2.51447,-0.01115
-8.6994,-1.48,229.464,-0.46401,2.51771,-0.01063
-8.7361,-1.4219,229.441,-0.46103,2.5184,-0.00994
-8.6712,-1.5053,229.56,-0.46499,2.50798,-0.01216
-8.7072,-1.3471,229.523,-0.45781,2.51383,-0.01308
-8.7045,-1.369,229.451,-0.45944,2.51179,-0.01133
-8.7013,-1.2826,229.59,-0.45181,2.51206,-0.01381
-8.785,-1.2426,229.456,-0.45442,2.51876,-0.01196
-8.7268,-1.2528,229.515,-0.45386,2.51363,-0.01302
-8.712,-1.318,229.439,-0.45537,2.51166,-0.01253
-8.7489,-1.3503,229.417,-0.46091,2.51835,-0.00991
-8.7774,-1.2733,229.356,-0.45927,2.51792,-0.00975
-8.7926,-1.3166,229.413,-0.46343,2.51682,-0.00988
-8.8252,-1.1457,229.387,-0.45791,2.52475,-0.01009
-8.7563,-1.2115,229.473,-0.45485,2.51773,-0.01191
-8.7045,-1.4387,229.643,-0.46496,2.51179,-0.01152
-8.6874,-1.4506,229.529,-0.46489,2.51169,-0.01166
-8.7577,-1.3477,229.478,-0.46531,2.51668,-0.01033
-8.7272,-1.3582,229.475,-0.46073,2.51049,-0.01184
-8.7115,-1.4384,229.569,-0.46387,2.51084,-0.01078
-8.7718,-1.2107,229.322,-0.45853,2.5188,-0.01143
-8.8162,-1.341,229.394,-0.4642,2.51777,-0.00984
-8.6903,-1.3644,229.57,-0.4594,2.50665,-0.01139
-8.7207,-1.4118,229.556,-0.46439,2.51143,-0.01155
-8.7135,-1.3959,229.519,-0.46356,2.50762,-0.01237
-8.7428,-1.3623,229.451,-0.46403,2.51204,-0.01105
-8.7565,-1.1961,229.464,-0.44934,2.51551,-0.01229
-8.7267,-1.3179,229.474,-0.45804,2.51185,-0.01131
-8.7222,-1.4209,229.576,-0.46263,2.51359,-0.01136
-8.7496,-1.33,229.543,-0.45902,2.5137,-0.01091
-8.6953,-1.4607,229.728,-0.46769,2.50565,-0.01185
-8.7262,-1.3695,229.624,-0.46328,2.51163,-0.01142
-8.7458,-1.3282,229.564,-0.45866,2.51079,-0.01281
-8.7321,-1.3902,229.615,-0.46372,2.51174,-0.01169
-8.7847,-1.2796,229.49,-0.46125,2.5173,-0.01074
-8.6513,-1.29,229.586,-0.45688,2.5062,-0.01316
-8.6534,-1.4854,229.576,-0.46244,2.50665,-0.01235
-8.7234,-1.3255,229.605,-0.46027,2.50998,-0.01192
-8.6352,-1.3714,229.764,-0.45852,2.50405,-0.01461
-8.6968,-1.381,229.523,-0.46504,2.50971,-0.01029
-8.7248,-1.3915,229.434,-0.46332,2.51232,-0.01113
-8.7384,-1.4284,229.431,-0.46686,2.51402,-0.00917
-8.7199,-1.3913,229.499,-0.46169,2.51099,-0.01071
-8.7394,-1.3372,229.536,-0.46367,2.51187,-0.0111
-8.7266,-1.5219,229.585,-0.47655,2.5061,-0.01005
-8.7443,-1.3957,229.542,-0.46414,2.51062,-0.01107
-8.7387,-1.4246,229.634,-0.46502,2.50611,-0.01189
-8.6756,-1.469,229.566,-0.47003,2.51013,-0.0097
-8.6777,-1.498,229.549,-0.4664,2.5094,-0.00992
-8.7615,-1.4218,229.416,-0.46722,2.51454,-0.00912
-8.698,-1.3744,229.578,-0.45789,2.50947,-0.01163
-8.7354,-1.4008,229.558,-0.46407,2.51689,-0.01106
-8.6968,-1.3941,229.628,-0.46371,2.50861,-0.01231
-8.7024,-1.4458,229.559,-0.46391,2.51071,-0.0117
-8.7219,-1.352,229.555,-0.46108,2.5115,-0.01085
-8.6832,-1.3851,229.451,-0.46095,2.50926,-0.00974
-8.6683,-1.5837,229.541,-0.47124,2.50879,-0.00902
-8.749,-1.4572,229.459,-0.47223,2.51334,-0.0076
-8.7072,-1.4096,229.5,-0.46541,2.51117,-0.00966
-8.7182,-1.3874,229.541,-0.46232,2.51216,-0.01105
-8.7131,-1.3668,229.474,-0.45923,2.5128,-0.00983
-8.7213,-1.3749,229.555,-0.46228,2.51157,-0.00933
-8.7276,-1.3,229.469,-0.45972,2.51459,-0.00895
-8.7206,-1.3973,229.535,-0.46672,2.51553,-0.01046
-8.647,-1.4751,229.662,-0.46354,2.50685,-0.01188
-8.7151,-1.366,229.578,-0.4573,2.51233,-0.01124
-8.7252,-1.3557,229.511,-0.46365,2.51097,-0.01169
-8.6925,-1.3403,229.74,-0.4595,2.50903,-0.01253
-8.6718,-1.419,229.684,-0.4641,2.50699,-0.01119
-8.6594,-1.4939,229.605,-0.46749,2.5053,-0.01168
-8.6829,-1.3859,229.406,-0.46289,2.51148,-0.00961
-8.6792,-1.4409,229.442,-0.46789,2.5129,-0.00851
-8.6794,-1.3796,229.465,-0.46337,2.5098,-0.00948
-8.7466,-1.2809,229.419,-0.45913,2.51666,-0.00905
-8.6458,-1.4224,229.656,-0.4587,2.5017,-0.01199
-8.6696,-1.5018,229.503,-0.46726,2.50915,-0.00929
-8.6766,-1.3781,229.577,-0.46149,2.51029,-0.01116
-8.6747,-1.4638,229.596,-0.463,2.5092,-0.0115
-8.7565,-1.3086,229.446,-0.46339,2.51562,-0.00943
-8.7266,-1.4691,229.456,-0.47237,2.51769,-0.00803
-8.772,-1.3677,229.457,-0.46576,2.51462,-0.00933
-8.6984,-1.43,229.522,-0.46598,2.51281,-0.00993
-8.7709,-1.2881,229.438,-0.45962,2.51525,-0.00924
-8.6975,-1.4179,229.634,-0.45878,2.51038,-0.01175
-8.6216,-1.4941,229.692,-0.46044,2.50421,-0.01242
-8.6978,-1.3931,229.686,-0.45943,2.51469,-0.01149
-8.7595,-1.4231,229.461,-0.46916,2.51524,-0.00779
-8.6988,-1.4848,229.678,-0.46439,2.51168,-0.01058
-8.6778,-1.4449,229.538,-0.46311,2.51484,-0.00919
-8.723,-1.3889,229.49,-0.46182,2.51684,-0.00904
-8.7693,-1.4121,229.459,-0.46671,2.51705,-0.00883
-8.7244,-1.3689,229.585,-0.45494,2.50994,-0.01078
-8.687,-1.4045,229.517,-0.4635,2.51263,-0.00991
-8.7762,-1.2016,229.404,-0.45217,2.51825,-0.01116
-8.7073,-1.3667,229.538,-0.45766,2.51457,-0.01108
-8.6887,-1.3365,229.499,-0.45683,2.51641,-0.00992
-8.7252,-1.4161,229.412,-0.46679,2.51244,-0.00992
-8.7147,-1.403,229.487,-0.46273,2.51799,-0.00986
-8.6533,-1.4434,229.518,-0.46333,2.51475,-0.00991
-8.6953,-1.441,229.535,-0.46518,2.51124,-0.00888
-8.7125,-1.389,229.496,-0.46563,2.51147,-0.01048
-8.7281,-1.4176,229.606,-0.46702,2.514,-0.01031
-8.7064,-1.3459,229.652,-0.46123,2.51576,-0.0123
-8.7185,-1.4559,229.651,-0.46559,2.51492,-0.01036
-8.7062,-1.5027,229.557,-0.46492,2.50773,-0.01137
-8.6996,-1.5034,229.611,-0.46275,2.51025,-0.01088
-8.8286,-1.2177,229.453,-0.45515,2.51847,-0.01072
-8.736,-1.3967,229.545,-0.4636,2.5123,-0.01021
-8.7428,-1.3269,229.472,-0.45943,2.51594,-0.00977
-8.6863,-1.4118,229.57,-0.45936,2.51345,-0.01265
-8.768,-1.3824,229.498,-0.46305,2.51952,-0.01058
-8.7105,-1.3611,229.538,-0.46,2.51407,-0.01104
-8.7385,-1.3509,229.495,-0.46107,2.5172,-0.00974
-8.6851,-1.4168,229.51,-0.46006,2.51254,-0.00965
-8.6964,-1.3985,229.516,-0.46041,2.5134,-0.00992
-8.705,-1.4679,229.626,-0.46405,2.5106,-0.01032
-8.7566,-1.3393,229.572,-0.46125,2.51687,-0.01017
-8.7159,-1.4724,229.61,-0.4675,2.5161,-0.01002
-8.7421,-1.3226,229.573,-0.46081,2.51702,-0.00976
-8.6604,-1.5326,229.677,-0.46504,2.50858,-0.01112
-8.7137,-1.2625,229.491,-0.4547,2.51547,-0.01107
-8.6415,-1.4237,229.664,-0.45784,2.50394,-0.01268
-8.7371,-1.3207,229.538,-0.46129,2.5156,-0.01061
-8.7403,-1.3971,229.519,-0.466,2.5168,-0.00994
-8.7156,-1.3051,229.449,-0.45673,2.51282,-0.01133
-8.6716,-1.462,229.69,-0.4615,2.50782,-0.01283
-8.6742,-1.4261,229.6,-0.46092,2.51076,-0.01223
-8.656,-1.4567,229.46,-0.46424,2.51177,-0.01099
-8.6169,-1.5206,229.571,-0.46138,2.50286,-0.01159
-8.6328,-1.3939,229.601,-0.45991,2.5107,-0.01225
-8.7251,-1.3367,229.428,-0.46084,2.51546,-0.01051
-8.7025,-1.4242,229.392,-0.46368,2.51307,-0.00936
-8.6582,-1.5088,229.626,-0.46397,2.50371,-0.01087
-8.7408,-1.386,229.475,-0.46367,2.51387,-0.00977
-8.7487,-1.3879,229.469,-0.46463,2.51506,-0.01107
-8.7255,-1.3585,229.528,-0.45984,2.51054,-0.01169
-8.6955,-1.4515,229.598,-0.46391,2.50654,-0.01125
-8.705,-1.3413,229.434,-0.45595,2.5143,-0.01018
-8.7883,-1.1871,229.265,-0.45194,2.51977,-0.00984
-8.6698,-1.4135,229.436,-0.45975,2.50911,-0.01111
-8.6392,-1.4613,229.502,-0.46408,2.50381,-0.01124
-8.7561,-1.3417,229.422,-0.46544,2.51407,-0.00884
-8.6221,-1.5193,229.573,-0.46157,2.50649,-0.0112
-8.7923,-1.2827,229.464,-0.458,2.51141,-0.01078
-8.7187,-1.3379,229.605,-0.45727,2.50881,-0.01169
-8.7267,-1.3157,229.582,-0.45658,2.51135,-0.01207
-8.6874,-1.4054,229.537,-0.46053,2.50853,-0.01169
-8.7413,-1.2696,229.418,-0.45704,2.51712,-0.01092
-8.7207,-1.366,229.527,-0.46055,2.51194,-0.01066
-8.6687,-1.4355,229.589,-0.46006,2.50812,-0.01103
-8.7395,-1.2779,229.462,-0.45734,2.5153,-0.01091
-8.7253,-1.3567,229.576,-0.46263,2.51264,-0.01096
-8.7341,-1.3778,229.494,-0.45989,2.51423,-0.01104
-8.6583,-1.3616,229.51,-0.45798,2.50796,-0.01115
-8.7177,-1.3598,229.424,-0.46005,2.51746,-0.00954
-8.7488,-1.3312,229.425,-0.45737,2.5153,-0.00877
-8.7453,-1.3392,229.543,-0.45525,2.52027,-0.01023
-8.6804,-1.429,229.547,-0.46082,2.51168,-0.01064
-8.7611,-1.3715,229.405,-0.46149,2.51729,-0.00816
-8.6787,-1.4773,229.595,-0.45976,2.50973,-0.01152
-8.734,-1.2509,229.501,-0.44835,2.51628,-0.01223
-8.7409,-1.4168,229.438,-0.46048,2.51971,-0.00995
-8.7316,-1.4074,229.553,-0.4617,2.51619,-0.01008
-8.7034,-1.4323,229.554,-0.45854,2.51269,-0.01039
-8.6802,-1.4404,229.464,-0.46318,2.5139,-0.01015
-8.7199,-1.4638,229.512,-0.46843,2.5114,-0.01056
-8.7665,-1.2916,229.509,-0.45708,2.52097,-0.01124
-8.7619,-1.3269,229.406,-0.46017,2.52207,-0.00948
-8.6825,-1.4044,229.565,-0.45403,2.51301,-0.01235
-8.6715,-1.3734,229.553,-0.45612,2.5066,-0.01223
-8.6628,-1.4345,229.57,-0.45833,2.5103,-0.01188
-8.7489,-1.3896,229.562,-0.46077,2.51635,-0.01116
-8.7642,-1.3108,229.487,-0.4585,2.51625,-0.01116
-8.7461,-1.2937,229.409,-0.45807,2.51597,-0.01095
-8.7175,-1.2841,229.382,-0.45481,2.51378,-0.011
-8.7574,-1.2802,229.468,-0.45384,2.5174,-0.01131
-8.7142,-1.3068,229.515,-0.45378,2.51376,-0.01193
-8.7155,-1.3836,229.466,-0.45579,2.51463,-0.01202
-8.7611,-1.3525,229.35,-0.45854,2.51688,-0.00963
-8.7103,-1.3672,229.492,-0.4568,2.51409,-0.01068
-8.7225,-1.3562,229.453,-0.45452,2.51775,-0.01108
-8.6788,-1.4129,229.57,-0.45392,2.5126,-0.01139
-8.7123,-1.4014,229.571,-0.4571,2.51642,-0.0109
-8.7251,-1.4379,229.424,-0.46392,2.51421,-0.00906
-8.6919,-1.3757,229.558,-0.45574,2.51906,-0.01093
-8.6591,-1.5795,229.619,-0.46878,2.50973,-0.00982
-8.6545,-1.4939,229.558,-0.46148,2.51033,-0.01053
-8.7117,-1.4965,229.576,-0.4661,2.51209,-0.00978
-8.7642,-1.2501,229.345,-0.45629,2.51804,-0.01009
-8.7561,-1.3011,229.371,-0.45691,2.52048,-0.00986
-8.6,-1.5683,229.66,-0.46351,2.50473,-0.01383
-8.7188,-1.422,229.52,-0.46233,2.51569,-0.01054
-8.6932,-1.4646,229.498,-0.46443,2.5121,-0.00984
-8.646,-1.5324,229.708,-0.46427,2.50515,-0.0121
-8.6924,-1.4542,229.636,-0.46066,2.51218,-0.0112
-8.7243,-1.4031,229.553,-0.46467,2.5155,-0.00984
-8.7206,-1.3729,229.58,-0.45882,2.51197,-0.01084
-8.7012,-1.4293,229.492,-0.46119,2.51266,-0.0115
-8.7143,-1.466,229.576,-0.46504,2.51083,-0.01118
-8.6983,-1.4903,229.474,-0.46588,2.51132,-0.01038
-8.744,-1.3213,229.481,-0.45653,2.51448,-0.01148
-8.6597,-1.4847,229.622,-0.46035,2.50577,-0.0109
-8.739,-1.4256,229.392,-0.46263,2.51522,-0.0106
-8.6955,-1.4804,229.44,-0.46488,2.50799,-0.00975
-8.6969,-1.5126,229.627,-0.46591,2.50896,-0.0114
-8.7063,-1.3724,229.451,-0.45951,2.51178,-0.01116
-8.7308,-1.3405,229.43,-0.45809,2.51273,-0.01144
-8.6845,-1.5723,229.483,-0.469,2.50886,-0.00995
-8.6835,-1.3668,229.427,-0.45786,2.51087,-0.01057
-8.6599,-1.4691,229.461,-0.4637,2.50715,-0.00998
-8.7288,-1.3992,229.404,-0.46512,2.50844,-0.01044
-8.7334,-1.4374,229.397,-0.46778,2.51143,-0.00946
-8.645,-1.4744,229.499,-0.45816,2.50729,-0.01137
-8.6787,-1.524,229.553,-0.46329,2.50171,-0.01073
-8.7282,-1.2975,229.406,-0.45206,2.50903,-0.01213
-8.7769,-1.3176,229.313,-0.46042,2.51314,-0.00957
-8.7168,-1.42,229.366,-0.46632,2.50974,-0.00906
-8.7856,-1.2942,229.36,-0.46054,2.5136,-0.01064
-8.7393,-1.4592,229.443,-0.46666,2.51244,-0.01034
-8.7728,-1.3591,229.399,-0.45866,2.51283,-0.00918
-8.7309,-1.3697,229.554,-0.46266,2.5097,-0.0106
-8.7129,-1.3476,229.52,-0.45599,2.5087,-0.01223
-8.7229,-1.3583,229.574,-0.45521,2.50925,-0.01256
-8.7439,-1.3622,229.374,-0.45858,2.51579,-0.01053
-8.7776,-1.3562,229.265,-0.45942,2.5171,-0.00919
-8.7651,-1.3282,229.317,-0.457,2.51839,-0.00987
-8.7057,-1.4082,229.385,-0.45923,2.51056,-0.01157
-8.7066,-1.5133,229.467,-0.46541,2.50962,-0.01079
-8.7291,-1.3246,229.4,-0.45444,2.51383,-0.01173
-8.7399,-1.4084,229.389,-0.46222,2.51265,-0.01026
-8.7508,-1.4292,229.41,-0.46297,2.51083,-0.00992
-8.7128,-1.3941,229.457,-0.46121,2.51538,-0.0106
-8.7601,-1.3835,229.37,-0.46333,2.51277,-0.01005
-8.7114,-1.4385,229.562,-0.46392,2.50445,-0.01089
-8.7576,-1.32,229.423,-0.45771,2.50664,-0.01041
-8.7848,-1.2975,229.343,-0.45306,2.51117,-0.00995
-8.7428,-1.4482,229.379,-0.46536,2.51041,-0.00977
-8.702,-1.4716,229.49,-0.46202,2.50608,-0.01115
-8.7064,-1.4511,229.459,-0.45871,2.50487,-0.01214
-8.6916,-1.4541,229.419,-0.45949,2.50783,-0.01152
-8.748,-1.4631,229.354,-0.46471,2.50858,-0.0102
-8.6903,-1.4581,229.406,-0.46207,2.50692,-0.01173
-8.7049,-1.4964,229.427,-0.46337,2.51084,-0.01057
-8.6569,-1.5621,229.6,-0.46652,2.50596,-0.01228
-8.682,-1.4756,229.455,-0.46353,2.50489,-0.01186
-8.6744,-1.4777,229.501,-0.46482,2.51047,-0.01138
-8.7103,-1.3969,229.481,-0.45817,2.51039,-0.01108
-8.6931,-1.4481,229.53,-0.45657,2.50616,-0.01146
-8.8085,-1.3875,229.418,-0.46358,2.51446,-0.0093
-8.702,-1.479,229.455,-0.46256,2.51006,-0.01149
-8.7055,-1.5356,229.518,-0.46508,2.51022,-0.00972
-8.7817,-1.4031,229.506,-0.4599,2.51525,-0.01067
-8.7908,-1.3904,229.425,-0.45812,2.51615,-0.01152
-8.6943,-1.5259,229.559,-0.46081,2.51397,-0.01083
-8.7744,-1.3831,229.395,-0.45846,2.51769,-0.00943
-8.8033,-1.3532,229.348,-0.45574,2.51894,-0.01042
-8.8075,-1.3219,229.399,-0.45978,2.52311,-0.00959
-8.7992,-1.3357,229.374,-0.45388,2.52069,-0.01053
-8.8263,-1.2725,229.549,-0.44824,2.51867,-0.01393
-8.8373,-1.3038,229.553,-0.45425,2.52375,-0.01318
-8.7493,-1.4066,229.465,-0.46352,2.52492,-0.01079
-8.7751,-1.3672,229.589,-0.45846,2.52008,-0.01205
-8.7246,-1.4784,229.656,-0.45537,2.51187,-0.01241
-8.7682,-1.4035,229.519,-0.45793,2.51369,-0.01132
-8.7886,-1.3801,229.457,-0.45797,2.51888,-0.01057
-8.733,-1.439,229.526,-0.46239,2.51527,-0.01081
-8.7044,-1.5451,229.661,-0.46259,2.51248,-0.01188
-8.708,-1.4768,229.581,-0.45795,2.51306,-0.01133
-8.7552,-1.3622,229.493,-0.45554,2.51584,-0.01191
-8.7406,-1.4444,229.505,-0.46049,2.51336,-0.01095
-8.791,-1.377,229.556,-0.4597,2.51467,-0.01125
-8.8121,-1.3501,229.465,-0.45963,2.52006,-0.00982
-8.71,-1.4515,229.428,-0.45637,2.51391,-0.01273
-8.7813,-1.3713,229.605,-0.45681,2.5172,-0.01089
-8.8134,-1.3926,229.481,-0.46544,2.52013,-0.00937
-8.8141,-1.2768,229.484,-0.4552,2.51948,-0.01106
-8.7764,-1.3286,229.585,-0.45996,2.51726,-0.01118
-8.7421,-1.4527,229.59,-0.46278,2.51369,-0.00996
-8.7124,-1.4876,229.645,-0.46153,2.51181,-0.01034
-8.736,-1.4191,229.544,-0.4585,2.51308,-0.01129
-8.7533,-1.4379,229.485,-0.46168,2.51126,-0.00949
-8.7546,-1.4519,229.508,-0.46218,2.51285,-0.00936
-8.7379,-1.3537,229.444,-0.4548,2.51399,-0.01191
-8.7292,-1.4076,229.442,-0.45884,2.51436,-0.01179
-8.7722,-1.4053,229.391,-0.46437,2.51647,-0.01129
-8.7513,-1.3314,229.475,-0.45609,2.51207,-0.01247
-8.7743,-1.282,229.481,-0.45475,2.51486,-0.01107
-8.7491,-1.3301,229.492,-0.45342,2.51456,-0.01137
-8.7272,-1.3705,229.479,-0.45952,2.51157,-0.00997
-8.7568,-1.3632,229.523,-0.45709,2.51334,-0.01012
-8.7472,-1.4192,229.462,-0.46451,2.51524,-0.00935
-8.716,-1.4549,229.528,-0.46203,2.51521,-0.00972
-8.7586,-1.3254,229.432,-0.46047,2.51199,-0.01097
-8.6705,-1.5676,229.474,-0.46831,2.5084,-0.0099
-8.7631,-1.473,229.516,-0.46945,2.51245,-0.00973
-8.6969,-1.5341,229.587,-0.46375,2.50853,-0.01094
-8.7212,-1.3638,229.483,-0.45901,2.51288,-0.01104
-8.708,-1.4069,229.514,-0.45964,2.51388,-0.01051
-8.7194,-1.5097,229.701,-0.46329,2.50865,-0.01216
-8.7011,-1.3975,229.426,-0.46196,2.51252,-0.01112
-8.6694,-1.4908,229.531,-0.46386,2.51044,-0.01208
-8.7387,-1.3878,229.552,-0.45928,2.51255,-0.01268
-8.7351,-1.2934,229.433,-0.45414,2.51424,-0.01161
-8.7046,-1.4037,229.518,-0.45962,2.5115,-0.01146
-8.7407,-1.4553,229.514,-0.46272,2.51141,-0.01172
-8.6696,-1.5518,229.657,-0.46378,2.50967,-0.01106
-8.7358,-1.4425,229.586,-0.46602,2.51023,-0.01114
-8.7681,-1.394,229.605,-0.45995,2.51481,-0.01139
-8.7375,-1.3576,229.571,-0.45622,2.51385,-0.01146
-8.7018,-1.428,229.493,-0.46111,2.51149,-0.01047
-8.6644,-1.4677,229.571,-0.45944,2.51042,-0.01144
-8.7314,-1.4438,229.485,-0.4664,2.51291,-0.01003
-8.729,-1.3819,229.516,-0.45628,2.51534,-0.01129
-8.6945,-1.3977,229.676,-0.45739,2.50838,-0.01212
-8.7407,-1.343,229.486,-0.45644,2.51511,-0.01104
-8.7432,-1.4181,229.547,-0.46264,2.51696,-0.00975
-8.7676,-1.3255,229.55,-0.45925,2.51983,-0.0092
-8.7705,-1.3169,229.401,-0.45823,2.52257,-0.00847
-8.7061,-1.3494,229.434,-0.45406,2.51659,-0.01036
-8.7062,-1.4454,229.56,-0.45943,2.5158,-0.01007
-8.6867,-1.3017,229.522,-0.45434,2.51455,-0.01115
-8.6834,-1.4389,229.559,-0.45726,2.51595,-0.0108
-8.6861,-1.3704,229.556,-0.45392,2.51184,-0.01209
-8.7629,-1.408,229.491,-0.46269,2.51569,-0.00935
-8.7762,-1.3386,229.453,-0.46003,2.51818,-0.00945
-8.8036,-1.3325,229.487,-0.45882,2.52183,-0.0093
-8.7292,-1.3613,229.625,-0.46036,2.51209,-0.00976
-8.703,-1.4599,229.624,-0.45985,2.51531,-0.0109
-8.7684,-1.3537,229.563,-0.46187,2.51808,-0.00931
-8.7877,-1.2224,229.455,-0.45373,2.52096,-0.0103
-8.7192,-1.4818,229.642,-0.4573,2.51123,-0.01177
-8.7631,-1.403,229.562,-0.46263,2.51398,-0.00956
-8.7106,-1.3895,229.504,-0.45738,2.51422,-0.01073
-8.7481,-1.3869,229.503,-0.46117,2.51864,-0.01007
-8.7832,-1.3442,229.524,-0.45901,2.51786,-0.00999
-8.7183,-1.4232,229.512,-0.46247,2.51155,-0.00948
-8.7313,-1.359,229.439,-0.45762,2.51428,-0.00998
-8.6841,-1.4224,229.587,-0.45464,2.51121,-0.01257
-8.6117,-1.6222,229.703,-0.46233,2.50834,-0.01179
-8.6665,-1.5233,229.566,-0.46596,2.51094,-0.01042
-8.7413,-1.4208,229.469,-0.46361,2.51973,-0.00812
-8.8093,-1.2776,229.301,-0.45843,2.51936,-0.00864
-8.7211,-1.4316,229.398,-0.4632,2.51419,-0.00858
-8.7475,-1.3306,229.338,-0.45928,2.51964,-0.00845
-8.6905,-1.5073,229.494,-0.46733,2.5106,-0.00839
-8.7231,-1.3478,229.521,-0.45952,2.51454,-0.0095
-8.6832,-1.4378,229.607,-0.45991,2.51739,-0.00979
-8.7372,-1.3141,229.399,-0.45951,2.51633,-0.00883
-8.7015,-1.4903,229.557,-0.46341,2.51002,-0.00962
-8.7506,-1.3857,229.553,-0.46136,2.51394,-0.00985
-8.7065,-1.3457,229.602,-0.45084,2.51116,-0.01206
-8.7036,-1.4274,229.548,-0.45999,2.51345,-0.01009
-8.7584,-1.4165,229.44,-0.46254,2.51405,-0.00849
-8.7287,-1.3677,229.421,-0.46147,2.51596,-0.00931
-8.6874,-1.446,229.451,-0.46056,2.51119,-0.00996
-8.724,-1.4207,229.379,-0.45948,2.51646,-0.0092
-8.7194,-1.3862,229.448,-0.45522,2.51788,-0.0091
-8.6777,-1.4408,229.498,-0.45898,2.50834,-0.01067
-8.7755,-1.2554,229.416,-0.45792,2.51913,-0.01028
-8.7353,-1.3969,229.466,-0.46249,2.51465,-0.00954
-8.7391,-1.2832,229.437,-0.45811,2.51455,-0.00889
-8.6561,-1.4852,229.62,-0.46139,2.50584,-0.00967
-8.715,-1.4605,229.63,-0.46139,2.50941,-0.00953
-8.6864,-1.4792,229.554,-0.46287,2.50549,-0.0099
-8.7244,-1.4014,229.542,-0.45895,2.51239,-0.01091
-8.7239,-1.4733,229.582,-0.46289,2.50781,-0.01029
-8.7113,-1.3893,229.567,-0.45715,2.50643,-0.0108
-8.6987,-1.4429,229.569,-0.46124,2.50825,-0.01057
-8.7104,-1.4604,229.565,-0.46609,2.50974,-0.00947
-8.7412,-1.3492,229.491,-0.46104,2.5163,-0.0099
-8.7372,-1.3781,229.644,-0.46237,2.51178,-0.01048
-8.6867,-1.4463,229.544,-0.46207,2.51006,-0.01006
-8.7092,-1.3682,229.726,-0.45915,2.51092,-0.01218
-8.7346,-1.3825,229.659,-0.45915,2.51249,-0.01069
-8.7815,-1.2482,229.476,-0.45283,2.51773,-0.01036
-8.7311,-1.4733,229.598,-0.46242,2.51592,-0.00885
-8.6586,-1.5451,229.611,-0.46739,2.50829,-0.01023
-8.7154,-1.4511,229.495,-0.4692,2.51586,-0.00852
-8.7339,-1.4088,229.527,-0.4635,2.51575,-0.00969
-8.7207,-1.3773,229.49,-0.45623,2.51449,-0.01022
-8.6606,-1.4495,229.624,-0.46095,2.50612,-0.01203
-8.6257,-1.5089,229.697,-0.45971,2.50663,-0.01223
-8.6839,-1.3926,229.647,-0.45825,2.505,-0.01129
-8.6571,-1.3888,229.635,-0.45828,2.50872,-0.01189
-8.7076,-1.4402,229.63,-0.46233,2.51234,-0.01037
-8.759,-1.2334,229.448,-0.45296,2.51726,-0.01123
-8.7159,-1.3196,229.471,-0.45939,2.51352,-0.01085
-8.8032,-1.2303,229.565,-0.4537,2.51297,-0.0115
-8.7825,-1.3334,229.445,-0.45958,2.51099,-0.00856
-8.748,-1.3064,229.48,-0.45795,2.5103,-0.00996
-8.7709,-1.3691,229.498,-0.46278,2.51445,-0.01019
-8.8183,-1.2334,229.343,-0.45351,2.51861,-0.01034
-8.7881,-1.3287,229.374,-0.45924,2.51932,-0.01073
-8.7012,-1.3869,229.4,-0.45922,2.51159,-0.01079
-8.7699,-1.3309,229.341,-0.4582,2.51343,-0.00912
-8.7305,-1.2081,229.453,-0.44538,2.51181,-0.01168
-8.7004,-1.3743,229.524,-0.45244,2.51372,-0.01115
-8.7038,-1.3578,229.466,-0.45524,2.51443,-0.01078
-8.7341,-1.4239,229.61,-0.45944,2.51231,-0.01194
-8.7134,-1.4906,229.572,-0.46309,2.51304,-0.01156
-8.6917,-1.4754,229.674,-0.4593,2.50999,-0.01169
-8.7777,-1.3046,229.482,-0.45795,2.51805,-0.0109
-8.6737,-1.425,229.518,-0.45769,2.50879,-0.01269
-8.7111,-1.3623,229.487,-0.45842,2.51756,-0.01023
-8.7054,-1.488,229.547,-0.46441,2.50966,-0.00962
-8.6849,-1.5132,229.553,-0.4679,2.50679,-0.01117
-8.7285,-1.4494,229.615,-0.46139,2.50803,-0.01136
-8.7627,-1.3247,229.474,-0.45331,2.51068,-0.01031
-8.7109,-1.4622,229.629,-0.46275,2.50775,-0.01088
-8.6486,-1.4785,229.473,-0.46139,2.50655,-0.01193
-8.6498,-1.5378,229.658,-0.46307,2.50732,-0.01132
-8.7071,-1.4781,229.54,-0.46592,2.50902,-0.01032
-8.7114,-1.367,229.365,-0.46023,2.51124,-0.00964
-8.7028,-1.3895,229.573,-0.45719,2.50775,-0.01235
-8.6586,-1.4166,229.51,-0.45974,2.50842,-0.01145
-8.7805,-1.2081,229.292,-0.45268,2.51874,-0.01103
-8.7273,-1.4058,229.509,-0.45829,2.51235,-0.01164
-8.6853,-1.4689,229.563,-0.46109,2.5067,-0.01227
-8.7257,-1.4296,229.435,-0.46231,2.51213,-0.01078
-8.727,-1.4234,229.498,-0.46041,2.50909,-0.01078
-8.6669,-1.4883,229.503,-0.46511,2.50914,-0.01138
-8.7514,-1.3331,229.439,-0.45848,2.51534,-0.01037
-8.7309,-1.4282,229.613,-0.45841,2.50999,-0.01176
-8.7663,-1.3307,229.462,-0.45789,2.51442,-0.01144
-8.7499,-1.3561,229.433,-0.45811,2.51439,-0.01128
-8.7401,-1.2249,229.473,-0.44788,2.51223,-0.01329
-8.788,-1.3128,229.487,-0.45728,2.51408,-0.0113
-8.8169,-1.1399,229.309,-0.4487,2.51569,-0.0119
-8.7589,-1.3875,229.402,-0.46035,2.51535,-0.01083
-8.738,-1.3261,229.399,-0.45861,2.51663,-0.01217
-8.7485,-1.3458,229.51,-0.4594,2.51446,-0.01197
-8.7329,-1.4643,229.557,-0.45906,2.51251,-0.01242
-8.7394,-1.3433,229.434,-0.45506,2.51905,-0.01089
-8.7653,-1.2681,229.414,-0.45121,2.52109,-0.01218
-8.6923,-1.3725,229.603,-0.4556,2.51192,-0.0133
-8.7178,-1.2649,229.529,-0.45223,2.51152,-0.01283
-8.7051,-1.3478,229.565,-0.45315,2.51068,-0.01371
-8.7386,-1.255,229.483,-0.45254,2.51213,-0.01252
-8.7379,-1.346,229.385,-0.45703,2.51298,-0.01165
-8.7561,-1.3532,229.495,-0.45482,2.51624,-0.01081
-8.709,-1.534,229.535,-0.46441,2.50984,-0.01041
-8.6899,-1.4789,229.547,-0.46109,2.51207,-0.01097
-8.7283,-1.3877,229.438,-0.45627,2.51698,-0.01137
-8.6742,-1.5719,229.552,-0.46534,2.50877,-0.01056
-8.7647,-1.3318,229.491,-0.45525,2.51633,-0.0113
-8.7693,-1.4258,229.418,-0.46161,2.51675,-0.01024
-8.7319,-1.3621,229.391,-0.45724,2.51573,-0.01136
-8.758,-1.4102,229.581,-0.45854,2.51207,-0.01248
-8.7488,-1.3394,229.482,-0.45548,2.51863,-0.0117
-8.7536,-1.3866,229.404,-0.45946,2.51438,-0.01152
-8.7858,-1.2762,229.54,-0.45293,2.51626,-0.01161
-8.7614,-1.3682,229.502,-0.45873,2.51685,-0.01131
-8.747,-1.3945,229.527,-0.45997,2.51427,-0.01306
-8.7579,-1.382,229.493,-0.45911,2.51511,-0.01244
-8.751,-1.3697,229.555,-0.4619,2.51762,-0.01256
-8.6857,-1.4308,229.525,-0.4604,2.51505,-0.01191
-8.7295,-1.3487,229.47,-0.45702,2.51423,-0.01198
-8.7066,-1.4708,229.568,-0.46134,2.51652,-0.01101
-8.7527,-1.5095,229.481,-0.46364,2.51351,-0.01043
-8.6809,-1.4651,229.545,-0.45913,2.51066,-0.01318
-8.6658,-1.4281,229.615,-0.45381,2.50822,-0.0131
-8.7204,-1.3729,229.568,-0.45566,2.5126,-0.01365
-8.6696,-1.4556,229.45,-0.45611,2.51054,-0.01281
-8.7199,-1.4021,229.398,-0.46082,2.51491,-0.01284
-8.7086,-1.3821,229.367,-0.45608,2.51489,-0.01177
-8.6408,-1.3761,229.472,-0.45581,2.50985,-0.01343
-8.7359,-1.2811,229.486,-0.45204,2.51221,-0.01308
-8.6968,-1.5359,229.563,-0.46386,2.51016,-0.01191
-8.6487,-1.4994,229.537,-0.45808,2.50809,-0.01249
-8.7031,-1.5338,229.526,-0.46308,2.51021,-0.01098
-8.74,-1.3475,229.498,-0.46112,2.51087,-0.01121
-8.6577,-1.4321,229.559,-0.45787,2.50606,-0.0129
-8.6526,-1.4371,229.679,-0.4566,2.51018,-0.01412
-8.6745,-1.5404,229.552,-0.46532,2.51019,-0.01258
-8.7497,-1.3326,229.469,-0.45658,2.51372,-0.01177
-8.7245,-1.3597,229.462,-0.45726,2.51581,-0.0126
-8.7072,-1.3415,229.528,-0.45768,2.50941,-0.01193
-8.6627,-1.4117,229.563,-0.4561,2.50386,-0.01321
-8.661,-1.4873,229.444,-0.46379,2.50714,-0.01163
-8.7054,-1.5133,229.585,-0.46735,2.50632,-0.01216
-8.6891,-1.4186,229.54,-0.45788,2.50487,-0.01304
-8.7697,-1.2299,229.453,-0.4509,2.51035,-0.01277
-8.7414,-1.3783,229.375,-0.45893,2.50793,-0.01246
-8.735,-1.3705,229.469,-0.45696,2.50791,-0.01242
-8.6794,-1.403,229.424,-0.45574,2.50435,-0.01389
-8.6318,-1.3834,229.619,-0.45577,2.50322,-0.01375
-8.7625,-1.2764,229.47,-0.45962,2.51293,-0.01144
-8.6958,-1.4462,229.573,-0.45868,2.50393,-0.01346
-8.6596,-1.4032,229.64,-0.45624,2.50296,-0.01316
-8.7267,-1.376,229.535,-0.4581,2.50705,-0.01174
-8.7423,-1.4188,229.481,-0.45852,2.5084,-0.01081
-8.6883,-1.5037,229.484,-0.46395,2.5068,-0.01167
-8.7158,-1.3805,229.452,-0.45976,2.50671,-0.01146
-8.6791,-1.4896,229.528,-0.45998,2.50554,-0.01287
-8.708,-1.3841,229.408,-0.45515,2.50794,-0.01136
-8.7289,-1.2866,229.534,-0.45354,2.50837,-0.01287
-8.7609,-1.2721,229.34,-0.45308,2.5154,-0.0122
-8.689,-1.3806,229.447,-0.4564,2.50765,-0.01318
-8.7426,-1.2998,229.421,-0.45629,2.5102,-0.01115
-8.7528,-1.39,229.55,-0.45765,2.51136,-0.01216
-8.7707,-1.3463,229.543,-0.45735,2.51409,-0.01092
-8.7897,-1.3157,229.448,-0.45888,2.5138,-0.01121
-8.793,-1.2626,229.456,-0.45482,2.51304,-0.01044
-8.7313,-1.3282,229.451,-0.45274,2.51378,-0.01151
-8.6784,-1.4901,229.607,-0.46072,2.50179,-0.01259
-8.7029,-1.4044,229.485,-0.45983,2.50884,-0.01176
-8.7741,-1.294,229.504,-0.45398,2.51385,-0.01273
-8.7287,-1.4052,229.439,-0.45827,2.5091,-0.01083
-8.6754,-1.5306,229.627,-0.4592,2.50191,-0.01259
-8.6848,-1.3715,229.622,-0.4503,2.50334,-0.0135
-8.7621,-1.3097,229.434,-0.45588,2.50988,-0.01189
-8.743,-1.3439,229.54,-0.45797,2.50881,-0.01241
-8.7542,-1.3699,229.466,-0.46238,2.51103,-0.01166
-8.7381,-1.355,229.514,-0.45932,2.50828,-0.01212
-8.6718,-1.5287,229.626,-0.4632,2.50703,-0.01249
-8.7676,-1.2874,229.443,-0.45253,2.51522,-0.01214
-8.7337,-1.3891,229.512,-0.45679,2.51062,-0.01282
-8.7609,-1.3696,229.409,-0.45612,2.51248,-0.01202
-8.7446,-1.2662,229.493,-0.45163,2.50644,-0.01263
-8.6706,-1.4126,229.621,-0.45641,2.50678,-0.01396
-8.6863,-1.4319,229.599,-0.46186,2.50469,-0.01241
-8.7171,-1.3965,229.555,-0.45339,2.50669,-0.01212
-8.721,-1.4195,229.553,-0.46122,2.51015,-0.01124
-8.7031,-1.4284,229.549,-0.46031,2.50883,-0.0113
-8.6868,-1.4566,229.573,-0.46383,2.50882,-0.0119
-8.7255,-1.2827,229.439,-0.45261,2.50842,-0.01325
-8.7587,-1.3841,229.483,-0.46029,2.51098,-0.01164
-8.7256,-1.3482,229.461,-0.45793,2.50631,-0.01171
-8.7739,-1.3715,229.579,-0.45914,2.50771,-0.01112
-8.7509,-1.5136,229.521,-0.46734,2.50484,-0.01071
-8.7129,-1.514,229.533,-0.46478,2.50842,-0.01103
-8.7319,-1.3655,229.603,-0.45528,2.5087,-0.01273
-8.8034,-1.3072,229.533,-0.45665,2.51412,-0.01113
-8.6562,-1.4776,229.633,-0.45289,2.5048,-0.01413
-8.6892,-1.4276,229.488,-0.45958,2.51333,-0.01253
-8.774,-1.3491,229.437,-0.45849,2.51595,-0.01033
-8.6612,-1.5508,229.659,-0.46604,2.50756,-0.01238
-8.708,-1.4256,229.483,-0.46015,2.51171,-0.01075
-8.6836,-1.459,229.579,-0.46091,2.5075,-0.01159
-8.7544,-1.3943,229.488,-0.45578,2.51233,-0.01258
-8.7368,-1.3801,229.426,-0.45994,2.51364,-0.01144
-8.717,-1.3491,229.513,-0.45141,2.50818,-0.01259
-8.7455,-1.3479,229.554,-0.4561,2.51154,-0.01221
-8.8055,-1.2599,229.432,-0.45448,2.51535,-0.01244
-8.7515,-1.3491,229.428,-0.46025,2.51559,-0.01127
-8.7952,-1.3516,229.46,-0.46071,2.51888,-0.01033
-8.7802,-1.2248,229.473,-0.45635,2.51431,-0.01076
-8.7979,-1.32,229.537,-0.45885,2.51441,-0.01115
-8.6978,-1.4453,229.716,-0.45677,2.50757,-0.01457
-8.7231,-1.3872,229.638,-0.45336,2.51032,-0.01315
-8.7581,-1.3858,229.58,-0.4595,2.51304,-0.01178
-8.7148,-1.4514,229.581,-0.45848,2.51096,-0.01253
-8.7384,-1.3256,229.435,-0.4556,2.50908,-0.01193
-8.7491,-1.3451,229.525,-0.45638,2.51397,-0.01243
-8.6748,-1.4415,229.662,-0.45743,2.50652,-0.01359
-8.7846,-1.3236,229.573,-0.45555,2.51329,-0.0132
-8.7439,-1.4097,229.569,-0.45775,2.51143,-0.01287
-8.7409,-1.3991,229.461,-0.45876,2.51079,-0.01248
-8.651,-1.5379,229.552,-0.46256,2.50784,-0.01292
-8.7461,-1.3652,229.41,-0.45958,2.51541,-0.01091
-8.6339,-1.5529,229.609,-0.46118,2.50485,-0.013
-8.6691,-1.4173,229.486,-0.45729,2.50657,-0.01267
-8.7944,-1.3705,229.455,-0.46101,2.51354,-0.01054
-8.7136,-1.4422,229.508,-0.46033,2.50757,-0.01151
-8.6929,-1.3965,229.531,-0.45705,2.50501,-0.01336
-8.7737,-1.4057,229.391,-0.46433,2.51215,-0.01039
-8.7978,-1.3141,229.443,-0.45449,2.51059,-0.01214
-8.7334,-1.4506,229.575,-0.46199,2.51019,-0.01217
-8.7042,-1.4583,229.545,-0.46448,2.50839,-0.01272
-8.7015,-1.423,229.478,-0.4592,2.51105,-0.01295
-8.7186,-1.4186,229.508,-0.46105,2.50538,-0.01265
-8.7151,-1.4085,229.375,-0.45844,2.50655,-0.01172
-8.6628,-1.4688,229.517,-0.46127,2.50243,-0.01224
-8.7225,-1.445,229.525,-0.46277,2.51139,-0.01075
-8.7352,-1.4335,229.624,-0.45983,2.51145,-0.01315
-8.7207,-1.37,229.491,-0.46044,2.51132,-0.01202
-8.7479,-1.4197,229.471,-0.46082,2.51387,-0.01206
-8.7136,-1.5322,229.53,-0.46621,2.50981,-0.01187
-8.6995,-1.5025,229.467,-0.46124,2.50788,-0.012
-8.6544,-1.4652,229.54,-0.45856,2.50607,-0.01372
-8.7528,-1.3464,229.466,-0.45634,2.51106,-0.01084
-8.7502,-1.3934,229.497,-0.46001,2.51215,-0.0125
-8.6565,-1.4834,229.731,-0.4587,2.50156,-0.01368
-8.7129,-1.4858,229.515,-0.46309,2.51073,-0.01197
-8.7477,-1.4042,229.482,-0.46008,2.51528,-0.0109
-8.7557,-1.3468,229.518,-0.45968,2.5153,-0.01222
-8.6916,-1.431,229.573,-0.45706,2.50794,-0.01271
-8.6788,-1.5203,229.626,-0.462,2.50848,-0.01282
-8.7133,-1.3306,229.592,-0.45594,2.51003,-0.01338
-8.7436,-1.2901,229.48,-0.45501,2.51256,-0.0121
-8.6328,-1.4387,229.66,-0.45532,2.50432,-0.01316
-8.7455,-1.3833,229.615,-0.45838,2.50849,-0.01377
-8.7652,-1.3324,229.505,-0.45515,2.51281,-0.01369
-8.7504,-1.3567,229.488,-0.45445,2.51235,-0.01258
-8.7393,-1.4443,229.474,-0.46298,2.51508,-0.01276
-8.6848,-1.4093,229.665,-0.45518,2.50546,-0.01514
-8.6876,-1.4372,229.58,-0.45804,2.51179,-0.01356
-8.6759,-1.605,229.731,-0.46748,2.50702,-0.01217
-8.7159,-1.4159,229.488,-0.45775,2.51206,-0.01148
-8.727,-1.321,229.473,-0.45618,2.51583,-0.01121
-8.6968,-1.4981,229.533,-0.46369,2.50879,-0.01105
-8.6676,-1.4274,229.569,-0.45561,2.50726,-0.01238
-8.766,-1.2872,229.468,-0.45618,2.5175,-0.01222
-8.7409,-1.3151,229.438,-0.45228,2.51754,-0.01275
-8.6877,-1.4751,229.47,-0.45878,2.5141,-0.01291
-8.7064,-1.4418,229.473,-0.46318,2.51229,-0.01218
-8.6507,-1.4434,229.594,-0.45901,2.50706,-0.01204
-8.6386,-1.5634,229.565,-0.46334,2.50669,-0.01184
-8.6969,-1.379,229.504,-0.45066,2.51361,-0.01433
-8.7685,-1.3571,229.434,-0.45783,2.51599,-0.01225
-8.711,-1.447,229.599,-0.458,2.51342,-0.01369
-8.7708,-1.433,229.476,-0.46268,2.51626,-0.01122
-8.682,-1.4783,229.67,-0.45972,2.51032,-0.01281
-8.7655,-1.3228,229.556,-0.4576,2.51956,-0.01351
-8.7546,-1.268,229.618,-0.45077,2.51451,-0.01429
-8.7142,-1.4599,229.418,-0.45904,2.51546,-0.01218
-8.7385,-1.4375,229.417,-0.46451,2.51691,-0.01093
-8.73,-1.3949,229.553,-0.45539,2.51189,-0.01335
-8.7897,-1.2823,229.463,-0.45414,2.51686,-0.01215
-8.7404,-1.4056,229.481,-0.46004,2.51471,-0.01181
-8.7444,-1.3398,229.461,-0.45725,2.51522,-0.01194
-8.7086,-1.4455,229.574,-0.45857,2.50874,-0.01307
-8.6921,-1.3542,229.594,-0.4546,2.51032,-0.01316
-8.6648,-1.4327,229.468,-0.45863,2.50815,-0.01188
-8.7613,-1.4292,229.489,-0.46432,2.51249,-0.01116
-8.7102,-1.4525,229.512,-0.45565,2.50704,-0.01213
-8.7481,-1.392,229.483,-0.45745,2.51452,-0.01268
-8.7016,-1.4504,229.525,-0.45816,2.51031,-0.01195
-8.7967,-1.3228,229.362,-0.45634,2.5164,-0.0105
-8.7465,-1.4034,229.535,-0.45772,2.50881,-0.01286
-8.6758,-1.4275,229.564,-0.45708,2.5069,-0.01418
-8.7162,-1.4718,229.614,-0.4628,2.51018,-0.01317
-8.7457,-1.3612,229.623,-0.45641,2.51147,-0.01433
-8.7289,-1.3541,229.53,-0.45644,2.51592,-0.01292
-8.6903,-1.408,229.553,-0.45553,2.51013,-0.01338
-8.7702,-1.4139,229.494,-0.46056,2.51767,-0.01087
-8.6968,-1.5503,229.623,-0.4628,2.51143,-0.01265
-8.7334,-1.3709,229.53,-0.45577,2.51346,-0.01293
-8.7429,-1.4394,229.437,-0.46234,2.50886,-0.01176
-8.7905,-1.2533,229.481,-0.4536,2.50985,-0.01221
-8.7618,-1.3158,229.491,-0.4543,2.50919,-0.01192
-8.7148,-1.3891,229.499,-0.45715,2.50999,-0.01133
-8.7438,-1.3514,229.501,-0.45577,2.51584,-0.01144
-8.7529,-1.4013,229.448,-0.45811,2.51779,-0.01111
-8.7397,-1.4254,229.62,-0.45941,2.5132,-0.01157
-8.7942,-1.4662,229.576,-0.46723,2.51057,-0.00973
-8.7461,-1.4371,229.594,-0.46306,2.51196,-0.01097
-8.7732,-1.3551,229.549,-0.46073,2.51897,-0.01125
-8.7526,-1.3872,229.477,-0.45917,2.51339,-0.01077
-8.7693,-1.3342,229.34,-0.45626,2.51347,-0.00999
-8.7315,-1.4165,229.435,-0.46039,2.51025,-0.01037
-8.7697,-1.381,229.489,-0.46061,2.51139,-0.00937
-8.6787,-1.4664,229.546,-0.45762,2.51117,-0.01189
-8.7311,-1.4053,229.54,-0.45757,2.51442,-0.01044
-8.7082,-1.4411,229.486,-0.46019,2.51592,-0.01072
-8.7744,-1.3032,229.522,-0.45258,2.51755,-0.01242
-8.7352,-1.3802,229.617,-0.45432,2.51244,-0.01245
-8.7556,-1.3734,229.535,-0.45937,2.51886,-0.01121
-8.6797,-1.5111,229.622,-0.45985,2.515,-0.01239
-8.7821,-1.2722,229.472,-0.4487,2.52145,-0.01252
-8.8178,-1.2486,229.447,-0.45126,2.52378,-0.01143
-8.7388,-1.3814,229.441,-0.45626,2.51936,-0.01081
-8.8211,-1.3528,229.542,-0.45918,2.52435,-0.01111
-8.7884,-1.2857,229.46,-0.46001,2.52403,-0.01142
-8.7904,-1.2966,229.411,-0.45423,2.52229,-0.01085
-8.7389,-1.4071,229.442,-0.45928,2.52066,-0.01082
-8.7306,-1.425,229.561,-0.45505,2.51759,-0.01276
-8.7089,-1.4558,229.533,-0.4599,2.51639,-0.01125
-8.7016,-1.4511,229.581,-0.45762,2.51887,-0.01318
-8.8001,-1.3144,229.495,-0.45412,2.52335,-0.01246
-8.6807,-1.3659,229.567,-0.45041,2.51509,-0.01344
-8.6978,-1.36,229.579,-0.45045,2.51296,-0.01437
-8.7422,-1.3866,229.603,-0.45511,2.51938,-0.01215
-8.7243,-1.3957,229.565,-0.45754,2.51944,-0.01176
-8.8116,-1.3125,229.51,-0.45486,2.52437,-0.01064
-8.7315,-1.3577,229.604,-0.4543,2.51345,-0.01315
-8.767,-1.3324,229.465,-0.45623,2.52111,-0.01137
-8.7368,-1.3737,229.491,-0.45364,2.51959,-0.01276
-8.7429,-1.3623,229.559,-0.45567,2.51968,-0.01267
-8.696,-1.4266,229.546,-0.45908,2.51405,-0.01287
-8.7514,-1.3502,229.486,-0.45387,2.51843,-0.01305
-8.724,-1.4891,229.479,-0.46256,2.51745,-0.01128
-8.7167,-1.4569,229.487,-0.45864,2.5168,-0.01229
-8.7309,-1.4181,229.515,-0.45708,2.51449,-0.01267
-8.7193,-1.3188,229.461,-0.45408,2.51647,-0.01384
-8.7971,-1.3348,229.442,-0.45543,2.51974,-0.01143
-8.7551,-1.3343,229.55,-0.45661,2.51625,-0.01242
-8.7476,-1.4619,229.558,-0.45734,2.514,-0.01228
-8.7262,-1.4337,229.577,-0.45836,2.51403,-0.01219
-8.7955,-1.3124,229.542,-0.45657,2.52214,-0.01136
-8.8199,-1.2025,229.463,-0.44981,2.52936,-0.01282
-8.7697,-1.3769,229.57,-0.45976,2.51767,-0.01242
-8.7251,-1.4462,229.455,-0.45688,2.51406,-0.01295
-8.6884,-1.4562,229.513,-0.45646,2.51077,-0.01258
-8.7232,-1.4023,229.56,-0.4539,2.51893,-0.01354
-8.7218,-1.4711,229.594,-0.46071,2.5155,-0.0117
-8.6569,-1.4544,229.596,-0.45836,2.51225,-0.01309
-8.7202,-1.4236,229.609,-0.45728,2.5169,-0.01326
-8.7281,-1.4534,229.555,-0.46391,2.51766,-0.01137
-8.8017,-1.3083,229.51,-0.4554,2.52249,-0.01325
-8.7674,-1.32,229.535,-0.45618,2.52224,-0.01241
-8.7291,-1.4251,229.522,-0.45833,2.5187,-0.01214
-8.7747,-1.3809,229.48,-0.45465,2.52323,-0.01197
-8.7579,-1.3627,229.473,-0.45836,2.52105,-0.0109
-8.7958,-1.3495,229.361,-0.46078,2.52409,-0.00979
-8.751,-1.3392,229.45,-0.45659,2.52013,-0.01292
-8.7443,-1.3265,229.582,-0.45706,2.51597,-0.01351
-8.7572,-1.3484,229.487,-0.45501,2.51595,-0.01248
-8.7669,-1.3704,229.459,-0.4545,2.51491,-0.01075
-8.7564,-1.3215,229.508,-0.45175,2.51835,-0.01134
-8.7182,-1.4518,229.594,-0.45778,2.51424,-0.01369
-8.7359,-1.3995,229.52,-0.45441,2.5151,-0.01232
-8.7103,-1.3631,229.56,-0.45393,2.51131,-0.01346
-8.7611,-1.3417,229.526,-0.45639,2.51672,-0.01261
-8.7181,-1.4158,229.502,-0.45608,2.5181,-0.01231
-8.7026,-1.4183,229.55,-0.45599,2.51362,-0.01314
-8.781,-1.3071,229.5,-0.45629,2.51854,-0.01275
-8.6819,-1.4886,229.767,-0.45383,2.50878,-0.01441
-8.706,-1.4258,229.589,-0.45788,2.5107,-0.01315
-8.719,-1.4648,229.543,-0.46418,2.51177,-0.01161
-8.7393,-1.295,229.549,-0.45412,2.51801,-0.01228
-8.7845,-1.3444,229.494,-0.46021,2.51868,-0.01119
-8.7144,-1.4436,229.582,-0.46092,2.51718,-0.01278
-8.7528,-1.3455,229.547,-0.45727,2.52048,-0.0118
-8.7791,-1.2292,229.441,-0.45254,2.51958,-0.01243
-8.7583,-1.4006,229.553,-0.46414,2.51436,-0.01172
-8.7071,-1.3741,229.655,-0.45695,2.50967,-0.01386
-8.713,-1.4925,229.636,-0.46539,2.51311,-0.01264
-8.7526,-1.3766,229.462,-0.4568,2.51424,-0.01234
-8.7822,-1.3713,229.495,-0.46224,2.5167,-0.01093
-8.7259,-1.3977,229.428,-0.4557,2.51746,-0.0119
-8.7861,-1.4512,229.511,-0.46729,2.52068,-0.01046
-8.7614,-1.3533,229.44,-0.4576,2.51702,-0.01224
-8.7361,-1.4322,229.611,-0.45991,2.51404,-0.01414
-8.7397,-1.3601,229.431,-0.45879,2.51993,-0.01351
-8.742,-1.4242,229.529,-0.45604,2.51579,-0.01423
-8.7601,-1.3589,229.521,-0.45552,2.51824,-0.0119
-8.7548,-1.47,229.524,-0.46421,2.51428,-0.01157
-8.7363,-1.403,229.636,-0.45775,2.51035,-0.01297
-8.7918,-1.3054,229.435,-0.45824,2.5199,-0.01142
-8.8014,-1.3804,229.421,-0.46103,2.51697,-0.00989
-8.7713,-1.4011,229.536,-0.46032,2.51256,-0.01323
-8.7126,-1.4623,229.517,-0.46024,2.50827,-0.01274
-8.7307,-1.5209,229.574,-0.46578,2.5153,-0.01218
-8.8226,-1.3296,229.295,-0.46199,2.51844,-0.00948
-8.6796,-1.3491,229.541,-0.45266,2.51161,-0.01364
-8.7131,-1.4153,229.573,-0.46014,2.51574,-0.01304
-8.7036,-1.484,229.762,-0.46224,2.50937,-0.014
-8.8058,-1.3769,229.453,-0.4603,2.52193,-0.01158
-8.7568,-1.2901,229.446,-0.45543,2.51656,-0.01302
-8.7012,-1.457,229.554,-0.4641,2.51492,-0.01363
-8.7341,-1.4832,229.69,-0.46376,2.51534,-0.0134
-8.7625,-1.465,229.544,-0.46432,2.51622,-0.01189
-8.8102,-1.3114,229.466,-0.45583,2.52147,-0.01159
-8.7601,-1.4194,229.478,-0.45936,2.51742,-0.01194
-8.7736,-1.3415,229.547,-0.45737,2.5162,-0.01265
-8.77,-1.2478,229.622,-0.44877,2.51275,-0.01454
-8.7444,-1.3777,229.563,-0.45804,2.51846,-0.01216
-8.7502,-1.4365,229.44,-0.46286,2.51509,-0.01099
-8.7831,-1.41,229.503,-0.45929,2.51866,-0.01216
-8.7333,-1.4225,229.567,-0.46203,2.51487,-0.01196
-8.6253,-1.6073,229.626,-0.46672,2.50753,-0.01319
-8.6695,-1.441,229.617,-0.45431,2.50753,-0.01429
-8.7172,-1.4023,229.557,-0.45726,2.51485,-0.01222
-8.7769,-1.3119,229.503,-0.45779,2.52025,-0.01201
-8.6984,-1.3556,229.564,-0.45729,2.51399,-0.0135
-8.7256,-1.3718,229.552,-0.45563,2.51654,-0.01225
-8.7961,-1.3165,229.433,-0.45614,2.52479,-0.01116
-8.72,-1.4656,229.462,-0.46391,2.51441,-0.01151
-8.6798,-1.4567,229.577,-0.45829,2.51078,-0.01414
-8.6853,-1.5272,229.597,-0.46067,2.51025,-0.01296
-8.7558,-1.3757,229.478,-0.45419,2.51633,-0.01252
-8.7446,-1.4529,229.58,-0.46459,2.51793,-0.01104
-8.7597,-1.3348,229.562,-0.45249,2.51758,-0.01236
-8.7213,-1.4393,229.612,-0.45626,2.51599,-0.01266
-8.6933,-1.4768,229.703,-0.45786,2.512,-0.01331
-8.6508,-1.4637,229.75,-0.45724,2.5108,-0.01322
-8.7299,-1.4058,229.59,-0.45755,2.51157,-0.01158
-8.7131,-1.4748,229.529,-0.46321,2.5164,-0.01136
-8.753,-1.3508,229.421,-0.45876,2.51966,-0.01081
-8.6942,-1.4149,229.623,-0.45691,2.51175,-0.01319
-8.6739,-1.4371,229.65,-0.45275,2.50995,-0.01463
-8.7327,-1.3124,229.552,-0.45293,2.52001,-0.01326
-8.7008,-1.4184,229.536,-0.45911,2.51476,-0.0127
-8.704,-1.499,229.654,-0.46369,2.51297,-0.01279
-8.7113,-1.3453,229.634,-0.4501,2.51338,-0.01287
-8.6401,-1.5058,229.701,-0.4613,2.50816,-0.01248
-8.7299,-1.4232,229.676,-0.45586,2.51278,-0.01201
-8.7126,-1.3472,229.65,-0.45776,2.51243,-0.01269
-8.6873,-1.3706,229.603,-0.45093,2.50933,-0.01382
-8.7274,-1.3788,229.658,-0.45282,2.51089,-0.01321
-8.7364,-1.3033,229.564,-0.45445,2.51148,-0.01278
-8.7506,-1.4176,229.566,-0.45938,2.51558,-0.01222
-8.7284,-1.3801,229.566,-0.45879,2.51446,-0.01306
-8.7273,-1.5137,229.587,-0.46591,2.50816,-0.0118
-8.7523,-1.4786,229.48,-0.46301,2.5195,-0.01138
-8.7444,-1.393,229.466,-0.45998,2.52176,-0.01145
-8.7617,-1.3749,229.506,-0.45998,2.51901,-0.01161
-8.7767,-1.3541,229.442,-0.45472,2.52186,-0.01211
-8.7511,-1.3911,229.535,-0.46039,2.52058,-0.0113
-8.7091,-1.3365,229.62,-0.45693,2.51365,-0.01373
-8.6512,-1.4129,229.543,-0.45444,2.51052,-0.01468
-8.7649,-1.2882,229.327,-0.45704,2.51724,-0.01088
-8.75,-1.3215,229.543,-0.45504,2.51482,-0.01378
-8.734,-1.485,229.55,-0.46248,2.51296,-0.01246
-8.7547,-1.4434,229.523,-0.46025,2.51496,-0.01225
-8.6883,-1.4604,229.609,-0.45994,2.5106,-0.0135
-8.7464,-1.4205,229.546,-0.46097,2.51144,-0.01205
-8.7679,-1.2984,229.627,-0.45214,2.51611,-0.0133
-8.7108,-1.4894,229.601,-0.45822,2.51149,-0.01265
-8.7052,-1.4822,229.704,-0.46205,2.50884,-0.01322
-8.7467,-1.3688,229.561,-0.45687,2.51734,-0.01265
-8.7275,-1.4902,229.533,-0.46275,2.5108,-0.01246
-8.6883,-1.4936,229.55,-0.45998,2.50896,-0.01215
-8.7483,-1.4767,229.59,-0.46418,2.51736,-0.01247
-8.749,-1.3952,229.49,-0.46058,2.51626,-0.01206
-8.6785,-1.4876,229.673,-0.45969,2.50825,-0.01315
-8.7441,-1.4083,229.588,-0.4554,2.51604,-0.01205
-8.7371,-1.4156,229.586,-0.46148,2.51486,-0.01122
-8.7381,-1.4827,229.676,-0.46243,2.51213,-0.01269
-8.791,-1.3213,229.547,-0.45455,2.5194,-0.01423
-8.7655,-1.2717,229.588,-0.44978,2.51497,-0.01382
-8.7255,-1.2219,229.54,-0.44349,2.51558,-0.0139
-8.6966,-1.4255,229.747,-0.45409,2.51101,-0.0149
-8.7192,-1.4777,229.703,-0.46093,2.50508,-0.01273
-8.7447,-1.4012,229.652,-0.45759,2.51504,-0.01251
-8.7606,-1.4104,229.536,-0.46274,2.51568,-0.01248
-8.7041,-1.4695,229.544,-0.4642,2.51104,-0.01179
-8.7294,-1.3624,229.58,-0.45512,2.51522,-0.01222
-8.8187,-1.3018,229.566,-0.45612,2.51182,-0.01296
-8.7274,-1.4424,229.694,-0.45884,2.51073,-0.01301
-8.7449,-1.4318,229.53,-0.46008,2.51307,-0.01031
-8.7255,-1.4192,229.625,-0.45468,2.50896,-0.01331
-8.7795,-1.3005,229.52,-0.45449,2.5163,-0.01283
-8.7786,-1.2942,229.424,-0.45604,2.51628,-0.01134
-8.7074,-1.4499,229.718,-0.45852,2.5076,-0.01385
-8.6659,-1.4092,229.648,-0.4545,2.51004,-0.01365
-8.7267,-1.4216,229.556,-0.4586,2.51361,-0.01221
-8.7217,-1.3841,229.575,-0.45668,2.51265,-0.0127
-8.7747,-1.2598,229.483,-0.45467,2.52189,-0.01133
-8.7353,-1.3051,229.565,-0.44915,2.51507,-0.01328
-8.8031,-1.192,229.505,-0.45225,2.52081,-0.01157
-8.7652,-1.3296,229.556,-0.45477,2.51815,-0.01298
-8.7513,-1.3334,229.57,-0.45597,2.51723,-0.01313
-8.794,-1.2718,229.452,-0.45753,2.52097,-0.0116
-8.741,-1.4164,229.538,-0.45546,2.51373,-0.01295
-8.7559,-1.4023,229.637,-0.45686,2.51493,-0.01347
-8.6597,-1.4771,229.738,-0.45584,2.50747,-0.01462
-8.7421,-1.442,229.589,-0.45912,2.51082,-0.01235
-8.7483,-1.4584,229.492,-0.46345,2.51788,-0.01074
-8.7961,-1.266,229.516,-0.45154,2.51831,-0.01238
-8.7052,-1.4112,229.549,-0.4553,2.51304,-0.01258
-8.7856,-1.422,229.522,-0.45874,2.52177,-0.01138
-8.7567,-1.4361,229.462,-0.46026,2.51566,-0.01167
-8.7368,-1.4505,229.59,-0.45768,2.51524,-0.01222
-8.7807,-1.4306,229.462,-0.46036,2.52247,-0.0104
-8.6707,-1.4704,229.631,-0.45823,2.51524,-0.01227
-8.7202,-1.496,229.693,-0.46267,2.50894,-0.01309
-8.6595,-1.4631,229.573,-0.45769,2.50938,-0.01223
-8.7275,-1.3973,229.561,-0.45735,2.51911,-0.01193
-8.7554,-1.4315,229.561,-0.46217,2.51347,-0.01234
-8.8073,-1.2597,229.539,-0.4524,2.52054,-0.01271
-8.7441,-1.3458,229.632,-0.45111,2.5153,-0.01307
-8.6573,-1.4726,229.7,-0.45813,2.5103,-0.01396
-8.759,-1.4377,229.591,-0.46008,2.51787,-0.01186
-8.6828,-1.5631,229.777,-0.46068,2.50971,-0.01351
-8.7635,-1.4704,229.617,-0.46402,2.51585,-0.01212
-8.7816,-1.3059,229.626,-0.45543,2.52304,-0.01318
-8.7693,-1.3777,229.606,-0.45611,2.51794,-0.01181
-8.7278,-1.3236,229.686,-0.45006,2.51494,-0.01418
-8.7038,-1.4371,229.793,-0.45574,2.51364,-0.01426
-8.7168,-1.4567,229.654,-0.45672,2.5126,-0.01261
-8.7602,-1.3589,229.487,-0.46086,2.51901,-0.01015
-8.721,-1.4985,229.716,-0.46179,2.51597,-0.01164
-8.6785,-1.4695,229.658,-0.45737,2.51536,-0.01259
-8.7045,-1.4875,229.637,-0.46136,2.51585,-0.01169
-8.7855,-1.3341,229.511,-0.45377,2.52129,-0.0116
-8.7302,-1.3691,229.609,-0.4506,2.51921,-0.0133
-8.7658,-1.38,229.525,-0.45983,2.51938,-0.01311
-8.6769,-1.5761,229.717,-0.46394,2.51225,-0.01313
-8.7818,-1.3054,229.503,-0.45706,2.52051,-0.01154
-8.7425,-1.3821,229.56,-0.45612,2.51545,-0.01209
-8.7293,-1.5016,229.62,-0.46457,2.51644,-0.01149
-8.7326,-1.4383,229.584,-0.46461,2.51666,-0.01068
-8.7602,-1.3875,229.535,-0.46149,2.51719,-0.01135
-8.6914,-1.4569,229.642,-0.45826,2.51458,-0.0126
-8.746,-1.4243,229.576,-0.45855,2.52162,-0.01127
-8.7328,-1.4295,229.578,-0.46375,2.51641,-0.01162
-8.75,-1.3822,229.596,-0.45753,2.51953,-0.01188
-8.7083,-1.4687,229.57,-0.46073,2.5168,-0.01152
-8.7149,-1.367,229.516,-0.45693,2.52037,-0.01223
-8.6954,-1.4418,229.585,-0.46249,2.51609,-0.0116
-8.6615,-1.4577,229.708,-0.45859,2.51146,-0.01302
-8.7683,-1.3565,229.539,-0.45431,2.51578,-0.01179
-8.7353,-1.4681,229.694,-0.46154,2.51491,-0.01214
-8.7392,-1.4311,229.593,-0.46113,2.51768,-0.01138
-8.7862,-1.3495,229.386,-0.45931,2.52226,-0.01003
-8.8109,-1.4005,229.436,-0.46372,2.52209,-0.0109
-8.7495,-1.4583,229.473,-0.46394,2.51946,-0.01084
-8.739,-1.323,229.49,-0.45535,2.51911,-0.01168
-8.737,-1.4834,229.52,-0.46272,2.51925,-0.00995
-8.7423,-1.4433,229.556,-0.46193,2.5167,-0.01149
-8.7622,-1.4276,229.496,-0.46069,2.5184,-0.01038
-8.7473,-1.3784,229.485,-0.45586,2.51968,-0.01108
-8.7203,-1.4354,229.483,-0.45816,2.51804,-0.01142
-8.7534,-1.4344,229.589,-0.45767,2.51837,-0.01238
-8.7855,-1.2682,229.526,-0.45118,2.52366,-0.01256
-8.7009,-1.43,229.548,-0.45794,2.5134,-0.01198
-8.7639,-1.3697,229.513,-0.45558,2.52004,-0.01108
-8.7462,-1.4031,229.663,-0.45956,2.51567,-0.01366
-8.7296,-1.4395,229.635,-0.458,2.5201,-0.01269
-8.6918,-1.4012,229.568,-0.45355,2.51424,-0.01364
-8.7129,-1.3304,229.714,-0.44878,2.51384,-0.01547
-8.7808,-1.2762,229.44,-0.44912,2.52291,-0.01268
-8.7845,-1.3278,229.41,-0.45195,2.5227,-0.01219
-8.7171,-1.4525,229.666,-0.45817,2.51282,-0.01294
-8.7589,-1.3803,229.5,-0.45282,2.5139,-0.01271
-8.759,-1.4017,229.547,-0.45546,2.51341,-0.01348
-8.769,-1.452,229.668,-0.46119,2.51557,-0.0123
-8.7244,-1.4291,229.603,-0.4596,2.51782,-0.01207
-8.7252,-1.4924,229.571,-0.46004,2.51276,-0.01067
-8.7001,-1.4374,229.679,-0.45588,2.51328,-0.01346
-8.6672,-1.5236,229.63,-0.46344,2.5082,-0.01147
-8.7789,-1.3818,229.443,-0.46368,2.51976,-0.01071
-8.763,-1.3997,229.578,-0.46055,2.5179,-0.01279
-8.7476,-1.3941,229.627,-0.45745,2.51155,-0.01391
-8.8111,-1.2692,229.464,-0.45366,2.52016,-0.01234
-8.8026,-1.3962,229.51,-0.46058,2.5208,-0.0124
-8.7834,-1.4292,229.551,-0.46164,2.52224,-0.0121
-8.7835,-1.4032,229.501,-0.46335,2.51985,-0.01124
-8.7178,-1.4382,229.65,-0.45872,2.51386,-0.0142
-8.7412,-1.3784,229.617,-0.45199,2.51645,-0.01255
-8.6649,-1.5134,229.593,-0.45622,2.51248,-0.01254
-8.7001,-1.5112,229.669,-0.45873,2.51295,-0.01263
-8.762,-1.4395,229.515,-0.45825,2.5158,-0.01166
-8.7108,-1.3611,229.547,-0.45551,2.51131,-0.01289
-8.7571,-1.4279,229.546,-0.45874,2.51554,-0.01162
-8.7581,-1.4134,229.59,-0.45617,2.5165,-0.01234
-8.7743,-1.4257,229.547,-0.46104,2.51758,-0.01256
-8.7933,-1.2858,229.483,-0.45147,2.52432,-0.01263
-8.7778,-1.3398,229.487,-0.45706,2.51787,-0.0125
-8.7453,-1.3505,229.51,-0.4561,2.51859,-0.01262
-8.7777,-1.3528,229.564,-0.46027,2.51722,-0.01191
-8.7689,-1.3462,229.556,-0.4591,2.51589,-0.01176
-8.7672,-1.381,229.631,-0.45976,2.51349,-0.01222
-8.7793,-1.3964,229.438,-0.46288,2.5214,-0.01004
-8.6592,-1.4992,229.719,-0.45555,2.51004,-0.01387
-8.7368,-1.4017,229.596,-0.45475,2.51968,-0.01147
-8.7067,-1.489,229.738,-0.45634,2.51342,-0.01286
-8.7277,-1.3706,229.509,-0.45368,2.51923,-0.01179
-8.7077,-1.453,229.613,-0.4554,2.51135,-0.01304
-8.7312,-1.4698,229.435,-0.4622,2.51726,-0.01081
-8.7186,-1.4745,229.441,-0.46023,2.51884,-0.01208
-8.7593,-1.3705,229.591,-0.45409,2.51814,-0.01315
-8.7485,-1.4621,229.649,-0.45572,2.51736,-0.01244
-8.7138,-1.3794,229.62,-0.45522,2.51273,-0.01266
-8.7918,-1.3357,229.583,-0.45588,2.52219,-0.01107
-8.7341,-1.3976,229.569,-0.45116,2.51991,-0.012
-8.7154,-1.5083,229.612,-0.45956,2.51428,-0.01185
-8.8144,-1.3728,229.581,-0.45735,2.52365,-0.01172
-8.8155,-1.3097,229.477,-0.45879,2.5232,-0.01095
-8.849,-1.2163,229.416,-0.45401,2.52946,-0.01044
-8.8231,-1.245,229.421,-0.45121,2.52045,-0.01126
-8.7758,-1.335,229.579,-0.4491,2.51528,-0.01315
-8.7894,-1.3899,229.481,-0.45826,2.52106,-0.01048
-8.7672,-1.4395,229.522,-0.46095,2.5189,-0.01166
-8.7878,-1.4118,229.53,-0.45845,2.52099,-0.01066
-8.7788,-1.3128,229.498,-0.45394,2.5244,-0.01105
-8.7779,-1.3678,229.555,-0.46131,2.52432,-0.00965
-8.7549,-1.3937,229.58,-0.45719,2.52003,-0.01268
-8.6885,-1.4974,229.696,-0.46089,2.51167,-0.01223
-8.7635,-1.3675,229.69,-0.45725,2.52254,-0.01163
-8.7617,-1.3029,229.664,-0.45208,2.51494,-0.01275
-8.7629,-1.333,229.678,-0.45273,2.51841,-0.01283
-8.713,-1.385,229.635,-0.45067,2.51474,-0.01283
-8.6862,-1.4605,229.662,-0.45577,2.51372,-0.01232
-8.759,-1.4337,229.572,-0.45987,2.51738,-0.01129
-8.71,-1.5043,229.644,-0.46135,2.52107,-0.01153
-8.7472,-1.4246,229.522,-0.45979,2.52099,-0.01026
-8.8029,-1.4075,229.533,-0.46134,2.52037,-0.01075
-8.7663,-1.3913,229.517,-0.45607,2.52059,-0.0107
-8.7248,-1.4305,229.631,-0.45717,2.51642,-0.01254
-8.7378,-1.4749,229.576,-0.46513,2.51376,-0.0111
-8.7171,-1.4694,229.615,-0.46279,2.51464,-0.01068
-8.7329,-1.4525,229.612,-0.45757,2.51723,-0.01224
-8.7587,-1.3491,229.567,-0.45274,2.51875,-0.01214
-8.7258,-1.3958,229.625,-0.45329,2.51505,-0.01258
-8.7828,-1.3872,229.577,-0.45689,2.52046,-0.01189
-8.7189,-1.5033,229.69,-0.46283,2.51359,-0.01172
-8.7727,-1.3541,229.689,-0.45411,2.51691,-0.01148
-8.7458,-1.3071,229.635,-0.4473,2.51326,-0.01335
-8.6953,-1.4667,229.876,-0.4568,2.51285,-0.01393
-8.7836,-1.3596,229.63,-0.45592,2.51957,-0.01246
-8.7645,-1.3685,229.534,-0.4563,2.52053,-0.01
-8.7627,-1.3389,229.577,-0.45598,2.51849,-0.01094
-8.789,-1.3579,229.473,-0.45492,2.52325,-0.01059
-8.7599,-1.4464,229.548,-0.45303,2.51907,-0.01087
-8.7689,-1.3147,229.569,-0.45307,2.5216,-0.01214
-8.7569,-1.4852,229.726,-0.45872,2.51902,-0.01193
-8.7631,-1.3494,229.63,-0.45413,2.51885,-0.01293
-8.6919,-1.4129,229.641,-0.45376,2.51693,-0.01319
-8.7616,-1.2913,229.41,-0.44707,2.5205,-0.01093
-8.7797,-1.282,229.593,-0.4492,2.52131,-0.01367
-8.7373,-1.4242,229.655,-0.45914,2.51936,-0.01261
-8.752,-1.4281,229.588,-0.45965,2.51516,-0.01267
-8.788,-1.4484,229.602,-0.46282,2.52123,-0.01117
-8.7521,-1.4092,229.574,-0.45393,2.51987,-0.0119
-8.7507,-1.3415,229.474,-0.45072,2.51849,-0.01245
-8.7537,-1.41,229.555,-0.46028,2.51874,-0.01089
-8.7367,-1.374,229.654,-0.454,2.51527,-0.01339
-8.7199,-1.4498,229.565,-0.45934,2.51414,-0.01244
-8.73,-1.4768,229.556,-0.45895,2.51987,-0.01098
-8.8256,-1.2373,229.462,-0.45375,2.52056,-0.01214
-8.7884,-1.2697,229.405,-0.45272,2.52113,-0.01167
-8.7971,-1.357,229.451,-0.45597,2.5218,-0.01172
-8.6877,-1.4308,229.704,-0.45692,2.51217,-0.01279
-8.7424,-1.3808,229.555,-0.46062,2.51987,-0.00987
-8.76,-1.4906,229.548,-0.46502,2.5199,-0.01031
-8.7853,-1.2699,229.523,-0.4512,2.52024,-0.01234
-8.7759,-1.2894,229.531,-0.44851,2.51885,-0.01324
-8.7139,-1.4559,229.615,-0.45304,2.51536,-0.01247
-8.7383,-1.452,229.56,-0.45777,2.51684,-0.01095
-8.7564,-1.3711,229.495,-0.45708,2.51885,-0.01035
-8.7267,-1.3948,229.492,-0.45324,2.5172,-0.01169
-8.8022,-1.3059,229.419,-0.45269,2.52447,-0.01106
-8.7492,-1.3994,229.622,-0.45587,2.51834,-0.01194
-8.779,-1.3582,229.58,-0.45412,2.52199,-0.01174
