0.0136926,-0.0477551,-6.52274e-05,0,0,0.0136876,-0.00985291
0.0136926,-0.0505438,-6.78879e-05,-6.52274e-07,0,0.0136759,-0.0100355
0.0136926,-0.050756,-6.77642e-05,-1.99673e-06,0,0.0136625,-0.0100883
0.0136926,-0.0512401,-6.78922e-05,-3.35263e-06,0,0.0136484,-0.0102896
0.0136926,-0.0523718,-6.86711e-05,-4.70984e-06,0,0.013634,-0.0107458
0.0136926,-0.051694,-6.74899e-05,-6.07937e-06,0,0.0136192,-0.0104699
0.0136926,-0.050479,-6.5709e-05,-7.43507e-06,0,0.0136041,-0.0100079
0.0136926,-0.0479516,-6.25095e-05,-8.75815e-06,0,0.0135885,-0.00903067
0.0136926,-0.0448548,-5.86887e-05,-1.00243e-05,0,0.0135722,-0.00784689
0.0136926,-0.0416479,-5.47396e-05,-1.12172e-05,0,0.0135554,-0.00662868
0.0136926,-0.0386127,-5.09646e-05,-1.23318e-05,0,0.0135378,-0.00548156
0.0136926,-0.0358514,-4.74743e-05,-1.33699e-05,0,0.0135193,-0.00444216
0.0136926,-0.0315671,-4.23623e-05,-1.43369e-05,0,0.0134999,-0.00279144
0.0136926,-0.0271014,-3.70627e-05,-1.52097e-05,0,0.0134794,-0.00109279
0.0136926,-0.0209509,-2.99832e-05,-1.59774e-05,0,0.0134577,0.00127463
0.0136926,-0.0156354,-2.38106e-05,-1.66125e-05,0,0.0134347,0.0032814
0.0136926,-0.0102272,-1.75598e-05,-1.71196e-05,0,0.0134103,0.00533649
0.0136926,-0.00278031,-9.16842e-06,-1.7502e-05,0,0.0133844,0.00820258
0.0136926,0.00407255,-1.44483e-06,-1.77273e-05,0,0.0133567,0.0107984
0.0136926,0.00944,4.66327e-06,-1.77948e-05,0,0.0133272,0.0128083
0.0136926,0.0156072,1.15855e-05,-1.77321e-05,0,0.0132957,0.0151581
0.0136926,0.0195925,1.61497e-05,-1.7535e-05,0,0.013262,0.016622
0.0136926,0.0244711,2.16281e-05,-1.72349e-05,0,0.0132258,0.0184734
0.0136926,0.0292083,2.69163e-05,-1.68297e-05,0,0.0131871,0.0202519
0.0136926,0.0334476,3.16341e-05,-1.63178e-05,0,0.0131456,0.0218306
0.0136926,0.0355748,3.40685e-05,-1.57087e-05,0,0.0131011,0.0225701
0.0136926,0.0371979,3.59351e-05,-1.50395e-05,0,0.0130533,0.0231369
0.0136926,0.0386123,3.75498e-05,-1.43301e-05,0,0.0130019,0.0236241
0.0136926,0.0386898,3.77157e-05,-1.35872e-05,0,0.0129467,0.0235761
0.0136926,0.0382443,3.73034e-05,-1.28337e-05,0,0.0128874,0.023335
0.0136926,0.0372551,3.62945e-05,-1.20856e-05,0,0.0128236,0.0228795
0.0136926,0.0354911,3.44472e-05,-1.13547e-05,0,0.012755,0.0221173
0.0136926,0.0336123,3.24675e-05,-1.06565e-05,0,0.0126812,0.0213151
0.0136926,0.0312041,2.99175e-05,-9.99724e-06,0,0.0126017,0.0202967
0.0136926,0.028338,2.68774e-05,-9.38614e-06,0,0.0125162,0.0190968
0.0136926,0.0255967,2.39703e-05,-8.83339e-06,0,0.0124242,0.0179465
0.0136926,0.0230388,2.12597e-05,-8.33944e-06,0,0.0123252,0.0168599
0.0136926,0.0208086,1.89001e-05,-7.9007e-06,0,0.0122185,0.0158935
0.0136926,0.0186478,1.66175e-05,-7.5109e-06,0,0.0121037,0.0149419
0.0136926,0.0171592,1.50532e-05,-7.16713e-06,0,0.01198,0.0142495
0.0136926,0.0155717,1.33866e-05,-6.85825e-06,0,0.0118469,0.0134995
0.0136926,0.0145599,1.23355e-05,-6.58218e-06,0,0.0117034,0.012973
0.0136926,0.0132588,1.09799e-05,-6.33022e-06,0,0.011549,0.0123148
0.0136926,0.0121458,9.82862e-06,-6.10384e-06,0,0.0113826,0.0117293
0.0136926,0.0112691,8.9327e-06,-5.90151e-06,0,0.0112034,0.0112292
0.0136926,0.010829,8.50426e-06,-5.71838e-06,0,0.0110104,0.0108944
0.0136926,0.0108317,8.54833e-06,-5.54615e-06,0,0.0108025,0.0107256
0.0136926,0.0109656,8.73202e-06,-5.37541e-06,0,0.0105788,0.0105991
0.0136926,0.0109939,8.80322e-06,-5.20168e-06,0,0.0103385,0.0104263
0.0136926,0.0109601,8.80831e-06,-5.02598e-06,0,0.0100824,0.0102292
0.0134256,0.0106631,8.53414e-06,-4.84984e-06,0,0.00981693,0.0099278
0.0131518,0.0108146,8.73736e-06,-4.67778e-06,0,0.00954943,0.0098099
0.0128779,0.0110493,9.02793e-06,-4.50405e-06,0,0.00928195,0.00971891
0.0126041,0.0111748,9.20115e-06,-4.32495e-06,0,0.00901505,0.00958376
0.0123302,0.0114623,9.54501e-06,-4.14179e-06,0,0.0087489,0.00951566
0.0120564,0.011699,9.83275e-06,-3.95261e-06,0,0.00848358,0.00942559
0.0117825,0.0118756,1.00544e-05,-3.75739e-06,0,0.00821915,0.00931313
0.0115087,0.0120073,1.02262e-05,-3.55741e-06,0,0.00795567,0.00918452
0.0112348,0.0118335,1.00713e-05,-3.35375e-06,0,0.00769318,0.00893553
0.010961,0.011632,9.88612e-06,-3.15155e-06,0,0.00743175,0.00868117
0.0106871,0.0113424,9.60656e-06,-2.9529e-06,0,0.00717146,0.0083931
0.0104133,0.0112365,9.52172e-06,-2.75937e-06,0,0.00691237,0.00818089
0.0101394,0.0114576,9.78283e-06,-2.56851e-06,0,0.00665457,0.00809766
0.00986555,0.0110272,9.34939e-06,-2.37416e-06,0,0.00639814,0.00775057
0.00959169,0.010436,8.74543e-06,-2.185e-06,0,0.00614318,0.00735072
0.00931784,0.00994478,8.24856e-06,-2.00708e-06,0,0.0058898,0.00699475
0.00904399,0.00963266,7.94261e-06,-1.83962e-06,0,0.00563811,0.00671042
0.00877013,0.00957488,7.90671e-06,-1.67924e-06,0,0.00538823,0.00652671
0.00849628,0.00946665,7.81608e-06,-1.52093e-06,0,0.00514029,0.00632089
0.00822243,0.00926551,7.62579e-06,-1.36415e-06,0,0.00489445,0.00608086
0.00794858,0.00909367,7.46597e-06,-1.21068e-06,0,0.00465084,0.00585624
0.00767472,0.00865279,7.01971e-06,-1.06056e-06,0,0.00440965,0.00552625
0.00740087,0.00815019,6.50839e-06,-9.17939e-07,0,0.00417105,0.00517845
0.00712702,0.00728133,5.60909e-06,-7.85215e-07,0,0.00393524,0.00468831
0.00685317,0.00614163,4.42504e-06,-6.68536e-07,0,0.00370242,0.00409889
0.00657931,0.00528762,3.54874e-06,-5.74115e-07,0,0.00347283,0.00363124
0.00630546,0.00481186,3.07755e-06,-4.98759e-07,0,0.00324672,0.00331413
0.00603161,0.00490681,3.21425e-06,-4.34852e-07,0,0.00302434,0.00322333
0.00575775,0.00470619,3.03639e-06,-3.71251e-07,0,0.00280598,0.00301035
0.0054839,0.00422541,2.56152e-06,-3.09633e-07,0,0.00259196,0.00269501
0.00521005,0.00357661,1.90998e-06,-2.56029e-07,0,0.0023826,0.00232226
0.0049362,0.00184601,1.12479e-07,-2.14571e-07,0,0.00217825,0.0015259
0.00466234,9.78799e-05,-1.69562e-06,-2.03334e-07,0,0.00197932,0.000745364
0.00438849,-0.000507634,-2.28178e-06,-2.28206e-07,0,0.00178621,0.00042802
0.00411464,-0.000551322,-2.26744e-06,-2.70911e-07,0,0.00159937,0.000324585
0.00384079,-6.46658e-05,-1.6887e-06,-3.16331e-07,0,0.00141928,0.00043176
0.00356693,0.000128952,-1.42257e-06,-3.52999e-07,0,0.00124647,0.000421566
0.00329308,-0.000547508,-2.08078e-06,-3.82781e-07,0,0.0010815,7.64577e-05
0.00301923,-0.00120304,-2.71348e-06,-4.21106e-07,0,0.000924972,-0.000238748
0.00274537,-0.00334312,-4.91891e-06,-4.7411e-07,0,0.000777537,-0.00113879
0.00247152,-0.00489075,-6.48464e-06,-5.61461e-07,0,0.000639899,-0.00177127
0.00219767,-0.00481908,-6.32238e-06,-6.83325e-07,0,0.000512815,-0.00175816
0.00192382,-0.00414282,-5.51668e-06,-8.10584e-07,0,0.000397102,-0.00152073
0.00164996,-0.0037043,-4.9651e-06,-9.24946e-07,0,0.000293638,-0.00138032
0.00137611,-0.00381092,-4.99342e-06,-1.02701e-06,0,0.000203368,-0.00144744
0.00110226,-0.00468219,-5.83251e-06,-1.12673e-06,0,0.000127303,-0.00180591
0.000828405,-0.00638569,-7.55046e-06,-1.23919e-06,0,6.65067e-05,-0.00248028
0.000554552,-0.00808201,-9.25172e-06,-1.38161e-06,0,2.20209e-05,-0.0031354
0.000280699,-0.00908554,-1.02076e-05,-1.55814e-06,0,-5.42235e-06,-0.00351139
6.84632e-06,-0.00925231,-1.02678e-05,-1.75751e-06,0,-1.65305e-05,-0.00356223
0,-0.00927582,-1.01723e-05,-1.96256e-06,0,-1.77783e-05,-0.00356795
0,-0.00915034,-9.91579e-06,-2.16649e-06,0,-1.63897e-05,-0.00351619
0,-0.00962935,-1.02991e-05,-2.36608e-06,0,-1.43842e-05,-0.00370808
0,-0.0111099,-1.17412e-05,-2.57015e-06,0,-1.22809e-05,-0.00429066
0,-0.0125462,-1.31267e-05,-2.79776e-06,0,-1.02063e-05,-0.00484022
0,-0.0138931,-1.44073e-05,-3.05337e-06,0,-8.1844e-06,-0.00535478
0,-0.0152291,-1.56661e-05,-3.33511e-06,0,-6.21272e-06,-0.00586632
0,-0.0180007,-1.84385e-05,-3.64214e-06,0,-4.28227e-06,-0.00695132
0,-0.0178512,-1.80913e-05,-3.99705e-06,0,-2.38247e-06,-0.00684781
0,-0.0175684,-1.75976e-05,-4.36061e-06,0,-5.02459e-07,-0.00673585
0,-0.0170117,-1.6809e-05,-4.71503e-06,0,1.36859e-06,-0.00651648
0,-0.0158963,-1.54249e-05,-5.05516e-06,0,3.24147e-06,-0.00607819
0,-0.0125056,-1.16262e-05,-5.37058e-06,0,5.12695e-06,-0.00473982
0,-0.00928212,-8.01791e-06,-5.62209e-06,0,7.03588e-06,-0.00350299
0,-0.0060353,-4.3992e-06,-5.80049e-06,0,8.97917e-06,-0.0022542
0,-0.00213255,-1.00454e-07,-5.90657e-06,0,1.0968e-05,-0.000743761
0,0.00129194,3.6691e-06,-5.93007e-06,0,1.30136e-05,0.000565763
0,0.0032855,5.89817e-06,-5.87554e-06,0,1.51276e-05,0.00131134
0,0.00324932,5.95614e-06,-5.76872e-06,0,1.7322e-05,0.00126845
0,0.00264802,5.40688e-06,-5.64989e-06,0,1.9609e-05,0.00103114
0,-0.000117566,2.55555e-06,-5.539e-06,0,2.20014e-05,-6.1598e-05
0,-0.00182175,8.37878e-07,-5.47364e-06,0,2.45125e-05,-0.000697178
0,-0.00477876,-2.20661e-06,-5.44829e-06,0,2.71566e-05,-0.00184912
0,-0.00790658,-5.42199e-06,-5.4772e-06,0,2.99487e-05,-0.00304989
0,-0.0108283,-8.40561e-06,-5.56956e-06,0,3.29045e-05,-0.00416556
0,-0.015246,-1.29638e-05,-5.72276e-06,0,3.60407e-05,-0.00588157
0,-0.0187427,-1.65216e-05,-5.95924e-06,0,3.93748e-05,-0.00720671
0,-0.021111,-1.88611e-05,-6.27188e-06,0,4.29257e-05,-0.0080952
0,-0.0227232,-2.03811e-05,-6.63741e-06,0,4.67133e-05,-0.00869889
0,-0.02468,-2.22532e-05,-7.03743e-06,0,5.07588e-05,-0.00945166
0,-0.0258075,-2.32287e-05,-7.47313e-06,0,5.50848e-05,-0.00986789
0,-0.026476,-2.3704e-05,-7.93283e-06,0,5.97155e-05,-0.0101135
0,-0.0288079,-2.59344e-05,-8.40453e-06,0,6.46766e-05,-0.0110303
0,-0.0310329,-2.80325e-05,-8.91207e-06,0,6.99948e-05,-0.011879
0,-0.0335487,-3.04202e-05,-9.46223e-06,0,7.56965e-05,-0.0128455
0,-0.0358725,-3.25827e-05,-1.00587e-05,0,8.18002e-05,-0.0137311
0,-0.0362297,-3.26358e-05,-1.06995e-05,0,8.82897e-05,-0.0138345
5.05079e-06,-0.0395624,-3.58355e-05,-1.1352e-05,0,9.50089e-05,-0.0151565
1.5684e-05,-0.038365,-3.41989e-05,-1.20527e-05,0,0.000101669,-0.0146242
2.63173e-05,-0.0379532,-3.33906e-05,-1.27449e-05,0,0.000108066,-0.0144754
3.69506e-05,-0.0386341,-3.3734e-05,-1.34167e-05,0,0.000114127,-0.0147512
4.75838e-05,-0.0302062,-2.43939e-05,-1.40897e-05,0,0.000119817,-0.0113733
5.82171e-05,-0.0235788,-1.69969e-05,-1.46243e-05,0,0.000125102,-0.00885434
6.88503e-05,-0.0161245,-8.75007e-06,-1.50012e-05,0,0.000129955,-0.00597789
7.94836e-05,-0.015841,-8.1526e-06,-1.52174e-05,0,0.000134341,-0.00597789
0,-0.0348525,-2.77329e-05,-1.53924e-05,0,7.98136e-06,-0.013666
0,-0.0377371,-3.04117e-05,-1.61988e-05,0,7.57312e-06,-0.0145316
0,-0.0396901,-3.20917e-05,-1.65047e-05,0,7.06841e-06,-0.0152675
0,-0.0427454,-3.49288e-05,-1.70419e-05,0,6.56731e-06,-0.0164579
0,-0.0420469,-3.3758e-05,-1.77263e-05,0,6.09393e-06,-0.0161324
0,-0.0382938,-2.93385e-05,-1.84073e-05,0,5.65265e-06,-0.0146446
0,-0.034991,-2.54075e-05,-1.90162e-05,0,5.2428e-06,-0.0133834
0,-0.0365541,-2.66535e-05,-1.9544e-05,0,4.86254e-06,-0.0140584
0,-0.0321827,-2.15884e-05,-2.00708e-05,0,4.50984e-06,-0.012289
0,-0.0289212,-1.77193e-05,-2.05279e-05,0,4.18273e-06,-0.0110537
0,-0.0295321,-1.79768e-05,-2.09016e-05,0,3.87935e-06,-0.0113478
0,-0.027231,-1.51413e-05,-2.12599e-05,0,3.59799e-06,-0.0104197
0,-0.0227042,-9.95506e-06,-2.15769e-05,0,3.33704e-06,-0.00864743
0,-0.0189656,-5.63061e-06,-2.18019e-05,0,3.09503e-06,-0.007224
0,-0.0141732,-2.11024e-07,-2.19362e-05,0,2.87058e-06,-0.0053677
0,-0.00996236,4.56024e-06,-2.19675e-05,0,2.66241e-06,-0.00375976
0,-0.00610663,8.92385e-06,-2.19001e-05,0,2.46935e-06,-0.00228469
0,-0.00398985,1.14101e-05,-2.17435e-05,0,2.29029e-06,-0.00149857
0,-0.00381843,1.18065e-05,-2.15277e-05,0,2.12422e-06,-0.00146263
0,-0.00545834,1.02638e-05,-2.12936e-05,0,1.97021e-06,-0.00212017
0,-0.00666374,9.17561e-06,-2.10806e-05,0,1.82736e-06,-0.00257646
0,-0.0080004,7.9404e-06,-2.08916e-05,0,1.69488e-06,-0.00309181
0,-0.00819402,7.91271e-06,-2.07266e-05,0,1.572e-06,-0.0031487
0,-0.0108477,5.26265e-06,-2.05682e-05,0,1.45804e-06,-0.00420545
0,-0.0121222,4.0786e-06,-2.04497e-05,0,1.35234e-06,-0.00467379
0,-0.0137752,2.48958e-06,-2.03622e-05,0,1.25431e-06,-0.00531437
0,-0.0162738,2.33197e-09,-2.03045e-05,0,1.16339e-06,-0.00628683
0,-0.0181015,-1.76787e-06,-2.0292e-05,0,1.07907e-06,-0.00697842
0,-0.0204569,-4.09538e-06,-2.03185e-05,0,1.00086e-06,-0.00789104
0,-0.0214117,-4.92914e-06,-2.03888e-05,0,9.28318e-07,-0.00823626
0,-0.0238074,-7.29147e-06,-2.04832e-05,0,8.61038e-07,-0.00917831
0,-0.0247936,-8.14854e-06,-2.06172e-05,0,7.98638e-07,-0.00953543
0,-0.0264515,-9.71566e-06,-2.07759e-05,0,7.40762e-07,-0.0101824
0,-0.0281219,-1.12891e-05,-2.09624e-05,0,6.87082e-07,-0.010824
0,-0.0314693,-1.46352e-05,-2.11803e-05,0,6.37294e-07,-0.0121351
0,-0.0355518,-1.8745e-05,-2.14563e-05,0,5.91116e-07,-0.0137141
0,-0.0372051,-2.02538e-05,-2.18106e-05,0,5.48285e-07,-0.0143118
0,-0.034237,-1.68438e-05,-2.22082e-05,0,5.0856e-07,-0.0131013
0,-0.0321821,-1.44129e-05,-2.25621e-05,0,4.71714e-07,-0.0123262
0,-0.0339294,-1.60261e-05,-2.28625e-05,0,4.37539e-07,-0.0130554
0,-0.0368763,-1.89029e-05,-2.3175e-05,0,4.05842e-07,-0.0142054
0,-0.0320157,-1.3474e-05,-2.35386e-05,0,3.76442e-07,-0.0122193
0,-0.0253161,-6.11287e-06,-2.38353e-05,0,3.49173e-07,-0.00961857
0,-0.0174368,2.46891e-06,-2.39943e-05,0,3.2388e-07,-0.00657485
0,-0.0171345,2.96457e-06,-2.39879e-05,0,3.0042e-07,-0.00657485
0.000904107,-0.0337431,-1.63553e-05,-2.39385e-05,0,0.00200996,-0.0123211
0.000672018,-0.0362266,-1.87033e-05,-2.43923e-05,0,0.00185988,-0.013096
0.00059581,-0.0384886,-2.08068e-05,-2.45863e-05,0,0.00170126,-0.0140336
0.000488426,-0.0417447,-2.39541e-05,-2.48982e-05,0,0.00155159,-0.0153628
0.000349865,-0.0425826,-2.45134e-05,-2.53616e-05,0,0.00141604,-0.0157027
0.000211305,-0.0389106,-2.02744e-05,-2.58491e-05,0,0.00129626,-0.0142735
7.27443e-05,-0.0337569,-1.4474e-05,-2.62757e-05,0,0.00119214,-0.0123171
0,-0.0339344,-1.43554e-05,-2.65942e-05,0,0.00110149,-0.0125085
0,-0.0304153,-1.03112e-05,-2.68819e-05,0,0.00102034,-0.0111388
0,-0.0265105,-5.87439e-06,-2.71084e-05,0,0.000945847,-0.00966885
0,-0.0245048,-3.47516e-06,-2.7248e-05,0,0.000876977,-0.00896059
0,-0.0203446,1.19716e-06,-2.73295e-05,0,0.000813172,-0.00736053
0,-0.0149635,7.13985e-06,-2.7329e-05,0,0.000754022,-0.0053037
0,-0.00985237,1.27617e-05,-2.72159e-05,0,0.000699181,-0.00337133
0,-0.00541695,1.76304e-05,-2.69887e-05,0,0.00064833,-0.00170274
0,-0.00227466,2.1091e-05,-2.66605e-05,0,0.00060118,-0.000538416
0,-0.00259645,2.0843e-05,-2.6256e-05,0,0.00055746,-0.000735907
0,-0.00474534,1.86396e-05,-2.58379e-05,0,0.000516921,-0.00160841
0,-0.00831952,1.49172e-05,-2.54541e-05,0,0.000479332,-0.00302066
0,-0.0144962,8.43437e-06,-2.51371e-05,0,0.000444477,-0.005449
0,-0.019014,3.73053e-06,-2.4936e-05,0,0.000412157,-0.00717383
0,-0.0212698,1.44164e-06,-2.48379e-05,0,0.000382189,-0.00801971
0,-0.0217712,1.02048e-06,-2.47976e-05,0,0.000354401,-0.00819866
0,-0.022088,7.93303e-07,-2.47751e-05,0,0.000328634,-0.00832977
0,-0.0225274,4.33404e-07,-2.47581e-05,0,0.000304741,-0.00851176
0,-0.0228562,1.89034e-07,-2.47476e-05,0,0.000282586,-0.00864691
0,-0.0243043,-1.24567e-06,-2.47426e-05,0,0.000262042,-0.00922991
0,-0.0251751,-2.06393e-06,-2.47603e-05,0,0.000242993,-0.00956455
0,-0.0250241,-1.79572e-06,-2.47975e-05,0,0.000225329,-0.00949936
0,-0.0245725,-1.21122e-06,-2.48348e-05,0,0.00020895,-0.00932917
0,-0.0235912,-6.86933e-08,-2.48619e-05,0,0.000193761,-0.00895148
0,-0.0223934,1.29639e-06,-2.4869e-05,0,0.000179678,-0.00849494
0,-0.0221439,1.68553e-06,-2.48499e-05,0,0.000123996,-0.00886332
0,-0.022245,1.69775e-06,-2.48182e-05,0,1.42374e-05,-0.00898636
0,-0.0234521,5.32927e-07,-2.47843e-05,0,-0.00010964,-0.00954352
0,-0.0261088,-2.16866e-06,-2.47678e-05,0,-0.000237568,-0.0106592
0,-0.0282979,-4.3638e-06,-2.47976e-05,0,-0.000366915,-0.011562
-5.74592e-05,-0.0311202,-7.22216e-06,-2.48739e-05,0,-0.000495493,-0.0127202
-0.000178426,-0.0316237,-7.60547e-06,-2.50041e-05,0,-0.000620123,-0.0129378
-0.000299393,-0.0328117,-8.71219e-06,-2.51543e-05,0,-0.000738707,-0.0134592
-0.000420359,-0.0374561,-1.34819e-05,-2.5323e-05,0,-0.000850683,-0.0153452
-0.000541326,-0.0372041,-1.30293e-05,-2.55688e-05,0,-0.000955861,-0.015218
-0.000662293,-0.0326673,-8.02516e-06,-2.58316e-05,0,-0.00105412,-0.0134498
-0.000783259,-0.0276913,-2.57375e-06,-2.60172e-05,0,-0.00114534,-0.011567
-0.000904226,-0.0274249,-2.14637e-06,-2.60959e-05,0,-0.00122934,-0.011567
0.000789308,-0.0441442,-2.14094e-05,-2.61474e-05,0,0.000585871,-0.0170043
0.000622978,-0.0444612,-2.15231e-05,-2.66419e-05,0,0.000511596,-0.0168713
0.000547374,-0.0458083,-2.27269e-05,-2.69104e-05,0,0.000445886,-0.0174289
0.000426408,-0.0486641,-2.55188e-05,-2.73589e-05,0,0.000388385,-0.0185661
0.000305441,-0.0462118,-2.26537e-05,-2.78554e-05,0,0.000339721,-0.0175578
0.000184474,-0.0410872,-1.69549e-05,-2.83228e-05,0,0.000300225,-0.0155615
6.35075e-05,-0.0356733,-1.09671e-05,-2.86903e-05,0,0.000269795,-0.0134888
0,-0.034383,-9.38021e-06,-2.89396e-05,0,0.000246751,-0.013066
0,-0.0285272,-2.95223e-06,-2.91352e-05,0,0.000227923,-0.010756
0,-0.0238763,2.16734e-06,-2.92263e-05,0,0.000211129,-0.00899646
0,-0.0199243,6.51819e-06,-2.92086e-05,0,0.00019573,-0.00749693
0,-0.0154691,1.13776e-05,-2.91e-05,0,0.000181496,-0.00578519
0,-0.0115547,1.56323e-05,-2.88967e-05,0,0.000168308,-0.00429667
0,-0.00804944,1.94228e-05,-2.86054e-05,0,0.000156082,-0.00296275
0,-0.00661182,2.09882e-05,-2.82359e-05,0,0.000144745,-0.00244779
0,-0.00677228,2.08355e-05,-2.78239e-05,0,0.000134232,-0.0025389
0,-0.00882195,1.86633e-05,-2.74065e-05,0,0.000124482,-0.00335957
0,-0.0121933,1.50836e-05,-2.70223e-05,0,0.000115442,-0.00467872
0,-0.0163139,1.07124e-05,-2.67028e-05,0,0.000107058,-0.0062765
0,-0.0178014,9.14646e-06,-2.64666e-05,0,9.92835e-05,-0.00681108
0,-0.0194897,7.36695e-06,-2.62759e-05,0,9.20738e-05,-0.00746592
0,-0.0187419,8.1755e-06,-2.61197e-05,0,8.53878e-05,-0.00714465
0,-0.0172437,9.77171e-06,-2.59602e-05,0,7.91876e-05,-0.00656081
0,-0.0159411,1.11474e-05,-2.57727e-05,0,7.34378e-05,-0.00606633
0,-0.0161639,1.08909e-05,-2.55567e-05,0,6.81057e-05,-0.00617781
0,-0.0163276,1.06915e-05,-2.53376e-05,0,6.31609e-05,-0.00624211
0,-0.0177276,9.17374e-06,-2.51227e-05,0,5.85753e-05,-0.00680085
0,-0.0172405,9.66035e-06,-2.49317e-05,0,5.43228e-05,-0.00658691
0,-0.01484,1.21709e-05,-2.47409e-05,0,5.03792e-05,-0.00563771
0,-0.0109812,1.62128e-05,-2.451e-05,0,4.6722e-05,-0.00413534
0,-0.00891395,1.83277e-05,-2.4206e-05,0,4.33304e-05,-0.00337058
0,-0.00886457,1.8282e-05,-2.385e-05,0,4.01851e-05,-0.00338403
0,-0.00908041,1.79631e-05,-2.34841e-05,0,1.83133e-05,-0.00366958
0,-0.0151185,1.14552e-05,-2.31233e-05,0,-2.78174e-05,-0.00611118
0,-0.0200812,6.11044e-06,-2.28616e-05,0,-8.04221e-05,-0.0080333
0,-0.0267072,-9.80606e-07,-2.27127e-05,0,-0.000135009,-0.0106347
0,-0.0305463,-5.08208e-06,-2.26969e-05,0,-0.000190396,-0.012096
-2.5553e-05,-0.0289387,-3.38008e-06,-2.2778e-05,0,-0.000245595,-0.0114231
-7.93488e-05,-0.0197345,6.38356e-06,-2.28541e-05,0,-0.000299183,-0.00779802
-0.000133145,-0.0163071,9.97243e-06,-2.27753e-05,0,-0.000350216,-0.00659388
-0.00018694,-0.0176377,8.49083e-06,-2.25938e-05,0,-0.000398435,-0.00719905
-0.000240736,-0.0167796,9.33551e-06,-2.24165e-05,0,-0.000443745,-0.00685512
-0.000294532,-0.0153477,1.07821e-05,-2.2234e-05,0,-0.000486086,-0.00631345
-0.000348328,-0.0130978,1.30867e-05,-2.20256e-05,0,-0.000525391,-0.00545182
-0.000402124,-0.0129793,1.31134e-05,-2.17754e-05,0,-0.000561582,-0.00545182
0.000351018,-0.0413126,-1.7808e-05,-2.15137e-05,0,0.000245671,-0.0162148
0.000275703,-0.0413457,-1.78113e-05,-2.18578e-05,0,0.000213735,-0.0157918
0.000243426,-0.0429646,-1.94917e-05,-2.20716e-05,0,0.000185532,-0.0164483
0.00018963,-0.0460257,-2.26845e-05,-2.2453e-05,0,0.000160893,-0.0176531
0.000135834,-0.044265,-2.07319e-05,-2.28907e-05,0,0.000140113,-0.0169093
8.20386e-05,-0.0393878,-1.54665e-05,-2.33151e-05,0,0.000123346,-0.0149939
2.82428e-05,-0.0339901,-9.66102e-06,-2.36508e-05,0,0.000110554,-0.0129176
0,-0.0339171,-9.52692e-06,-2.3873e-05,0,0.000100991,-0.012975
0,-0.0306849,-6.03449e-06,-2.40642e-05,0,9.32543e-05,-0.011689
0,-0.0272603,-2.34899e-06,-2.42024e-05,0,8.63753e-05,-0.0103742
0,-0.0236976,1.46892e-06,-2.42678e-05,0,8.00738e-05,-0.00900703
0,-0.0172435,8.33966e-06,-2.42575e-05,0,7.42505e-05,-0.00648717
0,-0.00876009,1.73321e-05,-2.41251e-05,0,6.88557e-05,-0.00320102
0,-0.00172272,2.47429e-05,-2.38234e-05,0,6.38543e-05,-0.00052322
0,0.00455148,3.12998e-05,-2.33656e-05,0,5.92167e-05,0.00187216
0,0.00908598,3.5966e-05,-2.27724e-05,0,5.49161e-05,0.0035847
0,0.00877226,3.54469e-05,-2.20764e-05,0,5.09281e-05,0.00338806
0,0.00595836,3.22569e-05,-2.13648e-05,0,4.72298e-05,0.00226746
0,0.00126542,2.70687e-05,-2.07038e-05,0,4.38002e-05,0.000434954
0,-0.00405315,2.12244e-05,-2.01364e-05,0,4.06197e-05,-0.00161847
0,-0.00832702,1.65037e-05,-1.96827e-05,0,3.76703e-05,-0.00324504
0,-0.0105007,1.40254e-05,-1.93291e-05,0,3.49352e-05,-0.00404886
0,-0.0117816,1.25003e-05,-1.90362e-05,0,3.23987e-05,-0.00452827
0,-0.0123256,1.17601e-05,-1.87785e-05,0,3.00465e-05,-0.00472698
0,-0.0121054,1.18309e-05,-1.85396e-05,0,2.78651e-05,-0.00463178
0,-0.0127993,1.0928e-05,-1.83034e-05,0,2.58422e-05,-0.00491318
0,-0.0136127,9.89926e-06,-1.80803e-05,0,2.39662e-05,-0.00522826
0,-0.0146762,8.60721e-06,-1.78772e-05,0,2.22265e-05,-0.00564132
0,-0.0153381,7.74568e-06,-1.76985e-05,0,2.06131e-05,-0.0058901
0,-0.0137991,9.22373e-06,-1.75393e-05,0,1.91169e-05,-0.00526613
0,-0.013283,9.60845e-06,-1.73622e-05,0,1.77293e-05,-0.00508427
0,-0.0116764,1.11478e-05,-1.7172e-05,0,1.64425e-05,-0.00445125
0,-0.0122201,1.04231e-05,-1.69567e-05,0,-1.42923e-05,-0.00500135
0,-0.0128519,9.60636e-06,-1.67446e-05,0,-8.3079e-05,-0.00529659
0,-0.0156949,6.44413e-06,-1.65484e-05,0,-0.000162183,-0.0064723
0,-0.0189021,2.90866e-06,-1.64037e-05,0,-0.000244595,-0.00775744
0,-0.0218804,-3.67142e-07,-1.63279e-05,0,-0.000328476,-0.00894304
-3.57659e-05,-0.0213123,1.39545e-07,-1.63189e-05,0,-0.000412364,-0.00871307
-0.000119921,-0.0201148,1.3162e-06,-1.63186e-05,0,-0.000494025,-0.00828285
-0.000204076,-0.0180048,3.45974e-06,-1.62982e-05,0,-0.00057189,-0.00749455
-0.000288231,-0.019961,1.27906e-06,-1.62397e-05,0,-0.000645519,-0.00834056
-0.000372387,-0.0188535,2.36235e-06,-1.62032e-05,0,-0.000714752,-0.00789755
-0.000456542,-0.0138328,7.59786e-06,-1.61614e-05,0,-0.00077948,-0.00593551
-0.000540697,-0.00945413,1.21294e-05,-1.60356e-05,0,-0.000839592,-0.00428657
-0.000624852,-0.00641986,1.52117e-05,-1.58157e-05,0,-0.000894955,-0.00316156
0.00055332,-0.0329825,-1.13602e-05,-1.55731e-05,0,0.000316916,-0.0129308
0.000439711,-0.0361151,-1.48154e-05,-1.57623e-05,0,0.000271837,-0.0138131
0.00038501,-0.0381259,-1.70554e-05,-1.59377e-05,0,0.000232121,-0.014582
0.000300855,-0.0413912,-2.06037e-05,-1.62676e-05,0,0.000197647,-0.0158646
0.0002167,-0.0413004,-2.05586e-05,-1.66619e-05,0,0.000168884,-0.0157861
0.000132544,-0.0379778,-1.70668e-05,-1.70733e-05,0,0.0001461,-0.014467
4.83892e-05,-0.0342861,-1.31841e-05,-1.74321e-05,0,0.000129274,-0.0130491
0,-0.0350807,-1.40693e-05,-1.77152e-05,0,0.000117354,-0.0134275
0,-0.0325997,-1.14627e-05,-1.79922e-05,0,0.000108169,-0.0124287
0,-0.0312467,-1.00552e-05,-1.82344e-05,0,0.00010014,-0.0119302
0,-0.0305156,-9.30562e-06,-1.84426e-05,0,9.28226e-05,-0.0116624
0,-0.0267615,-5.34233e-06,-1.86324e-05,0,8.60704e-05,-0.0101778
0,-0.0228464,-1.21922e-06,-1.87591e-05,0,7.98175e-05,-0.00867491
0,-0.0191654,2.64123e-06,-1.88041e-05,0,7.40212e-05,-0.00726775
0,-0.0196147,2.10077e-06,-1.87609e-05,0,6.86465e-05,-0.00750614
0,-0.0202441,1.37181e-06,-1.87162e-05,0,6.36624e-05,-0.00775296
0,-0.0198429,1.74082e-06,-1.86851e-05,0,5.90404e-05,-0.00758531
0,-0.0227723,-1.42714e-06,-1.86522e-05,0,5.47541e-05,-0.00876327
0,-0.0268845,-5.83581e-06,-1.86649e-05,0,5.07792e-05,-0.0103624
0,-0.0276447,-6.66312e-06,-1.87595e-05,0,4.7093e-05,-0.0106047
0,-0.0273773,-6.39117e-06,-1.88887e-05,0,4.36744e-05,-0.0104879
0,-0.0243533,-3.18877e-06,-1.90178e-05,0,4.05042e-05,-0.00928595
0,-0.0213502,-1.87146e-08,-1.90976e-05,0,3.75642e-05,-0.0081345
0,-0.0183432,3.14376e-06,-1.91139e-05,0,3.48377e-05,-0.00698105
0,-0.016845,4.6908e-06,-1.90668e-05,0,3.23092e-05,-0.00643006
0,-0.0154839,6.0844e-06,-1.89807e-05,0,2.99643e-05,-0.00591062
0,-0.0141979,7.39021e-06,-1.8866e-05,0,2.77896e-05,-0.00541901
0,-0.0137235,7.82619e-06,-1.87247e-05,0,2.57729e-05,-0.00525022
0,-0.0107721,1.0887e-05,-1.85704e-05,0,2.39026e-05,-0.00407984
0,-0.00837315,1.33441e-05,-1.83679e-05,0,2.2168e-05,-0.00316794
0,-0.00813806,1.3488e-05,-1.81133e-05,0,2.05595e-05,-0.00311158
0,-0.0084888,1.30034e-05,-1.78443e-05,0,1.90676e-05,-0.00325595
0,-0.00999992,1.13096e-05,-1.75818e-05,0,-1.04445e-05,-0.00414814
0,-0.0161974,4.64309e-06,-1.73472e-05,0,-7.61711e-05,-0.00664882
0,-0.0220106,-1.5889e-06,-1.7221e-05,0,-0.000151707,-0.00892318
0,-0.0286284,-8.64695e-06,-1.72216e-05,0,-0.000230385,-0.0115227
0,-0.0321872,-1.24219e-05,-1.73592e-05,0,-0.000310476,-0.012886
-3.01617e-05,-0.0299691,-1.00397e-05,-1.75888e-05,0,-0.000390673,-0.0119865
-0.000110593,-0.0195043,1.09546e-06,-1.78015e-05,0,-0.000468851,-0.00787938
-0.000191024,-0.0138016,7.1306e-06,-1.78353e-05,0,-0.000543433,-0.00579696
-0.000271456,-0.0133684,7.54402e-06,-1.77228e-05,0,-0.000613979,-0.00574257
-0.000351887,-0.0111578,9.83971e-06,-1.7574e-05,0,-0.000680329,-0.0048945
-0.000432318,-0.00988939,1.11215e-05,-1.73887e-05,0,-0.000742382,-0.00444674
-0.00051275,-0.00839223,1.2636e-05,-1.71727e-05,0,-0.000800031,-0.00389011
-0.000593181,-0.00663568,1.44141e-05,-1.69275e-05,0,-0.000853151,-0.00323044
0.000532858,-0.0376085,-1.8041e-05,-1.66748e-05,0,0.000304879,-0.0147979
0.000426286,-0.037639,-1.80809e-05,-1.69995e-05,0,0.000261548,-0.014355
0.000371995,-0.0365467,-1.69197e-05,-1.72434e-05,0,0.000223326,-0.0139317
0.000291564,-0.036967,-1.73574e-05,-1.75876e-05,0,0.00019012,-0.0141254
0.000211132,-0.0360109,-1.63205e-05,-1.79326e-05,0,0.000162365,-0.0137446
0.000130701,-0.0318121,-1.18342e-05,-1.82642e-05,0,0.000140317,-0.0120887
5.02696e-05,-0.0277445,-7.49752e-06,-1.85233e-05,0,0.000123977,-0.0105339
0,-0.0273644,-7.08808e-06,-1.86949e-05,0,0.000112424,-0.0104488
0,-0.0234543,-2.92773e-06,-1.88387e-05,0,0.000103592,-0.00889716
0,-0.0196746,1.07972e-06,-1.89181e-05,0,9.58941e-05,-0.00745136
0,-0.0166115,4.31021e-06,-1.89165e-05,0,8.88849e-05,-0.00628945
0,-0.0114831,9.71872e-06,-1.88465e-05,0,8.24187e-05,-0.00429157
0,-0.00655244,1.48907e-05,-1.86791e-05,0,7.64312e-05,-0.00240409
0,-0.00272208,1.88663e-05,-1.84072e-05,0,7.08809e-05,-0.000952745
0,0.000987971,2.26886e-05,-1.80497e-05,0,6.57344e-05,0.000467613
0,0.00302181,2.47046e-05,-1.76151e-05,0,6.09619e-05,0.00122065
0,0.00389083,2.54636e-05,-1.71311e-05,0,5.65361e-05,0.00153439
0,0.00416332,2.55741e-05,-1.66256e-05,0,5.24317e-05,0.00162793
0,0.00148693,2.25415e-05,-1.61146e-05,0,4.86255e-05,0.00055321
0,0.00123442,2.20846e-05,-1.56487e-05,0,4.50957e-05,0.000491691
0,0.000547198,2.11587e-05,-1.52047e-05,0,4.18223e-05,0.000219577
0,0.00187218,2.23643e-05,-1.47769e-05,0,3.87866e-05,0.000757746
0,0.00331459,2.36808e-05,-1.43356e-05,0,3.59713e-05,0.00131208
0,0.00403389,2.42149e-05,-1.38686e-05,0,3.33605e-05,0.00157597
0,0.000163024,1.98473e-05,-1.28906e-05,0,3.09393e-05,1.80886e-05
0,-0.00999488,8.81644e-06,-1.24817e-05,0,2.86939e-05,-0.00397992
0,-0.0107141,7.85108e-06,-1.22502e-05,0,2.66115e-05,-0.00411249
0,-0.0107606,7.61571e-06,-1.20884e-05,0,1.27415e-05,-0.00424644
0,-0.0090032,9.29738e-06,-1.19349e-05,0,-1.64026e-05,-0.00356569
0,-0.0131994,4.65128e-06,-1.17573e-05,0,-4.9624e-05,-0.00528949
0,-0.0427792,-2.69233e-05,-1.16411e-05,0,-8.41113e-05,-0.0170574
0,-0.0515107,-3.62166e-05,-1.20217e-05,0,-0.000119185,-0.0201102
-4.34892e-06,-0.0654727,-5.10012e-05,-1.26995e-05,0,-0.000154474,-0.0255699
-3.91403e-05,-0.070532,-5.62427e-05,-1.36456e-05,0,-0.000189086,-0.0273932
-9.39368e-05,-0.0611108,-4.60335e-05,-1.53911e-05,0,-0.000222274,-0.0235686
-0.000133077,-0.0514433,-3.55735e-05,-1.64779e-05,0,-0.00025381,-0.0198662
-0.000152212,-0.0425819,-2.60024e-05,-1.69215e-05,0,-0.000283443,-0.016489
-0.000178306,-0.0288778,-1.13184e-05,-1.73594e-05,0,-0.000311095,-0.0111641
-0.000213097,-0.0201563,-1.97793e-06,-1.76592e-05,0,-0.000336791,-0.00790129
-0.000247889,-0.0136929,4.92778e-06,-1.77454e-05,0,-0.000360513,-0.00546251
0.000239191,0.00533298,2.45856e-05,-1.76814e-05,0,0.000139663,0.00238173
0.000204399,0.00578342,2.49824e-05,-1.7288e-05,0,0.000120064,0.00227196
0.000169608,-0.000990468,1.76933e-05,-1.67903e-05,0,0.000102643,-0.000445021
0.000134817,-0.00965205,8.41948e-06,-1.64e-05,0,8.74951e-05,-0.00380421
0.000100025,-0.0134472,4.34524e-06,-1.61852e-05,0,7.47208e-05,-0.00519045
6.52339e-05,-0.0193368,-1.93832e-06,-1.6078e-05,0,6.44172e-05,-0.00748696
3.04425e-05,-0.0196906,-2.31772e-06,-1.60853e-05,0,5.66245e-05,-0.00754036
0,-0.0145544,3.13469e-06,-1.61298e-05,0,5.11285e-05,-0.00548601
0,-0.00782134,1.02593e-05,-1.60943e-05,0,4.70536e-05,-0.00287783
0,0.0015741,2.01765e-05,-1.59248e-05,0,4.35424e-05,0.000769164
0,0.00440028,2.30686e-05,-1.55708e-05,0,4.03562e-05,0.00175227
0,0.00612491,2.47676e-05,-1.51239e-05,0,3.74199e-05,0.00239625
0,0.00376512,2.21108e-05,-1.46371e-05,0,3.47016e-05,0.00142623
0,-0.000681529,1.72383e-05,-1.41816e-05,0,3.2182e-05,-0.000314448
0,-0.00356649,1.40358e-05,-1.38124e-05,0,2.98457e-05,-0.00139946
0,-0.00632049,1.09795e-05,-1.35157e-05,0,2.76792e-05,-0.00245603
0,-0.00753329,9.56794e-06,-1.32808e-05,0,2.56701e-05,-0.00289909
0,-0.00690026,1.01189e-05,-1.30824e-05,0,2.38069e-05,-0.00262862
0,-0.00703857,9.84553e-06,-1.28828e-05,0,2.2079e-05,-0.00269437
0,-0.00796963,8.72872e-06,-1.26845e-05,0,2.04765e-05,-0.00306481
0,-0.00740901,9.19793e-06,-1.25044e-05,0,1.89904e-05,-0.00282739
0,-0.00771772,8.7399e-06,-1.23227e-05,0,1.76122e-05,-0.00295991
0,-0.00661684,9.77821e-06,-1.21457e-05,0,1.63341e-05,-0.00251619
0,-0.00444342,1.19485e-05,-1.19553e-05,0,1.51488e-05,-0.00166573
0,-0.00172143,1.46887e-05,-1.17272e-05,0,1.40495e-05,-0.000612612
0,0.000603897,1.69917e-05,-1.14471e-05,0,1.30301e-05,0.000273747
0,0.00192595,1.8214e-05,-1.11188e-05,0,1.20846e-05,0.000765594
0,0.000172047,1.61589e-05,-1.07606e-05,0,1.12078e-05,4.45583e-05
0,-0.00315315,1.24384e-05,-1.04271e-05,0,1.03947e-05,-0.00125677
0,-0.00688129,8.30192e-06,-1.01598e-05,0,9.64053e-06,-0.00269491
0,-0.0104243,4.37783e-06,-9.97306e-06,0,8.94113e-06,-0.00405292
0,-0.0155248,-1.18263e-06,-9.86588e-06,0,8.2925e-06,-0.00603567
0,-0.0176817,-3.54513e-06,-9.86173e-06,0,-4.08956e-05,-0.00732899
0,-0.0224744,-8.69023e-06,-9.92082e-06,0,-0.000152769,-0.00929472
0,-0.0267881,-1.32972e-05,-1.00689e-05,0,-0.000281721,-0.0110271
0,-0.0305083,-1.72445e-05,-1.03118e-05,0,-0.000416265,-0.0125265
0,-0.0355852,-2.26034e-05,-1.0637e-05,0,-0.000553561,-0.0145727
-2.46834e-05,-0.0358728,-2.28409e-05,-1.10622e-05,0,-0.000691925,-0.014681
-0.000165731,-0.0337986,-2.05551e-05,-1.15179e-05,0,-0.00082769,-0.0139143
-0.000306779,-0.0342708,-2.0969e-05,-1.19404e-05,0,-0.000957533,-0.0141951
-0.000447827,-0.0361681,-2.28817e-05,-1.23577e-05,0,-0.00108053,-0.0150004
-0.000588874,-0.0325117,-1.8877e-05,-1.28058e-05,0,-0.00119637,-0.0135606
-0.000729922,-0.0258304,-1.16665e-05,-1.32033e-05,0,-0.00130486,-0.0109924
-0.00087097,-0.0193894,-4.73403e-06,-1.34727e-05,0,-0.00140579,-0.00856117
-0.00101202,-0.0137827,1.2867e-06,-1.36021e-05,0,-0.00149896,-0.00645421
0.000962651,-0.0452839,-3.4362e-05,-1.36064e-05,0,0.000531615,-0.0177155
0.000793393,-0.0498973,-3.90518e-05,-1.42529e-05,0,0.00045509,-0.0190639
0.000680555,-0.0539747,-4.31388e-05,-1.48543e-05,0,0.000387312,-0.0206434
0.000539508,-0.0608905,-5.0201e-05,-1.56966e-05,0,0.000328332,-0.0233586
0.00039846,-0.0650589,-5.4293e-05,-1.66653e-05,0,0.000278787,-0.0249302
0.000257412,-0.063385,-5.21394e-05,-1.77307e-05,0,0.000239127,-0.0242086
0.000116364,-0.0603672,-4.85432e-05,-1.87843e-05,0,0.000209502,-0.0230379
0,-0.05856,-4.62248e-05,-1.97731e-05,0,0.000188903,-0.02237
0,-0.0549198,-4.195e-05,-2.07092e-05,0,0.000173775,-0.0209506
0,-0.051744,-3.81684e-05,-2.15696e-05,0,0.000160786,-0.0197443
0,-0.0496011,-3.54846e-05,-2.23518e-05,0,0.000149014,-0.0189428
0,-0.0444998,-2.96584e-05,-2.3075e-05,0,0.000138169,-0.0169438
0,-0.0375738,-2.19097e-05,-2.36973e-05,0,0.00012813,-0.014261
0,-0.0306002,-1.41377e-05,-2.41742e-05,0,0.000118825,-0.0115869
0,-0.0230215,-5.75475e-06,-2.44958e-05,0,0.000110197,-0.00867152
0,-0.0150068,3.05232e-06,-2.46528e-05,0,0.000102197,-0.00559102
0,-0.0107631,7.81051e-06,-2.46358e-05,0,9.47772e-05,-0.00402275
0,-0.00983065,9.0219e-06,-2.45034e-05,0,8.78968e-05,-0.00371869
0,-0.0109805,8.00517e-06,-2.4329e-05,0,8.1516e-05,-0.00419516
0,-0.0137655,5.24491e-06,-2.41638e-05,0,7.55987e-05,-0.00529247
0,-0.0158971,3.17971e-06,-2.40451e-05,0,7.01112e-05,-0.00610364
0,-0.0171157,2.08399e-06,-2.39712e-05,0,6.50221e-05,-0.00656002
0,-0.0158603,3.61192e-06,-2.3924e-05,0,6.03026e-05,-0.00604229
0,-0.0153032,4.38421e-06,-2.38594e-05,0,5.59259e-05,-0.00584118
0,-0.0153411,4.51358e-06,-2.37756e-05,0,5.1867e-05,-0.00586677
0,-0.0154149,4.59627e-06,-2.3686e-05,0,4.81027e-05,-0.00589744
0,-0.0159056,4.22802e-06,-2.35945e-05,0,4.46118e-05,-0.00609395
0,-0.0175133,2.66797e-06,-2.35081e-05,0,4.13744e-05,-0.00672997
0,-0.0195614,6.40332e-07,-2.34469e-05,0,3.8372e-05,-0.00752461
0,-0.0202592,4.94714e-08,-2.3424e-05,0,3.55876e-05,-0.00777318
0,-0.0223087,-1.97873e-06,-2.342e-05,0,3.30054e-05,-0.00858213
0,-0.0226357,-2.17328e-06,-2.34495e-05,0,3.06106e-05,-0.00868245
0,-0.0233354,-2.71397e-06,-2.3492e-05,0,-2.66081e-05,-0.00953422
0,-0.0255755,-4.88987e-06,-2.35435e-05,0,-0.000154671,-0.0105146
0,-0.0276802,-6.91411e-06,-2.36305e-05,0,-0.000301959,-0.0114153
0,-0.0313689,-1.06117e-05,-2.37586e-05,0,-0.000455464,-0.0129468
0,-0.0332401,-1.23627e-05,-2.39524e-05,0,-0.000611938,-0.0137235
-3.5787e-05,-0.0354025,-1.44129e-05,-2.41909e-05,0,-0.00076931,-0.014639
-0.00019484,-0.0342039,-1.28828e-05,-2.44689e-05,0,-0.000923436,-0.014202
-0.000353893,-0.0291819,-7.2969e-06,-2.47342e-05,0,-0.00107073,-0.0122835
-0.000512946,-0.0279467,-5.75453e-06,-2.4908e-05,0,-0.00121019,-0.0119293
-0.000671999,-0.0237574,-1.0837e-06,-2.50308e-05,0,-0.00134149,-0.0103312
-0.000831053,-0.0172163,6.06088e-06,-2.50759e-05,0,-0.0014644,-0.00783298
-0.000990106,-0.015975,7.54173e-06,-2.49904e-05,0,-0.00157871,-0.00748095
-0.00114916,-0.0159852,7.67878e-06,-2.48469e-05,0,-0.00168419,-0.00754167
0.00107758,-0.0310972,-1.07602e-05,-2.46941e-05,0,0.000605271,-0.0119934
0.000874792,-0.0368494,-1.66513e-05,-2.48762e-05,0,0.000518838,-0.014045
0.000759479,-0.0386636,-1.83363e-05,-2.50882e-05,0,0.000442369,-0.0147073
0.000600426,-0.0396401,-1.91197e-05,-2.54465e-05,0,0.000375776,-0.0150877
0.000441372,-0.0382075,-1.73366e-05,-2.5825e-05,0,0.000319861,-0.0145156
0.000282319,-0.0348815,-1.35461e-05,-2.61807e-05,0,0.000275144,-0.0132215
0.000123266,-0.0311581,-9.34673e-06,-2.64705e-05,0,0.000241754,-0.0117957
0,-0.0324263,-1.04641e-05,-2.66785e-05,0,0.000218384,-0.0123677
0,-0.0318354,-9.603e-06,-2.68822e-05,0,0.000201003,-0.01212
0,-0.0272556,-4.51049e-06,-2.70785e-05,0,0.000186008,-0.0103072
0,-0.0275056,-4.56933e-06,-2.71942e-05,0,0.000172397,-0.0104836
0,-0.0247215,-1.40956e-06,-2.72853e-05,0,0.000159851,-0.00937406
0,-0.020486,3.2739e-06,-2.73293e-05,0,0.000148238,-0.00773093
0,-0.0165297,7.63496e-06,-2.72872e-05,0,0.000137473,-0.00622114
0,-0.0142677,1.01704e-05,-2.71563e-05,0,0.000127492,-0.00538325
0,-0.0114688,1.32551e-05,-2.69656e-05,0,0.000118236,-0.00430467
0,-0.0100082,1.48948e-05,-2.67159e-05,0,0.000109652,-0.00376839
0,-0.0107507,1.41765e-05,-2.64262e-05,0,0.000101692,-0.00409105
0,-0.0135626,1.12521e-05,-2.61391e-05,0,9.43098e-05,-0.00520607
0,-0.0162215,8.49247e-06,-2.58994e-05,0,8.74639e-05,-0.00622797
0,-0.0177487,6.93742e-06,-2.57158e-05,0,8.11152e-05,-0.00680012
0,-0.0187452,5.94532e-06,-2.55693e-05,0,7.52275e-05,-0.00717745
0,-0.0175315,7.29771e-06,-2.54454e-05,0,6.97674e-05,-0.00668015
0,-0.0175981,7.27879e-06,-2.53062e-05,0,6.47038e-05,-0.00672775
0,-0.0187261,6.12664e-06,-2.51605e-05,0,6.00079e-05,-0.0071794
0,-0.019871,4.95552e-06,-2.50322e-05,0,5.5653e-05,-0.0076214
0,-0.0225469,2.15895e-06,-2.49273e-05,0,5.16142e-05,-0.00867433
0,-0.026071,-1.53e-06,-2.48701e-05,0,4.78687e-05,-0.0100424
0,-0.0283823,-3.91734e-06,-2.48823e-05,0,4.43951e-05,-0.010913
0,-0.0269543,-2.32477e-06,-2.49487e-05,0,4.11737e-05,-0.0103089
0,-0.0269183,-2.21699e-06,-2.50031e-05,0,3.81862e-05,-0.0103178
0,-0.0254029,-5.3941e-07,-2.5048e-05,0,3.54155e-05,-0.00971455
0,-0.0251084,-1.18733e-07,-2.50672e-05,0,-1.76198e-05,-0.0101502
0,-0.02698,-2.00035e-06,-2.50717e-05,0,-0.000135623,-0.0109909
0,-0.0296131,-4.68297e-06,-2.51023e-05,0,-0.000271231,-0.0121007
0,-0.034586,-9.83758e-06,-2.51825e-05,0,-0.000412511,-0.0141296
0,-0.0372584,-1.2525e-05,-2.53535e-05,0,-0.000556484,-0.0151997
-3.2838e-05,-0.0374487,-1.25611e-05,-2.55906e-05,0,-0.000701253,-0.015309
-0.000178785,-0.0310793,-5.62767e-06,-2.58416e-05,0,-0.000843017,-0.0128314
-0.000324731,-0.0269428,-1.09183e-06,-2.59888e-05,0,-0.000978485,-0.0113402
-0.000470678,-0.0277664,-1.84219e-06,-2.60333e-05,0,-0.00110675,-0.0117896
-0.000616625,-0.02392,2.36706e-06,-2.60664e-05,0,-0.00122749,-0.0102924
-0.000762572,-0.0175839,9.19874e-06,-2.60401e-05,0,-0.00134053,-0.0078668
-0.000908518,-0.0124194,1.47514e-05,-2.58903e-05,0,-0.00144566,-0.00594157
-0.00105447,-0.00643172,2.11451e-05,-2.56231e-05,0,-0.00154265,-0.00366432
0.000988789,-0.0334522,-9.86992e-06,-2.52321e-05,0,0.000557948,-0.0130936
0.000791761,-0.0365569,-1.3039e-05,-2.53435e-05,0,0.000478559,-0.0139059
0.000696896,-0.0394608,-1.59799e-05,-2.54972e-05,0,0.00040835,-0.0150427
0.000550949,-0.044502,-2.11716e-05,-2.58021e-05,0,0.000347103,-0.0170281
0.000405002,-0.0469654,-2.35964e-05,-2.61996e-05,0,0.000295639,-0.0179483
0.000259055,-0.0422055,-1.83324e-05,-2.66594e-05,0,0.000254454,-0.0160211
0.000113109,-0.0369668,-1.2574e-05,-2.70523e-05,0,0.000223673,-0.0140114
0,-0.036058,-1.14325e-05,-2.73326e-05,0,0.000202095,-0.0137366
0,-0.0358082,-1.09924e-05,-2.7567e-05,0,0.000186022,-0.0136579
0,-0.0314733,-6.21445e-06,-2.7789e-05,0,0.000172148,-0.0119372
0,-0.0300215,-4.51697e-06,-2.79372e-05,0,0.000159552,-0.0114298
0,-0.0259292,-2.42323e-08,-2.8036e-05,0,0.000147942,-0.00982344
0,-0.018941,7.52129e-06,-2.8059e-05,0,0.000137194,-0.00710075
0,-0.0128011,1.4128e-05,-2.79463e-05,0,0.000127231,-0.00476081
0,-0.00618268,2.1205e-05,-2.76967e-05,0,0.000117994,-0.0022164
0,-0.00187885,2.57812e-05,-2.7308e-05,0,0.000109427,-0.00060328
0,-0.000921155,2.67694e-05,-2.68153e-05,0,0.000101483,-0.000290578
0,-0.00212737,2.54393e-05,-2.62848e-05,0,9.4116e-05,-0.00079043
0,-0.00580614,2.14735e-05,-2.57694e-05,0,8.7284e-05,-0.00224421
0,-0.0112431,1.56439e-05,-2.53201e-05,0,8.09482e-05,-0.00436197
0,-0.0164171,1.01076e-05,-2.49781e-05,0,7.50725e-05,-0.00634753
0,-0.0188265,7.52229e-06,-2.47482e-05,0,6.96235e-05,-0.00723302
0,-0.0207501,5.45876e-06,-2.45849e-05,0,6.45702e-05,-0.00796665
0,-0.0204812,5.72807e-06,-2.44654e-05,0,5.98839e-05,-0.00783204
0,-0.020744,5.42844e-06,-2.43522e-05,0,5.55378e-05,-0.00794318
0,-0.0213652,4.74657e-06,-2.42421e-05,0,5.15073e-05,-0.00818911
0,-0.0216938,4.37538e-06,-2.41438e-05,0,4.77695e-05,-0.00831262
0,-0.0217595,4.28257e-06,-2.40544e-05,0,4.4303e-05,-0.00833547
0,-0.0223938,3.58428e-06,-2.39683e-05,0,4.10882e-05,-0.00858928
0,-0.021397,4.61873e-06,-2.38931e-05,0,3.81068e-05,-0.00818297
0,-0.0198461,6.23518e-06,-2.38059e-05,0,3.53418e-05,-0.00758023
0,-0.0181333,8.0138e-06,-2.36893e-05,0,3.27776e-05,-0.00692128
0,-0.0172845,8.86405e-06,-2.35379e-05,0,3.03995e-05,-0.00660971
0,-0.0185637,7.48033e-06,-2.33649e-05,0,-8.52104e-06,-0.00751138
0,-0.0216689,4.16044e-06,-2.32083e-05,0,-9.46758e-05,-0.00879395
0,-0.0260052,-4.54338e-07,-2.31085e-05,0,-0.000193578,-0.0105384
0,-0.0304185,-5.13097e-06,-2.30945e-05,0,-0.000296441,-0.0122919
0,-0.0346456,-9.58719e-06,-2.31738e-05,0,-0.000400685,-0.0139664
-9.79448e-05,-0.0338149,-8.64959e-06,-2.33432e-05,0,-0.000503358,-0.0136202
-0.000198401,-0.0288853,-3.35869e-06,-2.35209e-05,0,-0.000601668,-0.0117106
-0.000298857,-0.0263467,-6.25528e-07,-2.36145e-05,0,-0.000694821,-0.0108145
-0.000399313,-0.0254626,3.40581e-07,-2.36407e-05,0,-0.000782576,-0.0105382
-0.000499769,-0.0242673,1.63286e-06,-2.36387e-05,0,-0.000864812,-0.0101083
-0.000600226,-0.0219945,4.06286e-06,-2.361e-05,0,-0.00094142,-0.00924891
-0.000700682,-0.020489,5.666e-06,-2.35409e-05,0,-0.00101227,-0.00870854
0.000705705,-0.0457581,-2.27669e-05,-2.34356e-05,0,0.00042965,-0.0178245
0.000575112,-0.0466467,-2.3584e-05,-2.38853e-05,0,0.000371129,-0.0177852
0.000504792,-0.04686,-2.36731e-05,-2.42114e-05,0,0.000319013,-0.0178751
0.000404336,-0.0466146,-2.32628e-05,-2.46844e-05,0,0.000273203,-0.017787
0.00030388,-0.0445018,-2.08597e-05,-2.51517e-05,0,0.00023421,-0.0169578
0.000203424,-0.0393268,-1.52056e-05,-2.5581e-05,0,0.000202378,-0.0149326
0.000102968,-0.0346593,-1.01065e-05,-2.59133e-05,0,0.000177903,-0.0131555
2.5114e-06,-0.0339064,-9.18083e-06,-2.6141e-05,0,0.000160447,-0.0129326
0,-0.0342859,-9.45831e-06,-2.63292e-05,0,0.000147559,-0.0131013
0,-0.0312536,-6.10971e-06,-2.6517e-05,0,0.000136519,-0.0118898
0,-0.0293926,-4.01737e-06,-2.66559e-05,0,0.00012652,-0.0111978
0,-0.0245454,1.23667e-06,-2.67467e-05,0,0.000117309,-0.00929512
0,-0.0184654,7.77503e-06,-2.67483e-05,0,0.000108784,-0.00694562
0,-0.0156867,1.07753e-05,-2.66255e-05,0,0.000100883,-0.00593294
0,-0.0118858,1.48406e-05,-2.6425e-05,0,9.3557e-05,-0.00446121
0,-0.0121773,1.45341e-05,-2.61485e-05,0,8.67635e-05,-0.00463911
0,-0.0135185,1.31045e-05,-2.58563e-05,0,8.04636e-05,-0.00517321
0,-0.0182811,8.0395e-06,-2.5587e-05,0,7.46214e-05,-0.00705724
0,-0.0230231,3.01099e-06,-2.54009e-05,0,6.92035e-05,-0.00888042
0,-0.0258473,3.59412e-08,-2.53155e-05,0,6.41792e-05,-0.00993796
0,-0.0273073,-1.4797e-06,-2.52999e-05,0,5.95199e-05,-0.0104799
0,-0.0261229,-1.81846e-07,-2.5322e-05,0,5.51989e-05,-0.00998665
0,-0.0213855,4.88212e-06,-2.53321e-05,0,5.11918e-05,-0.00811497
0,-0.0186318,7.81588e-06,-2.52598e-05,0,4.74758e-05,-0.00708973
0,-0.0158273,1.07866e-05,-2.51181e-05,0,4.40296e-05,-0.00601369
0,-0.0134621,1.32724e-05,-2.49172e-05,0,4.08337e-05,-0.00511368
0,-0.0124736,1.42786e-05,-2.46642e-05,0,3.78698e-05,-0.00475662
0,-0.0128069,1.38692e-05,-2.43837e-05,0,3.51212e-05,-0.00490618
0,-0.0118617,1.48111e-05,-2.41042e-05,0,3.25722e-05,-0.00452483
0,-0.00978835,1.69389e-05,-2.38127e-05,0,3.02083e-05,-0.00371252
0,-0.00704487,1.97607e-05,-2.34846e-05,0,2.8016e-05,-0.0026498
0,-0.00656991,2.01524e-05,-2.31035e-05,0,2.59829e-05,-0.00250314
0,-0.00842065,1.80631e-05,-2.27024e-05,0,2.40974e-05,-0.00325035
0,-0.0108136,1.54378e-05,-2.23307e-05,0,-2.14723e-05,-0.00463055
0,-0.0174944,8.264e-06,-2.20088e-05,0,-0.000123485,-0.00733632
0,-0.0241184,1.17708e-06,-2.18077e-05,0,-0.000240783,-0.00995175
0,-0.0307852,-5.92527e-06,-2.17487e-05,0,-0.000362907,-0.0125818
0,-0.0330394,-8.30885e-06,-2.18317e-05,0,-0.000486902,-0.0134452
-9.4277e-05,-0.0315798,-6.73366e-06,-2.19859e-05,0,-0.000609721,-0.0128888
-0.000215925,-0.0224738,2.9586e-06,-2.21285e-05,0,-0.000728036,-0.00933102
-0.000337572,-0.0199661,5.60599e-06,-2.21178e-05,0,-0.000840408,-0.00852027
-0.00045922,-0.0190417,6.55969e-06,-2.20189e-05,0,-0.000946418,-0.00823573
-0.000580868,-0.015863,9.90027e-06,-2.18925e-05,0,-0.00104589,-0.00702185
-0.000702516,-0.0148788,1.08931e-05,-2.17112e-05,0,-0.00113867,-0.00671397
-0.000824163,-0.0170339,8.54387e-06,-2.14983e-05,0,-0.00122461,-0.00762141
0.000878905,-0.0506318,-2.91197e-05,-2.13156e-05,0,0.000521202,-0.019797
0.000717721,-0.0529628,-3.1475e-05,-2.1899e-05,0,0.000449893,-0.0202047
0.000635609,-0.0526736,-3.10279e-05,-2.23121e-05,0,0.0003862,-0.0200763
0.000513962,-0.0524046,-3.05868e-05,-2.29349e-05,0,0.000330043,-0.0199894
0.000392314,-0.0510069,-2.89328e-05,-2.35489e-05,0,0.000282012,-0.0194486
0.000270666,-0.0442203,-2.15492e-05,-2.41358e-05,0,0.000242523,-0.0167709
0.000149018,-0.0385377,-1.53569e-05,-2.46037e-05,0,0.000211843,-0.0146146
2.73707e-05,-0.0370504,-1.36372e-05,-2.49418e-05,0,0.000189695,-0.0141153
0,-0.0391465,-1.57235e-05,-2.52231e-05,0,0.000173635,-0.0149818
0,-0.0361037,-1.23389e-05,-2.55272e-05,0,0.000160427,-0.0137406
0,-0.0327923,-8.67867e-06,-2.57909e-05,0,0.000148619,-0.0124705
0,-0.027544,-2.97448e-06,-2.59827e-05,0,0.000137785,-0.0104307
0,-0.0199923,5.15106e-06,-2.60708e-05,0,0.000127769,-0.00750033
0,-0.014582,1.09649e-05,-2.60084e-05,0,0.000118488,-0.00545999
0,-0.00938756,1.65174e-05,-2.58181e-05,0,0.000109883,-0.00347276
0,-0.00559848,2.0544e-05,-2.55156e-05,0,0.000101904,-0.0020431
0,-0.00589892,2.01992e-05,-2.51248e-05,0,9.45047e-05,-0.00222464
0,-0.00781839,1.8124e-05,-2.47191e-05,0,8.7643e-05,-0.0029898
0,-0.013096,1.24805e-05,-2.43462e-05,0,8.12798e-05,-0.00507089
0,-0.0195614,5.59077e-06,-2.40684e-05,0,7.53788e-05,-0.00757461
0,-0.0235072,1.40004e-06,-2.39221e-05,0,6.99064e-05,-0.0090538
0,-0.0257124,-9.27177e-07,-2.38732e-05,0,6.48315e-05,-0.00987634
0,-0.0247991,6.57898e-08,-2.38801e-05,0,6.01252e-05,-0.00948012
0,-0.0234597,1.50659e-06,-2.38837e-05,0,5.57607e-05,-0.00896136
0,-0.0221469,2.91206e-06,-2.38608e-05,0,5.17131e-05,-0.00845956
0,-0.0211753,3.94743e-06,-2.38096e-05,0,4.79595e-05,-0.00809351
0,-0.0207984,4.34475e-06,-2.37358e-05,0,4.44785e-05,-0.00795953
0,-0.022114,2.94068e-06,-2.36509e-05,0,4.12503e-05,-0.0084922
0,-0.0212747,3.82825e-06,-2.35851e-05,0,3.82565e-05,-0.00813833
0,-0.0207287,4.39854e-06,-2.3513e-05,0,3.54801e-05,-0.00793447
0,-0.019525,5.6622e-06,-2.34278e-05,0,3.29052e-05,-0.0074634
0,-0.0180223,7.23497e-06,-2.33209e-05,0,3.05173e-05,-0.00688294
0,-0.0182945,6.91298e-06,-2.31841e-05,0,2.83028e-05,-0.00701573
0,-0.018452,6.75674e-06,-2.30442e-05,0,-2.39885e-05,-0.00759667
0,-0.0215645,3.46105e-06,-2.29083e-05,0,-0.000140986,-0.00892362
0,-0.0261484,-1.38483e-06,-2.28226e-05,0,-0.000275518,-0.0107908
0,-0.0325122,-8.09926e-06,-2.28261e-05,0,-0.000415632,-0.0133425
0,-0.0368649,-1.26464e-05,-2.29545e-05,0,-0.000558089,-0.0150594
-8.13763e-05,-0.0368515,-1.25326e-05,-2.31847e-05,0,-0.000699964,-0.0150586
-0.0002229,-0.031817,-7.08135e-06,-2.34359e-05,0,-0.000837452,-0.0131142
-0.000364424,-0.027527,-2.43888e-06,-2.36048e-05,0,-0.000968328,-0.0115382
-0.000505948,-0.0263166,-1.0841e-06,-2.36768e-05,0,-0.00109196,-0.0111749
-0.000647472,-0.0242786,1.14384e-06,-2.37052e-05,0,-0.0012081,-0.0104283
-0.000788996,-0.022302,3.29605e-06,-2.36935e-05,0,-0.00131658,-0.00971324
-0.00093052,-0.0209444,4.77961e-06,-2.36383e-05,0,-0.00141722,-0.00923903
0.00105082,-0.0462228,-2.42797e-05,-2.35502e-05,0,0.000613089,-0.0179496
0.000870372,-0.0487402,-2.6786e-05,-2.4024e-05,0,0.000529155,-0.018559
0.000767768,-0.0492862,-2.71809e-05,-2.43986e-05,0,0.000453938,-0.0187649
0.000626244,-0.0503543,-2.81152e-05,-2.49402e-05,0,0.000387448,-0.0192022
0.00048472,-0.0489258,-2.6382e-05,-2.54979e-05,0,0.000330301,-0.0186311
0.000343196,-0.0437095,-2.06223e-05,-2.60342e-05,0,0.000282968,-0.0165829
0.000201672,-0.0370575,-1.33532e-05,-2.64754e-05,0,0.000245789,-0.014017
6.01477e-05,-0.032305,-8.12604e-06,-2.67788e-05,0,0.000218592,-0.01223
0,-0.0338067,-9.55912e-06,-2.69675e-05,0,0.000199146,-0.0129102
0,-0.0299203,-5.26426e-06,-2.71515e-05,0,0.000183748,-0.0113422
0,-0.0280197,-3.09575e-06,-2.72783e-05,0,0.000170159,-0.0106492
0,-0.0249763,2.75344e-07,-2.7351e-05,0,0.000157738,-0.00946893
0,-0.020488,5.16309e-06,-2.73624e-05,0,0.000146267,-0.00772877
0,-0.0162378,9.77195e-06,-2.72836e-05,0,0.000135641,-0.00610543
0,-0.0136616,1.25762e-05,-2.71112e-05,0,0.000125791,-0.00514651
0,-0.00961366,1.69217e-05,-2.68737e-05,0,0.000116657,-0.00357391
0,-0.00717351,1.95304e-05,-2.65569e-05,0,0.000108187,-0.00266557
0,-0.00815487,1.84827e-05,-2.61794e-05,0,0.000100332,-0.00309857
0,-0.00941666,1.71291e-05,-2.58045e-05,0,9.30483e-05,-0.00359087
0,-0.0122559,1.40949e-05,-2.54551e-05,0,8.62932e-05,-0.00470854
0,-0.0125029,1.3816e-05,-2.51581e-05,0,8.00287e-05,-0.00476664
0,-0.0140321,1.2168e-05,-2.48804e-05,0,7.42192e-05,-0.00537627
0,-0.012144,1.41471e-05,-2.46288e-05,0,6.88317e-05,-0.00460146
0,-0.00919909,1.72318e-05,-2.43557e-05,0,6.38354e-05,-0.00345683
0,-0.00607051,2.04891e-05,-2.40265e-05,0,5.9202e-05,-0.00225486
0,-0.00386408,2.27428e-05,-2.3633e-05,0,5.4905e-05,-0.00142377
0,-0.00318864,2.33495e-05,-2.31894e-05,0,5.092e-05,-0.00118976
0,-0.00503007,2.12693e-05,-2.27255e-05,0,4.72245e-05,-0.00193719
0,-0.00648589,1.95961e-05,-2.22897e-05,0,4.37972e-05,-0.00249195
0,-0.00836273,1.74729e-05,-2.18894e-05,0,4.06188e-05,-0.00322062
0,-0.00826483,1.74467e-05,-2.15293e-05,0,3.76712e-05,-0.00315418
0,-0.00923107,1.6283e-05,-2.11802e-05,0,3.49376e-05,-0.00354283
0,-0.0116332,1.35924e-05,-2.08488e-05,0,3.24024e-05,-0.00448846
0,-0.0146753,1.02732e-05,-2.05635e-05,0,-1.84369e-05,-0.00617347
0,-0.0206675,3.83257e-06,-2.03414e-05,0,-0.000131705,-0.00860425
0,-0.0260091,-1.8905e-06,-2.02325e-05,0,-0.000261886,-0.0107281
0,-0.0330572,-9.39851e-06,-2.02417e-05,0,-0.000397483,-0.01354
0,-0.0373139,-1.39048e-05,-2.03922e-05,0,-0.000535521,-0.0152069
-5.19929e-05,-0.0380251,-1.46187e-05,-2.06477e-05,0,-0.000673741,-0.0154959
-0.000190641,-0.0322273,-8.40926e-06,-2.09365e-05,0,-0.000808484,-0.0132347
-0.000329289,-0.0277276,-3.59688e-06,-2.11358e-05,0,-0.000937028,-0.0115862
-0.000467936,-0.0278472,-3.70504e-06,-2.12318e-05,0,-0.00105862,-0.0117567
-0.000606584,-0.0252411,-9.16031e-07,-2.13053e-05,0,-0.00117297,-0.0107625
-0.000745232,-0.0238899,5.30724e-07,-2.13376e-05,0,-0.00127993,-0.0103057
-0.00088388,-0.0245554,-1.69378e-07,-2.13342e-05,0,-0.00137929,-0.0106297
-0.00102253,-0.0256107,-1.27991e-06,-2.13341e-05,0,-0.00147084,-0.0110733
0.000918542,-0.0580021,-3.895e-05,-2.13375e-05,0,0.000525389,-0.0226278
0.000734834,-0.0590369,-3.982e-05,-2.21758e-05,0,0.000450706,-0.0225158
0.000641246,-0.0583241,-3.88194e-05,-2.2709e-05,0,0.00038483,-0.0222382
0.000502598,-0.0568142,-3.69569e-05,-2.34904e-05,0,0.0003276,-0.0216619
0.000363951,-0.0539959,-3.36952e-05,-2.42388e-05,0,0.000279766,-0.0205725
0.000225303,-0.0470707,-2.60709e-05,-2.4929e-05,0,0.000241767,-0.0178609
8.66549e-05,-0.0423365,-2.07927e-05,-2.54886e-05,0,0.000213608,-0.0160853
0,-0.0433184,-2.15972e-05,-2.59308e-05,0,0.0001937,-0.0165575
0,-0.0414029,-1.93147e-05,-2.63587e-05,0,0.000178482,-0.0157843
0,-0.0388485,-1.63569e-05,-2.67565e-05,0,0.00016522,-0.0147998
0,-0.0338994,-1.08645e-05,-2.70984e-05,0,0.000153143,-0.0128684
0,-0.0273078,-3.6492e-06,-2.73431e-05,0,0.000142002,-0.0103174
0,-0.0211666,3.05583e-06,-2.74522e-05,0,0.000131686,-0.007971
0,-0.0164379,8.22762e-06,-2.74246e-05,0,0.000122123,-0.00618139
0,-0.0119313,1.31335e-05,-2.72859e-05,0,0.000113256,-0.00445849
0,-0.00999954,1.52742e-05,-2.70478e-05,0,0.000105034,-0.00376005
0,-0.0111964,1.40718e-05,-2.6753e-05,0,9.74082e-05,-0.00427123
0,-0.0127727,1.24599e-05,-2.64655e-05,0,9.03366e-05,-0.00488572
0,-0.0190534,5.84948e-06,-2.62083e-05,0,8.37787e-05,-0.00737269
0,-0.0231073,1.6234e-06,-2.60582e-05,0,7.76971e-05,-0.00889817
0,-0.0251603,-4.65224e-07,-2.60046e-05,0,7.20572e-05,-0.00965857
0,-0.0252882,-5.04093e-07,-2.60035e-05,0,6.68269e-05,-0.00968066
0,-0.0233582,1.6395e-06,-2.60134e-05,0,6.19763e-05,-0.00891034
0,-0.0215826,3.60685e-06,-2.59913e-05,0,5.74781e-05,-0.00823305
0,-0.0196791,5.69759e-06,-2.5929e-05,0,5.33064e-05,-0.00750213
0,-0.0185771,6.92328e-06,-2.58255e-05,0,4.94377e-05,-0.0070931
0,-0.0186262,6.91581e-06,-2.56932e-05,0,4.58499e-05,-0.0071313
0,-0.0182497,7.35428e-06,-2.55548e-05,0,4.25226e-05,-0.00698178
0,-0.0165758,9.16238e-06,-2.54099e-05,0,3.94369e-05,-0.0063206
0,-0.0150675,1.07805e-05,-2.52357e-05,0,3.65752e-05,-0.00574531
0,-0.0133906,1.25635e-05,-2.50282e-05,0,3.39212e-05,-0.00510009
0,-0.0119434,1.40873e-05,-2.47859e-05,0,3.146e-05,-0.00454904
0,-0.012969,1.29989e-05,-2.45117e-05,0,-1.14131e-06,-0.00529819
0,-0.0147546,1.11002e-05,-2.42463e-05,0,-7.27191e-05,-0.00604877
0,-0.0167345,8.99666e-06,-2.40148e-05,0,-0.000154817,-0.00686403
0,-0.0203658,5.14292e-06,-2.38244e-05,0,-0.000240251,-0.00833364
0,-0.0231076,2.24622e-06,-2.37022e-05,0,-0.000327164,-0.00942006
-3.25101e-05,-0.0235394,1.81223e-06,-2.36428e-05,0,-0.000414148,-0.00959468
-0.000119204,-0.0216931,3.79758e-06,-2.36044e-05,0,-0.000498916,-0.00889165
-0.000205897,-0.0187867,6.89817e-06,-2.35384e-05,0,-0.000579772,-0.00779674
-0.000292591,-0.0199093,5.70468e-06,-2.34159e-05,0,-0.000656243,-0.00832342
-0.000379284,-0.0199699,5.64023e-06,-2.32959e-05,0,-0.000728161,-0.00836081
-0.000465978,-0.0169134,8.88211e-06,-2.31827e-05,0,-0.000795418,-0.00716635
-0.000552671,-0.013324,1.26718e-05,-2.30213e-05,0,-0.000857901,-0.00580347
-0.000639365,-0.0105325,1.55919e-05,-2.27868e-05,0,-0.000915477,-0.00476423
0.000574345,-0.0347069,-8.64174e-06,-2.25334e-05,0,0.000332417,-0.0135548
0.000461643,-0.0364706,-1.05577e-05,-2.26515e-05,0,0.000285415,-0.0139238
0.000400958,-0.0376756,-1.18664e-05,-2.27897e-05,0,0.000243937,-0.0143922
0.000314264,-0.0409928,-1.54033e-05,-2.30205e-05,0,0.000207905,-0.0157083
0.00022757,-0.0413125,-1.5733e-05,-2.33109e-05,0,0.000177771,-0.0157933
0.000140877,-0.0379552,-1.2147e-05,-2.36239e-05,0,0.000153805,-0.0144545
5.41834e-05,-0.0338367,-7.75925e-06,-2.38848e-05,0,0.000136007,-0.0128669
0,-0.0343484,-8.29946e-06,-2.40619e-05,0,0.000123382,-0.0131391
0,-0.0308049,-4.52656e-06,-2.42252e-05,0,0.000113702,-0.0117206
0,-0.0269785,-4.65206e-07,-2.43346e-05,0,0.000105257,-0.0102509
0,-0.0242349,2.43114e-06,-2.43642e-05,0,9.75647e-05,-0.00921756
0,-0.0187778,8.19608e-06,-2.433e-05,0,9.04676e-05,-0.00708384
0,-0.0150593,1.2088e-05,-2.41949e-05,0,8.38956e-05,-0.00568571
0,-0.0118674,1.53992e-05,-2.39726e-05,0,7.78034e-05,-0.00447102
0,-0.0116993,1.54792e-05,-2.36812e-05,0,7.21545e-05,-0.00445548
0,-0.0132478,1.37289e-05,-2.3372e-05,0,6.69161e-05,-0.00507888
0,-0.01561,1.11155e-05,-2.30887e-05,0,6.20581e-05,-0.00600076
0,-0.019823,6.54292e-06,-2.28533e-05,0,5.75531e-05,-0.00764905
0,-0.0232836,2.78556e-06,-2.26996e-05,0,5.33752e-05,-0.0089684
0,-0.0248566,1.04768e-06,-2.26251e-05,0,4.95008e-05,-0.00954534
0,-0.0261905,-4.28318e-07,-2.25955e-05,0,4.59077e-05,-0.0100556
0,-0.0258369,-1.04742e-07,-2.25967e-05,0,4.25756e-05,-0.00989557
0,-0.0233879,2.44387e-06,-2.26004e-05,0,3.94854e-05,-0.00892453
0,-0.0216593,4.21753e-06,-2.25642e-05,0,3.66196e-05,-0.00827318
0,-0.0204605,5.42093e-06,-2.24887e-05,0,3.3962e-05,-0.00782221
0,-0.0196752,6.17895e-06,-2.23863e-05,0,3.14973e-05,-0.00752819
0,-0.0196452,6.13035e-06,-2.22666e-05,0,2.92115e-05,-0.0075293
0,-0.018944,6.79271e-06,-2.21437e-05,0,2.70917e-05,-0.0072508
0,-0.0170185,8.75023e-06,-2.20112e-05,0,2.51258e-05,-0.0064936
0,-0.0149405,1.08588e-05,-2.18459e-05,0,2.33027e-05,-0.00569415
0,-0.0148564,1.08377e-05,-2.16393e-05,0,2.16119e-05,-0.00569323
0,-0.0150617,1.05055e-05,-2.14225e-05,0,2.00438e-05,-0.00577724
0,-0.0168731,8.51229e-06,-2.12107e-05,0,-3.10647e-05,-0.00701694
0,-0.0213951,3.64736e-06,-2.10305e-05,0,-0.000146173,-0.00888135
0,-0.026262,-1.56337e-06,-2.09332e-05,0,-0.000278668,-0.0108401
0,-0.0310038,-6.61678e-06,-2.09384e-05,0,-0.000416784,-0.0127401
0,-0.0327405,-8.45325e-06,-2.10455e-05,0,-0.000557506,-0.0134378
-4.63181e-05,-0.0304442,-5.99368e-06,-2.12054e-05,0,-0.000698665,-0.0125662
-0.000188835,-0.0204847,4.59712e-06,-2.13375e-05,0,-0.000836512,-0.00869099
-0.000331352,-0.0143012,1.11353e-05,-2.12985e-05,0,-0.000968109,-0.00643532
-0.000473869,-0.0145136,1.0852e-05,-2.11085e-05,0,-0.00109264,-0.00667009
-0.000616387,-0.0142647,1.10548e-05,-2.08901e-05,0,-0.0012098,-0.00661704
-0.000758904,-0.0132176,1.20997e-05,-2.067e-05,0,-0.00131942,-0.00624667
-0.000901421,-0.0122819,1.30167e-05,-2.04332e-05,0,-0.00142129,-0.00592762
-0.00104394,-0.0100221,1.53301e-05,-2.01775e-05,0,-0.0015152,-0.00507288
0.000951302,-0.038477,-1.49232e-05,-1.99171e-05,0,0.000536877,-0.0150169
0.000762467,-0.0366606,-1.303e-05,-2.01729e-05,0,0.000460192,-0.013877
0.000666268,-0.0355838,-1.19219e-05,-2.03583e-05,0,0.000392503,-0.0134984
0.00052375,-0.036402,-1.28205e-05,-2.06023e-05,0,0.000333644,-0.0138577
0.000381233,-0.0363841,-1.2818e-05,-2.08542e-05,0,0.00028439,-0.0138512
0.000238716,-0.0332037,-9.44851e-06,-2.11105e-05,0,0.000245203,-0.0125922
9.61991e-05,-0.0293565,-5.37751e-06,-2.13164e-05,0,0.000216126,-0.0111136
0,-0.0291699,-5.20453e-06,-2.14443e-05,0,0.000195682,-0.0111057
0,-0.0268087,-2.719e-06,-2.15492e-05,0,0.000180228,-0.0101725
0,-0.0230856,1.20535e-06,-2.1616e-05,0,0.000166814,-0.00872821
0,-0.0208576,3.52726e-06,-2.16115e-05,0,0.000154615,-0.00790134
0,-0.0153805,9.28869e-06,-2.15526e-05,0,0.000143366,-0.00575373
0,-0.00861518,1.63908e-05,-2.13956e-05,0,0.00013295,-0.00314109
0,-0.00295336,2.22851e-05,-2.11033e-05,0,0.000123295,-0.00098847
0,0.0016378,2.70082e-05,-2.06871e-05,0,0.000114343,0.000753859
0,0.00448214,2.98447e-05,-2.01706e-05,0,0.000106041,0.00181536
0,0.00363399,2.87351e-05,-1.95878e-05,0,9.83425e-05,0.00142943
0,0.000649196,2.53484e-05,-1.90076e-05,0,9.12031e-05,0.000247131
0,-0.00409627,2.00949e-05,-1.84837e-05,0,8.45822e-05,-0.00160526
0,-0.00957164,1.408e-05,-1.80555e-05,0,7.84422e-05,-0.0037219
0,-0.0129062,1.0358e-05,-1.77439e-05,0,7.27482e-05,-0.00497228
0,-0.0139727,9.05687e-06,-1.75181e-05,0,6.74676e-05,-0.00534962
0,-0.0130959,9.82311e-06,-1.73324e-05,0,6.25706e-05,-0.0049855
0,-0.0130091,9.74603e-06,-1.71398e-05,0,5.80291e-05,-0.00496642
0,-0.0124639,1.01544e-05,-1.69445e-05,0,5.38174e-05,-0.00475206
0,-0.0128576,9.56254e-06,-1.67434e-05,0,4.99116e-05,-0.0049195
0,-0.0127969,9.45431e-06,-1.65492e-05,0,4.62894e-05,-0.00489094
0,-0.0125272,9.56717e-06,-1.63596e-05,0,4.29301e-05,-0.00478577
0,-0.012791,9.1119e-06,-1.61688e-05,0,3.98148e-05,-0.00489673
0,-0.0109145,1.09298e-05,-1.59843e-05,0,3.69256e-05,-0.00414476
0,-0.0110504,1.0602e-05,-1.57748e-05,0,3.42462e-05,-0.00422906
0,-0.0117657,9.65859e-06,-1.55611e-05,0,3.17614e-05,-0.00451379
0,-0.0135159,7.65329e-06,-1.53632e-05,0,-6.91775e-06,-0.00558345
0,-0.0172977,3.49963e-06,-1.52001e-05,0,-9.23912e-05,-0.00713084
0,-0.0211545,-7.14221e-07,-1.51094e-05,0,-0.00019052,-0.00867565
0,-0.0261276,-6.09141e-06,-1.51026e-05,0,-0.0002927,-0.0106625
0,-0.0291276,-9.34453e-06,-1.51975e-05,0,-0.000396755,-0.0118413
-2.88192e-05,-0.028855,-9.10088e-06,-1.53681e-05,0,-0.000501211,-0.0117398
-0.000133616,-0.0229022,-2.81908e-06,-1.55514e-05,0,-0.000603328,-0.00941639
-0.000238413,-0.0143805,6.16974e-06,-1.56392e-05,0,-0.000700848,-0.00614995
-0.00034321,-0.0103936,1.03073e-05,-1.55607e-05,0,-0.000793147,-0.00472951
-0.000448008,-0.00863519,1.20593e-05,-1.53753e-05,0,-0.000880005,-0.0041253
-0.000552805,-0.00688066,1.37964e-05,-1.51428e-05,0,-0.000961287,-0.00348435
-0.000657602,-0.0057198,1.48914e-05,-1.48756e-05,0,-0.00103686,-0.00307638
-0.000762399,-0.00520601,1.52896e-05,-1.45832e-05,0,-0.00110655,-0.00291384
0.00070476,-0.0325771,-1.50639e-05,-1.42854e-05,0,0.000401777,-0.0128008
0.000571144,-0.0342199,-1.68417e-05,-1.45198e-05,0,0.000344721,-0.0130364
0.000495166,-0.0357002,-1.84303e-05,-1.47551e-05,0,0.000294276,-0.0136195
0.000390369,-0.0371777,-1.99965e-05,-1.51157e-05,0,0.000250382,-0.0141989
0.000285572,-0.0362246,-1.89624e-05,-1.55078e-05,0,0.000213566,-0.0138056
0.000180775,-0.0317562,-1.41878e-05,-1.58923e-05,0,0.000184163,-0.0120439
7.59779e-05,-0.0270023,-9.11985e-06,-1.61999e-05,0,0.000162228,-0.0102208
0,-0.0272387,-9.36421e-06,-1.64076e-05,0,0.000146786,-0.0103938
0,-0.0265217,-8.58906e-06,-1.65937e-05,0,0.000135168,-0.0101089
0,-0.0242174,-6.12619e-06,-1.67693e-05,0,0.000125101,-0.00920444
0,-0.0227333,-4.54007e-06,-1.69042e-05,0,0.000115952,-0.00865148
0,-0.0190386,-6.10162e-07,-1.70029e-05,0,0.000107515,-0.00720285
0,-0.0148323,3.84778e-06,-1.70348e-05,0,9.97044e-05,-0.00558354
0,-0.0112521,7.62135e-06,-1.69801e-05,0,9.24642e-05,-0.00422179
0,-0.0104584,8.4176e-06,-1.68465e-05,0,8.57509e-05,-0.00396288
0,-0.0110097,7.77839e-06,-1.66822e-05,0,7.95254e-05,-0.00419819
0,-0.0116442,7.04985e-06,-1.65234e-05,0,7.37521e-05,-0.00444586
0,-0.015944,2.42962e-06,-1.63788e-05,0,6.83982e-05,-0.0061557
0,-0.020128,-2.04952e-06,-1.63071e-05,0,6.34331e-05,-0.00776293
0,-0.0218761,-3.92249e-06,-1.63257e-05,0,5.88286e-05,-0.00839908
0,-0.0232414,-5.3785e-06,-1.63947e-05,0,5.45585e-05,-0.00891952
0,-0.0232614,-5.39671e-06,-1.6495e-05,0,5.05985e-05,-0.00890849
0,-0.0208487,-2.82845e-06,-1.66029e-05,0,4.6926e-05,-0.00794651
0,-0.0194255,-1.31895e-06,-1.66723e-05,0,4.35203e-05,-0.00741677
0,-0.0193804,-1.27751e-06,-1.67062e-05,0,4.03618e-05,-0.00742207
0,-0.0196317,-1.54993e-06,-1.6732e-05,0,3.74327e-05,-0.00752454
0,-0.0201948,-2.15093e-06,-1.67616e-05,0,3.47162e-05,-0.00774682
0,-0.0200449,-1.99107e-06,-1.68016e-05,0,3.2197e-05,-0.00767953
0,-0.0185448,-3.96963e-07,-1.68422e-05,0,2.98607e-05,-0.00708392
0,-0.0168428,1.4055e-06,-1.68582e-05,0,2.7694e-05,-0.00642831
0,-0.0173116,8.95456e-07,-1.68391e-05,0,2.56845e-05,-0.00664253
0,-0.015559,2.74562e-06,-1.68186e-05,0,2.3821e-05,-0.00593639
0,-0.0147821,3.5763e-06,-1.67729e-05,0,-4.74107e-06,-0.00593464
0,-0.016629,1.6167e-06,-1.67056e-05,0,-6.78215e-05,-0.00673129
0,-0.0202395,-2.20781e-06,-1.66634e-05,0,-0.000140236,-0.00819099
0,-0.0256158,-7.8898e-06,-1.66885e-05,0,-0.000215637,-0.0103269
0,-0.0312662,-1.38353e-05,-1.68179e-05,0,-0.00029242,-0.0125429
-2.12601e-05,-0.0340025,-1.6655e-05,-1.70648e-05,0,-0.000369498,-0.0135884
-9.85696e-05,-0.0303658,-1.26881e-05,-1.73838e-05,0,-0.000444848,-0.0121307
-0.000175879,-0.0306258,-1.28676e-05,-1.76574e-05,0,-0.000516806,-0.0123236
-0.000253189,-0.033491,-1.58059e-05,-1.79139e-05,0,-0.00058491,-0.0134941
-0.000330498,-0.0311862,-1.32356e-05,-1.82153e-05,0,-0.000649001,-0.0125571
-0.000407807,-0.0249568,-6.50282e-06,-1.84929e-05,0,-0.000708976,-0.010129
-0.000485117,-0.0173441,1.67358e-06,-1.86566e-05,0,-0.000764736,-0.00720571
-0.000562426,-0.0103517,9.15596e-06,-1.8664e-05,0,-0.000816162,-0.00454847
0.000519906,-0.0418307,-1.82685e-05,-1.86305e-05,0,0.00029653,-0.0163493
0.000417471,-0.0437213,-2.03411e-05,-1.90149e-05,0,0.000254467,-0.0167222
0.000365287,-0.046715,-2.35651e-05,-1.92792e-05,0,0.00021729,-0.0179016
0.000287978,-0.0509861,-2.81154e-05,-1.97344e-05,0,0.000184907,-0.0195702
0.000210668,-0.0505395,-2.76195e-05,-2.02739e-05,0,0.000157737,-0.0193338
0.000133359,-0.0437577,-2.03813e-05,-2.08288e-05,0,0.000136033,-0.0166385
5.60494e-05,-0.0355341,-1.16278e-05,-2.12726e-05,0,0.000119839,-0.0134635
0,-0.0317236,-7.5865e-06,-2.15489e-05,0,0.000108436,-0.0120721
0,-0.0278203,-3.45715e-06,-2.17209e-05,0,9.9854e-05,-0.0105756
0,-0.0227357,1.9132e-06,-2.18107e-05,0,9.24179e-05,-0.00860847
0,-0.0200382,4.72774e-06,-2.17992e-05,0,8.56587e-05,-0.00761244
0,-0.015871,9.09019e-06,-2.17188e-05,0,7.94264e-05,-0.00599266
0,-0.00936932,1.59098e-05,-2.15588e-05,0,7.36562e-05,-0.00346303
0,-0.00425495,2.12217e-05,-2.12747e-05,0,6.83075e-05,-0.00152292
0,0.000591406,2.62176e-05,-2.08768e-05,0,6.33481e-05,0.000331601
0,0.00373238,2.93702e-05,-2.03774e-05,0,5.8749e-05,0.00150941
0,0.00487292,3.03723e-05,-1.98058e-05,0,5.44841e-05,0.0019147
0,0.00303529,2.81943e-05,-1.92033e-05,0,5.05289e-05,0.00116154
0,-0.00027439,2.44497e-05,-1.86286e-05,0,4.6861e-05,-0.000133677
0,-0.00466128,1.95664e-05,-1.81209e-05,0,4.34594e-05,-0.00183636
0,-0.00925435,1.44768e-05,-1.77051e-05,0,4.03049e-05,-0.00360476
0,-0.0108622,1.25731e-05,-1.73901e-05,0,3.73795e-05,-0.00417785
0,-0.0115388,1.16629e-05,-1.71291e-05,0,3.46665e-05,-0.0044247
0,-0.0112732,1.17545e-05,-1.68913e-05,0,3.21505e-05,-0.00430946
0,-0.0110374,1.18118e-05,-1.66567e-05,0,2.98172e-05,-0.0042205
0,-0.0108986,1.17637e-05,-1.64208e-05,0,2.76533e-05,-0.00416971
0,-0.0112572,1.11856e-05,-1.61852e-05,0,2.56465e-05,-0.00431599
0,-0.0114542,1.07797e-05,-1.59586e-05,0,2.37855e-05,-0.00439006
0,-0.0118033,1.02125e-05,-1.5741e-05,0,2.20595e-05,-0.00452725
0,-0.0107173,1.11702e-05,-1.55339e-05,0,2.04589e-05,-0.00408901
0,-0.00978052,1.19639e-05,-1.53153e-05,0,1.89744e-05,-0.00373229
0,-0.0103994,1.11009e-05,-1.508e-05,0,1.75977e-05,-0.00399441
0,-0.0122525,8.92944e-06,-1.48537e-05,0,1.6321e-05,-0.00472554
0,-0.0143134,6.58671e-06,-1.46642e-05,0,-3.01605e-05,-0.00598559
0,-0.0167134,3.89503e-06,-1.45208e-05,0,-0.000135029,-0.00698844
0,-0.0209144,-6.94946e-07,-1.44294e-05,0,-0.000255729,-0.00870316
0,-0.0233915,-3.43077e-06,-1.44204e-05,0,-0.00038141,-0.00969838
0,-0.0238881,-4.04638e-06,-1.44753e-05,0,-0.000508885,-0.00992499
-0.00012084,-0.0207764,-8.22024e-07,-1.45532e-05,0,-0.000634504,-0.00873639
-0.000244778,-0.0124374,7.94382e-06,-1.45857e-05,0,-0.000754817,-0.00551066
-0.000368717,-0.00757582,1.29818e-05,-1.44707e-05,0,-0.000868837,-0.00374855
-0.000492655,-0.00674673,1.37147e-05,-1.42362e-05,0,-0.000976264,-0.00353834
-0.000616593,-0.00642428,1.39028e-05,-1.39656e-05,0,-0.00107694,-0.00346365
-0.000740532,-0.00735164,1.27592e-05,-1.36885e-05,0,-0.00117074,-0.00387537
-0.00086447,-0.00868184,1.11891e-05,-1.34276e-05,0,-0.00125747,-0.00442408
0.000870667,-0.0315004,-1.5165e-05,-1.31959e-05,0,0.000522124,-0.0122846
0.000706449,-0.0323017,-1.60484e-05,-1.3466e-05,0,0.00045053,-0.0122458
0.00062279,-0.0312824,-1.49866e-05,-1.36783e-05,0,0.000386804,-0.0118491
0.000498852,-0.0292615,-1.28544e-05,-1.39833e-05,0,0.000330787,-0.0110736
0.000374914,-0.0261618,-9.57581e-06,-1.42511e-05,0,0.000283137,-0.00987991
0.000250975,-0.0218287,-4.99341e-06,-1.4459e-05,0,0.000244287,-0.00820785
0.000127037,-0.0196232,-2.68364e-06,-1.45818e-05,0,0.000214483,-0.00740248
3.09846e-06,-0.0218936,-5.13205e-06,-1.4647e-05,0,0.000193309,-0.00835052
0,-0.0273897,-1.09907e-05,-1.47374e-05,0,0.000177745,-0.0105172
0,-0.0269847,-1.05532e-05,-1.49279e-05,0,0.000164436,-0.0102775
0,-0.0265675,-1.00973e-05,-1.51412e-05,0,0.000152389,-0.0101228
0,-0.0209096,-4.0726e-06,-1.53454e-05,0,0.000141294,-0.00787512
0,-0.0151262,2.06419e-06,-1.5457e-05,0,0.000131026,-0.00565728
0,-0.00954351,7.96276e-06,-1.54464e-05,0,0.000121509,-0.00352115
0,-0.00692001,1.06922e-05,-1.53166e-05,0,0.000112684,-0.00256328
0,-0.00624875,1.13328e-05,-1.51164e-05,0,0.000104502,-0.00233932
0,-0.00740222,1.00281e-05,-1.48929e-05,0,9.69133e-05,-0.00281383
0,-0.0114082,5.69583e-06,-1.46859e-05,0,8.98763e-05,-0.00439917
0,-0.0162593,4.81729e-07,-1.45503e-05,0,8.33506e-05,-0.00627804
0,-0.017541,-9.20858e-07,-1.45146e-05,0,7.72989e-05,-0.00671845
0,-0.0168721,-2.44953e-07,-1.4526e-05,0,7.16868e-05,-0.00643437
0,-0.0162583,3.71015e-07,-1.45343e-05,0,6.64823e-05,-0.006202
0,-0.015115,1.54754e-06,-1.45299e-05,0,6.16559e-05,-0.00575719
0,-0.0146111,2.04089e-06,-1.45048e-05,0,5.718e-05,-0.0055756
0,-0.0165333,-4.36582e-08,-1.44665e-05,0,5.30292e-05,-0.00635288
0,-0.0185998,-2.27188e-06,-1.44569e-05,0,4.91799e-05,-0.00715047
0,-0.0204271,-4.23485e-06,-1.44912e-05,0,4.56101e-05,-0.0078502
0,-0.0219585,-5.87239e-06,-1.45661e-05,0,4.22995e-05,-0.00843529
0,-0.0223173,-6.25425e-06,-1.46754e-05,0,3.92294e-05,-0.00855657
0,-0.0205024,-4.32259e-06,-1.47986e-05,0,3.63822e-05,-0.00782773
0,-0.0185324,-2.23085e-06,-1.48947e-05,0,3.37417e-05,-0.00707011
0,-0.0179412,-1.60976e-06,-1.49497e-05,0,3.1293e-05,-0.00686541
0,-0.018991,-2.73188e-06,-1.4985e-05,0,2.90221e-05,-0.00729473
0,-0.0192569,-2.96265e-06,-1.50341e-05,0,-3.09409e-05,-0.00798285
0,-0.0237012,-7.62595e-06,-1.50922e-05,0,-0.00016544,-0.00985193
0,-0.0266857,-1.07154e-05,-1.52214e-05,0,-0.000320134,-0.0110715
0,-0.0305296,-1.46984e-05,-1.54202e-05,0,-0.000481212,-0.0126522
0,-0.0315209,-1.56283e-05,-1.56943e-05,0,-0.000644773,-0.0130755
-0.000124474,-0.0292239,-1.30548e-05,-1.60022e-05,0,-0.000806791,-0.0122234
-0.000285085,-0.0229913,-6.30648e-06,-1.62762e-05,0,-0.000962873,-0.00984375
-0.000445696,-0.0230681,-6.28147e-06,-1.6436e-05,0,-0.00111112,-0.0100374
-0.000606307,-0.021855,-4.88473e-06,-1.65618e-05,0,-0.00125097,-0.0096127
-0.000766918,-0.0167688,6.19886e-07,-1.66665e-05,0,-0.0013822,-0.00765469
-0.000927529,-0.0122201,5.52977e-06,-1.66816e-05,0,-0.00150461,-0.00596432
-0.00108814,-0.00744666,1.06538e-05,-1.65956e-05,0,-0.00161799,-0.00416983
0.00116042,-0.0342681,-2.03523e-05,-1.64081e-05,0,0.000687092,-0.0133588
0.00093556,-0.0358501,-2.18642e-05,-1.68229e-05,0,0.000593136,-0.0135673
0.000839193,-0.0369678,-2.28725e-05,-1.70777e-05,0,0.000509255,-0.0140204
0.000678582,-0.04203,-2.80542e-05,-1.75302e-05,0,0.000435197,-0.0160459
0.000517971,-0.0444745,-3.04231e-05,-1.80653e-05,0,0.000371832,-0.016962
0.00035736,-0.0409363,-2.64166e-05,-1.86619e-05,0,0.000319736,-0.0155259
0.000196749,-0.035949,-2.08766e-05,-1.92103e-05,0,0.000279263,-0.0136004
3.61375e-05,-0.0328133,-1.7317e-05,-1.96555e-05,0,0.000250052,-0.0124347
0,-0.0328899,-1.71766e-05,-2.00197e-05,0,0.000228878,-0.012522
0,-0.0284439,-1.22301e-05,-2.03639e-05,0,0.000211466,-0.0107535
0,-0.0261163,-9.5502e-06,-2.06332e-05,0,0.000195901,-0.00989947
0,-0.0219211,-4.89752e-06,-2.08376e-05,0,0.00018162,-0.00826669
0,-0.0145307,3.12688e-06,-2.09589e-05,0,0.000168417,-0.00538613
0,-0.00906727,9.0668e-06,-2.09364e-05,0,0.000156183,-0.00332355
0,-0.00472727,1.37807e-05,-2.07848e-05,0,0.000144841,-0.00167961
0,-0.00201895,1.67315e-05,-2.05328e-05,0,0.000134323,-0.00066964
0,-0.00162908,1.71959e-05,-2.02129e-05,0,0.00012457,-0.0005601
0,-0.00397655,1.47392e-05,-1.98713e-05,0,0.000115525,-0.00150778
0,-0.00805004,1.04486e-05,-1.95642e-05,0,0.000107138,-0.00310244
0,-0.0134983,4.70719e-06,-1.93338e-05,0,9.93593e-05,-0.00521934
0,-0.0178997,9.52939e-08,-1.9211e-05,0,9.21459e-05,-0.00689687
0,-0.0209951,-3.11393e-06,-1.9186e-05,0,8.54564e-05,-0.0080687
0,-0.022686,-4.81958e-06,-1.92322e-05,0,7.92528e-05,-0.00869946
0,-0.0220721,-4.07085e-06,-1.93201e-05,0,7.34998e-05,-0.00843114
0,-0.0205603,-2.37187e-06,-1.94052e-05,0,6.81646e-05,-0.00783941
0,-0.019021,-6.51504e-07,-1.94612e-05,0,6.32168e-05,-0.00725027
0,-0.0176866,8.42551e-07,-1.94828e-05,0,5.86284e-05,-0.00674321
0,-0.0165468,2.12145e-06,-1.94734e-05,0,5.43731e-05,-0.00631051
0,-0.0160436,2.71591e-06,-1.94374e-05,0,5.04269e-05,-0.00612894
0,-0.014945,3.93667e-06,-1.9386e-05,0,4.67671e-05,-0.0056997
0,-0.0125603,6.51387e-06,-1.93134e-05,0,4.33732e-05,-0.0047659
0,-0.0109681,8.23391e-06,-1.9196e-05,0,4.02256e-05,-0.00416813
0,-0.0108244,8.40298e-06,-1.90399e-05,0,3.73066e-05,-0.00413652
0,-0.0123907,6.78142e-06,-1.88727e-05,0,2.14476e-07,-0.00512223
0,-0.0156977,3.31363e-06,-1.8729e-05,0,-8.10712e-05,-0.0064786
0,-0.0201695,-1.3794e-06,-1.86454e-05,0,-0.000174271,-0.00827191
0,-0.0248207,-6.24406e-06,-1.86495e-05,0,-0.000271209,-0.0101165
0,-0.0288581,-1.04349e-05,-1.87501e-05,0,-0.000369676,-0.0117101
-5.56978e-05,-0.0289012,-1.03634e-05,-1.89378e-05,0,-0.000467675,-0.0117146
-0.000152564,-0.0233443,-4.34223e-06,-1.91454e-05,0,-0.000562607,-0.0095404
-0.000249429,-0.0158835,3.67714e-06,-1.92624e-05,0,-0.000652952,-0.00668771
-0.000346295,-0.0141951,5.53187e-06,-1.92289e-05,0,-0.000738283,-0.00616533
-0.000443161,-0.0130271,6.82214e-06,-1.91276e-05,0,-0.000818438,-0.00575835
-0.000540026,-0.0127729,7.13156e-06,-1.89976e-05,0,-0.000893301,-0.00570451
-0.000636892,-0.0129399,6.98715e-06,-1.88565e-05,0,-0.000962745,-0.00580111
0.000719228,-0.0382849,-2.1436e-05,-1.8716e-05,0,0.000426365,-0.0149583
0.000595724,-0.0386085,-2.16225e-05,-1.91205e-05,0,0.000368428,-0.0146936
0.000525497,-0.0377813,-2.05802e-05,-1.94331e-05,0,0.000316492,-0.0143767
0.000428631,-0.0372055,-1.97996e-05,-1.98499e-05,0,0.000270563,-0.0141727
0.000331765,-0.034043,-1.62671e-05,-2.02498e-05,0,0.000231059,-0.0129296
0.000234899,-0.0290829,-1.08339e-05,-2.05928e-05,0,0.000198301,-0.0110064
0.000138034,-0.024586,-5.91119e-06,-2.08367e-05,0,0.000172518,-0.00929402
4.11679e-05,-0.0237472,-4.89172e-06,-2.09795e-05,0,0.000153593,-0.00903417
0,-0.0296956,-1.10826e-05,-2.10825e-05,0,0.000139994,-0.0114277
0,-0.029655,-1.0887e-05,-2.12732e-05,0,0.000129187,-0.0113253
0,-0.0290465,-1.00862e-05,-2.14919e-05,0,0.000119638,-0.0110874
0,-0.0245076,-5.11335e-06,-2.16976e-05,0,0.000110907,-0.00928839
0,-0.0178962,2.03936e-06,-2.18247e-05,0,0.000102842,-0.00672173
0,-0.0111657,9.28542e-06,-2.18197e-05,0,9.53716e-05,-0.00413897
0,-0.00575654,1.50912e-05,-2.16702e-05,0,8.84461e-05,-0.0020854
0,-0.00200904,1.90981e-05,-2.13974e-05,0,8.20242e-05,-0.000674885
0,-0.00104393,2.01216e-05,-2.10355e-05,0,7.6069e-05,-0.000349749
0,-0.00186026,1.92363e-05,-2.06382e-05,0,7.05464e-05,-0.000693146
0,-0.00588943,1.4931e-05,-2.0249e-05,0,6.54249e-05,-0.00229201
0,-0.00952573,1.10504e-05,-1.99289e-05,0,6.06754e-05,-0.00368459
0,-0.0101588,1.03666e-05,-1.96885e-05,0,5.62708e-05,-0.0038838
0,-0.0101849,1.03234e-05,-1.94777e-05,0,5.21862e-05,-0.00388646
0,-0.00844295,1.21509e-05,-1.92711e-05,0,4.83982e-05,-0.00319228
0,-0.00730505,1.33225e-05,-1.90372e-05,0,4.48853e-05,-0.00276625
0,-0.0060145,1.46437e-05,-1.87766e-05,0,4.16274e-05,-0.0022699
0,-0.00565203,1.4966e-05,-1.84903e-05,0,3.86062e-05,-0.00214637
0,-0.00648796,1.40065e-05,-1.81926e-05,0,3.58043e-05,-0.00248707
0,-0.00877111,1.15069e-05,-1.79077e-05,0,3.32059e-05,-0.00338721
0,-0.010923,9.15095e-06,-1.7665e-05,0,3.07962e-05,-0.00421266
0,-0.0109608,9.04464e-06,-1.74702e-05,0,2.85614e-05,-0.00419587
0,-0.0103297,9.6449e-06,-1.72888e-05,0,2.64888e-05,-0.00394425
0,-0.0118837,7.9184e-06,-1.70989e-05,0,2.45667e-05,-0.00457539
0,-0.0135646,6.06084e-06,-1.69319e-05,0,2.27842e-05,-0.00522366
0,-0.0160058,3.44107e-06,-1.68014e-05,0,-2.1335e-05,-0.00661594
0,-0.0219446,-2.88173e-06,-1.67195e-05,0,-0.000120158,-0.00902374
0,-0.026846,-8.07435e-06,-1.67455e-05,0,-0.000233818,-0.010962
0,-0.0343359,-1.59881e-05,-1.6881e-05,0,-0.000352235,-0.0139468
0,-0.037992,-1.97897e-05,-1.71612e-05,0,-0.000472769,-0.0153573
-5.14138e-05,-0.0386883,-2.04216e-05,-1.7538e-05,0,-0.000593315,-0.0156404
-0.000172387,-0.0344924,-1.58453e-05,-1.79433e-05,0,-0.000710664,-0.0140106
-0.000293361,-0.0345069,-1.57488e-05,-1.82831e-05,0,-0.000822559,-0.0141323
-0.000414334,-0.036866,-1.81337e-05,-1.85985e-05,0,-0.000928368,-0.0151209
-0.000535308,-0.0333032,-1.42125e-05,-1.89493e-05,0,-0.00102786,-0.013704
-0.000656281,-0.0276958,-8.12953e-06,-1.92531e-05,0,-0.00112088,-0.0115566
-0.000777255,-0.0220302,-2.00632e-06,-1.94462e-05,0,-0.00120726,-0.00941268
-0.000898228,-0.0165153,3.93181e-06,-1.95169e-05,0,-0.00128682,-0.00732535
0.000795401,-0.0487136,-2.6441e-05,-1.9557e-05,0,0.000455274,-0.0189785
0.000668379,-0.0514327,-2.93014e-05,-2.00145e-05,0,0.000390141,-0.0196472
0.000553454,-0.0545857,-3.2593e-05,-2.0557e-05,0,0.000332641,-0.0208817
0.00043248,-0.0565099,-3.45465e-05,-2.11924e-05,0,0.00028304,-0.0216153
0.000311507,-0.0537619,-3.1511e-05,-2.18735e-05,0,0.000241741,-0.0204996
0.000190533,-0.0480329,-2.53044e-05,-2.25189e-05,0,0.000209055,-0.0182631
6.95598e-05,-0.0411483,-1.78816e-05,-2.3056e-05,0,0.000184937,-0.0156093
0,-0.0403121,-1.69003e-05,-2.34508e-05,0,0.000167866,-0.0153874
0,-0.0359639,-1.21854e-05,-2.37937e-05,0,0.000154722,-0.0136697
0,-0.0319941,-7.8853e-06,-2.4061e-05,0,0.000143237,-0.0121565
0,-0.030534,-6.26359e-06,-2.42402e-05,0,0.00013277,-0.0116393
0,-0.0246214,8.12547e-08,-2.43736e-05,0,0.000123112,-0.00930524
0,-0.0176222,7.55307e-06,-2.44037e-05,0,0.000114168,-0.00660517
0,-0.0110312,1.45561e-05,-2.429e-05,0,0.000105878,-0.00408445
0,-0.00509623,2.08254e-05,-2.40339e-05,0,9.81899e-05,-0.00181913
0,0.000390105,2.65809e-05,-2.36487e-05,0,9.1061e-05,0.000277339
0,0.000994519,2.71151e-05,-2.31459e-05,0,8.44499e-05,0.000431492
0,-0.000938713,2.49378e-05,-2.26062e-05,0,7.8319e-05,-0.000352668
0,-0.00543773,2.00319e-05,-2.20966e-05,0,7.26334e-05,-0.00212231
0,-0.011659,1.3307e-05,-2.16714e-05,0,6.73608e-05,-0.00454018
0,-0.0161283,8.46304e-06,-2.13717e-05,0,6.24711e-05,-0.00623189
0,-0.0187597,5.58665e-06,-2.11782e-05,0,5.79365e-05,-0.00721632
0,-0.0196152,4.60556e-06,-2.10521e-05,0,5.37313e-05,-0.00751965
0,-0.0196688,4.47878e-06,-2.0955e-05,0,4.98314e-05,-0.00752982
0,-0.0194071,4.68634e-06,-2.08648e-05,0,4.62147e-05,-0.00742623
0,-0.0198452,4.14913e-06,-2.07721e-05,0,4.28606e-05,-0.00760678
0,-0.0197351,4.19538e-06,-2.06865e-05,0,3.97501e-05,-0.0075576
0,-0.0203163,3.50687e-06,-2.06028e-05,0,3.68654e-05,-0.00779273
0,-0.0208158,2.90751e-06,-2.05292e-05,0,3.41901e-05,-0.00798458
0,-0.0198008,3.91867e-06,-2.04681e-05,0,3.17091e-05,-0.00757277
0,-0.0185216,5.2056e-06,-2.03948e-05,0,2.94082e-05,-0.00707864
0,-0.0167118,7.04953e-06,-2.02971e-05,0,2.72744e-05,-0.00637657
0,-0.0172046,6.47161e-06,-2.01653e-05,0,-9.26074e-06,-0.00696308
0,-0.0208516,2.54579e-06,-2.0033e-05,0,-9.02657e-05,-0.00847243
0,-0.0240083,-8.42942e-07,-1.99624e-05,0,-0.000183305,-0.00973635
0,-0.0286299,-5.77072e-06,-1.99624e-05,0,-0.000280196,-0.0115903
0,-0.0322925,-9.65539e-06,-2.00531e-05,0,-0.000378845,-0.0130359
-3.22344e-05,-0.0340191,-1.1462e-05,-2.02268e-05,0,-0.000477746,-0.0137196
-0.000131417,-0.0321504,-9.43642e-06,-2.0447e-05,0,-0.000574294,-0.0129936
-0.0002306,-0.0262127,-3.09272e-06,-2.06459e-05,0,-0.000666447,-0.0106938
-0.000329783,-0.0227736,5.75214e-07,-2.07395e-05,0,-0.000753639,-0.00945021
-0.000428966,-0.0209313,2.5333e-06,-2.07463e-05,0,-0.00083567,-0.00880198
-0.000528148,-0.0181363,5.49416e-06,-2.07054e-05,0,-0.00091241,-0.00774492
-0.000627331,-0.0166461,7.05518e-06,-2.06103e-05,0,-0.00098373,-0.00721969
-0.000726514,-0.0175514,6.06311e-06,-2.0477e-05,0,-0.00104948,-0.00762739
0.000662045,-0.0430751,-2.35776e-05,-2.03359e-05,0,0.000378275,-0.0168324
0.000523189,-0.044116,-2.45464e-05,-2.08429e-05,0,0.000324643,-0.0168334
0.00046368,-0.0431148,-2.33369e-05,-2.11327e-05,0,0.000277311,-0.0164348
0.000364497,-0.0415125,-2.14824e-05,-2.16054e-05,0,0.000236072,-0.0158217
0.000265314,-0.0384853,-1.81121e-05,-2.20444e-05,0,0.00020152,-0.0146467
0.000166131,-0.0340624,-1.32653e-05,-2.24235e-05,0,0.000173989,-0.0129345
6.69484e-05,-0.0324768,-1.14453e-05,-2.2713e-05,0,0.000153511,-0.0123755
0,-0.0372863,-1.64181e-05,-2.2951e-05,0,0.000139058,-0.0143257
0,-0.0371796,-1.61449e-05,-2.32545e-05,0,0.000128095,-0.0142143
0,-0.0352016,-1.38797e-05,-2.35788e-05,0,0.000118566,-0.0134305
0,-0.0321676,-1.04976e-05,-2.38677e-05,0,0.000109897,-0.0122534
0,-0.0245311,-2.23988e-06,-2.40945e-05,0,0.000101902,-0.00925429
0,-0.0169189,5.95708e-06,-2.41806e-05,0,9.44988e-05,-0.00633508
0,-0.00983493,1.35537e-05,-2.41025e-05,0,8.76366e-05,-0.00362623
0,-0.00495856,1.87657e-05,-2.38694e-05,0,8.12736e-05,-0.00179056
0,-0.00271903,2.11441e-05,-2.35201e-05,0,7.5373e-05,-0.000973793
0,-0.00261055,2.12365e-05,-2.31091e-05,0,6.99011e-05,-0.000967398
0,-0.00612601,1.74673e-05,-2.26849e-05,0,6.48266e-05,-0.00237527
0,-0.00676902,1.67519e-05,-2.23167e-05,0,6.01207e-05,-0.00258043
0,-0.00659169,1.68999e-05,-2.19781e-05,0,5.57565e-05,-0.00250185
0,-0.00746044,1.59266e-05,-2.16408e-05,0,5.17093e-05,-0.00285341
0,-0.00769028,1.56262e-05,-2.13174e-05,0,4.7956e-05,-0.00293367
0,-0.00822801,1.49912e-05,-2.10034e-05,0,4.44753e-05,-0.00314654
0,-0.0115975,1.13441e-05,-2.07004e-05,0,4.12473e-05,-0.00448533
0,-0.0142118,8.50742e-06,-2.04553e-05,0,3.82537e-05,-0.00547907
0,-0.0173875,5.08178e-06,-2.02709e-05,0,3.54775e-05,-0.0067085
0,-0.019752,2.52906e-06,-2.01522e-05,0,3.29029e-05,-0.00760526
0,-0.021814,3.07015e-07,-2.00888e-05,0,3.05152e-05,-0.00839357
0,-0.0221114,-3.20695e-08,-2.00716e-05,0,2.83009e-05,-0.00848179
0,-0.020223,1.95152e-06,-2.00705e-05,0,2.62473e-05,-0.00772415
0,-0.0210963,9.94698e-07,-2.00414e-05,0,2.43428e-05,-0.0081027
0,-0.0209796,1.09282e-06,-2.00167e-05,0,2.25766e-05,-0.00804359
0,-0.0221388,-1.1655e-07,-1.99954e-05,0,-2.96421e-05,-0.00903755
0,-0.0239275,-1.98794e-06,-1.99916e-05,0,-0.000147044,-0.00982215
0,-0.0263588,-4.53183e-06,-2.0022e-05,0,-0.000282145,-0.0108518
0,-0.0284483,-6.69909e-06,-2.01e-05,0,-0.000422963,-0.0117316
0,-0.0296684,-7.93023e-06,-2.02231e-05,0,-0.000566426,-0.0122652
-4.71822e-05,-0.0274982,-5.55191e-06,-2.03756e-05,0,-0.000710326,-0.0114532
-0.000192358,-0.0281912,-6.2198e-06,-2.04985e-05,0,-0.000850845,-0.0118311
-0.000337534,-0.0307401,-8.85206e-06,-2.06195e-05,0,-0.000984989,-0.0129004
-0.00048271,-0.0343389,-1.25837e-05,-2.07834e-05,0,-0.00111193,-0.0143548
-0.000627886,-0.0309482,-8.87321e-06,-2.10164e-05,0,-0.00123136,-0.0129962
-0.000773062,-0.0225484,1.44647e-07,-2.12125e-05,0,-0.00134309,-0.00973877
-0.000918238,-0.0142142,9.05536e-06,-2.12547e-05,0,-0.00144693,-0.00657873
-0.00106341,-0.00504955,1.88057e-05,-2.11181e-05,0,-0.00154266,-0.00308075
0.00096905,-0.0338822,-4.70365e-06,-2.0937e-05,0,0.000547646,-0.0131492
0.000762174,-0.0379884,-9.27145e-06,-2.10023e-05,0,0.000469617,-0.0144726
0.000675069,-0.0427976,-1.45573e-05,-2.10907e-05,0,0.000400831,-0.016355
0.000533522,-0.0482092,-2.04468e-05,-2.13481e-05,0,0.000340907,-0.018459
0.000388346,-0.0499097,-2.23547e-05,-2.17276e-05,0,0.000290687,-0.0190686
0.00024317,-0.0446375,-1.6834e-05,-2.21652e-05,0,0.000250704,-0.0169483
9.79938e-05,-0.0382789,-1.01673e-05,-2.25294e-05,0,0.000221019,-0.014499
0,-0.0358241,-7.66184e-06,-2.27661e-05,0,0.000200131,-0.013624
0,-0.0320738,-3.78232e-06,-2.29319e-05,0,0.000184331,-0.012171
0,-0.0273182,1.15515e-06,-2.30269e-05,0,0.000170613,-0.0103359
0,-0.0259362,2.49433e-06,-2.30285e-05,0,0.000158137,-0.00986279
0,-0.0222952,6.22885e-06,-2.29853e-05,0,0.000146631,-0.00843555
0,-0.0148557,1.39816e-05,-2.28794e-05,0,0.000135978,-0.00552567
0,-0.00872557,2.0309e-05,-2.26385e-05,0,0.000126104,-0.00319648
