-0.10331,-0.080874,2.39253e-05,0,-0.0145187,-0.103307,-0.102193
-0.10331,-0.0801256,2.46134e-05,-2.03365e-07,-0.0144445,-0.103302,-0.102233
-0.10331,-0.0802108,2.44005e-05,-6.88065e-07,-0.0144476,-0.103296,-0.102274
-0.10331,-0.0804293,2.40341e-05,-1.17842e-06,-0.0144509,-0.10329,-0.102355
-0.10331,-0.0806694,2.36337e-05,-1.66313e-06,-0.0144425,-0.103283,-0.102442
-0.10331,-0.08092,2.32121e-05,-2.14021e-06,-0.0144444,-0.103276,-0.102533
-0.10331,-0.0810738,2.28838e-05,-2.60909e-06,-0.0144458,-0.10327,-0.102585
-0.10331,-0.0813913,2.23724e-05,-3.07038e-06,-0.0144415,-0.103263,-0.102703
-0.10331,-0.081741,2.18189e-05,-3.52345e-06,-0.0144572,-0.103255,-0.102831
-0.10331,-0.0822603,2.1078e-05,-3.96592e-06,-0.0144838,-0.103248,-0.103027
-0.10331,-0.0831324,1.99568e-05,-4.39563e-06,-0.0144603,-0.10324,-0.10336
-0.10331,-0.0839876,1.88501e-05,-4.8071e-06,-0.0144636,-0.103231,-0.10368
-0.10331,-0.0848367,1.77471e-05,-5.19627e-06,-0.0144453,-0.103223,-0.103998
-0.10331,-0.0856388,1.66922e-05,-5.56335e-06,-0.0143919,-0.103213,-0.104298
-0.10331,-0.0866489,1.54151e-05,-5.90879e-06,-0.0143753,-0.103204,-0.104681
-0.10331,-0.0877294,1.40637e-05,-6.23114e-06,-0.0144043,-0.103195,-0.10509
-0.10331,-0.089211,1.22881e-05,-6.52728e-06,-0.0143971,-0.103185,-0.105657
-0.10331,-0.0913152,9.85589e-06,-6.79258e-06,-0.0143903,-0.103175,-0.106466
-0.10331,-0.093624,7.21477e-06,-7.01645e-06,-0.0143533,-0.103165,-0.107347
-0.10331,-0.0961304,4.37445e-06,-7.1898e-06,-0.0143411,-0.103154,-0.108302
-0.10331,-0.0989793,1.18346e-06,-7.30853e-06,-0.0143399,-0.103142,-0.10939
-0.10331,-0.101671,-1.82395e-06,-7.3673e-06,-0.0143082,-0.10313,-0.11041
-0.10331,-0.104548,-5.01226e-06,-7.3639e-06,-0.0142834,-0.103117,-0.111505
-0.10331,-0.108455,-9.27466e-06,-7.29873e-06,-0.01373,-0.103104,-0.113008
-0.10331,-0.11331,-1.45166e-05,-7.16012e-06,-0.0136366,-0.103089,-0.114872
-0.10331,-0.116164,-1.76034e-05,-6.92745e-06,-0.0141172,-0.103073,-0.115921
-0.10331,-0.117468,-1.90193e-05,-6.60934e-06,-0.0139311,-0.103056,-0.116381
-0.10331,-0.118108,-1.97121e-05,-6.24453e-06,-0.0140951,-0.103038,-0.116598
-0.10331,-0.118068,-1.9667e-05,-5.85791e-06,-0.0142333,-0.103018,-0.116551
-0.10331,-0.118672,-2.02938e-05,-5.46407e-06,-0.0138973,-0.102996,-0.116768
-0.10331,-0.118248,-1.98157e-05,-5.06509e-06,-0.0141268,-0.102971,-0.116563
-0.10331,-0.117743,-1.92455e-05,-4.66352e-06,-0.0139953,-0.102945,-0.116339
-0.10331,-0.116316,-1.76905e-05,-4.27233e-06,-0.0140108,-0.102915,-0.115746
-0.10331,-0.114927,-1.61781e-05,-3.90142e-06,-0.0139296,-0.102883,-0.115179
-0.10331,-0.113006,-1.41053e-05,-3.56122e-06,-0.0139452,-0.102848,-0.114398
-0.10331,-0.109887,-1.0768e-05,-3.25631e-06,-0.0141535,-0.10281,-0.113143
-0.10331,-0.106902,-7.59148e-06,-3.00424e-06,-0.0139088,-0.102769,-0.111957
-0.10331,-0.103714,-4.21762e-06,-2.81747e-06,-0.0139182,-0.102725,-0.110685
-0.10331,-0.101043,-1.41717e-06,-2.696e-06,-0.0138973,-0.102677,-0.109619
-0.10331,-0.0993058,3.68377e-07,-2.63686e-06,-0.0138973,-0.102625,-0.108914
-0.10331,-0.097773,1.9144e-06,-2.62458e-06,-0.0138954,-0.10257,-0.108273
-0.10331,-0.096734,2.91296e-06,-2.64586e-06,-0.0138743,-0.10251,-0.107822
-0.10331,-0.096066,3.49511e-06,-2.69314e-06,-0.0138792,-0.102446,-0.107506
-0.10331,-0.09604,3.37346e-06,-2.75664e-06,-0.0138942,-0.102376,-0.107437
-0.10331,-0.0963865,2.83628e-06,-2.82544e-06,-0.0139342,-0.102302,-0.107501
-0.10331,-0.0968846,2.11897e-06,-2.88808e-06,-0.0140704,-0.102222,-0.107615
-0.10331,-0.0976658,1.08258e-06,-2.93835e-06,-0.0142375,-0.102136,-0.107833
-0.10331,-0.0993765,-9.58192e-07,-2.9714e-06,-0.0142219,-0.102043,-0.108411
-0.10331,-0.101807,-3.77608e-06,-2.97469e-06,-0.0141768,-0.101943,-0.109255
-0.10331,-0.104661,-7.05338e-06,-2.93016e-06,-0.0141374,-0.101835,-0.11025
-0.10331,-0.107274,-1.0081e-05,-2.82514e-06,-0.0141386,-0.10172,-0.111134
-0.10331,-0.109415,-1.2614e-05,-2.65683e-06,-0.0141654,-0.101595,-0.111825
-0.10331,-0.111317,-1.49e-05,-2.43241e-06,-0.0141715,-0.101462,-0.112418
-0.10331,-0.112614,-1.65508e-05,-2.15955e-06,-0.0141775,-0.101317,-0.112763
-0.10331,-0.113229,-1.74872e-05,-1.8467e-06,-0.0141689,-0.101162,-0.112834
-0.10331,-0.11345,-1.8018e-05,-1.50726e-06,-0.0141694,-0.100995,-0.112747
-0.10331,-0.113479,-1.83606e-05,-1.15273e-06,-0.0141802,-0.100815,-0.112577
-0.10331,-0.113185,-1.83758e-05,-7.8929e-07,-0.0141702,-0.100622,-0.112268
-0.10331,-0.112509,-1.8003e-05,-4.21942e-07,-0.0141603,-0.100413,-0.111796
-0.10331,-0.111922,-1.77435e-05,-5.77807e-08,-0.0141207,-0.100188,-0.111348
-0.10331,-0.111287,-1.74519e-05,2.99944e-07,-0.0140606,-0.0999455,-0.110863
-0.10331,-0.11067,-1.72001e-05,6.5219e-07,-0.0140618,-0.0996835,-0.110368
-0.10331,-0.109955,-1.6865e-05,9.98961e-07,-0.0140482,-0.0994008,-0.109814
-0.10331,-0.109146,-1.64534e-05,1.33995e-06,-0.0140137,-0.0990961,-0.109203
-0.10331,-0.108501,-1.62375e-05,1.67354e-06,-0.0140147,-0.0987677,-0.108635
-0.10331,-0.107867,-1.60562e-05,2.00067e-06,-0.0138014,-0.0984138,-0.108044
-0.10331,-0.106807,-1.54442e-05,2.32379e-06,-0.0139448,-0.0980324,-0.107256
-0.10331,-0.106454,-1.56064e-05,2.6394e-06,-0.0138599,-0.0976217,-0.106726
-0.10331,-0.106369,-1.60711e-05,2.94975e-06,-0.0140285,-0.0971793,-0.106259
-0.10331,-0.107118,-1.7439e-05,3.26606e-06,-0.0138052,-0.0967028,-0.106084
-0.10331,-0.107673,-1.86116e-05,3.59979e-06,-0.0139285,-0.0961895,-0.105778
-0.10331,-0.108982,-2.05952e-05,3.95913e-06,-0.013778,-0.0956368,-0.105731
-0.10331,-0.10964,-2.18922e-05,4.34921e-06,-0.0138305,-0.0950415,-0.105363
-0.10331,-0.110568,-2.34815e-05,4.77279e-06,-0.0137464,-0.0944004,-0.105059
-0.10331,-0.110806,-2.43387e-05,5.22493e-06,-0.0139315,-0.0937103,-0.104416
-0.10331,-0.111034,-2.51863e-05,5.70228e-06,-0.0140196,-0.0929676,-0.103713
-0.10331,-0.112166,-2.69917e-05,6.19668e-06,-0.0137763,-0.0921681,-0.103297
-0.10331,-0.113222,-2.87096e-05,6.71666e-06,-0.0140008,-0.0913074,-0.102758
-0.10331,-0.115082,-3.12695e-05,7.27195e-06,-0.0138593,-0.0903806,-0.102453
-0.10331,-0.116578,-3.34259e-05,7.86918e-06,-0.0137593,-0.0893826,-0.101896
-0.10331,-0.117839,-3.53128e-05,8.51398e-06,-0.0138442,-0.0883076,-0.101149
-0.10331,-0.119402,-3.74988e-05,9.19948e-06,-0.0137253,-0.0871497,-0.100419
-0.10331,-0.119943,-3.85744e-05,9.92541e-06,-0.0138904,-0.0859024,-0.099164
-0.10331,-0.120461,-3.96006e-05,1.06851e-05,-0.0137554,-0.0845586,-0.0977979
-0.10331,-0.120749,-4.03565e-05,1.14658e-05,-0.0136953,-0.0831109,-0.0962213
-0.10331,-0.121353,-4.14196e-05,1.22646e-05,-0.0136451,-0.0815512,-0.0946554
-0.10331,-0.122629,-4.31656e-05,1.30813e-05,-0.0136508,-0.0798707,-0.0932376
-0.10331,-0.124049,-4.50263e-05,1.39254e-05,-0.0136982,-0.0780601,-0.0917578
-0.10331,-0.125375,-4.67479e-05,1.48055e-05,-0.0136303,-0.0761093,-0.0901411
-0.10331,-0.125948,-4.76244e-05,1.57327e-05,-0.0137304,-0.0740073,-0.0881428
-0.10331,-0.127131,-4.91059e-05,1.66755e-05,-0.0137012,-0.0717425,-0.0863398
-0.10331,-0.127739,-4.99273e-05,1.76413e-05,-0.0137833,-0.0693023,-0.0842649
-0.10331,-0.127266,-4.95503e-05,1.86309e-05,-0.0137016,-0.066673,-0.0817675
-0.10331,-0.126178,-4.84695e-05,1.9626e-05,-0.0137363,-0.06384,-0.07908
-0.10331,-0.12527,-4.75262e-05,2.06073e-05,-0.0136439,-0.0607876,-0.0765572
-0.10331,-0.123688,-4.58063e-05,2.15682e-05,-0.0138001,-0.0574993,-0.0738933
-0.10331,-0.121248,-4.31122e-05,2.25032e-05,-0.0137244,-0.0539583,-0.071076
-0.10331,-0.117607,-3.90828e-05,2.33951e-05,-0.0136896,-0.050151,-0.068019
-0.10331,-0.112564,-3.35091e-05,2.42211e-05,-0.0136241,-0.0460796,-0.0646899
-0.10331,-0.106436,-2.67314e-05,2.49526e-05,-0.0134866,-0.0418108,-0.0612504
-0.0898794,-0.0948814,-7.26501e-06,2.55618e-05,-0.0156601,-0.037662,-0.0559841
-0.0761048,-0.0906087,2.43733e-05,2.59212e-05,-0.0142772,-0.0339859,-0.0540339
-0.0623301,-0.0859116,7.52344e-05,2.57818e-05,-0.0131847,-0.0309143,-0.0521042
-0.0485555,-0.0744179,8.52745e-05,2.48365e-05,-0.0137863,-0.0285176,-0.0477351
-0.0347809,-0.0612899,9.71246e-05,2.32415e-05,-0.012831,-0.0268504,-0.0430481
-0.0210063,-0.0445131,0.00011283,2.14294e-05,-0.0136076,-0.025956,-0.0371174
-0.00723167,-0.0301895,0.000125882,1.93455e-05,-0.0125275,-0.0258395,-0.0323716
0,-0.0240962,0.000130208,1.69714e-05,-0.00755177,-0.026353,-0.030989
0,-0.0168367,0.00013583,1.44149e-05,-0.00852531,-0.0272033,-0.0291033
0,-0.012113,0.000138811,1.17601e-05,-0.00857161,-0.0281932,-0.0283282
0,-0.00884917,0.000140302,9.01668e-06,-0.00797683,-0.029275,-0.0281809
0,-0.00391808,0.000143626,6.22704e-06,-0.00892649,-0.030441,-0.0274364
0,-0.00127191,0.000144577,3.3911e-06,-0.00886337,-0.031694,-0.0277301
0,0.00177728,0.000146015,5.10024e-07,-0.00977636,-0.0330399,-0.0279379
0,0.00472314,0.0001474,-2.39446e-06,-0.01083,-0.0344859,-0.0283141
0,0.00567248,0.000146718,-5.32723e-06,-0.011848,-0.03604,-0.0296186
0,0.00524549,0.000144635,-8.2691e-06,-0.0124102,-0.0377108,-0.031587
0,0.00424446,0.000142006,-1.11847e-05,-0.01259,-0.0395075,-0.0339211
0,0.00293616,0.000139115,-1.40537e-05,-0.0121111,-0.0414399,-0.0365385
0,0.00097322,0.000135594,-1.68678e-05,-0.0112945,-0.0435187,-0.0395943
0,-0.00134539,0.000131761,-1.96184e-05,-0.0106147,-0.045755,-0.0429771
0,-0.00346068,0.000128211,-2.22958e-05,-0.00982099,-0.0481613,-0.0464797
0,-0.00358344,0.00012684,-2.48991e-05,-0.00850319,-0.050751,-0.0494059
0,-0.00189707,0.000127442,-2.7451e-05,-0.0071296,-0.0535386,-0.0518636
0,0.00131584,0.000129705,-2.99932e-05,-0.00585497,-0.0565397,-0.0539668
0,0.00608921,0.000133653,-3.25624e-05,-0.00481481,-0.059771,-0.0556976
0,0.0122981,0.000139142,-3.5192e-05,-0.00406104,-0.0632506,-0.0571015
0,0.0181775,0.000144283,-3.79145e-05,-0.00333248,-0.0669979,-0.0588704
0,0.024392,0.000149776,-4.07436e-05,-0.00253543,-0.0710338,-0.0606939
0,0.0308135,0.000155476,-4.36787e-05,-0.00271874,-0.0753808,-0.062608
0,0.0364027,0.000160269,-4.67255e-05,-0.00320666,-0.0800631,-0.0649918
0,0.0410179,0.000164001,-4.98782e-05,-0.00416754,-0.0851068,-0.0678439
0,0.0433384,0.000165264,-5.31171e-05,-0.00543403,-0.0905396,-0.0716392
0,0.0426508,0.000163303,-5.64085e-05,-0.00659356,-0.0963911,-0.0765847
0,0.0409222,0.000160212,-5.96961e-05,-0.00801342,-0.10269,-0.0818211
0,0.0357985,0.000153491,-6.29344e-05,-0.00914651,-0.109457,-0.088253
0,0.0265334,0.000142355,-6.60781e-05,-0.00619653,-0.116677,-0.0960773
-0.00680833,0.017754,0.000131732,-6.90477e-05,-0.00494946,-0.124185,-0.103373
-0.0211417,0.0162428,0.00012882,-7.17992e-05,-0.00793626,-0.131674,-0.10745
-0.035475,0.0184,0.000129791,-7.44076e-05,-0.0099362,-0.13893,-0.109814
-0.0498083,0.0156059,0.000839845,-7.69928e-05,-0.0081068,-0.145878,-0.111923
-0.0641416,0.00585835,0.00988158,-8.5269e-05,-0.0114181,-0.15248,-0.111706
-0.078475,-0.00847498,0.0332783,-0.000165358,-0.0116455,-0.158706,-0.113857
-0.0928083,-0.0228083,0.0806107,-0.000538465,-0.0122419,-0.164523,-0.117591
-0.107142,-0.0371416,0.863702,-0.00155903,-0.0131024,-0.169884,-0.117591
0.093525,0.140599,0.863511,-0.00317124,0.0147819,0.0452239,0.0761632
0.0702333,0.101962,0.835073,-0.00579109,0.0184374,0.040792,0.0623918
0.0627083,0.0908985,0.806186,-0.0144665,0.0189289,0.037162,0.0576533
0.050525,0.0729539,0.777854,-0.0285036,0.0200771,0.0342246,0.0504792
0.0361917,0.0518971,0.750007,-0.0443724,0.0203541,0.0320767,0.0426314
0.0218583,0.0293303,0.722626,-0.0596928,0.0200423,0.0308093,0.0344506
0.007525,0.00602645,0.695713,-0.0744602,0.0192781,0.0304381,0.0261777
0,-0.023657,0.684604,-0.0886705,0.0121742,0.0314204,0.0221641
0,-0.0302992,0.671396,-0.102485,0.0120085,0.03301,0.0158076
0,-0.0413389,0.644693,-0.116058,0.01216,0.034124,0.0116404
0,-0.0448925,0.618461,-0.129246,0.010074,0.0351008,0.0115326
0,-0.0458723,0.592689,-0.141903,0.0107083,0.0361429,0.0124399
0,-0.0430028,0.567385,-0.154041,0.0096679,0.0373092,0.0150302
0,-0.0375976,0.542549,-0.165667,0.00938852,0.038617,0.0186585
0,-0.0318745,0.518179,-0.176791,0.00874965,0.0400693,0.0225369
0,-0.0286606,0.494273,-0.187422,0.00723699,0.0416595,0.0254248
0,-0.0261358,0.470834,-0.197571,0.00506437,0.0433877,0.0283352
0,-0.0249786,0.447861,-0.207245,0.00254606,0.0452656,0.0308332
0,-0.0263189,0.425353,-0.216455,0.000214932,0.0473038,0.0326066
0,-0.0249059,0.403316,-0.22521,-2.71051e-20,0.0495253,0.0358081
0,-0.0235766,0.381744,-0.233519,6.01853e-36,0.0519388,0.0390161
0,-0.0243518,0.360639,-0.241283,-1.33638e-51,0.05455,0.0416929
0,-0.0275897,0.339999,-0.248622,2.96736e-67,0.0573708,0.0435698
0,-0.0324027,0.319823,-0.255546,-6.58887e-83,0.0604072,0.0450873
0,-0.0370515,0.30011,-0.262064,1.46302e-98,0.0636909,0.0471531
0,-0.0417146,0.280859,-0.268174,-3.24857e-114,0.0672431,0.0492566
0,-0.0484995,0.262065,-0.273907,7.21326e-130,0.0710747,0.0508634
0,-0.0529678,0.243729,-0.279261,-1.60167e-145,0.0752148,0.0536641
0,-0.0573123,0.225846,-0.284246,3.55641e-161,0.0796887,0.056693
0,-0.0620845,0.208414,-0.28887,-7.89683e-177,0.0845217,0.0597326
0,-0.0653246,0.191433,-0.293143,1.75345e-192,0.089741,0.0635335
0,-0.0661273,0.174901,-0.297073,-3.89344e-208,0.0953755,0.0683771
0,-0.0646097,0.15881,-0.300671,8.64516e-224,0.101473,0.0742476
0,-0.0592281,0.143157,-0.303943,-1.91961e-239,0.108071,0.0814936
0,-0.0529608,0.127931,-0.3069,4.26239e-255,0.115187,0.0889242
0,-0.0460529,0.113131,-0.30955,-9.46442e-271,0.122838,0.0964119
0,-0.036003,0.0987631,-0.311902,2.10152e-286,0.131001,0.104886
0.00744167,-0.0269491,0.0848372,-0.313963,-4.66632e-302,0.139475,0.112589
0.0231083,-0.0219348,0.0714163,-0.315744,1.03613e-317,0.147887,0.118312
0.038775,-0.020773,0.0585759,-0.317246,-1.25987e-321,0.155973,0.121936
0.0544417,-0.0121973,0.0451713,-0.318501,-0.00302315,0.163642,0.125144
0.0701083,0.000108333,0.025029,-0.319565,-0.00651931,0.170843,0.125937
0.085775,0.015775,-0.00407449,-0.320317,-0.00578901,0.177537,0.129137
0.101442,0.0314417,-0.0447436,-0.320585,-0.00495279,0.183684,0.133973
0.117108,0.0471083,-0.333917,-0.320178,-0.00403453,0.189242,0.133973
-0.101961,-0.140477,-0.333894,-0.319283,0.00293315,-0.0452842,-0.0760036
-0.0757873,-0.0949141,-0.333026,-0.317784,-0.00139268,-0.0408105,-0.0596022
-0.0671929,-0.0833462,-0.332174,-0.314256,-0.00146689,-0.0371988,-0.0548563
-0.0550825,-0.0661779,-0.33126,-0.309098,-0.00235089,-0.0342911,-0.0479503
-0.0394563,-0.0442859,-0.330261,-0.302462,-0.00283694,-0.0321703,-0.0398189
-0.02383,-0.0207093,-0.329075,-0.295846,-0.00283886,-0.030943,-0.0313148
-0.00820378,0.00352598,-0.327676,-0.289252,-0.0016178,-0.030629,-0.0227559
0,0.0191744,-0.326104,-0.282683,5.10393e-20,-0.0310599,-0.0177781
0,0.0356798,-0.32436,-0.276143,0,-0.0318968,-0.0124387
0,0.0454634,-0.322461,-0.269646,0,-0.0329106,-0.0098987
0,0.0487446,-0.320415,-0.263185,0,-0.0340457,-0.00995847
0,0.0545044,-0.318219,-0.256765,0,-0.0352925,-0.00904363
0,0.0542802,-0.315887,-0.250387,0,-0.0366535,-0.0106815
0,0.0535769,-0.313421,-0.244055,0,-0.0381352,-0.0125558
0,0.0514735,-0.310827,-0.237772,0,-0.0397455,-0.0151314
0,0.0507859,-0.308109,-0.23154,0,-0.0414932,-0.0172834
0,0.0519837,-0.305273,-0.225361,0,-0.0433879,-0.0188816
0,0.0535349,-0.302325,-0.219239,0,-0.0454403,-0.0205597
0,0.0550662,-0.299272,-0.213176,0,-0.0476614,-0.0224572
0,0.0559047,-0.29612,-0.207172,0,-0.0500635,-0.0248513
0,0.0558032,-0.292874,-0.201231,0,-0.0526596,-0.0278454
0,0.0559782,-0.28954,-0.195354,0,-0.0554641,-0.0309629
0,0.0570111,-0.286121,-0.189543,0,-0.0584927,-0.0340006
0,0.0590115,-0.282622,-0.183801,0,-0.0617623,-0.0369312
0,0.0610753,-0.27905,-0.178127,0,-0.065291,-0.0401209
0,0.0630726,-0.275408,-0.172525,0,-0.0690987,-0.0436061
0,0.0648688,-0.271702,-0.166995,0,-0.0732066,-0.0474307
0,0.0661631,-0.267936,-0.161538,0,-0.0776375,-0.0516976
0,0.0670978,-0.264116,-0.156157,0,-0.0824162,-0.0563219
0,0.0681591,-0.260246,-0.150852,0,-0.0875694,-0.0610787
0,0.0691891,-0.25633,-0.145626,0,-0.0931256,-0.0659958
0,0.0687294,-0.252375,-0.140476,0,-0.0991158,-0.0716006
0,0.0656741,-0.248385,-0.135404,0,-0.105567,-0.0781833
0,0.0615435,-0.244365,-0.130415,0,-0.112511,-0.0851718
0,0.0557911,-0.240319,-0.125505,0,-0.119989,-0.0926759
0,0.0494694,-0.236248,-0.120677,0,-0.128026,-0.100189
0,0.0394001,-0.232153,-0.115927,0,-0.1366,-0.10892
-0.0077497,0.0318507,-0.228025,-0.11126,0,-0.1455,-0.116246
-0.0240649,0.0280396,-0.223874,-0.106674,0,-0.154335,-0.12172
-0.04038,0.0231652,-0.219237,-0.102172,0,-0.16283,-0.126064
-0.0566952,0.0102268,-0.213712,-0.0977547,0.00530454,-0.170888,-0.131656
-0.0730103,-0.00301032,-0.206043,-0.0934169,0.0188586,-0.178458,-0.134142
-0.0893255,-0.0193255,-0.19464,-0.0891887,0.0180431,-0.185498,-0.138622
-0.105641,-0.0356406,-0.181368,-0.0851705,0.0168245,-0.191966,-0.144216
-0.121956,-0.0519558,-0.154815,-0.0813905,0.0157494,-0.197818,-0.144216
0.106456,0.141527,-0.154776,-0.0777632,-0.00442995,0.0470257,0.0764902
0.084023,0.0997678,-0.152155,-0.0727755,-0.00665607,0.0421976,0.0613136
0.0738261,0.0870522,-0.149505,-0.0708302,-0.00797507,0.0382049,0.056017
0.0575109,0.0647537,-0.146887,-0.0678109,-0.00277878,0.0350022,0.0473372
0.0411958,0.0416074,-0.144274,-0.0648444,-1.07487e-11,0.0326927,0.0387534
0.0248806,0.016811,-0.141628,-0.0619302,1.61559e-27,0.0313377,0.0297609
0.00856546,-0.00715941,-0.138888,-0.0590817,-3.58732e-43,0.0309446,0.0213126
0,-0.0226811,-0.136111,-0.0562875,7.96546e-59,0.0313328,0.0163715
0,-0.0378231,-0.133328,-0.0535486,-1.76869e-74,0.0321446,0.0115669
0,-0.048892,-0.130543,-0.0508654,3.92727e-90,0.0331391,0.00848605
0,-0.0528128,-0.127756,-0.0482378,-8.7203e-106,0.0342574,0.00830417
0,-0.059906,-0.124981,-0.0456659,1.9363e-121,0.0354887,0.00686139
0,-0.060894,-0.122208,-0.0431511,-4.29944e-137,0.0368355,0.0080309
0,-0.0615906,-0.119445,-0.0406903,9.54668e-153,0.038304,0.00936063
0,-0.0621038,-0.116695,-0.0382848,-2.11979e-168,0.0399021,0.0109092
0,-0.0621229,-0.113958,-0.0359344,4.70687e-184,0.0416385,0.0128159
0,-0.063957,-0.111238,-0.0336388,-1.04514e-199,0.0435227,0.0141681
0,-0.0644553,-0.108534,-0.0313977,2.32067e-215,0.0455653,0.016274
0,-0.0642471,-0.105847,-0.0292108,-5.15292e-231,0.0477774,0.018848
0,-0.0631301,-0.103178,-0.0270778,1.14418e-246,0.0501711,0.0219948
0,-0.0618179,-0.100529,-0.0249995,-2.54059e-262,0.0527594,0.0254411
0,-0.059758,-0.0979007,-0.0229731,5.64123e-278,0.0555567,0.0294314
0,-0.0572489,-0.0952948,-0.0209993,-1.25261e-293,0.0585786,0.0338485
0,-0.0555407,-0.0927133,-0.0190778,2.78134e-309,0.061842,0.0382053
0,-0.0542383,-0.0901566,-0.017208,1.47726e-321,0.065365,0.0426821
0,-0.0538787,-0.0876262,-0.0153895,1.47726e-321,0.0691673,0.0470569
0,-0.0541822,-0.0851227,-0.0136218,1.47726e-321,0.0732702,0.0514416
0,-0.0556808,-0.0826474,-0.0119043,1.47726e-321,0.0776965,0.0556044
0,-0.0580938,-0.0802008,-0.0102365,1.47726e-321,0.082471,0.059642
0,-0.0598001,-0.0777818,-0.00861785,1.47726e-321,0.0876202,0.0641646
0,-0.062943,-0.0753934,-0.0070477,1.47726e-321,0.0931727,0.0682488
0,-0.0644939,-0.0730331,-0.0055255,1.47726e-321,0.0991595,0.073084
0,-0.0628139,-0.0706996,-0.00405068,1.47726e-321,0.105606,0.0791404
0,-0.0603939,-0.0683962,-0.00262268,1.47726e-321,0.112546,0.0854666
0,-0.0551832,-0.0661213,-0.00124094,1.47726e-321,0.120019,0.0927805
0,-0.0491907,-0.0638773,9.51345e-05,1.47726e-321,0.128051,0.10017
0,-0.0396441,-0.0616624,0.00138614,1.47726e-321,0.13662,0.108698
0.00774854,-0.0277074,-0.0594791,0.00263268,1.47726e-321,0.145515,0.117785
0.0240613,-0.0230594,-0.057346,0.00383536,1.47726e-321,0.154346,0.123525
0.040374,-0.0209289,-0.0555575,0.00499508,1.47726e-321,0.162837,0.127201
0.0566867,-0.0101827,-0.0549264,0.00611786,-0.00512664,0.170891,0.131546
0.0729994,0.0029994,-0.0576945,0.00722396,-0.0187495,0.178458,0.13267
0.0893121,0.0193121,-0.0647223,0.0083391,-0.0184913,0.185494,0.136436
0.105625,0.0356248,-0.0751232,0.00955272,-0.0172995,0.191959,0.141322
0.121938,0.0519375,-0.104429,0.0109356,-0.0162026,0.197808,0.141322
-0.10644,-0.154016,-0.104694,0.012438,0.00470643,-0.0469987,-0.0805843
-0.0836027,-0.114492,-0.10102,0.0145415,0.00694955,-0.0421776,-0.066525
-0.073815,-0.101371,-0.0972205,0.0157812,0.00822515,-0.0381926,-0.0616058
-0.0575023,-0.0799254,-0.0935162,0.0177674,0.00302152,-0.0349928,-0.0532707
-0.0411896,-0.0567039,-0.0898747,0.0196785,-3.4665e-11,-0.0326847,-0.0446416
-0.0248769,-0.0325747,-0.0862523,0.021516,6.46235e-27,-0.0313307,-0.0359143
-0.00856418,-0.00836122,-0.0825706,0.0232628,-1.43493e-42,-0.0309383,-0.0273564
0,0.00806069,-0.078924,0.0249363,3.18618e-58,-0.031327,-0.0220571
0,0.0261519,-0.0753323,0.0265367,-7.07475e-74,-0.0321393,-0.0160862
0,0.0353599,-0.0718162,0.0280649,1.57091e-89,-0.0331342,-0.0137913
0,0.0406679,-0.0683733,0.0295223,-3.48812e-105,-0.0342528,-0.0130246
0,0.0478968,-0.0649979,0.0309104,7.74518e-121,-0.0354845,-0.0115465
0,0.0486708,-0.0616988,0.0322306,-1.71978e-136,-0.0368316,-0.0128012
0,0.050279,-0.0584682,0.0334844,3.81867e-152,-0.0383004,-0.0137613
0,0.0491149,-0.0553097,0.0346731,-8.47915e-168,-0.0398987,-0.0159914
0,0.0484383,-0.0522196,0.0357983,1.88275e-183,-0.0416353,-0.0181479
0,0.0501607,-0.0491958,0.0368612,-4.18054e-199,-0.0435198,-0.0195318
0,0.0511686,-0.0462412,0.0378633,9.28267e-215,-0.0455626,-0.0214303
0,0.0525291,-0.0433544,0.0388058,-2.06117e-230,-0.0477749,-0.0233835
0,0.0522999,-0.0405371,0.0396902,4.57671e-246,-0.0501688,-0.0261976
0,0.0515859,-0.0377878,0.0405179,-1.01623e-261,-0.0527573,-0.0294165
0,0.0532211,-0.035103,0.0412901,2.25649e-277,-0.0555547,-0.0319384
0,0.0543427,-0.0324853,0.0420083,-5.01042e-293,-0.0585767,-0.0349602
0,0.0564612,-0.0299328,0.0426737,1.11254e-308,-0.0618402,-0.0378426
0,0.0599265,-0.0274445,0.0432877,1.2154e-321,-0.0653633,-0.0404722
0,0.0635553,-0.0250215,0.0438515,1.2154e-321,-0.0691658,-0.0433253
0,0.0670123,-0.0226638,0.0443665,1.2154e-321,-0.0732688,-0.0465099
0,0.0691428,-0.020372,0.0448339,1.2154e-321,-0.0776952,-0.0504668
0,0.07,-0.0181056,0.0452551,1.2154e-321,-0.0824698,-0.0545439
0,0.07,-0.0158204,0.0456308,1.2154e-321,-0.087619,-0.058474
0,0.07,-0.0135193,0.0459723,1.2154e-321,-0.0931717,-0.0625653
0,0.07,-0.011206,0.046268,1.2154e-321,-0.0991586,-0.0667744
0,0.07,-0.0090434,0.0465176,1.2154e-321,-0.105572,-0.0730528
0,0.07,-0.00701886,0.0467223,1.2154e-321,-0.112433,-0.0794771
0,0.07,-0.00517871,0.0468849,1.2154e-321,-0.119817,-0.0865265
0,0.0640892,-0.00341854,0.0470087,1.2154e-321,-0.127758,-0.0941085
0,0.0551914,-0.00172562,0.0470965,1.2154e-321,-0.136239,-0.102359
-0.00691378,0.0413899,-9.92451e-05,0.0471411,1.2154e-321,-0.145065,-0.112187
-0.0231815,0.0357275,0.00149389,0.0471529,1.2154e-321,-0.15385,-0.118194
-0.0394492,0.0259441,0.00392519,0.0471326,1.2154e-321,-0.162305,-0.123157
-0.055717,0.0122553,0.00696194,0.0470832,0.00717886,-0.17033,-0.129514
-0.0719847,-0.00198469,0.0126501,0.0469774,0.0178905,-0.177872,-0.13239
-0.0882524,-0.0182524,0.0217959,0.046804,0.0171055,-0.18489,-0.13724
-0.10452,-0.0345201,0.0331071,0.0464687,0.0159406,-0.191341,-0.142708
-0.120788,-0.0507879,0.0466083,0.0459366,0.0140499,-0.197183,-0.148577
0.10696,0.146381,0.0465902,0.0452745,-0.00491516,0.0416481,0.0761807
0.0849989,0.105269,0.0464532,0.0443806,-0.00708812,0.0372314,0.0610445
0.0744249,0.0898034,0.0463351,0.0437819,-0.00823458,0.033589,0.0548407
0.0581571,0.0649783,0.0461856,0.0428539,-0.00393645,0.0307018,0.0453447
0.0418894,0.0402489,0.0460158,0.0419285,-2.1847e-11,0.0286765,0.0363078
0.0256217,0.0155832,0.0458199,0.0410063,3.23117e-27,0.0275773,0.0275228
0.00935394,-0.0109114,0.0455927,0.0400888,-7.17465e-43,0.0274171,0.0181872
0,-0.0276378,0.0453504,0.0391756,1.59309e-58,0.0280328,0.0129185
0,-0.0431637,0.0450859,0.0382671,-3.53737e-74,0.0290712,0.00808597
0,-0.0553468,0.0448027,0.0373638,7.85455e-90,0.0302793,0.00466474
0,-0.0596767,0.0445065,0.036466,-1.74406e-105,0.0315961,0.0044272
0,-0.0658729,0.0441877,0.0355741,3.87259e-121,0.0330111,0.00343188
0,-0.0675208,0.0438535,0.0346885,-8.59888e-137,0.0345275,0.00440003
0,-0.0684194,0.0435014,0.0338094,1.90934e-152,0.0361524,0.00572841
0,-0.07,0.0430659,0.0329385,-4.23958e-168,0.0378947,0.00595121
0,-0.07,0.0426478,0.0320745,9.41375e-184,0.0397638,0.0083955
0,-0.07,0.042228,0.031217,-2.09027e-199,0.0417702,0.0107255
0,-0.07,0.0417734,0.0303678,4.64134e-215,0.0439248,0.0127474
0,-0.07,0.0412738,0.0295273,-1.03058e-230,0.0462397,0.0147972
0,-0.07,0.0407502,0.0286964,2.28836e-246,0.0487275,0.0173502
0,-0.07,0.0402451,0.0278756,-5.08117e-262,0.0514016,0.020748
0,-0.07,0.0397627,0.0270651,1.12825e-277,0.054277,0.0244532
0,-0.0697311,0.0392943,0.0262646,-3.13151e-293,0.0573697,0.028395
0,-0.0690967,0.0388154,0.0254735,0,0.060697,0.0323791
0,-0.0688231,0.038326,0.0246944,0,0.0642774,0.0364806
0,-0.068598,0.0378272,0.0239249,0,0.068131,0.0408342
0,-0.07,0.0373157,0.0231654,0,0.0722792,0.0447661
0,-0.07,0.0367859,0.022416,0,0.0767453,0.0493839
0,-0.07,0.0361998,0.0216744,0,0.0815541,0.0536469
0,-0.07,0.035565,0.020944,0,0.0867324,0.0581746
0,-0.07,0.0348526,0.0202257,0,0.0923091,0.062391
0,-0.07,0.0340468,0.0195208,0,0.0983151,0.0664203
0,-0.07,0.0332562,0.018831,0,0.104733,0.0715887
0,-0.07,0.0325218,0.0181572,0,0.111583,0.0777179
0,-0.07,0.031913,0.0174987,0,0.118948,0.0847937
0,-0.0685554,0.0313917,0.0168537,0,0.126865,0.0917538
0,-0.0609935,0.0308713,0.0162202,0,0.135322,0.0995541
0.00609018,-0.0482078,0.0303524,0.0155996,0,0.144142,0.109015
0.0223307,-0.0396313,0.029553,0.0149895,0,0.152939,0.115517
0.0385711,-0.0289398,0.0274816,0.0143932,-0.00136269,0.161413,0.120155
0.0548116,-0.0151838,0.0248252,0.0138187,-0.0124066,0.169458,0.126302
0.0710521,0.0010521,0.0179729,0.0132917,-0.0191588,0.177023,0.129111
0.0872926,0.0172926,0.00764228,0.0128397,-0.0179457,0.184066,0.134115
0.103533,0.0335331,-0.00381074,0.0125732,-0.0172496,0.190545,0.140497
0.119774,0.0497735,-0.0162355,0.0125234,-0.0149741,0.196416,0.14739
-0.107593,-0.152023,-0.0163009,0.0125997,0.00478522,-0.0419734,-0.0781375
-0.0860745,-0.111311,-0.0153392,0.0127006,0.00693067,-0.0375164,-0.0633801
-0.0751122,-0.0944131,-0.0144109,0.0129125,0.00824967,-0.0338292,-0.0566161
-0.0588717,-0.0691075,-0.0135022,0.013211,0.00455513,-0.030898,-0.0469326
-0.0426313,-0.0430018,-0.0126125,0.013491,-7.1509e-11,-0.028826,-0.0373384
-0.0263908,-0.0173226,-0.0117377,0.013753,1.29247e-26,-0.027677,-0.0281571
-0.0101503,0.00381892,-0.0108584,0.0139926,-2.86986e-42,-0.0274677,-0.0209642
0,0.0175703,-0.00999689,0.014215,6.37237e-58,-0.0280502,-0.016793
0,0.0311817,-0.0091539,0.0144202,-1.41495e-73,-0.0290736,-0.0126722
0,0.040354,-0.00833625,0.0146083,3.14182e-89,-0.0302715,-0.0104169
0,0.0418944,-0.00754797,0.0147799,-6.97624e-105,-0.0315794,-0.0112398
0,0.0436706,-0.00678069,0.0149356,1.54904e-120,-0.0329857,-0.011959
0,0.0362093,-0.0060443,0.0150758,-3.43955e-136,-0.0344933,-0.0164889
0,0.0251952,-0.00533253,0.0152011,7.63734e-152,-0.0361094,-0.022426
0,0.0104441,-0.00464534,0.0153121,-1.69583e-167,-0.0378425,-0.0299443
0,-0.00579212,-0.00398008,0.0154091,3.7655e-183,-0.0397022,-0.0381553
0,-0.0219591,-0.00333488,0.0154927,-8.36109e-199,-0.0416988,-0.0464876
0,-0.0418419,-0.0027135,0.0155632,1.85653e-214,-0.0438433,-0.0564914
0,-0.0652016,-0.00211542,0.0156212,-4.12234e-230,-0.0461476,-0.0680277
0,-0.07,-0.00255903,0.0156671,2.28836e-246,-0.0486243,-0.0822468
0,-0.07,-0.00849067,0.0157154,-5.79571e-262,-0.0512867,-0.0974786
0,-0.07,-0.0866379,0.0158111,-0.0187841,-0.0541499,-0.11443
0,-0.07,-0.349455,0.0164498,-0.0667326,-0.0572296,-0.132669
0,-0.07,-7,0.018314,-0.0590602,-0.0605431,-0.153075
0,-0.07,-7,0.0324669,-0.0282839,-0.0643206,-0.206267
0,-0.07,-7,0.165642,-0.0133917,-0.0686379,-0.226625
0,-0.07,-7,0.305642,-0.00363028,-0.0733162,-0.23986
0,-0.07,-7,0.445642,-0.00130126,-0.0807185,-0.248356
0,-0.07,-7,0.585642,0.00654267,-0.0915541,-0.26982
0,-0.07,-7,0.725642,-0.000664412,-0.10361,-0.284891
0,-0.07,-7,0.865642,-0.00823968,-0.116345,-0.297836
0,-0.07,-7,1.00564,-0.00874075,-0.129628,-0.30496
-0.00248859,-0.0724886,-7,1.14564,-0.0119989,-0.143303,-0.301096
-0.0223973,-0.0923973,-7,1.28564,-0.0211092,-0.156903,-0.286676
-0.0537534,-0.123753,-6.7501,1.50614,-0.0155234,-0.170011,-0.258484
-0.0761507,-0.146151,-6.47161,1.66364,-1.54955e-09,-0.182482,-0.248004
-0.0871005,-0.1571,-6.19747,1.73802,2.06795e-25,-0.194188,-0.242598
-0.102032,-0.172032,-5.93112,1.83427,0.00588912,-0.205084,-0.2376
-0.121941,-0.143938,-5.673,1.95582,0.0142717,-0.215157,-0.22848
-0.141849,-0.119614,-5.42109,2.07225,0.0246931,-0.224371,-0.221798
0.136872,0.0691301,-5.42115,2.18571,-3.46945e-18,0.0659506,0.0535732
0.116964,0.0479214,-5.16989,2.29691,7.70372e-34,0.0586,0.0449655
0.0970548,0.0398724,-4.92387,2.40181,-0.00168909,0.0522655,0.041129
0.0771462,0.0511527,-4.68324,2.50176,-0.00210815,0.0470102,0.0452606
0.0572375,0.0635363,-4.44821,2.59808,1.32603e-11,0.0429013,0.0499268
0.0373288,0.068595,-4.2152,2.68963,-3.23117e-27,0.0400028,0.0519751
0.0174201,0.0543841,-3.98069,2.77533,7.17465e-43,0.038349,0.0467011
0,0.0431711,-3.74961,2.85635,-1.59309e-58,0.0378429,0.043118
0,0.0337405,-3.5234,2.93273,3.53737e-74,0.0380469,0.0403479
0,0.0232207,-3.3024,3.00455,-7.85455e-90,0.0385325,0.0372356
0,0.0206003,-3.0866,3.07193,1.74406e-105,0.0391897,0.0374129
0,0.0159825,-2.87599,3.13495,-3.87259e-121,0.0399926,0.0367962
0,0.010147,-2.67054,3.19363,8.59888e-137,0.0409379,0.0358571
0,0.00885613,-2.4702,3.24827,-1.90934e-152,0.0420286,0.0368949
0,0.00731715,-2.27495,3.29888,4.23958e-168,0.0432703,0.0379191
0,0.00796302,-2.08474,3.34555,-9.41375e-184,0.0446695,0.0399868
0,0.00779642,-1.89953,3.38839,2.09027e-199,0.0462339,0.0418773
0,0.00336242,-1.71928,3.42749,-4.64134e-215,0.0479723,0.0422708
0,-0.00455755,-1.54395,3.46296,1.03058e-230,0.049894,0.0415461
0,-0.0108327,-1.37348,3.49489,-2.28836e-246,0.0520096,0.0417527
0,-0.0133252,-1.20783,3.52338,5.08117e-262,0.0543304,0.0436806
0,-0.0144288,-1.04695,3.54853,-1.12825e-277,0.0568693,0.0463544
0,-0.0178196,-0.890778,3.57043,2.50521e-293,0.0596403,0.0483538
0,-0.0194927,-0.73927,3.58919,-5.56268e-309,0.0626589,0.0513425
0,-0.0222008,-0.59237,3.60488,1.89227e-321,0.0659419,0.0541645
0,-0.025469,-0.450022,3.61761,1.89227e-321,0.0695078,0.0570518
0,-0.0273585,-0.312165,3.62746,1.89227e-321,0.0733762,0.0607653
0,-0.0272582,-0.178741,3.63454,1.89227e-321,0.0775688,0.0655067
0,-0.0289343,-0.0496943,3.63891,1.89227e-321,0.0821091,0.069742
0,-0.0332882,0.0750339,3.64068,1.89227e-321,0.0870221,0.0731393
0,-0.039893,0.195506,3.63993,1.89227e-321,0.0923354,0.0758434
0,-0.0454598,0.311787,3.63674,1.89227e-321,0.0980785,0.0791116
0,-0.0498382,0.423931,3.6312,1.89227e-321,0.104331,0.0833265
0,-0.0501664,0.53202,3.6234,1.89227e-321,0.111142,0.0887553
0,-0.0482962,0.636109,3.6134,1.89227e-321,0.1185,0.0949074
0,-0.0444604,0.736257,3.60131,1.89227e-321,0.126422,0.101638
0,-0.038426,0.832512,3.58718,1.89227e-321,0.134905,0.108966
0.00287365,-0.0278086,0.924551,3.57111,1.89227e-321,0.14383,0.117767
0.0192945,-0.0237077,1.01218,3.55317,1.89227e-321,0.152814,0.123506
0.0357154,-0.0243457,1.09386,3.53345,1.89227e-321,0.161495,0.126509
0.0521363,-0.0144476,1.16917,3.51211,-0.00471896,0.169755,0.130705
0.0685571,-0.00144288,1.23926,3.48963,-0.0249923,0.177536,0.132262
0.084978,0.014978,1.29929,3.46575,-0.0230249,0.184795,0.134479
0.101399,0.0313989,1.3545,3.44049,-0.0236756,0.191492,0.140988
0.11782,0.0478197,1.407,3.414,-0.0221611,0.197583,0.148363
-0.112072,-0.172859,1.40607,3.38691,0.0029121,-0.0432917,-0.0843535
-0.0923674,-0.137699,1.46646,3.35441,0.00482558,-0.0385908,-0.071625
-0.0792307,-0.119826,1.52507,3.33169,0.00616847,-0.0346534,-0.0647613
-0.0628098,-0.0935289,1.58087,3.30184,0.00546463,-0.0314924,-0.0555879
-0.046389,-0.068022,1.63403,3.27086,5.14163e-11,-0.0291953,-0.0461707
-0.0299681,-0.0425925,1.68522,3.23876,-6.46235e-27,-0.0278253,-0.0370158
-0.0135472,-0.0153869,1.73549,3.20537,1.43493e-42,-0.0274135,-0.0273445
0,0.00313135,1.78361,3.17093,-3.18618e-58,-0.0278717,-0.0213194
0,0.0218916,1.82907,3.13555,7.07475e-74,-0.0288507,-0.015178
0,0.0389127,1.87181,3.09924,-1.57091e-89,-0.0300242,-0.00983078
0,0.0454781,1.91185,3.06206,3.48812e-105,-0.0313117,-0.00873036
0,0.055462,1.94926,3.02407,-7.74518e-121,-0.0326977,-0.00621118
0,0.0595824,1.98407,2.9853,1.71978e-136,-0.0341838,-0.00620274
0,0.0642824,2.01635,2.94583,-3.81867e-152,-0.0357768,-0.00600175
0,0.0688596,2.04613,2.9057,8.47915e-168,-0.037485,-0.00600015
0,0.0686879,2.07347,2.86494,-1.88275e-183,-0.0393178,-0.00804825
0,0.0676191,2.09849,2.82363,4.18054e-199,-0.0412853,-0.0105513
0,0.0672348,2.12126,2.78181,-9.28267e-215,-0.0433985,-0.0129519
0,0.0665479,2.14184,2.73953,2.06117e-230,-0.0456691,-0.0156832
0,0.0652547,2.16028,2.69681,-4.57671e-246,-0.0481094,-0.0188648
0,0.0669578,2.17666,2.65372,1.01623e-261,-0.0507327,-0.0210694
0,0.0680515,2.191,2.61028,-2.25649e-277,-0.0535535,-0.0238056
0,0.0673665,2.20336,2.56655,5.01042e-293,-0.0565876,-0.0274966
0,0.064678,2.21382,2.52256,-1.11254e-308,-0.0598519,-0.0322231
0,0.0612291,2.22246,2.47834,-1.2154e-321,-0.0633646,-0.03749
0,0.056244,2.22934,2.43395,-1.2154e-321,-0.0671455,-0.0436266
0,0.0561616,2.23451,2.3894,-1.2154e-321,-0.0712155,-0.0480441
0,0.0595139,2.238,2.34474,-1.2154e-321,-0.0755973,-0.0514148
0,0.0621137,2.23985,2.3,-1.2154e-321,-0.0803155,-0.0553674
0,0.0624919,2.2401,2.25522,-1.2154e-321,-0.0853963,-0.0603945
0,0.0596598,2.23883,2.21042,-1.2154e-321,-0.0908681,-0.066829
0,0.0558582,2.2361,2.16563,-1.2154e-321,-0.0967612,-0.0737112
0,0.0541194,2.23197,2.12089,-1.2154e-321,-0.103173,-0.0804112
0,0.0502247,2.22646,2.07623,-1.2154e-321,-0.110158,-0.0874679
0,0.0460036,2.21965,2.03167,-1.2154e-321,-0.117689,-0.0945232
0,0.0388294,2.21156,1.98723,-1.2154e-321,-0.125779,-0.102574
0,0.0300124,2.20224,1.94295,-1.2154e-321,-0.134422,-0.110978
-0.00370545,0.0168917,2.19172,1.89885,-1.2154e-321,-0.143481,-0.120746
-0.0201741,0.00461845,2.18002,1.85495,-1.2154e-321,-0.152573,-0.129716
-0.0366427,-0.00071858,2.16713,1.81128,-1.2154e-321,-0.161347,-0.135492
-0.0531114,-0.00587295,2.15269,1.76786,-1.2154e-321,-0.169689,-0.140845
-0.06958,-0.00567136,2.13783,1.72472,0.0032989,-0.177544,-0.141728
-0.0860487,-0.0160487,2.12449,1.68186,0.0199251,-0.184868,-0.140916
-0.102517,-0.0325173,2.11594,1.63919,0.0195147,-0.19162,-0.141909
-0.118986,-0.048986,2.11398,1.59677,0.0179375,-0.197758,-0.14367
0.111575,0.177006,2.11584,1.55445,-0.00670321,0.0437945,0.0887147
0.0905776,0.148062,2.09593,1.50049,-0.00876481,0.0390773,0.0768356
0.0786378,0.130196,2.0755,1.46987,-0.0100706,0.035135,0.0699077
0.0621691,0.0986962,2.05414,1.42814,-0.00864368,0.0319643,0.0592102
0.0457005,0.068768,2.03231,1.38682,8.85338e-11,0.0296627,0.0481756
0.0292318,0.0390429,2.01015,1.34593,-1.29247e-26,0.0282953,0.0373759
0.0127632,0.0110031,1.98677,1.3056,2.86986e-42,0.0278899,0.0274386
0,-0.00886409,1.9624,1.26572,-6.37237e-58,0.0283424,0.0208872
0,-0.0264435,1.93739,1.22633,1.41495e-73,0.0293007,0.0152364
0,-0.043095,1.91186,1.18743,-3.14182e-89,0.0304515,0.0100168
0,-0.0496011,1.88589,1.14904,6.97624e-105,0.0317175,0.00893265
0,-0.0576154,1.85951,1.11117,-1.54904e-120,0.0330839,0.00719754
0,-0.0599652,1.83276,1.07382,3.43955e-136,0.0345526,0.00786462
0,-0.0613232,1.80566,1.037,-7.63734e-152,0.0361302,0.00896997
0,-0.0625117,1.77826,1.00073,1.69583e-167,0.037825,0.0102695
0,-0.0619702,1.75057,0.964997,-3.7655e-183,0.0396463,0.0124129
0,-0.0628415,1.72263,0.92982,8.36109e-199,0.0416043,0.0141354
0,-0.063393,1.69447,0.8952,-1.85653e-214,0.0437097,0.0161922
0,-0.0643801,1.6661,0.861141,4.12234e-230,0.0459741,0.0182696
0,-0.0646457,1.63757,0.827649,-9.15342e-246,0.0484101,0.0208551
0,-0.0636155,1.60888,0.794726,2.03247e-261,0.0510307,0.024176
0,-0.0624075,1.58008,0.762377,-4.51299e-277,0.0538505,0.0277905
0,-0.0620622,1.55119,0.730602,1.00208e-292,0.0568853,0.0313118
0,-0.0626251,1.52222,0.699405,-2.22507e-308,0.0601519,0.0347461
0,-0.0642477,1.49319,0.668787,-2.4308e-321,0.0636687,0.0380383
0,-0.0676021,1.46413,0.638749,-2.4308e-321,0.0674553,0.0409225
0,-0.07,1.43504,0.609292,-2.4308e-321,0.0715327,0.0443448
0,-0.07,1.40589,0.580417,-2.4308e-321,0.0759239,0.048095
0,-0.07,1.37669,0.551978,-2.4308e-321,0.0806531,0.051958
0,-0.07,1.34746,0.524123,-2.4308e-321,0.0857469,0.0558519
0,-0.07,1.31822,0.496853,-2.4308e-321,0.0912336,0.060024
0,-0.07,1.28901,0.470166,-2.4308e-321,0.0971437,0.0644533
0,-0.07,1.2599,0.444065,-2.4308e-321,0.103508,0.0698203
0,-0.07,1.23103,0.418547,-2.4308e-321,0.11036,0.0767663
0,-0.07,1.20243,0.393608,-2.4308e-321,0.117738,0.0841863
0,-0.07,1.17407,0.369245,-2.4308e-321,0.12567,0.0910969
0,-0.0628583,1.14586,0.345452,-2.4308e-321,0.134152,0.0990152
0.00367371,-0.0505824,1.11782,0.322224,-2.4308e-321,0.143052,0.108375
0.0200013,-0.042164,1.08966,0.2997,-2.4308e-321,0.151989,0.114831
0.0363289,-0.0325005,1.06027,0.277723,-0.00422772,0.160615,0.118413
0.0526565,-0.0173435,1.03043,0.256151,-0.0194293,0.168818,0.123239
0.0689841,-0.00101594,0.993696,0.235184,-0.0204592,0.176541,0.125568
0.0853116,0.0153116,0.948255,0.214851,-0.0184261,0.183743,0.128856
0.101639,0.0316392,0.898353,0.195341,-0.0179032,0.190381,0.134509
0.117967,0.0479668,0.841639,0.1768,-0.0157002,0.196414,0.140638
-0.110619,-0.175544,0.839913,0.158833,0.00358818,-0.0431193,-0.0862574
-0.0885772,-0.133444,0.816961,0.134577,0.00582451,-0.0385019,-0.0705495
-0.0779642,-0.117081,0.794206,0.123681,0.00707097,-0.0346528,-0.064394
-0.0616366,-0.0902056,0.772121,0.107547,0.00568812,-0.0315521,-0.0547591
-0.0453091,-0.0642728,0.750321,0.0918503,-5.09791e-11,-0.029307,-0.0452188
-0.0289815,-0.038557,0.728655,0.0766041,1.29247e-26,-0.0279848,-0.0359901
-0.0126539,-0.0139411,0.706496,0.061901,-2.86986e-42,-0.0276139,-0.0273885
0,0.00576646,0.684291,0.0476381,6.37237e-58,-0.0280916,-0.0208772
0,0.0236476,0.662292,0.0338191,-1.41495e-73,-0.0290695,-0.0151314
0,0.0397899,0.640561,0.0204412,3.14182e-89,-0.0302374,-0.0101472
0,0.0464454,0.619111,0.00749963,-6.97624e-105,-0.0315191,-0.00902245
0,0.0555867,0.597967,-0.00501129,1.54904e-120,-0.0329,-0.00686593
0,0.0578408,0.577123,-0.0170975,-3.43955e-136,-0.034382,-0.00761435
0,0.0603455,0.556592,-0.028765,7.63734e-152,-0.035972,-0.00828575
0,0.0614354,0.536377,-0.04002,-1.69583e-167,-0.0376783,-0.00966728
0,0.0625805,0.51648,-0.0508689,3.7655e-183,-0.0395103,-0.0111601
0,0.0657704,0.496908,-0.0613178,-8.36109e-199,-0.0414781,-0.0120068
0,0.0683437,0.477661,-0.0713734,1.85653e-214,-0.0435926,-0.0133155
0,0.07,0.458786,-0.0810421,-2.06117e-230,-0.0458656,-0.0144889
0,0.07,0.440313,-0.0903311,4.57671e-246,-0.0483094,-0.0160906
0,0.07,0.422208,-0.0993406,-1.01623e-261,-0.0509373,-0.0183615
0,0.07,0.404469,-0.107984,2.25649e-277,-0.0537639,-0.0208884
0,0.07,0.38708,-0.116268,-5.01042e-293,-0.056805,-0.0239062
0,0.07,0.370045,-0.124201,1.11254e-308,-0.0600775,-0.0271297
0,0.07,0.353385,-0.13179,1.09189e-321,-0.0635997,-0.0303583
0,0.07,0.33712,-0.139041,1.09189e-321,-0.0673912,-0.0338021
0,0.07,0.321225,-0.145962,1.09189e-321,-0.0714733,-0.0377287
0,0.07,0.305676,-0.152561,1.09189e-321,-0.0758688,-0.0421265
0,0.07,0.290507,-0.158846,1.09189e-321,-0.080602,-0.0463465
0,0.07,0.275734,-0.164823,1.09189e-321,-0.0856995,-0.0505715
0,0.07,0.261385,-0.1705,1.09189e-321,-0.0911897,-0.0545852
0,0.07,0.247411,-0.175886,1.09189e-321,-0.097103,-0.0591753
0,0.07,0.233749,-0.180987,1.09189e-321,-0.103472,-0.0643914
0,0.07,0.220064,-0.185813,1.09189e-321,-0.110015,-0.0702121
0,0.07,0.206598,-0.190365,1.09189e-321,-0.116674,-0.0763895
0,0.07,0.193383,-0.194645,1.09189e-321,-0.123783,-0.0825822
0,0.07,0.18035,-0.198658,1.09189e-321,-0.131432,-0.0896005
0,0.0640258,0.167736,-0.202408,1.09189e-321,-0.13958,-0.0975517
-0.0153369,0.0492937,0.155668,-0.205908,1.09189e-321,-0.147882,-0.10648
-0.0310671,0.0365475,0.144949,-0.209154,1.09189e-321,-0.155945,-0.112523
-0.0467973,0.0226,0.135164,-0.212171,0.00654162,-0.163637,-0.119426
-0.0625275,0.00747252,0.126625,-0.214982,0.0137097,-0.170899,-0.124948
-0.0782577,-0.00825767,0.12382,-0.217625,0.0109471,-0.177686,-0.129373
-0.0939879,-0.0239879,0.119578,-0.220117,0.010211,-0.183959,-0.139073
-0.109718,-0.039718,0.115407,-0.222555,0.00857801,-0.189676,-0.14689
0.110505,0.136772,0.115327,-0.224947,-0.00431116,0.0411605,0.0718632
0.0900553,0.0919739,0.104361,-0.228056,-0.00444379,0.0367431,0.0550468
0.0790442,0.0758335,0.0934788,-0.229645,-0.00400231,0.0330364,0.0486533
0.063314,0.0542219,0.0829294,-0.231634,-0.00336384,0.0300329,0.0403924
0.0475838,0.0339724,0.0727596,-0.233409,-2.18491e-11,0.0278294,0.0330454
0.0318536,0.0106129,0.0629362,-0.234981,3.23117e-27,0.0264932,0.024676
0.0161234,-0.014502,0.0531235,-0.236299,-7.17465e-43,0.0260687,0.0158456
0.000393255,-0.0363553,0.0433797,-0.23742,1.59309e-58,0.0265264,0.00849436
0,-0.0491397,0.0338796,-0.238346,-3.53737e-74,0.0275475,0.00482649
0,-0.0636098,0.0246542,-0.239081,7.85455e-90,0.0287758,0.000438367
0,-0.0664821,0.0157317,-0.239629,-1.74406e-105,0.0301162,0.000800356
0,-0.0672971,0.00709974,-0.239997,3.87259e-121,0.0315498,0.00190719
0,-0.066849,-0.00124579,-0.240191,-8.59888e-137,0.0330773,0.00359828
0,-0.0670681,-0.00931118,-0.240216,1.90934e-152,0.0347055,0.00512674
0,-0.0687489,-0.0171002,-0.240079,-4.23958e-168,0.0364429,0.00621766
0,-0.07,-0.0246578,-0.239783,9.41375e-184,0.038299,0.00699206
0,-0.07,-0.0320644,-0.239335,-2.09027e-199,0.0402842,0.00724291
0,-0.07,-0.0393043,-0.238776,4.64134e-215,0.0424093,0.00790321
0,-0.07,-0.0463416,-0.238069,-7.72938e-231,0.0446863,0.00947033
0,-0.07,-0.0531129,-0.23722,1.14418e-246,0.0471275,0.0120967
0,-0.07,-0.0595343,-0.236232,-2.54059e-262,0.0497462,0.0160889
0,-0.07,-0.065639,-0.235112,5.64123e-278,0.052557,0.0201767
0,-0.07,-0.0715061,-0.233866,-1.25261e-293,0.0555754,0.0234269
0,-0.07,-0.0771602,-0.232501,2.78134e-309,0.0588182,0.0265844
0,-0.07,-0.0826003,-0.23102,1.47726e-321,0.0623038,0.03006
0,-0.07,-0.087819,-0.229428,1.47726e-321,0.0660514,0.0339668
0,-0.07,-0.0928001,-0.227729,1.47726e-321,0.0700821,0.0384445
0,-0.07,-0.0975728,-0.225927,1.47726e-321,0.0744183,0.0428204
0,-0.07,-0.10216,-0.224028,1.47726e-321,0.0790842,0.0471717
0,-0.07,-0.106597,-0.222036,1.47726e-321,0.0841058,0.0514577
0,-0.07,-0.110874,-0.219953,1.47726e-321,0.0895112,0.0560192
0,-0.07,-0.115018,-0.217782,1.47726e-321,0.0953304,0.0604125
0,-0.07,-0.118982,-0.215527,1.47726e-321,0.101596,0.0653771
0,-0.07,-0.12249,-0.213191,1.47726e-321,0.108086,0.0713224
0,-0.07,-0.125714,-0.21078,1.47726e-321,0.114764,0.0777146
0,-0.07,-0.128587,-0.208301,1.47726e-321,0.121902,0.0848348
0,-0.0668839,-0.13114,-0.205761,1.47726e-321,0.129581,0.0923901
0,-0.0578058,-0.133497,-0.203166,1.47726e-321,0.137771,0.100402
0.0122657,-0.0461391,-0.135668,-0.200511,1.47726e-321,0.146182,0.109015
0.0280924,-0.0366926,-0.138234,-0.19781,1.47726e-321,0.154427,0.114238
0.0439192,-0.0237249,-0.141315,-0.195064,-0.00279399,0.162318,0.120259
0.0597459,-0.00916481,-0.14445,-0.192273,-0.012818,0.169783,0.126517
0.0755726,0.00557265,-0.152244,-0.18942,-0.0121952,0.176774,0.129681
0.0913994,0.0213994,-0.161431,-0.186476,-0.0116969,0.183252,0.135986
0.107226,0.0372261,-0.171768,-0.183344,-0.0104718,0.189175,0.142299
-0.114348,-0.152915,-0.171717,-0.180028,0.00389281,-0.0429026,-0.0790005
-0.0933777,-0.114205,-0.171696,-0.175476,0.00616522,-0.0382728,-0.0641192
-0.0826947,-0.0968146,-0.171628,-0.173158,0.00434881,-0.0343504,-0.0569992
-0.0668679,-0.0765412,-0.171432,-0.169724,0.00448107,-0.0311312,-0.0492085
-0.0510412,-0.0541921,-0.171212,-0.166293,5.97651e-12,-0.028709,-0.0409307
-0.0352145,-0.030864,-0.170893,-0.162867,-8.07794e-28,-0.027151,-0.0325461
-0.0193877,-0.00607984,-0.170466,-0.159447,1.79366e-43,-0.0265047,-0.0237988
-0.00356101,0.015083,-0.169935,-0.156035,-3.98273e-59,-0.0267549,-0.0166796
0,0.0261391,-0.169318,-0.152633,8.84344e-75,-0.0276396,-0.0136614
0,0.0414459,-0.168601,-0.149243,-1.96364e-90,-0.028806,-0.00888759
0,0.0479085,-0.167803,-0.145867,4.36015e-106,-0.0301042,-0.00780382
0,0.0529369,-0.16692,-0.142506,-9.68148e-122,-0.0315005,-0.00725723
0,0.0563827,-0.165955,-0.139162,2.14972e-137,-0.032992,-0.00743046
0,0.0587703,-0.164911,-0.135837,-4.77334e-153,-0.034584,-0.00812318
0,0.0611486,-0.16379,-0.132533,1.05989e-168,-0.0362846,-0.00893718
0,0.0639886,-0.162595,-0.12925,-2.35344e-184,-0.0381032,-0.00971392
0,0.0671481,-0.161328,-0.125991,5.22568e-200,-0.0400497,-0.0105316
0,0.0691136,-0.159994,-0.122757,-1.16033e-215,-0.0421349,-0.0120074
0,0.0697841,-0.158597,-0.119549,2.57646e-231,-0.0443704,-0.0141737
0,0.0695257,-0.157141,-0.116369,-5.72089e-247,-0.0467686,-0.0168962
0,0.0674381,-0.15563,-0.113217,1.27029e-262,-0.0493423,-0.0205557
0,0.0657919,-0.154065,-0.110096,-2.82062e-278,-0.0521058,-0.0242463
0,0.0652028,-0.152449,-0.107005,6.26303e-294,-0.0550744,-0.0277696
0,0.0643614,-0.150784,-0.103946,-1.39067e-309,-0.0582648,-0.0316677
0,0.0641111,-0.149073,-0.100921,1.68476e-321,-0.0616947,-0.0355905
0,0.0639827,-0.147319,-0.0979298,1.68476e-321,-0.0653833,-0.0397406
0,0.0636607,-0.145525,-0.0949737,1.68476e-321,-0.0693513,-0.0442338
0,0.0642059,-0.143692,-0.0920534,1.68476e-321,-0.0736207,-0.0486319
0,0.065965,-0.141823,-0.0891685,1.68476e-321,-0.0782154,-0.0527953
0,0.0688016,-0.139919,-0.0863218,1.68476e-321,-0.0831609,-0.056758
0,0.07,-0.137899,-0.083512,1.68476e-321,-0.088485,-0.0602781
0,0.07,-0.135698,-0.0807419,1.68476e-321,-0.0942171,-0.0633526
0,0.07,-0.133371,-0.0780037,1.68476e-321,-0.100389,-0.0672005
0,0.07,-0.131134,-0.0753107,1.68476e-321,-0.106781,-0.0718201
0,0.07,-0.128901,-0.0726634,1.68476e-321,-0.113353,-0.0771152
0,0.07,-0.12673,-0.0700608,1.68476e-321,-0.120379,-0.0831878
0,0.07,-0.124664,-0.0675023,1.68476e-321,-0.127944,-0.0898063
0,0.0640335,-0.122614,-0.0649863,1.68476e-321,-0.136032,-0.0971326
-0.00909699,0.0514901,-0.120518,-0.0625115,1.68476e-321,-0.144413,-0.106058
-0.0249178,0.038064,-0.118192,-0.0600886,1.68476e-321,-0.152706,-0.114292
-0.0407387,0.0260657,-0.114966,-0.0576992,0.00151779,-0.160672,-0.119434
-0.0565595,0.010846,-0.111664,-0.0553627,0.00793548,-0.168223,-0.126995
-0.0723804,-0.00238037,-0.106127,-0.0530931,0.0134696,-0.175309,-0.13043
-0.0882012,-0.0182012,-0.0976136,-0.0508986,0.0124683,-0.18189,-0.135774
-0.104022,-0.0340221,-0.0882422,-0.0488527,0.0110583,-0.187924,-0.142497
0.11747,0.153409,-0.0882955,-0.0469848,-0.00318512,0.0439448,0.0792464
0.0972982,0.114934,-0.086909,-0.0447346,-0.00553364,0.0391743,0.0643344
0.0858281,0.0950583,-0.0855246,-0.0434592,-0.0053207,0.0350984,0.0562166
0.0700072,0.0718203,-0.0841839,-0.0417335,-0.00451669,0.0317254,0.0472151
0.0541864,0.0502247,-0.0827798,-0.040035,-0.00188955,0.0291403,0.0392272
0.0383655,0.0276289,-0.0813779,-0.038364,8.62034e-12,0.0274082,0.0310766
0.0225447,0.00440005,-0.0799517,-0.036721,-1.61559e-27,0.0265792,0.0229018
0.00672386,-0.020723,-0.0784765,-0.0351134,3.58732e-43,0.0266529,0.0141487
0,-0.0319129,-0.0769703,-0.0335351,-7.96546e-59,0.0274264,0.0111166
0,-0.0442089,-0.0754601,-0.0319866,1.76869e-74,0.0285535,0.00752994
0,-0.0527908,-0.0739453,-0.0304683,-3.92727e-90,0.0298301,0.00553634
0,-0.0558664,-0.0724259,-0.0289804,8.7203e-106,0.0312083,0.00578297
0,-0.0625129,-0.0709126,-0.0275227,-1.9363e-121,0.0326813,0.00462703
0,-0.064455,-0.0693974,-0.0260954,4.29944e-137,0.0342535,0.00552328
0,-0.0685473,-0.0678886,-0.0246983,-9.54668e-153,0.0359326,0.00562001
0,-0.0692123,-0.0663811,-0.0233315,2.11979e-168,0.0377276,0.00726281
0,-0.0685954,-0.0648783,-0.0219949,-4.70687e-184,0.0396485,0.00952361
0,-0.0694926,-0.0633841,-0.0206883,1.04514e-199,0.0417059,0.0113335
0,-0.0686701,-0.0618958,-0.0194116,-2.32067e-215,0.0439113,0.0140419
0,-0.067466,-0.0604155,-0.0181648,5.15292e-231,0.0462767,0.017079
0,-0.0669303,-0.0589452,-0.0169476,-1.14418e-246,0.0488151,0.0200608
0,-0.0659368,-0.0574843,-0.0157599,2.54059e-262,0.0515403,0.0234682
0,-0.0653986,-0.0560344,-0.0146014,-5.64123e-278,0.0544675,0.0269324
0,-0.0634499,-0.0545942,-0.013472,1.25261e-293,0.057613,0.0312229
0,-0.0621482,-0.0531665,-0.0123715,-2.78134e-309,0.0609945,0.0354968
0,-0.0617813,-0.051752,-0.0112996,-1.47726e-321,0.0646307,0.039674
0,-0.0623347,-0.0503514,-0.0102561,-1.47726e-321,0.0685421,0.0437628
0,-0.0638984,-0.0489651,-0.00924064,-1.47726e-321,0.0727504,0.0477186
0,-0.0659054,-0.0475931,-0.00825302,-1.47726e-321,0.0772791,0.0517536
0,-0.0696886,-0.0462372,-0.00729292,-1.47726e-321,0.0821535,0.0553026
0,-0.07,-0.0449603,-0.00636005,-1.47726e-321,0.0874007,0.0594349
0,-0.07,-0.0437976,-0.00545318,-1.47726e-321,0.0930501,0.0632772
0,-0.07,-0.0427355,-0.00456444,-1.47726e-321,0.0991329,0.0673578
0,-0.07,-0.0416501,-0.00369804,-1.47726e-321,0.105547,0.0721469
0,-0.07,-0.0405325,-0.0028531,-1.47726e-321,0.112289,0.0780239
0,-0.07,-0.0393131,-0.00203016,-1.47726e-321,0.11952,0.0848595
0,-0.0690509,-0.038029,-0.00123048,-1.47726e-321,0.1273,0.0913925
0,-0.0635676,-0.0367582,-0.000455777,-1.47726e-321,0.135622,0.0983004
0.00605765,-0.0517112,-0.0354993,0.000287012,-1.47726e-321,0.144309,0.107357
0.0222114,-0.0408423,-0.0345965,0.00100455,-1.47726e-321,0.15298,0.114538
0.0383651,-0.0298888,-0.0351056,0.00170235,-0.00188719,0.161333,0.118869
0.0545189,-0.0150537,-0.0359052,0.00239835,-0.0106889,0.169266,0.12622
0.0706726,0.000672629,-0.0399213,0.00310726,-0.0181149,0.176725,0.12957
0.0868264,0.0168264,-0.0484181,0.00385347,-0.016056,0.183669,0.134126
0.10298,0.0329801,-0.057105,0.00472837,-0.0152063,0.190056,0.141379
0.119134,0.0491339,-0.0655426,0.00577492,-0.0135846,0.195843,0.148798
-0.107019,-0.139707,-0.0654683,0.00691701,0.00487684,-0.041323,-0.0735686
-0.0856148,-0.0962558,-0.0630639,0.0084303,0.00702389,-0.0369361,-0.0573278
-0.0747111,-0.083631,-0.0607058,0.00930393,0.00833518,-0.0333118,-0.052336
-0.0585573,-0.0629827,-0.0583997,0.010544,0.00463383,-0.0304366,-0.0444658
-0.0424036,-0.0436282,-0.0561358,0.0117373,3.32236e-11,-0.0284132,-0.0375124
-0.0262498,-0.0203106,-0.0538911,0.012885,-6.46235e-27,-0.0273053,-0.029185
-0.0100961,0.00344444,-0.0516067,0.0139762,1.43493e-42,-0.0271296,-0.0209249
0,0.0201634,-0.0493408,0.0150221,-3.18618e-58,-0.0277394,-0.01562
0,0.0362002,-0.0471092,0.0160225,7.07475e-74,-0.0287862,-0.0105864
0,0.0482115,-0.0449219,0.0169781,-1.57091e-89,-0.0300052,-0.00724397
0,0.0515169,-0.042786,0.0178896,3.48812e-105,-0.0313324,-0.00741425
0,0.0540568,-0.0406937,0.0187582,-7.74518e-121,-0.0327567,-0.00786364
0,0.0504106,-0.0386507,0.0195846,1.71978e-136,-0.034281,-0.0108891
0,0.0496731,-0.0366473,0.0203699,-3.81867e-152,-0.0359125,-0.0127879
0,0.0495511,-0.0346859,0.0211148,8.47915e-168,-0.0376599,-0.0146282
0,0.0506706,-0.0327658,0.0218203,-1.88275e-183,-0.0395329,-0.0161388
0,0.0535575,-0.0308861,0.0224872,4.18054e-199,-0.0415418,-0.0171338
0,0.0555201,-0.0290497,0.0231162,-9.28267e-215,-0.0436977,-0.0187112
0,0.0561909,-0.0272569,0.0237082,2.06117e-230,-0.0460126,-0.0209909
0,0.056665,-0.025506,0.0242641,-4.57671e-246,-0.0484991,-0.0235442
0,0.0564354,-0.0237976,0.0247847,1.01623e-261,-0.0511707,-0.0266059
0,0.0573302,-0.0221294,0.0252709,-2.25649e-277,-0.0540422,-0.0294515
0,0.0591788,-0.0205013,0.0257235,5.01042e-293,-0.0571297,-0.0321882
0,0.0621455,-0.018913,0.0261433,-1.11254e-308,-0.0604505,-0.0347557
0,0.0654305,-0.0173651,0.0265311,-1.2154e-321,-0.064023,-0.0374801
0,0.0675962,-0.015859,0.0268869,-1.2154e-321,-0.0678673,-0.0409223
0,0.0697318,-0.0143931,0.0272131,-1.2154e-321,-0.0720047,-0.0446184
0,0.07,-0.0129374,0.0275098,-1.2154e-321,-0.0764584,-0.0488355
0,0.07,-0.0114863,0.0277773,-1.2154e-321,-0.0812533,-0.0532897
0,0.07,-0.0100444,0.0280229,-1.2154e-321,-0.0864159,-0.0579906
0,0.07,-0.00860242,0.0282397,-1.2154e-321,-0.0919752,-0.0626955
0,0.07,-0.00719847,0.0284276,-1.2154e-321,-0.097962,-0.0680495
0,0.07,-0.00590566,0.028587,-1.2154e-321,-0.104408,-0.0745144
0,0.0696425,-0.00472834,0.0287193,-1.2154e-321,-0.111346,-0.0812084
0,0.0646628,-0.00359191,0.0288269,-1.2154e-321,-0.118815,-0.0885023
0,0.0588428,-0.00249282,0.0289055,-1.2154e-321,-0.126839,-0.0958736
0,0.0508179,-0.00143597,0.028962,-1.2154e-321,-0.135404,-0.103849
-0.00612311,0.0394971,-0.000422172,0.028997,-1.2154e-321,-0.14433,-0.112771
-0.0224514,0.0338915,0.00055606,0.0290116,-1.2154e-321,-0.15323,-0.118964
-0.0387797,0.0263446,0.00239882,0.0290063,-1.2154e-321,-0.161801,-0.123182
-0.055108,0.0125836,0.00485936,0.0289712,0.006943,-0.169938,-0.129699
-0.0714363,-0.00143631,0.0090323,0.0289011,0.01974,-0.17759,-0.132976
-0.0877646,-0.0177646,0.0166298,0.0287768,0.0185994,-0.184713,-0.138077
-0.104093,-0.0340929,0.0253808,0.0285316,0.017562,-0.191267,-0.144193
-0.120421,-0.0504212,0.0346013,0.0281246,0.0162272,-0.197207,-0.150639
0.108175,0.146826,0.0345749,0.027617,-0.00478309,0.0424366,0.0766355
0.0869482,0.107493,0.0342763,0.0269571,-0.00689941,0.0379184,0.0620657
0.0755184,0.0902752,0.0339975,0.0264784,-0.00825514,0.0341754,0.0551716
0.0591901,0.0649741,0.0337006,0.0257954,-0.00456256,0.0311991,0.0454815
0.0428618,0.0396741,0.0333944,0.0251181,7.46158e-11,0.0290895,0.0361977
0.0265335,0.0141786,0.0330739,0.0244468,-1.29247e-26,0.0279101,0.027068
0.0102052,-0.0136893,0.0327292,0.0237834,2.86986e-42,0.0276771,0.0171782
0,-0.0312747,0.0323805,0.0231268,-6.37237e-58,0.0282416,0.011572
0,-0.0486231,0.0320203,0.0224771,1.41495e-73,0.0292504,0.00601117
0,-0.062329,0.0316535,0.0218345,-3.14182e-89,0.0304353,0.00199675
0,-0.0671794,0.0312861,0.0211992,6.97624e-105,0.0317312,0.00156184
0,-0.07,0.0307592,0.0205713,-1.54904e-120,0.0331264,-0.000353952
0,-0.07,0.0301978,0.019953,3.43955e-136,0.0346238,0.000705715
0,-0.07,0.0296226,0.0193428,-7.63734e-152,0.0362304,0.00217669
0,-0.07,0.0290158,0.018744,1.69583e-167,0.0379547,0.00351071
0,-0.07,0.0284112,0.0181571,-3.7655e-183,0.0398063,0.00548486
0,-0.07,0.0277504,0.0175822,8.36109e-199,0.0417953,0.00675637
0,-0.07,0.0270676,0.0170199,-1.85653e-214,0.0439328,0.00869086
0,-0.07,0.0263893,0.016471,4.12234e-230,0.0462306,0.011201
0,-0.07,0.0257516,0.0159358,-9.15342e-246,0.0487012,0.0144603
0,-0.07,0.0251713,0.0154137,2.03247e-261,0.0513581,0.0182088
0,-0.07,0.0246362,0.0149039,-4.51299e-277,0.0542161,0.0220457
0,-0.07,0.024169,0.0144053,1.00208e-292,0.057291,0.0264897
0,-0.07,0.0237616,0.0139168,-2.22507e-308,0.0606,0.0311085
0,-0.0699493,0.0234023,0.0134371,-4.51576e-321,0.0641617,0.0358646
0,-0.0682392,0.023041,0.0129651,4.84184e-322,0.0679958,0.0407991
0,-0.0681079,0.0226747,0.0125021,4.84184e-322,0.0721239,0.0453371
0,-0.0697238,0.0223035,0.0120464,4.84184e-322,0.076569,0.0494467
0,-0.07,0.0218596,0.0115981,4.84184e-322,0.0813558,0.0532802
0,-0.07,0.0213233,0.0111583,4.84184e-322,0.086511,0.0570744
0,-0.07,0.0206862,0.0107259,4.84184e-322,0.0920634,0.0608449
0,-0.07,0.019927,0.0103052,4.84184e-322,0.0980438,0.0643465
0,-0.07,0.019186,0.00989828,4.84184e-322,0.104438,0.0694597
0,-0.07,0.0185,0.00950641,4.84184e-322,0.111266,0.0754642
0,-0.07,0.0179457,0.00912886,4.84184e-322,0.118608,0.0825311
0,-0.07,0.0175328,0.00876385,4.84184e-322,0.126502,0.0896311
0,-0.0661442,0.0172161,0.00840865,4.84184e-322,0.134941,0.0973428
0.00528078,-0.0542529,0.0168731,0.00806085,4.84184e-322,0.14376,0.106384
0.0215293,-0.0432847,0.0158332,0.00772133,4.84184e-322,0.152577,0.112573
0.0377779,-0.0320472,0.0133256,0.00739271,-0.00547806,0.161077,0.117348
0.0540264,-0.0159736,0.0103507,0.0070961,-0.0171227,0.169151,0.123669
0.0702749,0.000274933,0.00164421,0.00685339,-0.0198265,0.176747,0.126554
0.0865235,0.0165235,-0.0119444,0.00671167,-0.0180811,0.183822,0.131126
0.102772,0.032772,-0.0282306,0.00679429,-0.0175153,0.190334,0.136935
0.119021,0.0490206,-0.0489706,0.00717162,-0.0150133,0.196242,0.143022
-0.108459,-0.164082,-0.0493354,0.00773623,0.00472947,-0.0422304,-0.0820528
-0.0869297,-0.118696,-0.0474715,0.00848434,0.00688027,-0.0377331,-0.0660777
-0.0759619,-0.102904,-0.0456243,0.00913702,0.00817579,-0.0340034,-0.0599067
-0.0597134,-0.0798227,-0.0438172,0.0100698,0.00524173,-0.0310271,-0.0510786
-0.0434648,-0.0572563,-0.0420424,0.010966,-1.84339e-11,-0.0289075,-0.0428504
-0.0272163,-0.0320895,-0.0402854,0.0118264,3.23117e-27,-0.0277093,-0.0338089
-0.0109678,-0.00613989,-0.0384983,0.0126427,-7.17465e-43,-0.027453,-0.0246799
0,0.0131005,-0.0367264,0.0134225,1.59309e-58,-0.028006,-0.0183843
0,0.0298593,-0.0349843,0.0141676,-3.53737e-74,-0.0290187,-0.0130855
0,0.0417386,-0.0332795,0.0148778,7.85455e-90,-0.0302106,-0.00979216
0,0.0467135,-0.0316159,0.0155536,-1.74406e-105,-0.0315133,-0.00927945
0,0.0536085,-0.0299845,0.0161959,3.87259e-121,-0.0329144,-0.00800118
0,0.0560443,-0.0283921,0.0168054,-8.59888e-137,-0.0344167,-0.00865062
0,0.0581288,-0.0268345,0.0173828,1.90934e-152,-0.0360269,-0.00950161
0,0.0592865,-0.0253121,0.0179288,-4.23958e-168,-0.0377538,-0.0108599
0,0.0613726,-0.0238228,0.0184434,9.41375e-184,-0.0396067,-0.0119895
0,0.0644795,-0.0223665,0.0189288,-2.09027e-199,-0.041596,-0.0128966
0,0.0660705,-0.0209457,0.0193849,4.64134e-215,-0.0437326,-0.0146106
0,0.0680068,-0.0195583,0.0198123,-1.03058e-230,-0.0460285,-0.0163639
0,0.0675739,-0.0182069,0.0202118,2.28836e-246,-0.048496,-0.019283
0,0.0661367,-0.0168897,0.0205834,-5.08117e-262,-0.0511486,-0.0227968
0,0.0662187,-0.0156037,0.0209291,1.12825e-277,-0.0540012,-0.025932
0,0.069181,-0.0143474,0.0212456,-2.50521e-293,-0.0570694,-0.0281948
0,0.07,-0.0131142,0.0215401,2.78134e-309,-0.0603706,-0.0314438
0,0.07,-0.0118875,0.0218098,1.47726e-321,-0.0639231,-0.0350285
0,0.07,-0.0106639,0.022061,1.47726e-321,-0.0677468,-0.0388221
0,0.07,-0.0094237,0.0222878,1.47726e-321,-0.071863,-0.0425744
0,0.07,-0.00816416,0.0224899,1.47726e-321,-0.0762948,-0.0465087
0,0.07,-0.00689215,0.022667,1.47726e-321,-0.0810667,-0.0507472
0,0.07,-0.00559454,0.0228189,1.47726e-321,-0.0862054,-0.0549644
0,0.07,-0.00424811,0.022945,1.47726e-321,-0.0917396,-0.0589895
0,0.07,-0.0028438,0.0230448,1.47726e-321,-0.0977,-0.0632441
0,0.07,-0.00146995,0.0231171,1.47726e-321,-0.104069,-0.0679423
0,0.07,-0.000181553,0.0231616,1.47726e-321,-0.110866,-0.0736309
0,0.07,0.000978438,0.0231794,1.47726e-321,-0.118174,-0.0801324
0,0.07,0.0019815,0.0231726,1.47726e-321,-0.126033,-0.0868968
0,0.07,0.00279214,0.023144,1.47726e-321,-0.13444,-0.0944871
-0.0044658,0.0594579,0.00391875,0.0230971,1.47726e-321,-0.143245,-0.102722
-0.0207051,0.0445215,0.00535189,0.0230317,1.47726e-321,-0.152069,-0.11157
-0.0369444,0.0319217,0.00783863,0.0229404,0.00324259,-0.160582,-0.117781
-0.0531836,0.0155493,0.010145,0.0228135,0.00869639,-0.168673,-0.126883
-0.0694229,0.000577082,0.0127661,0.0226371,0.0196888,-0.176288,-0.132611
-0.0856622,-0.0156622,0.0177011,0.0224146,0.0181095,-0.183384,-0.138965
-0.101901,-0.0319015,0.0229226,0.0221198,0.0169794,-0.189921,-0.146688
-0.118141,-0.0481408,0.0281711,0.021724,0.0144477,-0.195856,-0.154378
0.109209,0.128257,0.0280821,0.0212655,-0.00463454,0.0424482,0.0692826
0.0885041,0.0842652,0.0277905,0.020681,-0.00673796,0.0379094,0.0528925
0.0767306,0.0675839,0.0275263,0.0202774,-0.00808262,0.0341329,0.0463049
0.0604913,0.0446446,0.027248,0.019724,-0.0059128,0.0311155,0.0375339
0.044252,0.0232561,0.0269627,0.0191759,4.79128e-12,0.0289536,0.0297633
0.0280128,0.000830916,0.0266665,0.0186335,-8.07794e-28,0.0277109,0.0217902
0.0117735,-0.0236785,0.0263507,0.0180984,1.79366e-43,0.0274112,0.0131881
0,-0.0431265,0.0260284,0.0175695,-3.98273e-59,0.0279372,0.00678315
0,-0.0565211,0.025704,0.017047,8.84344e-75,0.028941,0.00282756
0,-0.0674281,0.0253748,0.016531,-1.96364e-90,0.0301285,-0.000132645
0,-0.0648599,0.0250529,0.0160215,4.36015e-106,0.0314277,0.00234788
0,-0.064058,0.024723,0.0155185,-9.68148e-122,0.0328252,0.00402299
0,-0.061519,0.0243894,0.0150221,2.14972e-137,0.0343233,0.00653584
0,-0.0596429,0.0240499,0.0145323,-4.77334e-153,0.0359289,0.00888625
0,-0.0601128,0.0237031,0.0140493,1.05989e-168,0.0376506,0.0104518
0,-0.0604155,0.0233521,0.0135731,-2.35344e-184,0.0394978,0.0122757
0,-0.061877,0.0229956,0.013104,5.22568e-200,0.0414808,0.0138043
0,-0.0639584,0.0226348,0.0126419,-1.16033e-215,0.0436105,0.0152883
0,-0.0642811,0.0222724,0.0121871,2.57646e-231,0.0458987,0.0176838
0,-0.0625888,0.0219092,0.0117394,-5.72089e-247,0.0483578,0.0210705
0,-0.0602782,0.0215441,0.0112991,1.27029e-262,0.0510014,0.0249025
0,-0.0592376,0.0211754,0.010866,-2.82062e-278,0.053844,0.0284607
0,-0.0592294,0.0208037,0.0104403,6.26303e-294,0.0569014,0.03188
0,-0.0599658,0.0204295,0.010022,-1.39067e-309,0.0601909,0.0352803
0,-0.0608426,0.0200538,0.00961115,1.68476e-321,0.0637306,0.0389028
0,-0.0618273,0.019677,0.00920782,1.68476e-321,0.0675405,0.042751
0,-0.062782,0.0192994,0.00881221,1.68476e-321,0.0716417,0.0468733
0,-0.0648963,0.0189202,0.00842396,1.68476e-321,0.0760572,0.0507789
0,-0.0661846,0.0185416,0.00804328,1.68476e-321,0.0808116,0.0552575
0,-0.0680356,0.0181624,0.00767017,1.68476e-321,0.0859314,0.0596933
0,-0.0697331,0.0177838,0.00730465,1.68476e-321,0.0914451,0.064353
0,-0.07,0.0173803,0.0069467,1.68476e-321,0.0973833,0.0692838
0,-0.069048,0.0170069,0.00659668,1.68476e-321,0.103789,0.0756302
0,-0.0643505,0.0166384,0.00625243,1.68476e-321,0.1107,0.0829386
0,-0.0588675,0.0162722,0.00591745,1.68476e-321,0.118142,0.0904017
0,-0.0533566,0.0159075,0.00558981,1.68476e-321,0.126139,0.0976838
0,-0.0449679,0.0155473,0.00526947,1.68476e-321,0.134685,0.105857
0.00449965,-0.0360586,0.015189,0.00495637,1.68476e-321,0.143629,0.113865
0.020862,-0.0313,0.0148286,0.00465044,1.68476e-321,0.152588,0.119815
0.0372244,-0.0281187,0.0134641,0.00435188,1.68476e-321,0.161229,0.122181
0.0535868,-0.0164132,0.0108965,0.00407305,-0.0131315,0.169441,0.126229
0.0699492,-5.08207e-05,0.0023214,0.00382431,-0.0207151,0.17717,0.127295
0.0863116,0.0163116,-0.013481,0.00366212,-0.0192405,0.184373,0.130309
0.102674,0.0326739,-0.03585,0.00374211,-0.0183615,0.191009,0.135085
0.119036,0.0490363,-0.0629265,0.00420186,-0.0165071,0.197035,0.141237
-0.110037,-0.175165,-0.0647071,0.00491886,0.00463193,-0.0430321,-0.0866895
-0.0883569,-0.135849,-0.0627932,0.00586889,0.00678671,-0.038427,-0.0716768
-0.0773123,-0.118023,-0.0607434,0.00672609,0.0080622,-0.0345943,-0.0651172
-0.0609499,-0.0877897,-0.0585114,0.00796351,0.00589372,-0.0315199,-0.0541731
-0.0445875,-0.0582454,-0.056317,0.00915829,-9.12477e-12,-0.0293074,-0.0432412
-0.0282251,-0.0303304,-0.0541492,0.0103088,1.61559e-27,-0.0280229,-0.033187
-0.0118627,-0.00290255,-0.0519438,0.0114048,-3.58732e-43,-0.0276906,-0.0234917
0,0.0177713,-0.0497505,0.0124569,7.96546e-59,-0.028192,-0.0166314
0,0.0335738,-0.0475928,0.013465,-1.76869e-74,-0.0291762,-0.0117234
0,0.0482026,-0.0454732,0.0144298,3.92727e-90,-0.0303463,-0.00730502
0,0.0526232,-0.0434037,0.015352,-8.7203e-106,-0.0316296,-0.00704353
0,0.0613209,-0.0413695,0.0162325,1.9363e-121,-0.0330124,-0.00502464
0,0.0646889,-0.0393813,0.0170721,-4.29944e-137,-0.0344969,-0.00531707
0,0.0672006,-0.0374344,0.0178717,9.54668e-153,-0.0360899,-0.0059992
0,0.0690776,-0.0355286,0.018632,-2.11979e-168,-0.0377999,-0.00706386
0,0.07,-0.0336577,0.019354,5.29523e-184,-0.0396362,-0.0085623
0,0.07,-0.0317585,0.0200384,-1.04514e-199,-0.0416091,-0.00964555
0,0.07,-0.0298344,0.0206945,2.32067e-215,-0.0437295,-0.0109314
0,0.07,-0.0278711,0.0213123,-5.15292e-231,-0.0460091,-0.0121761
0,0.07,-0.0258073,0.0218904,8.58133e-247,-0.0484602,-0.0129734
0,0.07,-0.0236897,0.0224292,-1.27029e-262,-0.0510963,-0.0148005
0,0.07,-0.0215625,0.0229263,2.82062e-278,-0.053932,-0.0173014
0,0.07,-0.0194681,0.023381,-6.26303e-294,-0.0569831,-0.0204805
0,0.07,-0.0173673,0.0237934,1.39067e-309,-0.0602666,-0.0235069
0,0.07,-0.0152582,0.0241628,-2.16401e-321,-0.0638008,-0.0268936
0,0.07,-0.0131097,0.0244911,-2.16401e-321,-0.0676056,-0.0303128
0,0.07,-0.0109779,0.0247759,-2.16401e-321,-0.0717021,-0.034371
0,0.07,-0.00888247,0.0250178,-2.16401e-321,-0.0761132,-0.0387914
0,0.07,-0.00677762,0.0252175,-2.16401e-321,-0.0808636,-0.0430491
0,0.07,-0.00464547,0.0253751,-2.16401e-321,-0.0859796,-0.0473082
0,0.07,-0.00245309,0.0254904,-2.16401e-321,-0.0914897,-0.0514037
0,0.07,-0.000228046,0.0255625,-2.16401e-321,-0.0974248,-0.055731
0,0.07,0.0019942,0.0255904,-2.16401e-321,-0.103817,-0.0602896
0,0.07,0.00372598,0.0255739,-2.16401e-321,-0.110336,-0.0655319
0,0.07,0.00532242,0.0255184,-2.16401e-321,-0.116911,-0.0710347
0,0.07,0.00671249,0.0254295,-2.16401e-321,-0.12392,-0.0771169
0,0.07,0.00839902,0.0253106,-2.16401e-321,-0.131466,-0.0834999
0,0.0693265,0.0105578,0.0251628,-2.16401e-321,-0.139511,-0.0906918
-0.0152585,0.0547415,0.0134173,0.0249765,0.000430212,-0.147712,-0.0987726
-0.0309082,0.0390918,0.0171085,0.024741,0.0115224,-0.15568,-0.105123
-0.046558,0.023442,0.0239017,0.0244413,0.011785,-0.163282,-0.11208
-0.0622077,0.0077923,0.0330776,0.0240482,0.0118001,-0.170458,-0.119095
-0.0778574,-0.00785744,0.0450339,0.0234876,0.00959188,-0.177166,-0.125957
-0.0935072,-0.0235072,0.0538234,0.0227184,0.00919095,-0.183365,-0.135753
-0.109157,-0.0391569,0.0623759,0.0217386,0.00631669,-0.189014,-0.144322
0.109939,0.133489,0.062293,0.0206622,-0.00428048,0.0406788,0.0703502
0.0892035,0.0853509,0.0608001,0.0192358,-0.00246328,0.0363225,0.0523025
0.0786399,0.0714909,0.0593261,0.0184021,-0.00205037,0.032672,0.046858
0.0629902,0.0525004,0.0578373,0.0171994,-0.00189184,0.0297146,0.0396268
0.0473405,0.0357199,0.0564687,0.0160262,3.97608e-12,0.0275499,0.0336404
0.0316907,0.0162848,0.055115,0.0148811,-8.07794e-28,0.0262459,0.0267987
0.016041,-0.00599127,0.0537299,0.0137707,1.79366e-43,0.0258473,0.0190541
0.000391243,-0.029223,0.0523234,0.0126878,-3.98273e-59,0.0263247,0.0111202
0,-0.0409482,0.0509319,0.0116329,8.84344e-75,0.0273615,0.00790669
0,-0.0547624,0.0495475,0.0106059,-1.96364e-90,0.0286035,0.00377391
0,-0.0579665,0.0481859,0.00960665,4.36015e-106,0.0299566,0.00400244
0,-0.0594914,0.0468386,0.00863476,-9.68148e-122,0.0314017,0.00483941
0,-0.061627,0.0455039,0.00768991,2.14972e-137,0.03294,0.00551769
0,-0.0586734,0.0441886,0.00677182,-4.77334e-153,0.0345782,0.00836017
0,-0.0576289,0.0428857,0.00588016,1.05989e-168,0.0363248,0.0104978
0,-0.0561669,0.0415981,0.00501462,-2.35344e-184,0.0381895,0.0129806
0,-0.0553366,0.0403249,0.00417494,5.22568e-200,0.0401826,0.0153683
0,-0.0565955,0.039065,0.00336144,-1.16033e-215,0.0423151,0.0171102
0,-0.0582688,0.0378205,0.00257258,2.57646e-231,0.044599,0.0189127
0,-0.0607055,0.0365914,0.0018087,-5.72089e-247,0.0470465,0.0206239
0,-0.0624024,0.0353794,0.0010695,1.27029e-262,0.0496712,0.0228658
0,-0.0640113,0.0341842,0.000354636,-2.82062e-278,0.0524873,0.0253692
0,-0.0673698,0.0330041,-0.000336219,6.26303e-294,0.0555108,0.0274225
0,-0.07,0.031826,-0.00100338,-1.56451e-309,0.0587584,0.0298162
0,-0.07,0.0305798,-0.00164697,-2.48021e-321,0.0622482,0.0324283
0,-0.07,0.029277,-0.00227228,2.51973e-321,0.0659999,0.0354354
0,-0.07,0.0279107,-0.00287215,-2.48021e-321,0.0700343,0.0385613
0,-0.07,0.0264802,-0.00344539,3.21143e-322,0.074374,0.0420772
0,-0.07,0.0249942,-0.00399073,3.21143e-322,0.0790431,0.0460419
0,-0.07,0.0234592,-0.00450696,3.21143e-322,0.0840677,0.0502361
0,-0.07,0.0218978,-0.00499303,3.21143e-322,0.0894758,0.0547859
0,-0.07,0.0203826,-0.00544816,3.21143e-322,0.0952976,0.0601749
0,-0.07,0.0189684,-0.00587248,3.21143e-322,0.101565,0.0661835
0,-0.07,0.0178288,-0.0062674,3.21143e-322,0.10808,0.0726209
0,-0.07,0.0168729,-0.00663651,3.21143e-322,0.114808,0.0800498
0,-0.0663511,0.0160612,-0.00698449,3.21143e-322,0.122005,0.0882347
0,-0.0558503,0.0152737,-0.00731464,3.21143e-322,0.129746,0.0971166
0,-0.0448776,0.0145041,-0.00762484,3.21143e-322,0.137998,0.105805
0.012312,-0.0334681,0.0137524,-0.00791954,3.21143e-322,0.146469,0.114317
0.0281984,-0.0306806,0.0130142,-0.0081991,3.21143e-322,0.154773,0.118984
0.0440848,-0.0212853,0.0114834,-0.00846381,3.21143e-322,0.16272,0.123495
0.0599713,-0.00893838,0.00914261,-0.00870419,-0.0134406,0.170238,0.127014
0.0758577,0.00585769,-0.000435442,-0.00891513,-0.0109998,0.177279,0.128783
0.0917441,0.0217441,-0.0146133,-0.00903094,-0.0108442,0.183803,0.13323
0.107631,0.0376305,-0.036474,-0.00890172,-0.00885901,0.189768,0.138318
-0.114779,-0.163465,-0.0365416,-0.00843457,0.00373614,-0.0431653,-0.0826888
-0.0925384,-0.125666,-0.0355448,-0.0074133,0.00406523,-0.0385128,-0.0686626
-0.0830066,-0.111264,-0.0345301,-0.00697529,0.00221899,-0.0345743,-0.0626284
-0.0671202,-0.0876981,-0.0334939,-0.00627353,0.00195841,-0.0313294,-0.0534678
-0.0512337,-0.061599,-0.0325656,-0.00559225,-2.95475e-12,-0.0288822,-0.0437347
-0.0353473,-0.0359873,-0.0316539,-0.00493027,4.03897e-28,-0.0273026,-0.0344889
-0.0194609,-0.00989049,-0.0307318,-0.00429172,-8.96831e-44,-0.0266389,-0.0252466
-0.00357445,0.0139115,-0.0297965,-0.00367155,1.99136e-59,-0.0268761,-0.0170888
0,0.0273436,-0.0288758,-0.00307001,-4.42172e-75,-0.0277508,-0.0131579
0,0.0439893,-0.0279605,-0.00248697,9.81819e-91,-0.0289088,-0.00788185
0,0.0494175,-0.0270678,-0.00192227,-2.18008e-106,-0.0301995,-0.00722809
0,0.0544387,-0.0261868,-0.00137555,4.84074e-122,-0.0315889,-0.00666521
0,0.0596913,-0.0253172,-0.00084653,-1.07486e-137,-0.0330739,-0.00611381
0,0.0597281,-0.0244649,-0.000334969,2.38667e-153,-0.03466,-0.00777016
0,0.0616691,-0.0236227,0.000159443,-5.29947e-169,-0.0363551,-0.00872028
0,0.0637038,-0.0227927,0.000636951,1.17672e-184,-0.0381685,-0.00980956
0,0.0658716,-0.0219749,0.00109778,-2.61284e-200,-0.0401103,-0.0110089
0,0.0687602,-0.0211688,0.00154219,5.80167e-216,-0.0421911,-0.012099
0,0.07,-0.0203423,0.0019704,-6.44115e-232,-0.0444226,-0.0135307
0,0.07,-0.0194747,0.00238221,1.43022e-247,-0.0468169,-0.0153205
0,0.07,-0.0185758,0.00278124,-3.17573e-263,-0.0493871,-0.0174462
0,0.07,-0.0176592,0.00316265,7.05154e-279,-0.0521473,-0.019988
0,0.07,-0.0167537,0.00352591,-1.56576e-294,-0.055113,-0.023187
0,0.07,-0.0158555,0.00387095,3.47668e-310,-0.0583005,-0.0265844
0,0.07,-0.0149588,0.00419794,-1.66994e-321,-0.0617279,-0.0301543
0,0.07,-0.0140471,0.00450698,-1.66994e-321,-0.0654141,-0.0337382
0,0.07,-0.0131341,0.00479795,-1.66994e-321,-0.0693798,-0.0377718
0,0.07,-0.0122227,0.00507067,-1.66994e-321,-0.0736471,-0.0420937
0,0.07,-0.0113031,0.00532515,-1.66994e-321,-0.0782399,-0.0464997
0,0.07,-0.010286,0.00556133,-1.66994e-321,-0.0831837,-0.0502104
0,0.07,-0.00916619,0.00577824,-1.66994e-321,-0.088506,-0.0540171
0,0.07,-0.00792708,0.00597388,-1.66994e-321,-0.0942367,-0.0577133
0,0.07,-0.00665273,0.00614605,-1.66994e-321,-0.100407,-0.0622909
0,0.07,-0.00560901,0.00629312,-1.66994e-321,-0.106803,-0.0672625
0,0.07,-0.00465601,0.00641678,-1.66994e-321,-0.113385,-0.0727973
0,0.07,-0.0038338,0.00652039,-1.66994e-321,-0.120425,-0.0790224
0,0.07,-0.0031494,0.00660611,-1.66994e-321,-0.128003,-0.0854453
0,0.07,-0.00225959,0.00667662,-1.66994e-321,-0.136104,-0.0921284
-0.00910542,0.0580647,-0.000790725,0.00673205,-1.66994e-321,-0.144499,-0.099656
-0.0249409,0.0444951,0.00133049,0.00676475,0.00160757,-0.152806,-0.107371
-0.0407765,0.0292235,0.00389009,0.00676148,0.0117001,-0.160784,-0.114013
-0.056612,0.013388,0.00645893,0.00671311,0.0158666,-0.168347,-0.12189
-0.0724475,-0.0024475,0.0136749,0.00661476,0.0132187,-0.175444,-0.126902
-0.088283,-0.018283,0.021017,0.00643146,0.0125533,-0.182036,-0.134852
-0.104119,-0.0341185,0.0272589,0.00609188,0.0107627,-0.18808,-0.143872
0.117579,0.143613,0.0271951,0.00561848,-0.00331327,0.0440004,0.075399
0.0973884,0.0984196,0.0264314,0.00492338,-0.00566259,0.0392218,0.0579533
0.0859077,0.0779215,0.0256752,0.00453169,-0.00521688,0.0351387,0.0496864
0.0700722,0.0581227,0.0249048,0.00400987,-0.00504952,0.0317593,0.0420651
0.0542367,0.0396891,0.0241957,0.0035033,-0.00200768,0.0291687,0.0352849
0.0384011,0.0189481,0.0234945,0.00301159,1.31117e-11,0.0274321,0.0278245
0.0225656,-0.000871852,0.0227925,0.00253399,-3.23117e-27,0.0265997,0.0209807
0.0067301,-0.0247456,0.0220714,0.00207392,7.17465e-43,0.0266709,0.0126727
0,-0.0362304,0.0213652,0.00162817,-1.59309e-58,0.0274428,0.00950213
0,-0.0482377,0.0206651,0.00119663,3.53737e-74,0.0285685,0.0060338
0,-0.0533312,0.0199809,0.000779124,-7.85455e-90,0.029844,0.00542733
0,-0.0523453,0.0193123,0.0003754,1.74406e-105,0.0312212,0.00724096
0,-0.0541506,0.0186501,-1.48583e-05,-3.87259e-121,0.0326933,0.00795469
0,-0.0510809,0.0180026,-0.000391834,8.59888e-137,0.0342646,0.0107767
0,-0.0475993,0.0173652,-0.000755772,-1.90934e-152,0.0359428,0.0138198
0,-0.0452699,0.0167363,-0.0011069,4.23958e-168,0.0377371,0.0165411
0,-0.0433268,0.0161168,-0.0014454,-9.41375e-184,0.0396574,0.0192844
0,-0.0443036,0.0155041,-0.00177145,2.09027e-199,0.0417141,0.021041
0,-0.0463613,0.0149003,-0.00208521,-4.64134e-215,0.0439189,0.0225994
0,-0.0493719,0.0143055,-0.00238684,1.03058e-230,0.0462838,0.0239965
0,-0.0514445,0.0137219,-0.00267652,-2.28836e-246,0.0488216,0.0260002
0,-0.053381,0.0131486,-0.00295446,5.08117e-262,0.0515464,0.0282765
0,-0.0562199,0.0125847,-0.00322087,-1.12825e-277,0.0544731,0.0304361
0,-0.0587737,0.0120313,-0.00347594,2.50521e-293,0.0576183,0.0329793
0,-0.0606207,0.011489,-0.00371989,-5.56268e-309,0.0609993,0.0360638
0,-0.0635877,0.0109559,-0.00395293,1.89227e-321,0.0646352,0.0389571
0,-0.0667292,0.010433,-0.00417524,1.89227e-321,0.0685463,0.0420625
0,-0.0697342,0.00992074,-0.00438704,1.89227e-321,0.0727542,0.0454816
0,-0.07,0.00935631,-0.00458853,1.89227e-321,0.0772827,0.0492594
0,-0.07,0.00874662,-0.00477904,1.89227e-321,0.0821568,0.0534263
0,-0.07,0.00810749,-0.00496068,1.89227e-321,0.0874038,0.057984
0,-0.07,0.00741695,-0.00512986,1.89227e-321,0.0930529,0.0623331
0,-0.07,0.00669909,-0.0052858,1.89227e-321,0.0991355,0.0670934
0,-0.07,0.00609228,-0.00542767,1.89227e-321,0.105584,0.0730765
0,-0.07,0.00559495,-0.00555619,1.89227e-321,0.112403,0.0797738
0,-0.0682761,0.00520757,-0.00567356,1.89227e-321,0.119724,0.0870784
0,-0.0612358,0.00483566,-0.00578198,1.89227e-321,0.127596,0.0948753
0,-0.052326,0.00447607,-0.00588092,1.89227e-321,0.136007,0.103076
0.00688484,-0.0427041,0.00412741,-0.0059726,1.89227e-321,0.144763,0.111199
0.0230845,-0.0384788,0.00354795,-0.00605724,1.89227e-321,0.153479,0.116048
0.0392841,-0.0293522,0.00136567,-0.00613197,-0.00288759,0.161869,0.119242
0.0554837,-0.0145163,-0.00181751,-0.00618656,-0.018546,0.169832,0.123559
0.0716833,0.00168335,-0.0142006,-0.00618841,-0.0166112,0.177317,0.12517
0.087883,0.017883,-0.036522,-0.00606537,-0.0159934,0.18428,0.128539
0.104083,0.0340826,-0.0728876,-0.00559163,-0.0143502,0.190681,0.133296
0.120282,0.0502822,-0.119512,-0.00457027,-0.0125371,0.196477,0.139565
-0.106513,-0.169795,-0.12064,-0.00311251,0.00500069,-0.0413747,-0.0838455
-0.0895029,-0.131998,-0.116965,-0.00158187,0.00674771,-0.0369434,-0.0700639
-0.0741133,-0.107344,-0.113135,0.000662519,0.00703421,-0.0332708,-0.0613183
-0.0579137,-0.0810478,-0.109382,0.00296735,0.00400916,-0.0304034,-0.0513855
-0.041714,-0.0550672,-0.10569,0.00519627,-1.7542e-11,-0.0284069,-0.041881
-0.0255144,-0.0273583,-0.102019,0.00735068,3.23117e-27,-0.0273346,-0.0319083
-0.00931479,-0.000707935,-0.0982772,0.00941309,-7.17465e-43,-0.0271968,-0.0225643
0,0.018382,-0.0945554,0.0114011,1.59309e-58,-0.0278305,-0.0163604
0,0.0385065,-0.0908797,0.0133145,-3.53737e-74,-0.0288841,-0.00973344
0,0.0522409,-0.0872683,0.0151542,7.85455e-90,-0.030106,-0.00576832
0,0.0589931,-0.0837255,0.0169212,-1.74406e-105,-0.0314354,-0.00459195
0,0.0678067,-0.080243,0.018617,3.87259e-121,-0.0328621,-0.00259287
0,0.0685792,-0.0768326,0.0202427,-8.59888e-137,-0.0343893,-0.0039546
0,0.0699714,-0.0734845,0.0217998,1.90934e-152,-0.0360244,-0.00507601
0,0.07,-0.0701936,0.0232896,-4.23958e-168,-0.037776,-0.00678371
0,0.07,-0.0669479,0.0247132,9.41375e-184,-0.0396537,-0.00847948
0,0.07,-0.063703,0.0260879,-2.09027e-199,-0.0416681,-0.009682
0,0.07,-0.0604649,0.0273977,4.64134e-215,-0.0438302,-0.0111294
0,0.07,-0.0572074,0.0286426,-1.03058e-230,-0.046152,-0.0123554
0,0.07,-0.0539632,0.0298226,2.28836e-246,-0.0486461,-0.0142399
0,0.07,-0.0507249,0.0309375,-2.54059e-262,-0.0513261,-0.0164619
0,0.07,-0.0475224,0.0319876,5.64123e-278,-0.054207,-0.0192786
0,0.07,-0.044353,0.0329733,-1.25261e-293,-0.0573048,-0.0223096
0,0.07,-0.0412178,0.0338952,2.78134e-309,-0.0606368,-0.0256018
0,0.07,-0.0380842,0.0347541,1.47726e-321,-0.0642216,-0.0288032
0,0.07,-0.0349203,0.0355502,1.47726e-321,-0.0680792,-0.03192
0,0.07,-0.0316707,0.0362834,1.47726e-321,-0.0722313,-0.0350873
0,0.07,-0.0284016,0.036951,1.47726e-321,-0.0767008,-0.0389303
0,0.07,-0.0251445,0.0375533,1.47726e-321,-0.0815128,-0.0431773
0,0.07,-0.0218496,0.0380904,1.47726e-321,-0.0866942,-0.047178
0,0.07,-0.0184462,0.038562,1.47726e-321,-0.0922736,-0.0507085
0,0.07,-0.0149659,0.0389667,1.47726e-321,-0.0982823,-0.0544727
0,0.07,-0.0116124,0.0393025,1.47726e-321,-0.104656,-0.0587791
0,0.07,-0.00839905,0.03957,1.47726e-321,-0.111401,-0.0638608
0,0.07,-0.00505776,0.0397717,1.47726e-321,-0.118644,-0.0694672
0,0.07,-0.000966837,0.0399096,1.47726e-321,-0.126436,-0.075612
0,0.07,0.0043695,0.039976,0.000519885,-0.13477,-0.0825695
-0.00525134,0.0647487,0.0109408,0.03995,0.013009,-0.143487,-0.0895943
-0.0214093,0.0485907,0.0196638,0.0398067,0.0207105,-0.152204,-0.0970223
-0.0375673,0.0324327,0.0376555,0.0395225,0.0174941,-0.160608,-0.102694
-0.0537253,0.0162747,0.0586033,0.0389763,0.018924,-0.168593,-0.109749
-0.0698833,0.000116747,0.0916456,0.0380346,0.0167213,-0.176104,-0.115878
-0.0860412,-0.0160412,0.12807,0.0365982,0.0154841,-0.1831,-0.123706
-0.102199,-0.0321992,0.15367,0.0344375,0.0143866,-0.18954,-0.133631
-0.118357,-0.0483572,0.171447,0.0316585,0.0120649,-0.19538,-0.143794
0.107855,0.145818,0.171378,0.0285851,-0.00488204,0.0417959,0.0761829
0.0852333,0.0974361,0.166616,0.0242823,-0.00713751,0.0373673,0.0579906
0.0755385,0.0865029,0.161902,0.0222394,-0.00772934,0.0337026,0.0536141
0.0593806,0.0680649,0.157288,0.0189495,-0.00538246,0.0307718,0.0465767
0.0432226,0.0546511,0.152741,0.015753,-1.94118e-12,0.0286879,0.0419409
0.0270646,0.0315706,0.148213,0.0126482,0,0.0275178,0.0335993
0.0109066,0.00653973,0.143579,0.00965676,0,0.0272826,0.024811
0,-0.0151907,0.138941,0.00675737,0,0.027851,0.0175118
0,-0.0325466,0.13435,0.00395073,0,0.0288757,0.012017
0,-0.0479219,0.129818,0.00123619,0,0.0300782,0.00734059
0,-0.0515873,0.125362,-0.00138737,0,0.0313906,0.00740778
0,-0.0560946,0.12097,-0.00392135,0,0.0328007,0.00706603
0,-0.0564042,0.116648,-0.0063671,0,0.0343112,0.00853074
0,-0.0538606,0.112395,-0.00872598,0,0.0359291,0.0111998
0,-0.0509474,0.10821,-0.0109994,0,0.037663,0.014115
0,-0.0460809,0.104096,-0.0131887,0,0.0395226,0.0179607
0,-0.0412202,0.100049,-0.0152953,0,0.0415179,0.0219447
0,-0.0370449,0.0960706,-0.0173206,0,0.0436603,0.0258409
0,-0.0384744,0.0921553,-0.0192659,0,0.0459614,0.0277098
0,-0.0401624,0.0883092,-0.0211325,0,0.0484338,0.0297755
0,-0.042562,0.084532,-0.0229217,0,0.0510909,0.0317908
0,-0.0459015,0.0808238,-0.024635,0,0.0539477,0.033685
0,-0.0491212,0.0771859,-0.0262719,0,0.0570198,0.0358958
0,-0.0527803,0.0736177,-0.0278374,0,0.0603246,0.0381919
0,-0.0572315,0.0701189,-0.0293312,0,0.0638804,0.0404454
0,-0.0625224,0.0666896,-0.0307546,0,0.0677072,0.042642
0,-0.068368,0.0633305,-0.0321089,0,0.0718263,0.0448898
0,-0.07,0.0599632,-0.0333957,0,0.0762607,0.0478302
0,-0.07,0.0565601,-0.0346152,0,0.0810351,0.0511761
0,-0.07,0.0530884,-0.0357838,0,0.0861761,0.054186
0,-0.07,0.0496613,-0.0368838,0,0.0917124,0.058989
0,-0.07,0.0462949,-0.0379147,0,0.0976748,0.064078
0,-0.07,0.0430268,-0.0388776,0,0.104084,0.0696478
0,-0.07,0.0399843,-0.0397741,0,0.110972,0.0772164
0,-0.07,0.0371816,-0.0406073,0,0.118384,0.0849698
0,-0.06371,0.0345275,-0.0413817,0,0.12635,0.093627
0,-0.0532338,0.0319489,-0.0421015,0,0.13486,0.102572
0.00529717,-0.0407197,0.0294432,-0.0427559,0,0.14375,0.111936
0.0215962,-0.037894,0.0269143,-0.0433598,0,0.152635,0.1167
0.0378951,-0.0301013,0.0228552,-0.0439145,-0.00220332,0.161198,0.119496
0.0541941,-0.0158059,0.0172506,-0.0444204,-0.0196356,0.169333,0.12255
0.0704931,0.000493117,-0.000226712,-0.0448382,-0.0168762,0.176985,0.123339
0.0867921,0.0167921,-0.0370309,-0.0450434,-0.015704,0.184112,0.125906
0.103091,0.0330911,-0.101428,-0.0447444,-0.014596,0.190674,0.13045
0.11939,0.0493901,-0.195652,-0.0434887,-0.0129453,0.196627,0.136458
-0.108796,-0.175334,-0.197897,-0.0414601,0.00487021,-0.0425611,-0.0873233
-0.0855697,-0.135963,-0.193203,-0.0385694,0.00637824,-0.038044,-0.0715387
-0.0757903,-0.121184,-0.188406,-0.0362429,0.00615957,-0.0343075,-0.0662018
-0.0598988,-0.0920081,-0.183348,-0.0325138,0.00515396,-0.0313113,-0.05585
-0.0435998,-0.0642853,-0.178365,-0.0287887,-1.0488e-11,-0.0291656,-0.0456445
-0.0273008,-0.0359874,-0.173408,-0.0251666,1.61559e-27,-0.027943,-0.0354211
-0.0110018,-0.00898484,-0.168332,-0.0216687,-3.58732e-43,-0.0276659,-0.02591
0,0.0132643,-0.163245,-0.0182716,7.96546e-59,-0.0282018,-0.0184203
0,0.0320535,-0.158202,-0.0149762,-1.76869e-74,-0.0291998,-0.0123487
0,0.0461557,-0.15322,-0.0117819,3.92727e-90,-0.0303784,-0.00819112
0,0.0509148,-0.14831,-0.00868756,-8.7203e-106,-0.0316689,-0.0077915
0,0.0566121,-0.143463,-0.0056919,1.9363e-121,-0.0330588,-0.00698146
0,0.0582917,-0.138687,-0.00279356,-4.29944e-137,-0.0345505,-0.00790821
0,0.0587773,-0.133978,8.83533e-06,9.54668e-153,-0.036151,-0.00938014
