-8.7098,-1.7738,228.593,-0.50145,2.40835,-0.02231
-8.7432,-2.0565,228.495,-0.52885,2.40609,-0.0239
-8.9339,-1.8854,228.305,-0.53052,2.42125,-0.02736
-8.899,-1.9451,228.296,-0.53483,2.42934,-0.03357
-8.909,-2.0063,228.395,-0.53323,2.42952,-0.03823
-8.9532,-1.9311,228.055,-0.54506,2.42954,-0.04053
-8.9876,-1.8346,227.785,-0.55459,2.42316,-0.04198
-8.9774,-1.9588,227.833,-0.55543,2.41802,-0.04605
-8.9951,-2.0324,227.752,-0.55916,2.42197,-0.04361
-8.9644,-2.1238,227.672,-0.56624,2.41735,-0.03927
-8.7999,-2.2235,227.695,-0.56715,2.41145,-0.03579
-8.7752,-2.1135,227.846,-0.56132,2.40795,-0.03224
-8.8337,-2.0077,227.938,-0.55487,2.41439,-0.02889
-8.7822,-2.4022,228.095,-0.57059,2.4136,-0.0251
-8.9175,-2.2457,228.162,-0.55722,2.42061,-0.02434
-8.9664,-2.3461,228.3,-0.56038,2.42516,-0.02019
-9.0897,-2.1477,228.389,-0.54029,2.43394,-0.01457
-9.1926,-2.5008,228.626,-0.54816,2.4307,-0.01303
-9.3948,-2.2787,228.449,-0.53277,2.4311,-0.01672
-9.4835,-2.0602,228.427,-0.52122,2.43382,-0.02345
-9.4815,-1.7456,228.485,-0.50877,2.43537,-0.02983
-9.4208,-1.8032,228.611,-0.51605,2.43901,-0.02983
-9.4004,-1.8008,228.54,-0.51986,2.4376,-0.02926
-9.2611,-1.8712,228.874,-0.51194,2.43211,-0.03389
-9.1062,-1.5916,229.033,-0.49317,2.42232,-0.04084
-8.9058,-1.3111,229.09,-0.48857,2.42131,-0.04289
-8.5619,-1.0697,228.928,-0.48132,2.41553,-0.04441
-8.3024,-0.9991,229.027,-0.48275,2.40699,-0.04301
-8.0925,-1.1239,228.839,-0.48541,2.40151,-0.03815
-7.9809,-1.2961,228.886,-0.48668,2.39881,-0.0352
-7.9358,-1.3965,229.229,-0.47466,2.39169,-0.03493
-8.0013,-1.4562,229.1,-0.47842,2.39434,-0.03112
-8.1808,-1.4322,228.999,-0.48058,2.39652,-0.02756
-8.33,-1.4016,229.026,-0.48024,2.40227,-0.02713
-8.3606,-1.4713,229.336,-0.48277,2.4007,-0.02697
-8.4892,-1.1992,229.497,-0.46345,2.40633,-0.0293
-8.5526,-1.1848,229.527,-0.45715,2.41398,-0.0278
-8.6225,-1.2279,229.446,-0.45681,2.41639,-0.02386
-8.711,-1.1535,229.524,-0.45613,2.42028,-0.0226
-8.7515,-1.279,229.505,-0.45458,2.41429,-0.02262
-8.6056,-1.4628,229.774,-0.4496,2.40572,-0.02773
-8.7054,-1.4425,229.804,-0.45652,2.41312,-0.02845
-8.7135,-1.3241,229.748,-0.45145,2.41303,-0.03024
-8.736,-1.124,229.595,-0.44355,2.41324,-0.03007
-8.714,-1.2613,229.514,-0.44962,2.40502,-0.03127
-8.8682,-1.1771,229.166,-0.45377,2.411,-0.03007
-8.7462,-1.2962,229.384,-0.45388,2.39816,-0.03353
-8.7388,-1.244,229.498,-0.4535,2.39572,-0.03451
-8.7305,-1.2288,229.616,-0.45946,2.39649,-0.03247
-8.7163,-1.3186,229.55,-0.4604,2.39833,-0.03066
-8.7619,-1.2807,229.617,-0.46042,2.3975,-0.03206
-8.825,-1.1572,229.457,-0.45315,2.40396,-0.03476
-8.8563,-1.1866,229.483,-0.46062,2.40051,-0.03958
-8.8598,-1.0146,229.571,-0.45394,2.406,-0.04194
-8.8445,-1.0939,229.691,-0.46364,2.40451,-0.04062
-8.8455,-0.9679,229.727,-0.45827,2.40228,-0.03895
-8.7137,-1.0976,229.994,-0.4558,2.39306,-0.04153
-8.8089,-0.8536,229.751,-0.4499,2.39929,-0.04059
-8.8271,-0.8592,229.709,-0.45278,2.40667,-0.04005
-8.6653,-0.8873,229.792,-0.44653,2.40297,-0.04037
-8.4752,-0.9005,229.853,-0.44138,2.3985,-0.04229
-8.4105,-0.8217,229.679,-0.44658,2.40466,-0.04021
-8.2153,-1.0202,229.981,-0.45484,2.40036,-0.04019
-8.1675,-0.8443,230.04,-0.44562,2.3992,-0.04498
-8.0957,-0.737,229.882,-0.43945,2.40189,-0.04748
-8.1086,-0.6074,229.819,-0.43676,2.40509,-0.0488
-7.9281,-0.6787,230.132,-0.42767,2.39156,-0.0541
-7.9246,-0.7071,230.127,-0.43716,2.40221,-0.05378
-8.1609,-0.2873,229.749,-0.43044,2.4194,-0.0525
-7.944,-0.5941,230.102,-0.4368,2.40017,-0.05762
-7.8641,-0.6231,229.949,-0.43839,2.39974,-0.05863
-7.9034,-0.5903,229.75,-0.44609,2.40384,-0.05849
-7.7848,-0.724,229.957,-0.4471,2.38992,-0.06292
-7.6819,-0.7262,230.217,-0.44068,2.383,-0.06615
-7.8786,-0.4434,229.711,-0.44483,2.39612,-0.06128
-7.8386,-0.5452,229.648,-0.44933,2.39264,-0.06039
-7.8048,-0.7887,229.844,-0.45301,2.37524,-0.06341
-7.8811,-0.8117,229.755,-0.46421,2.38167,-0.05959
-8.0099,-0.7897,229.453,-0.47365,2.3899,-0.05569
-7.9603,-0.9107,229.501,-0.47367,2.38552,-0.05877
-7.9902,-0.8812,229.337,-0.47238,2.39081,-0.05888
-7.9871,-0.8642,229.224,-0.47367,2.3921,-0.05762
-7.9018,-0.9917,229.538,-0.4726,2.38796,-0.06044
-7.915,-0.9858,229.535,-0.46719,2.3834,-0.06156
-8.1291,-0.8336,229.322,-0.46752,2.39953,-0.05793
-8.0393,-0.8531,229.612,-0.46071,2.39422,-0.06229
-7.9238,-0.9299,229.623,-0.46059,2.38414,-0.06291
-8.1043,-0.788,229.17,-0.47793,2.40613,-0.05662
-7.9384,-0.894,229.387,-0.47662,2.39869,-0.06067
-7.8335,-0.9607,229.419,-0.47541,2.39156,-0.06257
-8.0249,-0.6628,229.156,-0.4746,2.41193,-0.06001
-7.8626,-0.8154,229.242,-0.47893,2.40442,-0.06171
-7.6895,-0.9604,229.667,-0.47303,2.38525,-0.06621
-7.8144,-0.7219,229.405,-0.47235,2.40193,-0.06268
-7.8845,-0.7258,229.29,-0.48132,2.40498,-0.05927
-7.6869,-0.8649,229.567,-0.47422,2.39222,-0.06295
-7.7059,-0.8052,229.312,-0.47837,2.39394,-0.06126
-7.8741,-0.7109,229.02,-0.48532,2.41004,-0.05641
-7.7638,-0.8251,229.282,-0.47881,2.39723,-0.05813
-7.7238,-0.764,229.405,-0.47306,2.39479,-0.05947
-7.8148,-0.674,229.223,-0.4776,2.39875,-0.05821
-7.7305,-0.8513,229.218,-0.48099,2.38806,-0.05955
-7.6216,-0.8489,229.34,-0.47792,2.38548,-0.06273
-7.8185,-0.5723,229.073,-0.47693,2.39661,-0.06061
-7.801,-0.5952,229.088,-0.4732,2.39514,-0.06191
-7.692,-0.8464,229.364,-0.48215,2.3898,-0.06266
-7.7726,-0.6067,229.119,-0.47594,2.3912,-0.06373
-7.8658,-0.5738,228.906,-0.47776,2.40689,-0.06091
-7.729,-0.7887,229.25,-0.47811,2.38647,-0.06402
-7.9263,-0.631,229.084,-0.47686,2.40009,-0.06212
-7.9142,-0.6313,228.898,-0.47853,2.39987,-0.06108
-7.7933,-0.9168,229.083,-0.48657,2.38836,-0.06328
-7.7638,-0.8952,229.119,-0.4841,2.38503,-0.06388
-7.9206,-0.603,228.817,-0.48065,2.39901,-0.06051
-7.8078,-0.7819,228.997,-0.47987,2.38879,-0.06403
-7.8055,-0.7586,229.005,-0.47503,2.38831,-0.06469
-7.9423,-0.6397,228.776,-0.47713,2.40351,-0.06227
-7.9317,-0.662,228.816,-0.47488,2.39947,-0.06205
-7.781,-0.7656,229.142,-0.47123,2.38431,-0.06713
-7.9181,-0.6847,228.86,-0.47634,2.39613,-0.06462
-7.9307,-0.659,228.778,-0.47884,2.40212,-0.06319
-7.8026,-0.9443,229.181,-0.48151,2.38454,-0.06718
-7.9117,-0.9081,228.914,-0.48918,2.39098,-0.06464
-8.2016,-0.5448,228.539,-0.4835,2.40892,-0.06072
-7.9504,-0.9095,228.96,-0.48762,2.38788,-0.06373
-7.9391,-0.9452,228.992,-0.48394,2.38528,-0.06481
-8.1709,-0.5932,228.647,-0.47708,2.40381,-0.06214
-8.0716,-0.7401,228.786,-0.4812,2.4014,-0.06477
-7.9603,-1.0639,228.972,-0.48859,2.38487,-0.06617
-8.1593,-0.6603,228.615,-0.48145,2.40143,-0.06344
-8.0842,-0.9395,228.826,-0.49002,2.39396,-0.06485
-8.0068,-1.0327,229.037,-0.48839,2.38576,-0.06652
-8.1017,-0.7439,228.755,-0.48296,2.39417,-0.06466
-8.0987,-0.6635,228.692,-0.48215,2.39971,-0.06521
-7.9458,-0.7967,228.953,-0.47715,2.38652,-0.06918
-7.935,-0.9662,228.939,-0.49,2.38404,-0.06857
-8.096,-0.6769,228.743,-0.48851,2.39908,-0.06539
-7.953,-0.7011,228.845,-0.47706,2.38689,-0.06938
-7.8983,-0.8571,228.963,-0.48459,2.38738,-0.06846
-7.9415,-0.5608,228.677,-0.47636,2.39564,-0.06772
-7.8424,-0.8379,228.832,-0.48909,2.38636,-0.06667
-7.7553,-0.9105,228.908,-0.48575,2.3775,-0.06894
-7.873,-0.6552,228.621,-0.48133,2.39319,-0.06715
-7.784,-0.8329,228.848,-0.48914,2.39078,-0.06711
-7.4828,-1.1065,229.141,-0.4886,2.36133,-0.06964
-7.8084,-0.7425,228.606,-0.49622,2.3889,-0.06091
-7.7953,-0.794,228.656,-0.49327,2.38575,-0.06151
-7.6665,-0.9714,228.821,-0.49199,2.37331,-0.06265
-7.6579,-1.0424,228.955,-0.48912,2.36603,-0.06236
-8.0141,-0.7468,228.387,-0.48905,2.39766,-0.05334
-8.0112,-0.8812,228.773,-0.48612,2.38327,-0.05496
-8.015,-1.1614,228.731,-0.495,2.37607,-0.05309
-8.2516,-0.8017,228.169,-0.4995,2.39952,-0.04903
-8.1183,-0.9468,228.325,-0.50128,2.38906,-0.05434
-7.889,-0.9827,228.535,-0.49659,2.3764,-0.06041
-7.9166,-0.8585,228.245,-0.4972,2.38447,-0.05835
-7.9948,-0.8717,228.266,-0.50084,2.38503,-0.05652
-7.7646,-1.0416,228.611,-0.4926,2.37021,-0.05984
-7.7927,-1.0182,228.551,-0.49339,2.3716,-0.05852
-7.8685,-0.8344,228.383,-0.49431,2.38138,-0.05481
-7.5998,-1.1653,228.542,-0.49665,2.36819,-0.05922
-7.5963,-1.248,228.474,-0.50158,2.36903,-0.06092
-7.8589,-0.8952,228.07,-0.50417,2.38439,-0.0585
-7.8188,-0.8099,228.279,-0.49677,2.38046,-0.06142
-7.7744,-0.8304,228.554,-0.49371,2.37064,-0.06264
-7.8458,-0.7525,228.382,-0.50023,2.37854,-0.06015
-7.9439,-0.4772,228.222,-0.48901,2.38458,-0.06234
-7.7734,-0.8128,228.739,-0.49895,2.36529,-0.06719
-7.7933,-0.7059,228.69,-0.49733,2.36757,-0.06755
-7.8999,-0.4947,228.383,-0.49055,2.38001,-0.06412
-7.8842,-0.548,228.568,-0.4887,2.37115,-0.06616
-7.8803,-0.6716,228.542,-0.49844,2.37001,-0.063
-8.0273,-0.4223,228.339,-0.49696,2.38949,-0.06048
-7.9119,-0.5263,228.668,-0.48694,2.3769,-0.06368
-7.8638,-0.6305,228.738,-0.489,2.37265,-0.06301
-7.9816,-0.6499,228.569,-0.50228,2.38814,-0.05961
-8.0208,-0.5374,228.604,-0.49349,2.3891,-0.06003
-7.8411,-0.8501,228.996,-0.49724,2.3737,-0.06309
-8.0527,-0.4098,228.448,-0.48766,2.39574,-0.05993
-8.1422,-0.4449,228.458,-0.49282,2.39882,-0.05825
-8.0078,-0.7552,228.81,-0.49748,2.38408,-0.06244
-7.9915,-0.7507,228.709,-0.4972,2.38838,-0.06102
-8.0965,-0.5756,228.408,-0.50002,2.3991,-0.05723
-7.9274,-0.8119,228.697,-0.50075,2.38729,-0.06135
-7.9027,-0.7294,228.793,-0.49503,2.38231,-0.06455
-8.1214,-0.4389,228.423,-0.48951,2.39706,-0.06131
-7.949,-0.761,228.794,-0.48882,2.38311,-0.06535
-7.9646,-0.7635,228.837,-0.49153,2.38146,-0.06691
-8.1472,-0.5486,228.558,-0.49267,2.39667,-0.06292
-8.0356,-0.7211,228.723,-0.49282,2.38909,-0.06587
-8.1597,-0.3829,228.492,-0.4874,2.4021,-0.06455
-8.1248,-0.6111,228.589,-0.49909,2.39796,-0.06408
-8.1037,-0.564,228.624,-0.49414,2.3974,-0.0656
-8.0066,-0.7947,228.853,-0.49636,2.38553,-0.06693
-8.1517,-0.4573,228.594,-0.48745,2.40065,-0.06577
-8.0313,-0.7735,228.976,-0.49601,2.38799,-0.06781
-7.9087,-0.8938,229.077,-0.49668,2.38244,-0.06939
-7.958,-0.6791,229.045,-0.48241,2.38545,-0.07013
-8.0596,-0.4868,228.603,-0.48766,2.40182,-0.06452
-8.04,-0.4724,228.67,-0.4865,2.40243,-0.06448
-7.8593,-0.6855,229.1,-0.48206,2.38084,-0.06841
-7.9774,-0.5102,228.767,-0.48516,2.3991,-0.06472
-7.9202,-0.5188,228.841,-0.48333,2.4011,-0.06613
-7.6961,-0.8132,229.121,-0.49049,2.38496,-0.06892
-7.8958,-0.2965,228.844,-0.47438,2.39472,-0.06784
-7.9904,-0.2287,228.612,-0.48136,2.40623,-0.06667
-7.7191,-0.508,229.117,-0.48323,2.38627,-0.07177
-7.7251,-0.515,229.086,-0.48362,2.38543,-0.0701
-7.8781,-0.2449,228.747,-0.48103,2.40273,-0.06608
-7.7866,-0.3157,228.899,-0.47767,2.39805,-0.06785
-7.6675,-0.5661,229.051,-0.48122,2.38147,-0.07132
-7.7938,-0.3473,228.776,-0.48233,2.39756,-0.07004
-7.7651,-0.3073,228.845,-0.47595,2.3936,-0.07192
-7.6284,-0.5718,229.22,-0.47378,2.37705,-0.07538
-7.7739,-0.2893,228.812,-0.4679,2.38952,-0.07215
-7.8418,-0.1604,228.704,-0.46735,2.39495,-0.06875
-7.6745,-0.4398,228.968,-0.47188,2.38162,-0.07185
-7.6387,-0.4619,228.847,-0.47738,2.38677,-0.0729
-7.7334,-0.2734,228.897,-0.47304,2.38366,-0.07352
-7.5341,-0.4377,229.071,-0.46915,2.37062,-0.0773
-7.7013,-0.2856,228.797,-0.46879,2.38895,-0.07461
-7.7955,-0.2149,228.579,-0.47381,2.39195,-0.07094
-7.6373,-0.637,228.886,-0.48161,2.3722,-0.07273
-7.6355,-0.4575,228.849,-0.47444,2.36812,-0.07595
-7.8132,-0.2103,228.53,-0.46707,2.38867,-0.07287
-7.6358,-0.5229,228.769,-0.46994,2.3735,-0.07414
-7.5344,-0.6377,228.908,-0.47542,2.37035,-0.0753
-7.5921,-0.5099,228.767,-0.47503,2.37602,-0.07579
-7.567,-0.3232,228.812,-0.4647,2.37625,-0.07981
-7.4116,-0.4768,229,-0.46676,2.36098,-0.0846
-7.4725,-0.1856,228.87,-0.45869,2.37078,-0.0872
-7.5971,0.0143,228.671,-0.45184,2.37754,-0.08189
-7.4177,-0.3498,229.109,-0.45749,2.36312,-0.08388
-7.5208,-0.3284,228.838,-0.46312,2.37154,-0.0788
-7.6671,-0.3887,228.652,-0.47019,2.37719,-0.07326
-7.8172,-0.4575,228.649,-0.47532,2.38044,-0.07143
-7.929,-0.4284,228.436,-0.47883,2.38419,-0.06954
-7.9122,-0.5084,228.618,-0.48283,2.38259,-0.07043
-7.9427,-0.5157,228.731,-0.47665,2.38007,-0.07001
-8.0378,-0.481,228.75,-0.47762,2.38234,-0.06909
-8.3086,-0.3679,228.638,-0.47536,2.39708,-0.06526
-8.4385,-0.5733,228.974,-0.47676,2.39472,-0.06201
-8.556,-0.7822,229.322,-0.48162,2.39053,-0.06254
-8.8084,-0.6475,229.275,-0.47352,2.40539,-0.06068
-8.9447,-0.725,229.368,-0.48332,2.40953,-0.05837
-8.871,-0.8577,229.686,-0.48128,2.40557,-0.06072
-8.9101,-0.7474,229.662,-0.47755,2.40633,-0.0645
-8.9089,-0.4508,229.641,-0.46272,2.41342,-0.06774
-8.863,-0.3495,229.81,-0.45071,2.41354,-0.07185
-8.7698,-0.2913,229.774,-0.43898,2.41223,-0.07789
-8.6455,-0.4024,229.824,-0.4458,2.4042,-0.07519
-8.5428,-0.1927,229.799,-0.43608,2.39869,-0.07417
-8.3952,-0.3196,229.95,-0.43773,2.40032,-0.07524
-8.4125,-0.271,229.839,-0.44243,2.4044,-0.07288
-8.2173,-0.3524,229.706,-0.44752,2.39669,-0.07221
-8.1689,-0.2803,229.762,-0.4492,2.39191,-0.07602
-8.076,-0.2782,229.474,-0.45611,2.39101,-0.07587
-8.0198,-0.295,229.42,-0.46681,2.391,-0.07507
-7.7957,-0.3057,229.576,-0.46503,2.38008,-0.07641
-7.7775,-0.1333,229.326,-0.46093,2.38553,-0.07599
-7.7901,-0.2122,229.315,-0.46863,2.3888,-0.07685
-7.7705,-0.1581,229.277,-0.46465,2.38688,-0.07559
-7.6973,-0.3197,229.309,-0.47115,2.38031,-0.07502
-7.6342,-0.279,229.263,-0.4735,2.38566,-0.07658
-7.6713,-0.2016,229.087,-0.47321,2.39093,-0.07553
-7.6547,-0.0485,229.203,-0.4603,2.38544,-0.08003
-7.6971,-0.1285,228.979,-0.47549,2.39492,-0.07622
-7.6291,-0.1624,228.964,-0.47093,2.38802,-0.07591
-7.6217,-0.1285,229.04,-0.46913,2.38556,-0.07691
-7.6095,-0.1757,229.06,-0.4741,2.38776,-0.07543
-7.7218,-0.1039,229.044,-0.47304,2.3928,-0.07646
-7.6675,-0.2592,229.173,-0.47106,2.38777,-0.07817
-7.7646,-0.2302,229.006,-0.47653,2.4002,-0.073
-7.7974,-0.1117,228.912,-0.46519,2.39856,-0.07257
-7.8422,-0.1643,228.875,-0.4723,2.39737,-0.07247
-7.8455,-0.2504,229.022,-0.4757,2.39847,-0.07248
-7.9069,-0.037,228.904,-0.46437,2.40422,-0.07292
-7.7664,-0.426,229.146,-0.47978,2.38888,-0.0744
-7.7989,-0.4988,229.138,-0.47862,2.3863,-0.07517
-7.8517,-0.485,228.982,-0.48807,2.39772,-0.0711
-7.8807,-0.5002,229.096,-0.47857,2.39511,-0.07011
-7.9743,-0.3981,228.945,-0.47425,2.40242,-0.07047
-8.0095,-0.4351,228.828,-0.47896,2.40108,-0.06771
-8.0162,-0.5762,228.839,-0.48973,2.40541,-0.06528
-7.9112,-0.739,229.092,-0.48822,2.39428,-0.06669
-7.968,-0.6336,228.901,-0.48684,2.40335,-0.06431
-8.0879,-0.443,228.678,-0.48534,2.4109,-0.06144
-7.8935,-0.8341,229.001,-0.49057,2.3935,-0.06268
-7.846,-0.9451,229.023,-0.49546,2.39138,-0.06188
-7.8242,-0.8987,229.049,-0.48429,2.39063,-0.06034
-7.9733,-0.7047,228.89,-0.47458,2.39746,-0.05593
-7.8675,-0.9443,229.135,-0.47601,2.38849,-0.05363
-7.9202,-0.8733,229.166,-0.47058,2.39422,-0.04921
-7.8811,-0.8836,229.166,-0.46035,2.39477,-0.04744
-7.8847,-0.787,229.111,-0.45661,2.39297,-0.04522
-7.9903,-0.8712,229.208,-0.46157,2.39588,-0.04116
-8.1639,-0.8446,229.14,-0.45971,2.40375,-0.03889
-8.1221,-1.0294,229.517,-0.4606,2.39498,-0.03989
-8.2711,-0.9159,229.638,-0.4517,2.39709,-0.0388
-8.4075,-0.6804,229.588,-0.44196,2.4138,-0.04117
-8.4488,-0.7224,229.77,-0.44155,2.41269,-0.04247
-8.4171,-0.675,230.013,-0.42893,2.40083,-0.04677
-8.534,-0.3601,229.627,-0.42222,2.41602,-0.04282
-8.3894,-0.3518,229.676,-0.41636,2.40927,-0.04696
-8.1743,-0.6819,230.364,-0.41763,2.39209,-0.05415
-8.2218,-0.3335,230.357,-0.40423,2.40575,-0.05385
-8.317,-0.2594,230.297,-0.40974,2.41439,-0.05054
-8.1782,-0.3851,230.614,-0.40539,2.40529,-0.05421
-8.1285,-0.5446,230.592,-0.40832,2.40695,-0.0529
-8.3909,-0.2023,230.47,-0.40066,2.41343,-0.05356
-8.4836,-0.3121,230.567,-0.40781,2.41854,-0.05134
-8.4958,-0.5097,230.858,-0.4088,2.41301,-0.05086
-8.6417,-0.1792,230.645,-0.40447,2.42864,-0.05029
-8.6243,-0.3085,230.687,-0.4108,2.42191,-0.05341
-8.5188,-0.3177,230.637,-0.40489,2.42203,-0.06001
-8.5022,-0.2505,230.627,-0.40555,2.42335,-0.06577
-8.5073,0.0439,230.362,-0.39979,2.42936,-0.07059
-8.4251,-0.1866,230.313,-0.41127,2.4143,-0.06982
-8.3977,-0.1374,230.237,-0.40343,2.41757,-0.07233
-8.4515,-0.2159,230.527,-0.40811,2.42367,-0.06668
-8.5429,-0.099,230.625,-0.40574,2.42532,-0.06523
-8.5961,0.0056,230.305,-0.40647,2.42535,-0.06663
-8.5743,-0.114,230.091,-0.41896,2.42083,-0.06718
-8.4573,-0.0468,230.061,-0.41523,2.41435,-0.07249
-8.3508,-0.1565,229.98,-0.42502,2.4068,-0.0743
-8.105,-0.1354,229.997,-0.42209,2.3997,-0.07749
-8.0177,-0.2499,229.829,-0.42994,2.40167,-0.0792
-7.926,-0.2999,229.924,-0.43509,2.39607,-0.08136
-7.8314,-0.1445,229.682,-0.43544,2.39616,-0.07972
-7.813,-0.1063,229.615,-0.43646,2.39509,-0.08125
-7.776,-0.3014,229.534,-0.44852,2.39137,-0.07913
-7.9725,-0.1115,229.282,-0.44688,2.39993,-0.07561
-8.1389,-0.092,229.257,-0.44314,2.40146,-0.07912
-8.1169,-0.118,229.343,-0.44222,2.40398,-0.08436
-8.0229,-0.0734,229.518,-0.44046,2.39851,-0.0894
-8.0696,0.0505,229.361,-0.43281,2.40005,-0.09049
-8.0315,-0.2574,229.497,-0.44583,2.38591,-0.087
-8.168,-0.3951,229.427,-0.44874,2.39078,-0.08263
-8.3927,-0.439,229.265,-0.45684,2.40356,-0.0784
-8.4517,-0.8505,229.398,-0.47514,2.39905,-0.07691
-8.599,-0.8763,229.377,-0.47353,2.40407,-0.07605
-8.7024,-1.0192,229.361,-0.47868,2.40532,-0.07504
-8.8683,-1.0394,229.382,-0.48097,2.40354,-0.07572
-8.9878,-0.9652,229.307,-0.47316,2.40523,-0.07687
-9.0305,-1.057,229.221,-0.48507,2.41109,-0.07585
-9.0739,-0.815,229.129,-0.46935,2.41229,-0.07912
-8.9805,-0.9435,229.191,-0.47054,2.40509,-0.08195
-9.0173,-0.8567,229.11,-0.46243,2.40918,-0.08442
-9.0714,-0.8246,229.019,-0.46137,2.41091,-0.08542
-9.0311,-1.0823,229.213,-0.46727,2.40293,-0.08765
-9.1698,-1.0187,229.068,-0.46795,2.4084,-0.0877
-9.306,-0.9519,228.935,-0.46397,2.41199,-0.08631
-9.3234,-0.9173,228.945,-0.45793,2.41287,-0.08844
-9.2451,-0.9864,228.902,-0.45739,2.40605,-0.09263
-9.3366,-0.8319,228.79,-0.44957,2.41246,-0.09527
-9.4038,-0.8018,228.947,-0.44567,2.413,-0.0968
-9.3351,-0.8983,229.046,-0.44927,2.41343,-0.09859
-9.2905,-0.876,228.987,-0.44788,2.41557,-0.10088
-9.2596,-0.9157,229.001,-0.44366,2.41143,-0.10147
-9.3869,-0.8803,228.798,-0.44468,2.41595,-0.10187
-9.524,-0.8596,228.699,-0.44148,2.4156,-0.1019
-9.5581,-0.7624,228.474,-0.44083,2.42248,-0.10529
-9.589,-0.8482,228.745,-0.43849,2.41466,-0.10211
-9.6341,-0.8202,228.532,-0.43353,2.41582,-0.10126
-9.7103,-1.0769,228.56,-0.44893,2.41416,-0.09715
-9.7173,-1.1006,228.592,-0.44871,2.40981,-0.09744
-9.8339,-0.9797,228.718,-0.44211,2.41853,-0.09637
-9.9018,-0.9704,228.689,-0.43525,2.415,-0.09843
-9.8359,-0.7843,228.94,-0.41951,2.40929,-0.10486
-9.8529,-0.7987,228.923,-0.42962,2.41057,-0.10479
-9.841,-0.9749,228.781,-0.4411,2.41084,-0.10461
-9.8385,-0.966,228.798,-0.44152,2.4064,-0.10556
-9.7853,-0.9393,228.617,-0.44071,2.40822,-0.10679
-9.7694,-0.7716,228.395,-0.43716,2.41138,-0.11069
-9.6573,-0.7324,228.129,-0.43652,2.408,-0.11362
-7.0959,1.8109,194.967,-0.36126,2.56994,-0.06501
-6.7951,4.9565,190.753,-0.19286,2.51981,-0.02593
-12.5877,1.6282,201.957,-0.34728,2.68079,-0.01317
-14.7541,0.1116,197.051,-0.38849,2.85199,-0.05386
-12.7699,-3.1806,188.845,-0.47979,2.87502,-0.13921
-8.0732,-6.2172,177.509,-0.51002,2.81097,-0.20833
-1.4418,-8.9354,162.68,-0.46882,2.71655,-0.22763
3.3623,-11.6024,147.929,-0.39959,2.68186,-0.19738
5.3799,-14.5928,133.375,-0.34081,2.7286,-0.17017
5.4916,-14.3447,120.826,-0.10184,2.79306,-0.13745
1.673,-15.1758,109.577,0.08544,2.98115,-0.13179
-2.0103,-18.2032,96.8485,0.17621,3.18264,-0.15721
-1.4583,-21.0502,82.6332,0.25447,3.24877,-0.16256
3.0235,-19.3577,66.3455,0.49429,3.19071,-0.10022
5.4211,-18.9958,43.8708,0.64051,3.26421,0.03343
1.4139,-24.8715,9.0526,0.40611,3.55791,0.19038
0.3896,-23.0073,-8.204,0.39431,3.45566,0.26594
-6.0189,-17.1967,-12.4307,0.64872,3.17384,0.26182
-18.4495,-17.2365,34.6972,0.11015,3.10315,0.16675
-23.2412,-16.9134,63.8836,-0.04078,3.15045,0.05973
-27.1766,-17.371,138.415,-0.47569,3.16813,-0.09643
-20.5168,-10.2814,198,-0.50776,2.86659,-0.0644
-16.2106,-5.7081,219.327,-0.41535,2.69359,-0.02687
-13.9818,-4.2958,224.208,-0.40481,2.62234,-0.02285
-13.5946,-3.5525,224.806,-0.43077,2.60514,0.00134
-14.0577,-3.0355,225.29,-0.45283,2.61573,0.00575
-14.0935,-3.4999,225.037,-0.49082,2.63126,-0.01982
-13.3737,-3.964,224.915,-0.52126,2.62821,-0.03166
-11.7104,-4.9461,226.478,-0.5634,2.61387,-0.0334
-12.2693,-5.0164,226.915,-0.57569,2.61604,-0.03862
-12.8396,-5.1201,226.961,-0.58047,2.61584,-0.04265
-13.2435,-5.3292,227.109,-0.58359,2.62069,-0.04504
-13.6663,-5.7052,227.221,-0.59958,2.63003,-0.04552
-14.0631,-5.9243,227.3,-0.60811,2.62912,-0.03881
-14.1345,-6.0971,227.276,-0.6282,2.62005,-0.02595
-13.9396,-6.0915,227.264,-0.62937,2.61353,-0.01841
-13.7769,-5.8865,227.422,-0.61675,2.61164,-0.01409
-13.5196,-5.6281,227.365,-0.60851,2.60833,-0.01094
-13.1456,-5.7791,227.415,-0.618,2.58401,-0.00555
-12.9186,-5.9305,227.537,-0.63286,2.58752,0.00077
-12.6734,-5.9954,227.643,-0.63692,2.57847,0.00308
-12.592,-5.716,227.632,-0.6192,2.58466,-0.00346
-12.5838,-5.6581,227.659,-0.62156,2.58497,-0.01234
-12.6138,-5.4073,227.956,-0.60559,2.58414,-0.02603
-12.647,-5.0209,228.296,-0.58323,2.58759,-0.03582
-12.6832,-4.7421,228.329,-0.58464,2.59588,-0.03383
-12.6987,-4.4085,228.38,-0.57691,2.59842,-0.03368
-12.5504,-4.2722,228.397,-0.57252,2.6001,-0.03212
-12.3489,-4.1865,228.508,-0.56241,2.59527,-0.03254
-12.3488,-4.106,228.524,-0.56129,2.59302,-0.03234
-12.4108,-4.1575,228.323,-0.56918,2.58566,-0.03092
-12.4172,-4.1634,228.393,-0.57,2.57685,-0.03078
-12.5603,-4.1754,228.262,-0.57782,2.58208,-0.02882
-12.6852,-3.9458,228.307,-0.56951,2.59057,-0.02979
-12.6661,-4.0821,228.347,-0.57757,2.58887,-0.02996
-12.6546,-4.0691,228.417,-0.57568,2.5878,-0.03276
-12.6145,-4.2181,228.634,-0.58045,2.58212,-0.03601
-12.6884,-4.0545,228.503,-0.57559,2.58969,-0.0357
-12.7171,-4.0799,228.577,-0.57199,2.59632,-0.03545
-12.7746,-4.1516,228.517,-0.58358,2.60436,-0.03186
-12.7114,-4.2975,228.879,-0.58714,2.60195,-0.03451
-12.708,-4.2191,228.75,-0.59022,2.6072,-0.03438
-12.6935,-4.0548,228.667,-0.57726,2.61504,-0.037
-12.6669,-4.1317,228.726,-0.58049,2.61244,-0.03692
-12.5678,-4.1967,228.876,-0.58143,2.61054,-0.03756
-12.531,-4.3188,228.807,-0.5869,2.61697,-0.03526
-12.5553,-4.418,228.802,-0.58927,2.61937,-0.03431
-12.509,-4.7057,228.981,-0.59851,2.61533,-0.03354
-12.5831,-4.7201,228.972,-0.59996,2.61943,-0.03107
-12.5891,-4.8991,229.14,-0.60372,2.61896,-0.0303
-12.6618,-5.0527,229.119,-0.61532,2.6277,-0.02855
-12.7783,-4.9242,229.171,-0.61258,2.63252,-0.02889
-12.7485,-5.0691,229.427,-0.61229,2.62842,-0.03085
-12.778,-5.066,229.396,-0.61972,2.6316,-0.03056
-12.8012,-4.8561,229.331,-0.60629,2.63249,-0.03231
-12.7829,-4.8918,229.33,-0.61113,2.63196,-0.03173
-12.7616,-4.8431,229.258,-0.60369,2.63679,-0.03004
-12.801,-4.841,229.115,-0.61173,2.63962,-0.02546
-12.722,-4.911,229.327,-0.61347,2.63321,-0.02435
-12.6785,-5.0107,229.279,-0.6247,2.63517,-0.02093
-12.6069,-4.8841,229.238,-0.6165,2.63408,-0.02206
-12.557,-4.8602,229.281,-0.61407,2.63319,-0.02198
-12.6042,-4.9417,229.331,-0.62397,2.63105,-0.01994
-12.6483,-4.8578,229.235,-0.61747,2.63711,-0.01982
-12.6694,-4.8109,229.215,-0.62017,2.6349,-0.02025
-12.6402,-4.741,229.292,-0.61156,2.63343,-0.02181
-12.6302,-4.7532,229.364,-0.60916,2.62421,-0.02232
-12.6793,-4.6482,229.174,-0.61199,2.63519,-0.01991
-12.6178,-4.7624,229.343,-0.61162,2.62881,-0.02031
-12.5283,-4.7143,229.478,-0.60408,2.62265,-0.02247
-12.6375,-4.5991,229.189,-0.60893,2.638,-0.01964
-12.6158,-4.4926,229.099,-0.60446,2.63775,-0.02056
-12.6176,-4.2395,229.136,-0.59048,2.63855,-0.02288
-12.4279,-4.0443,229.164,-0.58002,2.63423,-0.03077
-11.7863,-3.4501,228.685,-0.5448,2.61508,-0.05141
-11.0625,-2.7517,228.193,-0.51656,2.58664,-0.06817
-9.9222,-2.2376,227.775,-0.49192,2.53811,-0.06387
-9.1654,-2.1537,227.671,-0.49624,2.51226,-0.0492
-8.6796,-1.9894,227.705,-0.49222,2.49893,-0.04104
-8.4268,-2.0868,227.862,-0.49892,2.48895,-0.03547
-8.2794,-2.1607,227.901,-0.50251,2.48135,-0.0291
-8.2695,-2.2157,227.825,-0.50839,2.48204,-0.02623
-8.2588,-2.1201,227.842,-0.50557,2.48472,-0.0248
-8.1557,-2.0791,227.962,-0.49771,2.48289,-0.0261
-8.2766,-2.008,227.84,-0.50005,2.49319,-0.02371
-8.1374,-1.9326,227.991,-0.48471,2.49039,-0.02626
-8.0067,-2.0609,228.043,-0.49184,2.48385,-0.03009
-7.9707,-2.0643,228.042,-0.49063,2.48483,-0.02997
-7.9862,-1.9064,228.072,-0.48096,2.48786,-0.03088
-7.8834,-2.0541,228.1,-0.48703,2.48497,-0.03
-7.8285,-2.1297,228.33,-0.48751,2.4828,-0.03025
-7.8646,-1.9664,228.246,-0.47968,2.48586,-0.0286
-7.8422,-1.9295,228.271,-0.47928,2.4843,-0.0275
-7.8629,-1.8737,228.297,-0.47559,2.48497,-0.02675
-7.9319,-1.8006,228.298,-0.48035,2.48986,-0.02537
-7.8371,-2.0235,228.369,-0.48704,2.48523,-0.02432
-7.9133,-1.8583,228.521,-0.4777,2.48202,-0.02704
-7.9779,-1.7818,228.385,-0.47815,2.48481,-0.02622
-8.0892,-1.815,228.493,-0.47904,2.48863,-0.02592
-8.1956,-1.7712,228.438,-0.4775,2.49007,-0.02349
-8.2545,-1.7284,228.356,-0.47705,2.4947,-0.02239
-8.2116,-1.7776,228.446,-0.47835,2.48827,-0.02122
-8.2172,-1.8419,228.5,-0.48407,2.49021,-0.02004
-8.318,-1.7078,228.512,-0.47846,2.49497,-0.01774
-8.2769,-1.5754,228.485,-0.47128,2.49419,-0.0136
-8.1321,-1.8971,228.719,-0.4847,2.48592,-0.01571
-8.2349,-1.715,228.519,-0.48309,2.4971,-0.0152
-8.2201,-1.5945,228.502,-0.47515,2.49089,-0.01985
-8.3178,-1.4536,228.455,-0.4645,2.49364,-0.02173
-8.363,-1.4763,228.489,-0.46192,2.49184,-0.02253
-8.4595,-1.5096,228.446,-0.46347,2.49576,-0.02268
-8.564,-1.5137,228.636,-0.46322,2.49856,-0.02447
-8.6597,-1.5838,228.531,-0.46553,2.5005,-0.02288
-8.7189,-1.6637,228.494,-0.46615,2.50121,-0.02292
-8.8671,-1.428,228.436,-0.45851,2.51679,-0.0219
-8.8146,-1.6024,228.446,-0.46744,2.51054,-0.01898
-8.7007,-1.6634,228.687,-0.46455,2.50129,-0.02115
-8.7884,-1.5096,228.529,-0.46028,2.50903,-0.01996
-8.828,-1.584,228.37,-0.47084,2.51172,-0.01852
-8.8104,-1.6334,228.546,-0.4679,2.50647,-0.01916
-8.812,-1.4879,228.653,-0.46062,2.50848,-0.01846
-8.909,-1.3215,228.448,-0.45768,2.51962,-0.01741
-8.9694,-1.3479,228.519,-0.45995,2.51645,-0.01841
-8.9276,-1.2508,228.598,-0.44412,2.51753,-0.02037
-8.9063,-1.2639,228.582,-0.44035,2.52056,-0.02302
-8.9005,-1.2177,228.459,-0.44311,2.52102,-0.02254
-8.8953,-1.2123,228.554,-0.44714,2.51992,-0.0221
-8.8339,-1.2576,228.434,-0.4521,2.51815,-0.02324
-8.7922,-1.29,228.558,-0.44401,2.50578,-0.02582
-8.8103,-1.1802,228.414,-0.44102,2.51041,-0.02853
-8.8202,-1.3304,228.459,-0.44868,2.50854,-0.0296
-8.8545,-1.2574,228.358,-0.44554,2.50585,-0.02944
-8.9419,-1.184,228.21,-0.44012,2.50914,-0.0327
-8.8893,-1.3486,228.404,-0.44687,2.49697,-0.03504
-8.8913,-1.2885,228.497,-0.43784,2.50328,-0.03666
-8.9215,-1.3614,228.352,-0.44356,2.50919,-0.03574
-8.8736,-1.3956,228.387,-0.44748,2.512,-0.03318
-8.8219,-1.3612,228.385,-0.44357,2.50574,-0.03352
-8.8536,-1.311,228.469,-0.44198,2.51168,-0.03305
-8.8553,-1.2723,228.425,-0.44516,2.5073,-0.03328
-8.8567,-1.11,228.369,-0.43726,2.50647,-0.03334
-8.8365,-1.2001,228.511,-0.44337,2.50417,-0.03222
-8.8626,-1.017,228.529,-0.42941,2.50482,-0.03309
-8.8537,-1.0897,228.613,-0.43516,2.50112,-0.03327
-8.8839,-1.1573,228.434,-0.43648,2.5111,-0.03099
-8.829,-1.259,228.456,-0.44001,2.50775,-0.03033
-8.9774,-1.0892,228.312,-0.44365,2.52161,-0.02734
-8.906,-1.2382,228.563,-0.44328,2.51442,-0.02912
-8.8789,-1.3944,228.682,-0.45055,2.50788,-0.02893
-8.9072,-1.3294,228.604,-0.4524,2.51707,-0.02782
-8.893,-1.2982,228.559,-0.45107,2.51744,-0.02732
-8.912,-1.1284,228.642,-0.44181,2.5182,-0.02845
-8.9279,-1.0651,228.527,-0.44166,2.52503,-0.02665
-8.8248,-1.1185,228.749,-0.44034,2.51551,-0.02701
-8.8174,-1.0433,228.582,-0.44463,2.51636,-0.02567
-8.7725,-0.9762,228.592,-0.44626,2.51863,-0.02387
-8.7134,-1.0132,228.55,-0.45145,2.51555,-0.02282
-8.6557,-1.104,228.759,-0.45083,2.51209,-0.02369
-8.6037,-1.2554,228.809,-0.452,2.50972,-0.02447
-8.7581,-1.1354,228.702,-0.45198,2.51982,-0.02324
-8.8694,-1.0403,228.744,-0.44469,2.52333,-0.02404
-8.8547,-1.1662,228.58,-0.44707,2.52454,-0.02377
-8.795,-1.5126,228.7,-0.46144,2.51693,-0.02228
-8.7224,-1.6374,228.758,-0.46603,2.51037,-0.0206
-8.7825,-1.3899,228.737,-0.45087,2.51713,-0.02067
-8.8357,-1.3253,228.655,-0.45317,2.52228,-0.01827
-8.813,-1.3899,228.704,-0.44909,2.51663,-0.02046
-8.8391,-1.5112,228.699,-0.45677,2.519,-0.01904
-8.9482,-1.3214,228.568,-0.45622,2.52845,-0.01942
-8.9131,-1.387,228.819,-0.4503,2.52062,-0.02161
-8.9718,-1.3602,228.647,-0.45672,2.52604,-0.01917
-9.003,-1.2877,228.711,-0.4486,2.52322,-0.0212
-9.0889,-1.2915,228.606,-0.44943,2.52767,-0.01834
-9.057,-1.371,228.485,-0.45163,2.52931,-0.01657
-9.0106,-1.4814,228.578,-0.46105,2.52512,-0.01498
-9.0493,-1.2842,228.597,-0.4503,2.52634,-0.01605
-8.9872,-1.3853,228.693,-0.45872,2.52235,-0.01583
-8.9879,-1.4057,228.679,-0.45443,2.52405,-0.01688
-9.0222,-1.2544,228.538,-0.44949,2.52659,-0.01602
-8.9482,-1.4226,228.689,-0.45774,2.51917,-0.01731
-8.9856,-1.3586,228.517,-0.4527,2.5255,-0.01623
-9.0124,-1.3545,228.609,-0.44958,2.52452,-0.01785
-9.034,-1.285,228.622,-0.44719,2.52532,-0.01707
-9.0163,-1.3741,228.747,-0.44863,2.5256,-0.01801
-9.053,-1.4816,228.671,-0.45566,2.52685,-0.01634
-9.1043,-1.3794,228.442,-0.45876,2.53033,-0.01191
-9.0723,-1.4339,228.534,-0.45957,2.52862,-0.01402
-9.0071,-1.5055,228.731,-0.46,2.5181,-0.01651
-8.9951,-1.3006,228.733,-0.45045,2.52032,-0.01656
-9.0096,-1.4028,228.73,-0.45473,2.51657,-0.0156
-8.9688,-1.5547,228.713,-0.46318,2.5149,-0.01417
-8.9661,-1.5828,228.581,-0.46319,2.52188,-0.0138
-8.9544,-1.5022,228.761,-0.4596,2.51552,-0.01465
-9.0323,-1.4222,228.596,-0.46156,2.52415,-0.0121
-8.9858,-1.355,228.611,-0.45605,2.51945,-0.01368
-8.986,-1.4657,228.565,-0.46072,2.518,-0.01195
-9.0143,-1.3582,228.31,-0.4582,2.52511,-0.01099
-8.9704,-1.4268,228.524,-0.46028,2.51737,-0.01317
-9.0046,-1.2997,228.576,-0.45589,2.52124,-0.0127
-8.96,-1.4677,228.519,-0.46091,2.50793,-0.01268
-8.958,-1.4491,228.644,-0.46025,2.50725,-0.01327
-8.9981,-1.3975,228.596,-0.45834,2.51055,-0.01296
-9.0051,-1.4274,228.621,-0.46262,2.51151,-0.01224
-8.9782,-1.4474,228.655,-0.46222,2.50905,-0.01234
-9.0302,-1.4445,228.595,-0.46495,2.51006,-0.01147
-8.956,-1.5754,228.756,-0.46685,2.50037,-0.01201
-8.9896,-1.3902,228.643,-0.45896,2.51047,-0.01219
-8.9698,-1.5218,228.654,-0.46295,2.50946,-0.01094
-8.9489,-1.422,228.584,-0.46157,2.512,-0.01135
-8.9944,-1.3689,228.529,-0.46243,2.5104,-0.01054
-8.9871,-1.2608,228.484,-0.45116,2.51718,-0.01172
-9.0277,-1.3661,228.433,-0.46562,2.52432,-0.01048
-9.0049,-1.3757,228.523,-0.45966,2.51722,-0.01098
-9.0323,-1.2734,228.485,-0.4579,2.51896,-0.01123
-9.0263,-1.3758,228.636,-0.46011,2.5152,-0.01294
-8.9057,-1.4708,228.729,-0.4589,2.51219,-0.01357
-8.9076,-1.4999,228.698,-0.45988,2.50878,-0.01393
-8.9725,-1.2949,228.606,-0.4534,2.51622,-0.01369
-8.9675,-1.4317,228.634,-0.46143,2.51438,-0.01132
-8.9968,-1.4053,228.698,-0.46288,2.51818,-0.01141
-8.9512,-1.3026,228.681,-0.45317,2.51571,-0.01356
-8.8867,-1.4624,228.694,-0.45377,2.50688,-0.01325
-8.9187,-1.4391,228.732,-0.45607,2.51287,-0.01357
-9.0795,-1.2217,228.498,-0.45616,2.52131,-0.01026
-8.9829,-1.3971,228.572,-0.45847,2.516,-0.0106
-8.9426,-1.4588,228.66,-0.45659,2.51291,-0.01176
-8.9353,-1.5543,228.669,-0.4673,2.51192,-0.01049
-9.0465,-1.3931,228.57,-0.46152,2.52238,-0.01103
-8.9584,-1.3782,228.732,-0.45835,2.51387,-0.01237
-9.0351,-1.2705,228.657,-0.45832,2.52051,-0.01092
-8.9769,-1.2876,228.738,-0.4543,2.5149,-0.01247
-8.9557,-1.5261,228.712,-0.46258,2.51561,-0.01169
-9.0014,-1.3994,228.689,-0.46187,2.51787,-0.0105
-8.9278,-1.5403,228.68,-0.46865,2.51788,-0.00918
-8.8717,-1.5839,228.84,-0.46195,2.51487,-0.01172
-8.9507,-1.4839,228.728,-0.46214,2.5164,-0.01056
-8.992,-1.3988,228.713,-0.45882,2.52022,-0.01151
-9.0153,-1.3745,228.682,-0.45857,2.52101,-0.01121
-9.0298,-1.3704,228.695,-0.45895,2.5192,-0.01046
-9.0247,-1.3009,228.511,-0.45679,2.52429,-0.00881
-9.0075,-1.4096,228.667,-0.45954,2.52298,-0.01039
-8.9837,-1.3272,228.6,-0.45343,2.52422,-0.01054
-9.0166,-1.2651,228.653,-0.45203,2.51916,-0.01052
-8.9877,-1.2064,228.578,-0.4492,2.52316,-0.01179
-8.9599,-1.2869,228.756,-0.45223,2.51794,-0.01252
-8.8572,-1.4839,228.879,-0.45676,2.5105,-0.01337
-9.0053,-1.464,228.778,-0.46401,2.52061,-0.00957
-8.961,-1.403,228.903,-0.45683,2.51663,-0.01285
-9.0165,-1.4407,228.802,-0.46194,2.52114,-0.0109
-8.9466,-1.5774,228.822,-0.46746,2.51558,-0.00946
-8.9923,-1.3503,228.738,-0.46166,2.52138,-0.01223
-8.9788,-1.4419,228.715,-0.46547,2.51979,-0.01095
-8.9558,-1.5207,228.887,-0.46459,2.51272,-0.01202
-9.0307,-1.2639,228.771,-0.45325,2.52189,-0.01359
-9.0215,-1.322,228.667,-0.45496,2.52162,-0.01146
-8.9851,-1.4765,228.763,-0.46225,2.5178,-0.01187
-9.0439,-1.4306,228.66,-0.46316,2.5195,-0.0104
-9.0088,-1.3863,228.705,-0.45887,2.51576,-0.01102
-8.956,-1.4891,228.716,-0.46277,2.51684,-0.01
-9.0121,-1.3673,228.643,-0.45869,2.51277,-0.00973
-9.0371,-1.2868,228.679,-0.4569,2.5142,-0.01101
-9.0216,-1.4619,228.849,-0.46227,2.5185,-0.0103
-8.963,-1.5269,228.742,-0.46493,2.519,-0.00959
-9.0407,-1.3049,228.607,-0.45518,2.5256,-0.0101
-8.9617,-1.3561,228.649,-0.45952,2.51888,-0.0119
-9.0361,-1.303,228.622,-0.45464,2.52216,-0.01031
-9.0255,-1.1608,228.616,-0.44865,2.52605,-0.01114
-9.0258,-1.3102,228.615,-0.45763,2.52302,-0.01104
-8.8793,-1.6026,228.924,-0.4653,2.50953,-0.01253
-8.935,-1.3799,228.848,-0.45469,2.51683,-0.01345
-9.0202,-1.3921,228.675,-0.45701,2.51501,-0.01143
-9.0205,-1.2728,228.635,-0.45236,2.52345,-0.01087
-8.982,-1.4809,228.703,-0.46306,2.51373,-0.01022
-9.0555,-1.2004,228.562,-0.45354,2.52307,-0.01023
-8.9377,-1.4318,228.661,-0.45986,2.51305,-0.01203
-8.9597,-1.4321,228.725,-0.4652,2.51752,-0.00972
-8.966,-1.4817,228.729,-0.46542,2.51462,-0.01004
-8.9539,-1.5194,228.726,-0.4581,2.51101,-0.01028
-8.9553,-1.4773,228.767,-0.46464,2.51113,-0.0102
-9.0119,-1.3732,228.751,-0.4575,2.51852,-0.01221
-9.0067,-1.423,228.819,-0.46133,2.51792,-0.0111
-8.9602,-1.4732,228.811,-0.46073,2.51258,-0.01106
-9.0201,-1.2777,228.746,-0.45051,2.51521,-0.01162
-8.9878,-1.4395,228.801,-0.46289,2.5157,-0.01074
-9.0479,-1.2831,228.663,-0.4574,2.51714,-0.0107
-8.9892,-1.3299,228.706,-0.45833,2.52149,-0.01106
-8.9518,-1.3326,228.717,-0.45454,2.51794,-0.01184
-8.9679,-1.4595,228.703,-0.45995,2.5191,-0.01017
-8.9525,-1.3896,228.738,-0.45873,2.51991,-0.01191
-8.9265,-1.4015,228.925,-0.45427,2.51277,-0.01397
-8.9911,-1.3044,228.738,-0.45069,2.51668,-0.01207
-8.9681,-1.4288,228.838,-0.45952,2.51908,-0.01185
-8.9896,-1.4145,228.737,-0.45874,2.51863,-0.01225
-8.9672,-1.3604,228.735,-0.45803,2.51786,-0.01134
-8.9628,-1.4874,228.796,-0.46632,2.51705,-0.00949
-8.9899,-1.3122,228.758,-0.45867,2.52082,-0.01004
-8.977,-1.4017,228.78,-0.46538,2.51607,-0.01121
-8.9257,-1.4856,228.833,-0.46339,2.51182,-0.0122
-8.8999,-1.4736,228.841,-0.45742,2.51353,-0.01186
-8.9088,-1.5497,228.907,-0.46301,2.50925,-0.01118
-9.0001,-1.3369,228.83,-0.4554,2.51439,-0.01245
-9.0574,-1.2766,228.645,-0.45989,2.5238,-0.00931
-8.9114,-1.4346,228.83,-0.45825,2.50674,-0.01204
-8.9961,-1.3648,228.754,-0.45712,2.51765,-0.01125
-8.942,-1.5585,228.68,-0.46916,2.51788,-0.01004
-9.0261,-1.3413,228.522,-0.4586,2.52224,-0.00985
-8.9532,-1.4452,228.745,-0.46045,2.5173,-0.01072
-8.9608,-1.4625,228.8,-0.46167,2.50874,-0.01131
-9.0005,-1.3875,228.793,-0.45787,2.51499,-0.01175
-9.029,-1.336,228.869,-0.46021,2.51749,-0.01221
-8.9653,-1.3727,228.905,-0.45399,2.51512,-0.01371
-9.0081,-1.3173,228.702,-0.45534,2.51928,-0.01116
-8.9854,-1.366,228.755,-0.45486,2.51683,-0.01221
-9.0234,-1.3203,228.692,-0.45482,2.5178,-0.01171
-8.9868,-1.3451,228.784,-0.45808,2.51556,-0.01321
-8.9963,-1.3632,228.679,-0.45573,2.5151,-0.0135
-8.986,-1.3809,228.931,-0.45242,2.51106,-0.015
-8.9852,-1.4504,228.885,-0.45874,2.51307,-0.01269
-8.9374,-1.4636,228.996,-0.4626,2.50853,-0.01344
-8.9364,-1.3972,228.801,-0.4551,2.51388,-0.01275
-8.9516,-1.3563,228.881,-0.45355,2.51229,-0.01192
-8.9008,-1.475,228.903,-0.4619,2.50618,-0.01257
-8.9268,-1.313,228.846,-0.4524,2.51178,-0.01231
-8.9969,-1.4057,228.87,-0.4594,2.51288,-0.01156
-8.9262,-1.5431,228.843,-0.46393,2.51175,-0.01192
-9.033,-1.3271,228.758,-0.4557,2.51739,-0.01189
-9.0016,-1.304,228.762,-0.45168,2.51608,-0.01436
-8.9815,-1.3255,228.659,-0.45503,2.51784,-0.01265
-9.0042,-1.3522,228.657,-0.45901,2.52001,-0.01084
-8.9743,-1.4306,228.774,-0.46002,2.51747,-0.01136
-9.0042,-1.3946,228.735,-0.45858,2.51868,-0.01129
-8.9441,-1.3717,228.747,-0.44968,2.51416,-0.0133
-8.9861,-1.3209,228.745,-0.44847,2.51873,-0.01238
-8.9363,-1.4311,228.798,-0.45653,2.5127,-0.01212
-8.9048,-1.6461,228.809,-0.47269,2.51063,-0.01036
-8.9265,-1.5467,228.702,-0.46184,2.51717,-0.01038
-9.0232,-1.353,228.685,-0.45768,2.52034,-0.01011
-9.0213,-1.3507,228.569,-0.45899,2.52125,-0.01103
-8.9665,-1.4289,228.639,-0.46266,2.51913,-0.01035
-8.929,-1.3508,228.719,-0.45416,2.51274,-0.01257
-9.0027,-1.3012,228.61,-0.4534,2.51489,-0.01161
-8.9686,-1.4791,228.798,-0.46467,2.51403,-0.0104
-8.9807,-1.3928,228.859,-0.45702,2.50933,-0.01192
-8.9393,-1.4509,228.835,-0.46078,2.51033,-0.00994
-8.9331,-1.3945,228.755,-0.45428,2.51627,-0.01187
-9.0199,-1.1895,228.708,-0.44889,2.51898,-0.01076
-8.9597,-1.408,228.818,-0.45631,2.51899,-0.01159
-8.9729,-1.3262,228.798,-0.45208,2.51693,-0.01218
-8.9531,-1.4014,228.812,-0.45682,2.51644,-0.01208
-8.9533,-1.4793,228.726,-0.4633,2.51536,-0.00938
-8.9996,-1.3472,228.604,-0.45864,2.52407,-0.00939
-8.9887,-1.4609,228.719,-0.45896,2.52306,-0.01002
-9.004,-1.4925,228.715,-0.46722,2.52161,-0.00966
-8.993,-1.3681,228.622,-0.46065,2.52464,-0.0093
-8.8826,-1.4458,228.884,-0.4551,2.51089,-0.01299
-9.0288,-1.2844,228.731,-0.45505,2.52174,-0.01032
-8.9834,-1.4088,228.771,-0.46361,2.52322,-0.009
-8.9925,-1.2888,228.712,-0.45677,2.51981,-0.00979
-8.9556,-1.3526,228.767,-0.45247,2.51625,-0.01193
-8.9537,-1.3991,228.777,-0.45851,2.51858,-0.00978
-8.9467,-1.2858,228.83,-0.45146,2.51803,-0.01208
-8.9904,-1.4124,228.788,-0.45569,2.52189,-0.01081
-8.982,-1.4203,228.771,-0.45814,2.51576,-0.01104
-8.9906,-1.4913,228.882,-0.46533,2.51747,-0.0096
-8.9253,-1.411,228.889,-0.45382,2.51593,-0.0115
-8.9795,-1.4158,228.847,-0.4611,2.51393,-0.01054
-8.9251,-1.4661,228.782,-0.45753,2.51948,-0.01073
-8.9921,-1.4261,228.719,-0.46158,2.52178,-0.00848
-9.0244,-1.3142,228.686,-0.45848,2.52417,-0.00926
-9.0359,-1.2281,228.701,-0.45221,2.52359,-0.00919
-9.0257,-1.3478,228.831,-0.45839,2.52305,-0.01008
-8.982,-1.416,228.766,-0.46249,2.51908,-0.0097
-8.9763,-1.4439,228.808,-0.45875,2.5217,-0.00953
-8.9902,-1.4265,228.837,-0.45731,2.52202,-0.00998
-9.0469,-1.2217,228.767,-0.44499,2.52436,-0.0104
-8.8841,-1.4748,229.094,-0.45438,2.51108,-0.01198
-9,-1.2939,228.796,-0.45348,2.52145,-0.0097
-8.9984,-1.2402,228.679,-0.45305,2.52532,-0.00874
-8.9162,-1.4388,228.777,-0.45613,2.51651,-0.00927
-8.9867,-1.3397,228.896,-0.45487,2.52159,-0.01048
-8.98,-1.3021,228.696,-0.45773,2.52238,-0.00939
-8.9764,-1.2984,228.758,-0.45243,2.52294,-0.01087
-8.9376,-1.3283,228.686,-0.45377,2.52183,-0.01084
-8.9489,-1.3882,228.817,-0.45345,2.51855,-0.01137
-9.0176,-1.3561,228.611,-0.45732,2.52222,-0.00788
-8.9497,-1.3797,228.698,-0.45761,2.51747,-0.00961
-8.89,-1.4525,228.952,-0.45735,2.51022,-0.01282
-8.9639,-1.3055,228.857,-0.45398,2.51322,-0.01165
-8.9567,-1.466,228.958,-0.4602,2.51314,-0.01055
-8.9585,-1.3534,228.747,-0.45534,2.51615,-0.00973
-8.9788,-1.3973,228.734,-0.45758,2.52067,-0.00838
-8.9802,-1.3732,228.72,-0.45941,2.52135,-0.00892
-9.0107,-1.4061,228.803,-0.46126,2.5202,-0.00904
-8.9852,-1.4077,228.836,-0.45996,2.51364,-0.0083
-8.9684,-1.4393,228.941,-0.46123,2.51268,-0.00995
-8.9437,-1.4036,228.833,-0.45271,2.51766,-0.0109
-8.9269,-1.4233,228.882,-0.45274,2.51276,-0.0108
-8.928,-1.4204,228.903,-0.45367,2.51392,-0.01088
-8.9896,-1.28,228.715,-0.45419,2.52273,-0.01031
-8.9065,-1.5099,229.029,-0.45738,2.5093,-0.01081
-8.9824,-1.3286,228.852,-0.45496,2.52249,-0.01067
-9.0066,-1.2993,228.861,-0.45482,2.52137,-0.00921
-9.0536,-1.1853,228.679,-0.45262,2.52843,-0.00825
-8.922,-1.5394,228.953,-0.45802,2.5178,-0.00988
-8.9706,-1.4004,228.888,-0.45833,2.52112,-0.00907
-8.8646,-1.3841,229.081,-0.45158,2.51092,-0.01182
-8.8876,-1.4086,229.081,-0.45334,2.51402,-0.01149
-8.9671,-1.389,228.922,-0.45976,2.51876,-0.00981
-8.995,-1.3708,228.889,-0.45737,2.51999,-0.00941
-9.0075,-1.3618,228.765,-0.45759,2.5219,-0.00926
-8.9501,-1.4051,228.929,-0.45667,2.51777,-0.00938
-8.9324,-1.4504,228.934,-0.45757,2.51475,-0.00993
-8.9418,-1.5185,228.925,-0.46133,2.51829,-0.00742
-9.0621,-1.3506,228.811,-0.461,2.52592,-0.00709
-8.9527,-1.4834,228.834,-0.46051,2.5164,-0.00847
-8.935,-1.5682,228.934,-0.46579,2.51355,-0.00902
-8.9793,-1.4492,228.882,-0.46511,2.52075,-0.00896
-8.962,-1.3299,228.89,-0.44894,2.51949,-0.0106
-8.9399,-1.4225,229,-0.45251,2.51621,-0.01032
-8.9854,-1.4682,228.878,-0.46269,2.52135,-0.00908
-8.9034,-1.6259,228.933,-0.4624,2.51189,-0.00959
-8.9744,-1.39,228.872,-0.455,2.51931,-0.00889
-8.9469,-1.4266,229.001,-0.45685,2.52008,-0.00901
-8.9469,-1.4266,229.001,-0.45685,2.52008,-0.00901
-8.9471,-1.4565,228.88,-0.45772,2.51981,-0.00945
-9.0282,-1.2316,228.79,-0.45461,2.52667,-0.0083
-9.0312,-1.2572,228.888,-0.4508,2.5256,-0.00893
-8.9715,-1.4395,228.799,-0.45888,2.52146,-0.00911
-8.9344,-1.4013,228.917,-0.45604,2.51807,-0.01044
-8.9764,-1.4124,228.921,-0.4578,2.52437,-0.00981
-8.9858,-1.3904,228.808,-0.45922,2.52044,-0.00849
-9.0365,-1.3834,228.923,-0.46024,2.52104,-0.00932
-9.0121,-1.3592,228.943,-0.45606,2.52156,-0.01032
-9.0139,-1.2955,228.861,-0.45222,2.5226,-0.01006
-9.0005,-1.3555,228.906,-0.45788,2.52104,-0.00872
-9.0524,-1.2651,228.911,-0.44857,2.52305,-0.00975
-9.0221,-1.2778,228.792,-0.45176,2.52288,-0.00923
-9.0084,-1.4552,228.787,-0.46655,2.52146,-0.00757
-9.0043,-1.5002,228.851,-0.46501,2.51868,-0.00796
-8.9989,-1.5356,229.046,-0.4629,2.52038,-0.00996
-8.9442,-1.5007,228.934,-0.46152,2.51818,-0.00855
-8.9775,-1.4796,228.807,-0.46229,2.51627,-0.0092
-8.9657,-1.4272,228.926,-0.45488,2.52215,-0.0098
-9.007,-1.3817,228.89,-0.45289,2.52205,-0.00968
-9.0908,-1.3376,228.732,-0.45993,2.53092,-0.00738
-9.0597,-1.3817,228.909,-0.45595,2.52587,-0.00877
-9.0789,-1.3786,228.843,-0.45953,2.53056,-0.00898
-9.0863,-1.3423,228.819,-0.45929,2.52921,-0.00946
-9.0063,-1.373,228.863,-0.46249,2.52442,-0.0082
-9.0852,-1.335,228.801,-0.46004,2.52696,-0.0063
-9.0289,-1.4105,228.868,-0.4604,2.52549,-0.00802
-9.0705,-1.23,228.738,-0.45353,2.53234,-0.00675
-9.0729,-1.3599,228.779,-0.45956,2.53039,-0.00745
-8.9784,-1.6163,228.982,-0.46926,2.5226,-0.00839
-9.0565,-1.386,228.895,-0.45785,2.52576,-0.00908
-8.9469,-1.4802,229.015,-0.45902,2.51583,-0.01017
-9.047,-1.4391,228.995,-0.46545,2.5239,-0.00882
-9.1013,-1.3366,228.938,-0.45782,2.52731,-0.00865
-9.0485,-1.3455,228.823,-0.45706,2.52895,-0.00883
-9.0207,-1.2774,228.858,-0.4496,2.52703,-0.00955
-9.0864,-1.1857,228.764,-0.44853,2.53206,-0.00857
-8.938,-1.482,229.088,-0.45534,2.51825,-0.01062
-9.031,-1.4287,229.034,-0.46036,2.52384,-0.00855
-9.0243,-1.4342,228.887,-0.4622,2.52335,-0.00787
-9.0363,-1.3225,228.869,-0.45407,2.52497,-0.00827
-9.024,-1.3499,228.96,-0.45128,2.52556,-0.00884
-9.0156,-1.4414,228.973,-0.46044,2.52348,-0.00731
-9.0816,-1.3149,228.853,-0.45933,2.52718,-0.00789
-9.055,-1.3098,229.011,-0.4536,2.52242,-0.00959
-9.0541,-1.4627,229.14,-0.46133,2.52354,-0.00912
-9.0898,-1.3433,228.88,-0.4575,2.52687,-0.00738
-9.1138,-1.291,228.985,-0.45489,2.52881,-0.00981
-9.0604,-1.4029,229.095,-0.45513,2.52163,-0.00912
-9.0708,-1.3883,228.964,-0.45607,2.5247,-0.00925
-9.089,-1.3285,228.956,-0.45416,2.52552,-0.00855
-9.0102,-1.5606,229.028,-0.47073,2.52467,-0.00765
-9.0535,-1.4875,228.875,-0.46461,2.52691,-0.00781
-9.1169,-1.298,228.878,-0.45758,2.53071,-0.00807
-9.0021,-1.5761,229.033,-0.46527,2.51979,-0.00737
-9.039,-1.4678,228.96,-0.4597,2.52615,-0.00861
-8.9913,-1.3462,229.041,-0.45197,2.5231,-0.01041
-9.0855,-1.3649,228.974,-0.45548,2.52742,-0.00885
-9.002,-1.5091,229.049,-0.46232,2.51517,-0.00865
-9.0046,-1.479,228.942,-0.46255,2.52166,-0.00832
-8.9735,-1.5099,228.971,-0.46474,2.52268,-0.00811
-9.0123,-1.4014,228.956,-0.4596,2.52171,-0.00843
-8.9887,-1.5119,228.983,-0.46286,2.52091,-0.00866
-9.1,-1.3694,228.956,-0.45766,2.53324,-0.00848
-8.9923,-1.5334,229.081,-0.46139,2.51686,-0.00877
-9.0911,-1.2206,228.962,-0.44721,2.52858,-0.00964
-9.0551,-1.3729,228.98,-0.45907,2.52656,-0.00876
-9.0589,-1.3963,228.839,-0.46318,2.53517,-0.0068
-9.0167,-1.3928,229.005,-0.45566,2.52358,-0.00978
-9.0688,-1.3395,228.915,-0.45645,2.52523,-0.00836
-9.0468,-1.3953,228.993,-0.45683,2.51993,-0.0089
-8.9662,-1.4724,229.032,-0.46205,2.51914,-0.00867
-8.9962,-1.4311,229.013,-0.45988,2.52403,-0.00861
-8.9838,-1.452,228.995,-0.46151,2.52161,-0.00917
-9.0187,-1.3674,228.897,-0.4585,2.52422,-0.00729
-9.0683,-1.361,228.887,-0.45831,2.53161,-0.00707
-8.9926,-1.3679,229.047,-0.45362,2.52101,-0.00934
-8.9788,-1.4254,229.093,-0.45858,2.51961,-0.01035
-9.0362,-1.3108,228.976,-0.45133,2.52434,-0.00907
-9.0687,-1.339,228.96,-0.45522,2.52564,-0.00764
-8.9836,-1.3129,228.927,-0.45141,2.52416,-0.00847
-9.0067,-1.4599,228.891,-0.46595,2.52706,-0.00614
-9.1142,-1.396,228.916,-0.46769,2.53304,-0.0053
-9.0307,-1.4161,229.028,-0.45814,2.52294,-0.00848
-9.0369,-1.2939,229.004,-0.45083,2.52757,-0.0091
-9.0066,-1.4175,228.937,-0.46122,2.52925,-0.00694
-9.0424,-1.4051,228.929,-0.45719,2.5291,-0.00722
-9.0774,-1.4125,228.904,-0.46392,2.53149,-0.00565
-9.0115,-1.4097,228.955,-0.4589,2.52617,-0.00818
-9.0258,-1.417,228.992,-0.45728,2.52232,-0.00795
-9.0781,-1.337,229.015,-0.45238,2.52933,-0.00963
-8.9656,-1.5234,229.102,-0.4624,2.51757,-0.00949
-9.0752,-1.2914,228.887,-0.45407,2.52653,-0.00794
-8.9689,-1.4942,229.124,-0.46077,2.52223,-0.01004
-8.9885,-1.4284,229.014,-0.45813,2.5246,-0.00861
-9.039,-1.4414,229.017,-0.46061,2.5272,-0.00899
-8.9836,-1.4774,229.048,-0.45812,2.52409,-0.00914
-9.0641,-1.4122,229.022,-0.46034,2.52719,-0.00862
-9.012,-1.4092,229.076,-0.45388,2.52134,-0.00929
-8.9808,-1.4991,228.976,-0.46329,2.52413,-0.00752
-8.9999,-1.5118,228.905,-0.46342,2.52491,-0.0067
-8.9985,-1.5023,229.032,-0.46208,2.5215,-0.00774
-9.0506,-1.3524,228.883,-0.45629,2.52647,-0.00765
-8.9748,-1.456,228.948,-0.45882,2.52209,-0.0084
-9.0162,-1.4534,229.144,-0.45563,2.52253,-0.00876
-9.0163,-1.4422,229.053,-0.45978,2.52517,-0.00815
-9.0301,-1.3826,229.012,-0.45588,2.52296,-0.00911
-9.1144,-1.3485,228.899,-0.46177,2.53564,-0.00686
-9.0767,-1.3273,228.871,-0.45553,2.5265,-0.00734
-9.1134,-1.4826,228.899,-0.46881,2.53081,-0.00518
-9.0281,-1.4008,229.054,-0.45958,2.52586,-0.00876
-9.0583,-1.4045,228.947,-0.46206,2.52585,-0.00593
-9.0612,-1.4572,228.891,-0.46193,2.52719,-0.00667
-9.0267,-1.3894,228.888,-0.46189,2.52553,-0.00649
-9.0419,-1.3438,228.862,-0.45587,2.52865,-0.00786
-9.0107,-1.4254,228.944,-0.45921,2.52589,-0.00846
-9.0725,-1.3132,228.948,-0.4585,2.52757,-0.0076
-9.011,-1.4706,229.045,-0.46129,2.52181,-0.00795
-9.0635,-1.2927,228.926,-0.45347,2.53102,-0.00769
-8.9576,-1.5707,229.061,-0.46684,2.5195,-0.00768
-9.0301,-1.3523,228.97,-0.45525,2.5232,-0.00798
-9.0352,-1.4228,228.972,-0.45787,2.52159,-0.00747
-9.0244,-1.3897,228.924,-0.45739,2.52729,-0.00846
-8.9701,-1.4323,229.107,-0.45627,2.5212,-0.00911
-9.0391,-1.4519,228.966,-0.46174,2.52918,-0.00855
-9.0123,-1.4504,228.903,-0.46087,2.52323,-0.00777
-9.0395,-1.467,228.938,-0.46013,2.5224,-0.00706
-9.0137,-1.4031,229.124,-0.45763,2.52311,-0.01083
-9.1533,-1.2219,228.894,-0.45471,2.52943,-0.00795
-9.0472,-1.5026,228.897,-0.46917,2.52537,-0.00675
-9.0493,-1.3495,228.981,-0.45678,2.52557,-0.00706
-9.0187,-1.4812,229.041,-0.46025,2.52492,-0.00831
-9.0824,-1.4193,228.929,-0.4608,2.5312,-0.0066
-9.0808,-1.3577,228.879,-0.45728,2.53202,-0.00665
-9.0711,-1.4562,229.015,-0.46311,2.52981,-0.00739
-9.0475,-1.4499,229.068,-0.46071,2.5285,-0.00761
-9.0029,-1.4787,229.051,-0.45945,2.5236,-0.00805
-9.0703,-1.4571,228.863,-0.4655,2.52794,-0.00504
-9.0955,-1.3175,228.899,-0.45839,2.53452,-0.00612
-9.0761,-1.2875,228.941,-0.457,2.52985,-0.00698
-9.0416,-1.2432,228.924,-0.45318,2.52283,-0.00891
-9.0618,-1.3487,228.994,-0.4576,2.52524,-0.00865
-8.9841,-1.5559,229.091,-0.46375,2.51781,-0.00929
-9.0847,-1.3776,228.991,-0.46323,2.5298,-0.00791
-9.0613,-1.5166,229.063,-0.46781,2.52561,-0.00718
-9.0062,-1.4904,229.073,-0.46285,2.52553,-0.00684
-9.0414,-1.2826,228.958,-0.45524,2.52349,-0.00776
-9.1319,-1.2676,228.846,-0.45841,2.53241,-0.00663
-9.0825,-1.378,228.958,-0.4648,2.52725,-0.00694
-9.0067,-1.4151,228.955,-0.45864,2.52306,-0.00851
-9.0489,-1.3863,228.924,-0.45837,2.52837,-0.00743
-8.9967,-1.4623,229.029,-0.45827,2.52215,-0.00831
-9.1152,-1.2777,228.8,-0.45378,2.53009,-0.00708
-9.0346,-1.3515,228.975,-0.45678,2.52394,-0.0088
-9.0647,-1.3239,228.947,-0.4585,2.52667,-0.00785
-9.0003,-1.3762,229.056,-0.45277,2.51971,-0.00838
-8.981,-1.4751,228.976,-0.45905,2.52558,-0.00876
-8.9961,-1.4997,228.996,-0.4672,2.52338,-0.00574
-9.0105,-1.4352,228.919,-0.45987,2.52375,-0.00832
-9.002,-1.4373,229.018,-0.45791,2.52186,-0.00913
-9.0228,-1.4603,229.008,-0.45916,2.52502,-0.00776
-9.0063,-1.3346,228.943,-0.45521,2.52124,-0.00895
-8.979,-1.5077,228.961,-0.46339,2.51725,-0.00734
-9.0482,-1.4284,228.934,-0.46668,2.52349,-0.00592
-8.981,-1.3954,229.01,-0.45876,2.51859,-0.00892
-8.983,-1.5533,229.151,-0.46764,2.51593,-0.00747
-9.0485,-1.3533,228.899,-0.45891,2.52602,-0.00776
-9.0227,-1.3837,228.946,-0.46224,2.52148,-0.00705
-9.0269,-1.3976,228.992,-0.45936,2.52131,-0.0073
-9.0532,-1.2984,228.932,-0.45969,2.52144,-0.00689
-9.0352,-1.3207,228.931,-0.45993,2.52269,-0.00859
-8.9722,-1.3604,228.953,-0.4588,2.51212,-0.0089
-9.0281,-1.4479,229.066,-0.46638,2.51406,-0.00871
-9.0225,-1.4,228.858,-0.46439,2.52018,-0.00653
-8.9425,-1.3826,229.164,-0.44895,2.50921,-0.01154
-9.0103,-1.3777,229.049,-0.45609,2.50989,-0.00933
-8.9716,-1.5361,229.152,-0.46876,2.513,-0.00927
-9.0426,-1.4302,228.964,-0.46465,2.51975,-0.00879
-9.0068,-1.4739,228.925,-0.46674,2.51822,-0.00812
-8.9935,-1.4346,229.094,-0.461,2.51048,-0.00987
-9.0048,-1.3996,229.065,-0.4602,2.50922,-0.01011
-9.0387,-1.3396,229.057,-0.45647,2.51162,-0.01055
-8.9738,-1.4649,229.129,-0.46131,2.5088,-0.01001
-8.9958,-1.4433,229.021,-0.45877,2.50788,-0.00853
-8.9609,-1.5092,229.071,-0.46699,2.50617,-0.00925
-8.9603,-1.494,229.03,-0.46539,2.50725,-0.00833
-9.0211,-1.3862,229.063,-0.46145,2.50995,-0.00829
-9.0531,-1.289,228.933,-0.46062,2.52153,-0.00638
-9.0164,-1.2707,228.898,-0.45189,2.51818,-0.00861
-8.993,-1.3762,229.149,-0.45965,2.5102,-0.00929
-9.0453,-1.2539,228.972,-0.45274,2.51768,-0.00963
-9.0015,-1.3031,228.957,-0.45788,2.51563,-0.00867
-9.0347,-1.346,228.962,-0.45698,2.51602,-0.00912
-9.0179,-1.3027,229.033,-0.44851,2.51654,-0.01023
-8.9651,-1.5155,229.035,-0.46382,2.51156,-0.01106
-8.9947,-1.4673,229.082,-0.46487,2.50633,-0.01026
-8.9905,-1.4008,229.031,-0.4597,2.5142,-0.00954
-8.9923,-1.4234,229.07,-0.46244,2.50967,-0.00956
-9.0603,-1.3509,229.008,-0.46126,2.50878,-0.00836
-8.9782,-1.4641,228.969,-0.46398,2.50949,-0.00856
-9.0089,-1.3356,229.097,-0.45687,2.51146,-0.00998
-9.036,-1.4014,228.955,-0.46064,2.51556,-0.00691
-9.0269,-1.4256,229.011,-0.46,2.51195,-0.00775
-9.0595,-1.2973,229.032,-0.45563,2.51584,-0.00799
-9.1242,-1.2353,228.908,-0.45766,2.52204,-0.00604
-9.0685,-1.2223,229.003,-0.45218,2.52125,-0.00867
-9.0315,-1.2724,229.001,-0.45867,2.51738,-0.00889
-9.0726,-1.2049,228.941,-0.45475,2.52192,-0.00895
-9.087,-1.2983,228.848,-0.45626,2.52347,-0.0082
-8.9989,-1.3688,228.924,-0.45858,2.522,-0.00887
-8.9959,-1.4585,229.022,-0.46278,2.52173,-0.00928
-9.0682,-1.3489,229.039,-0.45804,2.51983,-0.00931
-8.9709,-1.4803,229.071,-0.45871,2.51302,-0.00904
-8.9973,-1.4449,228.954,-0.45902,2.51523,-0.00885
-9.0455,-1.3084,229.038,-0.45436,2.51869,-0.00871
-8.9872,-1.4803,228.981,-0.46729,2.51556,-0.00652
-8.9927,-1.3252,229.082,-0.45272,2.51439,-0.00869
-8.9938,-1.4714,229.085,-0.46202,2.51525,-0.00702
-9.0012,-1.4308,229.061,-0.46026,2.51596,-0.00935
-9.0029,-1.341,229.011,-0.45305,2.51694,-0.00898
-9.0348,-1.2613,229.056,-0.45106,2.51968,-0.00961
-8.958,-1.4133,229.141,-0.45841,2.51254,-0.01003
-9.0415,-1.2781,228.997,-0.45098,2.52125,-0.00936
-9.0903,-1.1719,228.847,-0.45437,2.53056,-0.00715
-9.0713,-1.3451,228.947,-0.46068,2.52503,-0.00823
-9.0767,-1.2322,228.934,-0.45146,2.5242,-0.00939
-8.9678,-1.4493,229.125,-0.4587,2.51416,-0.00996
-9.0021,-1.4412,229.22,-0.45667,2.51638,-0.00919
-8.9948,-1.4218,229.115,-0.45918,2.51882,-0.00856
-8.9525,-1.4428,229.205,-0.45707,2.51474,-0.01019
-8.9899,-1.3593,228.969,-0.45706,2.51942,-0.00821
-8.9815,-1.4057,228.961,-0.45775,2.51924,-0.00846
-9.0075,-1.4562,229.07,-0.46,2.51615,-0.00888
-9.0222,-1.3443,228.913,-0.4603,2.51984,-0.0076
-8.9696,-1.4771,229.168,-0.46199,2.51059,-0.00986
-9.0301,-1.3016,229.087,-0.45522,2.51658,-0.00988
-8.9909,-1.4333,229.018,-0.46166,2.51247,-0.00875
-8.9929,-1.377,229.056,-0.4604,2.51552,-0.00891
-8.9686,-1.301,229.079,-0.45409,2.51771,-0.01041
-9.024,-1.3755,229.16,-0.45688,2.51708,-0.01082
-9.0098,-1.3552,229.085,-0.45604,2.51479,-0.01145
-9.0688,-1.3076,228.9,-0.45818,2.52459,-0.0074
-8.9965,-1.4324,229.116,-0.45921,2.51623,-0.0101
-9.0071,-1.3647,229.056,-0.4583,2.5152,-0.00969
-8.9955,-1.428,229.014,-0.45822,2.51481,-0.00897
-8.974,-1.3795,229.03,-0.4569,2.51295,-0.00928
-8.977,-1.3062,229.047,-0.45148,2.5104,-0.00959
-8.9732,-1.5204,229.018,-0.46818,2.51506,-0.00724
-9.0523,-1.3339,228.887,-0.4599,2.52336,-0.00733
-9.0662,-1.2092,228.959,-0.45053,2.52301,-0.00939
-8.9967,-1.4094,228.98,-0.46171,2.51625,-0.00759
-9.0022,-1.2437,228.976,-0.44915,2.5164,-0.00815
-8.8548,-1.5438,229.267,-0.45723,2.50589,-0.01071
-8.9355,-1.4181,228.975,-0.45915,2.51229,-0.00685
-8.9584,-1.3862,228.902,-0.46197,2.51853,-0.00566
-8.8429,-1.4491,229.131,-0.45934,2.51086,-0.00725
-8.855,-1.4102,229.004,-0.4586,2.51065,-0.00696
-8.8197,-1.5157,229.107,-0.46733,2.5059,-0.00661
-8.8742,-1.366,228.978,-0.45895,2.51042,-0.0062
-8.9292,-1.4698,229.024,-0.46861,2.51016,-0.00407
-8.9368,-1.3007,228.957,-0.45892,2.51205,-0.00755
-8.9734,-1.3463,228.743,-0.46686,2.51307,-0.00545
-8.932,-1.3532,228.903,-0.45899,2.50568,-0.01053
-8.8895,-1.4666,229.032,-0.46252,2.49952,-0.01005
-8.9528,-1.354,228.958,-0.46222,2.50173,-0.00973
-9.0145,-1.3964,228.85,-0.46797,2.50787,-0.00446
-9.0387,-1.4397,228.977,-0.46857,2.50852,-0.00605
-9.0926,-1.192,228.821,-0.45165,2.51077,-0.008
-9.214,-1.3495,228.892,-0.463,2.50783,-0.01013
-9.2146,-1.4081,228.923,-0.4618,2.50498,-0.01184
-9.2265,-1.3572,228.677,-0.45771,2.51126,-0.01146
-9.0076,-1.2978,228.843,-0.45564,2.50593,-0.00684
-9.0066,-1.1233,228.693,-0.45614,2.50838,-0.00418
-8.9162,-1.1544,228.878,-0.45359,2.5042,-0.00615
-8.8179,-1.2683,228.885,-0.45371,2.50322,-0.00443
-8.7673,-1.3011,229.087,-0.44707,2.50289,-0.00708
-8.8262,-1.167,229.133,-0.44445,2.50581,-0.00603
-8.9053,-1.1664,229.226,-0.44258,2.5088,-0.00669
-8.8723,-1.4005,229.182,-0.45481,2.49744,-0.0076
-8.9043,-1.3656,229.076,-0.45284,2.49965,-0.00628
-8.9046,-1.3407,228.9,-0.45512,2.50041,-0.00703
-8.9093,-1.403,228.719,-0.46534,2.49883,-0.00469
-8.8726,-1.4282,228.681,-0.46641,2.48601,-0.00797
-8.8731,-1.301,228.602,-0.46318,2.48581,-0.00811
-8.9215,-1.3601,228.68,-0.47155,2.48735,-0.00644
-9.003,-1.2249,228.597,-0.46524,2.48784,-0.00653
-9.0082,-1.1385,228.762,-0.45766,2.48386,-0.00822
-9.0157,-1.0753,228.667,-0.45329,2.48902,-0.0076
-9.0427,-1.0584,228.696,-0.45613,2.48932,-0.00771
-8.9665,-1.2807,228.867,-0.46622,2.48283,-0.00785
-8.9397,-1.2786,228.93,-0.46014,2.48216,-0.00836
-8.989,-1.2312,228.869,-0.46622,2.48603,-0.00611
-8.903,-1.276,228.857,-0.46197,2.48219,-0.00803
-8.9307,-1.203,228.847,-0.45965,2.48285,-0.00835
-8.8865,-1.1044,228.823,-0.45485,2.48283,-0.00857
-8.8002,-1.2631,228.9,-0.45532,2.47813,-0.00871
-8.7932,-1.4102,228.878,-0.47006,2.47563,-0.0062
-8.8362,-1.2769,228.921,-0.46361,2.47403,-0.00697
-8.7453,-1.3155,229.203,-0.45472,2.47238,-0.00937
-8.809,-1.2694,229.105,-0.45835,2.47518,-0.00628
-8.7518,-1.3166,229.435,-0.4544,2.46765,-0.00806
-8.8138,-1.3228,229.391,-0.45619,2.47711,-0.00768
-8.917,-1.2385,229.345,-0.45901,2.48443,-0.00539
-8.8431,-1.3254,229.334,-0.45781,2.48133,-0.00613
-8.8172,-1.3712,229.174,-0.46048,2.4834,-0.00507
-8.7926,-1.2634,229.136,-0.45623,2.47487,-0.00668
-8.7258,-1.3904,229.042,-0.46413,2.46727,-0.00742
-8.7345,-1.3266,228.879,-0.4643,2.4685,-0.00694
-8.6706,-1.4402,228.964,-0.47049,2.46388,-0.00765
-8.6562,-1.3599,229.042,-0.46765,2.45269,-0.01017
-8.7477,-1.4051,228.995,-0.47222,2.45806,-0.00736
-8.8406,-1.2678,228.988,-0.46666,2.46926,-0.00834
-8.8036,-1.3592,229.088,-0.46322,2.45669,-0.01006
-8.9263,-1.3894,229.099,-0.46821,2.46457,-0.00985
-8.9733,-1.3647,229.016,-0.46611,2.46536,-0.00843
-8.957,-1.4349,229.079,-0.47151,2.45934,-0.00928
-9.0213,-1.3278,229.046,-0.46553,2.46295,-0.00903
-9.0471,-1.2501,228.838,-0.4678,2.46698,-0.00716
-8.93,-1.28,229.091,-0.45992,2.45867,-0.01165
-8.9583,-1.4953,229.137,-0.47641,2.45636,-0.0085
-8.9247,-1.495,228.956,-0.47531,2.45054,-0.00756
-8.9674,-1.3624,228.906,-0.46947,2.45096,-0.00918
-9.0455,-1.197,228.728,-0.46561,2.45596,-0.00885
-9.1395,-1.1293,228.605,-0.47095,2.45727,-0.00689
-9.0363,-1.3839,228.701,-0.47949,2.44928,-0.00652
-9.045,-1.4283,228.902,-0.48164,2.44574,-0.00685
-9.091,-1.405,228.938,-0.48129,2.45177,-0.00595
-9.1697,-1.1855,228.779,-0.46805,2.46041,-0.00642
-9.1231,-1.2161,228.953,-0.46632,2.46341,-0.0068
-9.0716,-1.1877,229.185,-0.46179,2.4667,-0.00925
-8.9869,-1.3681,229.193,-0.4663,2.46496,-0.00846
-8.9718,-1.3173,229.263,-0.45944,2.46362,-0.00865
-8.9202,-1.3705,229.157,-0.46348,2.46652,-0.00778
-8.9268,-1.5187,229.103,-0.47083,2.465,-0.00707
-8.9363,-1.4581,228.792,-0.4702,2.47113,-0.0035
-8.9195,-1.3279,228.858,-0.46527,2.46829,-0.00361
-8.8009,-1.4972,229.012,-0.47205,2.46254,-0.00433
-8.7826,-1.4797,228.945,-0.46834,2.46534,-0.00632
-8.8046,-1.4212,228.907,-0.46725,2.47154,-0.00543
-8.773,-1.4476,228.9,-0.47302,2.4675,-0.00746
-8.7084,-1.4851,228.948,-0.47606,2.46952,-0.00923
-8.7475,-1.2042,228.891,-0.46476,2.48325,-0.00948
-8.6546,-1.321,229.071,-0.46694,2.47972,-0.01178
-8.6476,-1.2972,229.08,-0.46739,2.48226,-0.01175
-8.6663,-1.1827,228.934,-0.45654,2.48794,-0.01139
-8.609,-1.3466,229.082,-0.46307,2.48705,-0.01188
-8.6236,-1.2822,229.136,-0.46141,2.49186,-0.01383
-8.6418,-1.1728,228.988,-0.45435,2.48923,-0.01432
-8.596,-1.2623,229.059,-0.45589,2.48792,-0.01559
-8.6222,-1.2232,229.07,-0.4587,2.49409,-0.01594
-8.6418,-1.2473,228.906,-0.4591,2.49721,-0.01428
-8.6804,-1.1965,228.941,-0.4568,2.5018,-0.01479
-8.6579,-1.2712,229.104,-0.4598,2.49474,-0.01561
-8.6274,-1.3224,229.172,-0.45983,2.49239,-0.01636
-8.7536,-1.2057,228.881,-0.45244,2.5037,-0.01628
-8.7291,-1.2777,229.032,-0.45477,2.49558,-0.01683
-8.8577,-1.128,228.941,-0.45619,2.50361,-0.01611
-8.8409,-1.1671,228.92,-0.44295,2.50383,-0.01684
-8.8247,-1.1488,228.935,-0.4462,2.50444,-0.01872
-8.8898,-1.1627,228.936,-0.44729,2.50495,-0.02017
-8.8358,-1.3095,229.082,-0.44909,2.5014,-0.02234
-8.7851,-1.3984,229.269,-0.44738,2.49462,-0.0242
-8.8211,-1.4776,229.189,-0.45382,2.4929,-0.02359
-8.8056,-1.5018,229.207,-0.45315,2.49227,-0.02348
-8.9244,-1.2784,228.874,-0.4525,2.50629,-0.01916
-8.889,-1.3903,228.978,-0.45817,2.50418,-0.0178
-8.8628,-1.3855,229.034,-0.45355,2.49904,-0.01785
-8.8647,-1.2517,229.049,-0.45065,2.4967,-0.01675
-8.8153,-1.3503,229.038,-0.45517,2.49607,-0.01564
-8.8672,-1.3967,229.041,-0.46482,2.49516,-0.01269
-8.7935,-1.3525,229.201,-0.46049,2.4873,-0.01406
-8.8412,-1.3886,229.117,-0.46327,2.49367,-0.01245
