-0.215,0,-0.205,0,0
-0.215,0,-0.205,0,0
-0.215,0,-0.205,0,0
-0.215,0,-0.205,0,0
-0.215,0,-0.205,0,0
-0.215,0,-0.205,0,0
-0.215,0,-0.205,0,0
-0.215,0,-0.205,0,0
-0.215,0,-0.205,0,0
-0.215,0,-0.205,0,0
-0.215,0,-0.205,0,0
-0.215,0,-0.205,0,0
-0.215,0,-0.205,0,0
-0.215,0,-0.205,0,0
-0.215,0,-0.205,0,0
-0.215,0,-0.205,0,0
-0.215,0,-0.205,0,0
-0.215,0,-0.205,0,0
-0.215,0,-0.205,0,0
-0.215,0,-0.205,0,0
-0.215,0,-0.205,0,0
-0.215,0,-0.205,0,0
-0.215,0,-0.205,0,0
-0.215,0,-0.205,0,0
-0.215,0,-0.205,0,0
-0.215,0,-0.205,0,0
-0.215,0,-0.205,0,0
-0.215,0,-0.205,0,0
-0.215,0,-0.205,0,0
-0.215,0,-0.205,0,0
-0.215,0,-0.205,0,0
-0.215,0,-0.205,0,0
-0.215,0,-0.205,0,0
-0.215,0,-0.205,0,0
-0.215,0,-0.205,0,0
-0.215,0,-0.205,0,0
-0.215,0,-0.205,0,0
-0.215,0,-0.205,0,0
-0.215,0,-0.205,0,0
-0.215,0,-0.205,0,0
-0.215,0,-0.205,0,0
-0.215,0,-0.205,0,0
-0.215,0,-0.205,0,0
-0.215,0,-0.205,0,0
-0.215,0,-0.205,0,0
-0.215,0,-0.205,0,0
-0.215,0,-0.205,0,0
-0.215,0,-0.205,0,0
-0.215,0,-0.205,0,0
-0.215,0,-0.205,0,0
-0.215,0,-0.205,0,0
-0.215,0,-0.205,0,0
-0.215,0,-0.205,0,0
-0.215,0,-0.205,0,0
-0.215,0,-0.205,0,0
-0.215,0,-0.205,0,0
-0.215,0,-0.205,0,0
-0.215,0,-0.205,0,0
-0.215,0,-0.205,0,0
-0.215,0,-0.205,0,0
-0.215,0,-0.205,0,0
-0.215,0,-0.205,0,0
-0.215,0,-0.205,0,0
-0.215,0,-0.205,0,0
-0.215,0,-0.205,0,0
-0.215,0,-0.205,0,0
-0.215,0,-0.205,0,0
-0.215,0,-0.205,0,0
-0.215,0,-0.205,0,0
-0.215,0,-0.205,0,0
-0.215,0,-0.205,0,0
-0.215,0,-0.205,0,0
-0.215,0,-0.205,0,0
-0.215,0,-0.205,0,0
-0.215,0,-0.205,0,0
-0.215,0,-0.205,0,0
-0.215,0,-0.205,0,0
-0.215,0,-0.205,0,0
-0.215,0,-0.205,0,0
-0.215,0,-0.205,0,0
-0.215,0,-0.205,0,0
-0.215,0,-0.205,0,0
-0.215,0,-0.205,0,0
-0.215,0,-0.205,0,0
-0.215,0,-0.205,0,0
-0.215,0,-0.205,0,0
-0.215,0,-0.205,0,0
-0.215,0,-0.205,0,0
-0.215,0,-0.205,0,0
-0.215,0,-0.205,0,0
-0.215,0,-0.205,0,0
-0.215,0,-0.205,0,0
-0.215,0,-0.205,0,0
-0.215,0,-0.205,0,0
-0.215,0,-0.205,0,0
-0.215,0,-0.205,0,0
-0.215,0,-0.205,0,0
-0.215,0,-0.205,0,0
-0.215,0,-0.205,0,0
-0.215,0,-0.205,0,0
-0.215,0,-0.205,0,0
-0.215,0,-0.205,0,0
-0.215,0,-0.205,0,0
-0.215,0,-0.205,0,0
-0.215,0,-0.205,0,0
-0.215,0,-0.205,0,0
-0.215,0,-0.205,0,0
-0.215,0,-0.205031,0,0
-0.215,0,-0.205124,0,0
-0.215,0,-0.205276,0,0
-0.215,0,-0.20548,0,0
-0.215,0,-0.205734,0,0
-0.215,0,-0.206032,0,0
-0.215,0,-0.20637,0,0
-0.215,0,-0.206744,0,0
-0.215,0,-0.20715,0,0
-0.215,0,-0.207582,0,0
-0.215,0,-0.208036,0,0
-0.215,0,-0.208508,0,0
-0.215,0,-0.208994,0,0
-0.215,0,-0.209488,0,0
-0.215,0,-0.21,0,0
-0.215,0,-0.210487,0,0
-0.215,0,-0.210982,0,0
-0.215,0,-0.211468,0,0
-0.215,0,-0.211941,0,0
-0.215,0,-0.212396,0,0
-0.215,0,-0.212829,0,0
-0.215,0,-0.213236,0,0
-0.215,0,-0.213612,0,0
-0.215,0,-0.213952,0,0
-0.215,0,-0.214252,0,0
-0.215,0,-0.214508,0,0
-0.215,0,-0.214715,0,0
-0.215,0,-0.214869,0,0
-0.215,0,-0.214969,0,0
-0.215,0,-0.215,0,0
-0.215,0,-0.215,0,0
-0.215,0,-0.215,0,0
-0.215,0,-0.215,0,0
-0.215,0,-0.215,0,0
-0.215,0,-0.215,0,0
-0.215,0,-0.215,0,0
-0.215,0,-0.215,0,0
0.235,0.206472,0,0,0
0.235,0.206472,0,0,0
0.235,0.206472,0,0,0
0.235,0.206472,0,0,0
0.235,0.206472,0,0,0
0.235,0.206472,0,0,0
0.235,0.206472,0,0,0
0.285,0.206472,0,0,0
0.304724,0.207071,0,0,0
0.283614,0.207518,0,-0.00778572,0
0.236551,0.207288,0,2.46296e-05,0
0.232664,0.207706,0,-0.00200967,0
0.238805,0.208823,0,-0.00485805,0
0.247735,0.210744,0,-0.00722687,0
0.250903,0.212635,0,-0.0076768,0
0.253523,0.214802,0,-0.00682467,0
0.249053,0.215706,0,-0.00513866,0
0.2436,0.216084,0,-0.003626,0
0.240148,0.216695,0,-0.0035775,0
0.237753,0.217445,0,-0.00426736,0
0.236139,0.218356,0,-0.00541645,0
0.234421,0.218669,0,-0.00636043,0
0.233379,0.219523,0,-0.00781182,0
0.232671,0.220486,0,-0.00990857,0
0.23253,0.221703,0,-0.0125027,0
0.23249,0.22295,0,-0.0155687,0
0.232075,0.223906,0,-0.018844,0
0.231775,0.224829,0,-0.0227512,0
0.231345,0.225609,0,-0.0268344,0
0.231977,0.227152,0,-0.0316437,0
0.232185,0.22831,0,-0.03622,0
0.232267,0.229286,0,-0.0399528,0
0.232579,0.23041,0,-0.0443295,0
0.233222,0.23308,0,-0.0476386,0
0.234001,0.233699,0,-0.0489142,0
0.234129,0.234172,0,-0.0475017,0
0.234237,0.234485,0,-0.0448537,0
0.234709,0.234626,0,-0.040645,0
0.236248,0.234633,0,-0.0341409,0
0.236248,0.234633,0,0,0
0.236248,0.234633,0,0,0
0.236248,0.234633,0,0,0
0.236248,0.234633,0,0,0
0.236248,0.234633,0,0,0
0.236248,0.234633,0,0,0
-0.245,0,-0.224743,0,0
-0.245,0,-0.224743,0,0
-0.245,0,-0.224743,0,0
-0.245,0,-0.224743,0,0
-0.245,0,-0.224743,0,0
-0.245,0,-0.224743,0,0
-0.245,0,-0.224743,0,0
-0.245,0,-0.224743,0,0
-0.295535,0,-0.225256,0,0
-0.259595,0,-0.225083,0.00287843,0
-0.228405,0,-0.224826,0.00763037,0
-0.232506,0,-0.225067,0.0119691,0
-0.233128,0,-0.225293,0.0141411,0
-0.241532,0,-0.226339,0.016883,0
-0.243642,0,-0.227166,0.0174959,0
-0.244682,0,-0.228028,0.0176997,0
-0.243372,0,-0.228542,0.0175238,0
-0.242893,0,-0.229215,0.0179233,0
-0.243423,0,-0.230183,0.0186961,0
-0.244249,0,-0.231352,0.0194093,0
-0.244279,0,-0.232306,0.0198394,0
-0.243482,0,-0.232899,0.0203258,0
-0.243786,0,-0.233979,0.0214965,0
-0.243892,0,-0.234986,0.0225871,0
-0.243208,0,-0.235536,0.0236964,0
-0.242527,0,-0.236006,0.0254635,0
-0.242535,0,-0.236858,0.028035,0
-0.242427,0,-0.237572,0.0309238,0
-0.242391,0,-0.238322,0.0340552,0
-0.241717,0,-0.238674,0.0373433,0
-0.240869,0,-0.238586,0.0405623,0
-0.239947,0,-0.238295,0.0444423,0
-0.240364,0,-0.239141,0.0494911,0
-0.240949,0,-0.242773,0.0539918,0
-0.24203,0,-0.24317,0.0572072,0
-0.241906,0,-0.243466,0.0591775,0
-0.241968,0,-0.243657,0.0615514,0
-0.243188,0,-0.243719,0.0615228,0
-0.245284,0,-0.243725,0.0561244,0
-0.245284,0,-0.243725,0,0
-0.245284,0,-0.243725,0,0
-0.245284,0,-0.243725,0,0
-0.245284,0,-0.243725,0,0
-0.245284,0,-0.243725,0,0
-0.245284,0,-0.243725,0,0
0.245,0.233587,0,0,0
0.245,0.233587,0,0,0
0.245,0.233587,0,0,0
0.245,0.233587,0,0,0
0.245,0.233587,0,0,0
0.245,0.233587,0,0,0
0.245,0.233587,0,0,0
0.245,0.233587,0,0,0
0.295,0.233724,0,0,0
0.245294,0.233692,0,-0.0101036,0
0.22075,0.233307,0,-0.0146388,0
0.231108,0.233487,0,-0.0188647,0
0.236685,0.233787,0,-0.0200657,0
0.244265,0.234589,0,-0.0215812,0
0.243061,0.234782,0,-0.0214593,0
0.242937,0.235105,0,-0.0214674,0
0.242661,0.235419,0,-0.0218974,0
0.239002,0.234902,0,-0.0221599,0
0.240546,0.235592,0,-0.0241389,0
0.242254,0.236495,0,-0.0258154,0
0.244273,0.237842,0,-0.026998,0
0.245268,0.238656,0,-0.0273146,0
0.245125,0.239169,0,-0.0272709,0
0.244627,0.239479,0,-0.0271651,0
0.244568,0.239993,0,-0.0276696,0
0.244713,0.240622,0,-0.0285091,0
0.244163,0.24078,0,-0.0293064,0
0.244453,0.241477,0,-0.0309738,0
0.24425,0.2418,0,-0.0322696,0
0.244215,0.242214,0,-0.0338037,0
0.243551,0.242045,0,-0.0355465,0
0.242404,0.241382,0,-0.038231,0
0.242071,0.241343,0,-0.0427881,0
0.242235,0.24372,0,-0.0479864,0
0.243047,0.243958,0,-0.0519648,0
0.24339,0.244141,0,-0.0536663,0
0.243468,0.244264,0,-0.0531609,0
0.244071,0.244321,0,-0.0517016,0
0.24593,0.244325,0,-0.0465221,0
0.24593,0.244325,0,0,0
0.24593,0.244325,0,0,0
0.24593,0.244325,0,0,0
0.24593,0.244325,0,0,0
0.24593,0.244325,0,0,0
0.24593,0.244325,0,0,0
-0.245,0,-0.236043,0,0
-0.245,0,-0.236043,0,0
-0.245,0,-0.236043,0,0
-0.245,0,-0.236043,0,0
-0.245,0,-0.236043,0,0
-0.245,0,-0.236043,0,0
-0.245,0,-0.236043,0,0
-0.245,0,-0.236043,0,0
-0.295,0,-0.236222,0,0
-0.261304,0,-0.236277,0.00717819,0
-0.218499,0,-0.235661,0.0108542,0
-0.221981,0,-0.235478,0.0154476,0
-0.222475,0,-0.235182,0.0179919,0
-0.232334,0,-0.235702,0.0210236,0
-0.23971,0,-0.236536,0.0227083,0
-0.240435,0,-0.236796,0.0238226,0
-0.239768,0,-0.236829,0.0244042,0
-0.241244,0,-0.237367,0.0255838,0
-0.242174,0,-0.237885,0.0264748,0
-0.244037,0,-0.238828,0.0273065,0
-0.244833,0,-0.239532,0.0275155,0
-0.244418,0,-0.239792,0.0275136,0
-0.243757,0,-0.239765,0.0276192,0
-0.243562,0,-0.240047,0.0284986,0
-0.243162,0,-0.240187,0.0296877,0
-0.242484,0,-0.240184,0.0313364,0
-0.24221,0,-0.240291,0.0333131,0
-0.241871,0,-0.240324,0.0357346,0
-0.241578,0,-0.240349,0.0385187,0
-0.240873,0,-0.239998,0.0417218,0
-0.239676,0,-0.23915,0.0453901,0
-0.239191,0,-0.238847,0.0500893,0
-0.239618,0,-0.239333,0.0553664,0
-0.240151,0,-0.242895,0.0597012,0
-0.24113,0,-0.243048,0.0625531,0
-0.241344,0,-0.243166,0.0651889,0
-0.241725,0,-0.243237,0.0669844,0
-0.242179,0,-0.243266,0.0682791,0
-0.244609,0,-0.243266,0.0698181,0
-0.244609,0,-0.243266,0,0
-0.244609,0,-0.243266,0,0
-0.244609,0,-0.243266,0,0
-0.244609,0,-0.243266,0,0
-0.244609,0,-0.243266,0,0
-0.244609,0,-0.243266,0,0
0.245,0.233539,0,0,0
0.245,0.233539,0,0,0
0.245,0.233539,0,0,0
0.245,0.233539,0,0,0
0.245,0.233539,0,0,0
0.245,0.233539,0,0,0
0.245,0.233539,0,0,0
0.245,0.233539,0,0,0
0.295,0.233698,0,0,0
0.265868,0.233823,0,-0.00634504,0
0.227618,0.233414,0,-0.00972496,0
0.23675,0.233671,0,-0.0143816,0
0.235626,0.233671,0,-0.0157936,0
0.240802,0.234207,0,-0.0176776,0
0.237573,0.234038,0,-0.0183127,0
0.239193,0.234441,0,-0.0201716,0
0.241056,0.235037,0,-0.0217948,0
0.24043,0.235202,0,-0.0229059,0
0.242318,0.236056,0,-0.0244345,0
0.24445,0.237185,0,-0.0256068,0
0.24519,0.237993,0,-0.0258491,0
0.244415,0.238231,0,-0.0259799,0
0.243409,0.238277,0,-0.0264765,0
0.24236,0.238214,0,-0.0278255,0
0.242492,0.238728,0,-0.030159,0
0.242244,0.239103,0,-0.0326174,0
0.242174,0.239467,0,-0.0350443,0
0.242017,0.239747,0,-0.0376048,0
0.241805,0.239952,0,-0.0405292,0
0.241293,0.239872,0,-0.0436261,0
0.240371,0.239376,0,-0.0472454,0
0.240434,0.239662,0,-0.0514549,0
0.240585,0.240013,0,-0.0558186,0
0.241294,0.243156,0,-0.0596812,0
0.242239,0.243378,0,-0.0624578,0
0.241997,0.243538,0,-0.0646177,0
0.241691,0.243644,0,-0.0659624,0
0.242094,0.243689,0,-0.0679024,0
0.244703,0.24369,0,-0.0699496,0
0.244703,0.24369,0,0,0
0.244703,0.24369,0,0,0
0.244703,0.24369,0,0,0
0.244703,0.24369,0,0,0
0.244703,0.24369,0,0,0
0.244703,0.24369,0,0,0
-0.245,0,-0.234931,0,0
-0.245,0,-0.234931,0,0
-0.245,0,-0.234931,0,0
-0.245,0,-0.234931,0,0
-0.245,0,-0.234931,0,0
-0.245,0,-0.234931,0,0
-0.245,0,-0.234931,0,0
-0.245,0,-0.234931,0,0
-0.295,0,-0.235077,0,0
-0.253231,0,-0.23508,-0.00236874,0
-0.219221,0,-0.234612,0.00369023,0
-0.234638,0,-0.23492,0.00886948,0
-0.246477,0,-0.235659,0.0104756,0
-0.258454,0,-0.237127,0.0108787,0
-0.258761,0,-0.237936,0.00762029,0
-0.262772,0,-0.23951,0.00444406,0
-0.2664,0,-0.241487,2.14201e-05,0
-0.268719,0,-0.243398,-0.00562077,0
-0.274535,0,-0.24682,-0.0121018,0
-0.279398,0,-0.250573,-0.0216985,0
-0.288929,0,-0.257016,-0.03371,0
-0.295,0,-0.264564,-0.0486929,0
-0.295,0,-0.268698,-0.065925,0
-0.295,0,-0.272987,-0.0700263,0
-0.357835,0,-0.321512,-0.0702165,0
-0.355552,0,-0.332114,-0.073964,0
-0.343932,0,-0.324207,-0.0774648,0
-0.318529,0,-0.305686,-0.0774648,0
-0.310249,0,-0.30046,-0.0774648,0
-0.299468,0,-0.29254,-0.0774648,0
-0.300686,0,-0.295965,-0.0774648,0
-0.297284,0,-0.297761,-0.077521,0
-0.301178,0,-0.299162,-0.0775509,0
-0.305745,0,-0.300131,-0.0775767,0
-0.295663,0,-0.300627,-0.0776198,0
-0.291282,0,-0.300686,-0.0777062,0
-0.291282,0,-0.300686,0,0
-0.291282,0,-0.300686,0,0
-0.291282,0,-0.300686,0,0
-0.291282,0,-0.300686,0,0
-0.291282,0,-0.300686,0,0
-0.291282,0,-0.300686,0,0
0.245,0.280834,0,0,0
0.245,0.280834,0,0,0
0.245,0.280834,0,0,0
0.245,0.280834,0,0,0
0.245,0.280834,0,0,0
0.245,0.280834,0,0,0
0.245,0.280834,0,0,0
0.245,0.280834,0,0,0
0.245,0.280787,0,0,0
0.203869,0.280241,0,0.0397424,0
0.199452,0.279522,0,0.0325595,0
0.217331,0.278775,0,0.0233188,0
0.218101,0.277461,0,0.0164684,0
0.228945,0.276663,0,0.0105561,0
0.240199,0.276272,0,0.00614131,0
0.246393,0.275725,0,0.00437733,0
0.249619,0.274985,0,0.00435452,0
0.252429,0.274292,0,0.00505516,0
0.250389,0.272495,0,0.00521264,0
0.249,0.270668,0,0.00465797,0
0.24871,0.269037,0,0.00355692,0
0.250235,0.268061,0,0.00205015,0
0.251287,0.267025,0,0.00134263,0
0.249618,0.264717,0,0.00133979,0
0.246178,0.261169,0,0.000530646,0
0.245558,0.259214,0,-0.0026201,0
0.245477,0.257458,0,-0.00669697,0
0.246734,0.256642,0,-0.0114947,0
0.24852,0.25641,0,-0.015098,0
0.24794,0.254621,0,-0.0166509,0
0.245514,0.251334,0,-0.0182398,0
0.243769,0.248572,0,-0.023767,0
0.235656,0.240247,0,-0.0278868,0
0.23519,0.238655,0,-0.0379275,0
0.237286,0.237245,0,-0.048767,0
0.239171,0.236604,0,-0.0467968,0
0.239622,0.235927,0,-0.0471128,0
0.240067,0.235509,0,-0.0460011,0
0.239585,0.235371,0,-0.0407811,0
0.239585,0.235371,0,-0.0384131,0
0.239585,0.235371,0,0,0
0.239585,0.235371,0,0,0
0.239585,0.235371,0,0,0
0.239585,0.235371,0,0,0
0.239585,0.235371,0,0,0
0.239585,0.235371,0,0,0
-0.245,0,-0.230378,0,0
-0.245,0,-0.230378,0,0
-0.245,0,-0.230378,0,0
-0.245,0,-0.230378,0,0
-0.245,0,-0.230378,0,0
-0.245,0,-0.230378,0,0
-0.245,0,-0.230378,0,0
-0.295,0,-0.230379,0,0
-0.295,0,-0.230715,0,0
-0.252948,0,-0.230676,0.0132735,0
-0.239112,0,-0.230624,0.0172388,0
-0.230624,0,-0.23039,0.0185234,0
-0.233761,0,-0.230627,0.0203093,0
-0.236193,0,-0.23098,0.0221997,0
-0.236281,0,-0.231188,0.0230663,0
-0.237919,0,-0.231693,0.0242225,0
-0.236573,0,-0.231772,0.0252251,0
-0.240348,0,-0.233063,0.0266849,0
-0.242272,0,-0.234135,0.0273347,0
-0.243079,0,-0.23502,0.0273533,0
-0.241428,0,-0.234795,0.0268492,0
-0.239844,0,-0.234617,0.0269358,0
-0.240792,0,-0.235572,0.0284895,0
-0.242624,0,-0.237112,0.0297419,0
-0.243415,0,-0.238191,0.0298189,0
-0.242458,0,-0.238203,0.0294069,0
-0.241843,0,-0.238329,0.0298647,0
-0.242155,0,-0.23908,0.031149,0
-0.24201,0,-0.2395,0.0323776,0
-0.242665,0,-0.240504,0.0338121,0
-0.242644,0,-0.240946,0.034247,0
-0.242562,0,-0.241273,0.0347122,0
-0.242494,0,-0.241577,0.0349674,0
-0.243358,0,-0.243236,0.0354738,0
-0.243984,0,-0.243518,0.0327199,0
-0.244008,0,-0.243729,0.0286191,0
-0.244111,0,-0.243863,0.0234357,0
-0.244951,0,-0.243913,0.0181892,0
-0.245914,0,-0.243913,0.00910808,0
-0.245914,0,-0.243913,0,0
-0.245914,0,-0.243913,0,0
-0.245914,0,-0.243913,0,0
-0.245914,0,-0.243913,0,0
-0.245914,0,-0.243913,0,0
-0.245914,0,-0.243913,0,0
0.245,0.235312,0,0,0
0.245,0.235312,0,0,0
0.245,0.235312,0,0,0
0.245,0.235312,0,0,0
0.245,0.235312,0,0,0
0.245,0.235312,0,0,0
0.245,0.235312,0,0,0
0.245,0.235312,0,0,0
0.245,0.235339,0,0,0
0.202284,0.234933,0,0.00464943,0
0.223814,0.235013,0,-0.00279375,0
0.22809,0.23498,0,-0.00717517,0
0.229781,0.234921,0,-0.0102705,0
0.236715,0.235452,0,-0.0136275,0
0.238321,0.235715,0,-0.0154064,0
0.241016,0.23629,0,-0.0166845,0
0.240735,0.236459,0,-0.0173494,0
0.240701,0.236683,0,-0.0181935,0
0.241174,0.237068,0,-0.019264,0
0.241939,0.237608,0,-0.0202892,0
0.242512,0.238162,0,-0.0211598,0
0.242561,0.238539,0,-0.0211985,0
0.24313,0.239182,0,-0.0221155,0
0.242114,0.239009,0,-0.0226769,0
0.241595,0.239037,0,-0.0239641,0
0.241318,0.239165,0,-0.0259639,0
0.241059,0.23927,0,-0.0283323,0
0.240751,0.239306,0,-0.0311106,0
0.24016,0.239076,0,-0.038294,0
0.238837,0.238223,0,-0.038294,0
0.238217,0.237819,0,-0.0429118,0
0.237989,0.237714,0,-0.0479285,0
0.239088,0.238972,0,-0.0529383,0
0.239129,0.239078,0,-0.0564744,0
0.240077,0.239151,0,-0.057375,0
0.240454,0.23921,0,-0.059724,0
0.241102,0.239247,0,-0.0621333,0
0.24226,0.239258,0,-0.062161,0
0.244288,0.239259,0,-0.0549354,0
0.244288,0.239259,0,0,0
0.244288,0.239259,0,0,0
0.244288,0.239259,0,0,0
0.244288,0.239259,0,0,0
0.244288,0.239259,0,0,0
0.244288,0.239259,0,0,0
-0.245,0,-0.229662,0,0
-0.245,0,-0.229662,0,0
-0.245,0,-0.229662,0,0
-0.245,0,-0.229662,0,0
-0.245,0,-0.229662,0,0
-0.245,0,-0.229662,0,0
-0.245,0,-0.229662,0,0
-0.245,0,-0.229662,0,0
-0.295,0,-0.229949,0,0
-0.26144,0,-0.229991,0.00237573,0
-0.233176,0,-0.229745,0.00690018,0
-0.233927,0,-0.229845,0.0104892,0
-0.232515,0,-0.229853,0.0123413,0
-0.23962,0,-0.230621,0.0150656,0
-0.238996,0,-0.230864,0.0162131,0
-0.238865,0,-0.231182,0.0175493,0
-0.238104,0,-0.231391,0.0189893,0
-0.239113,0,-0.231998,0.0209055,0
-0.240153,0,-0.232732,0.0227694,0
-0.240843,0,-0.233457,0.0242836,0
-0.241529,0,-0.23426,0.0256938,0
-0.242377,0,-0.235214,0.0270775,0
-0.242438,0,-0.23589,0.0281536,0
-0.242549,0,-0.236748,0.0294028,0
-0.242415,0,-0.237304,0.0305581,0
-0.242215,0,-0.237775,0.0319268,0
-0.242395,0,-0.238492,0.0335568,0
-0.242185,0,-0.238915,0.0353061,0
-0.241822,0,-0.239172,0.0373668,0
-0.241033,0,-0.239017,0.0397523,0
-0.240218,0,-0.238728,0.042861,0
-0.239653,0,-0.238584,0.0470321,0
-0.240915,0,-0.240064,0.0516731,0
-0.241457,0,-0.242885,0.0548479,0
-0.241252,0,-0.243175,0.056496,0
-0.241096,0,-0.243396,0.05917,0
-0.241831,0,-0.243502,0.0619283,0
-0.242519,0,-0.243576,0.0616311,0
-0.244386,0,-0.243581,0.0570141,0
-0.244386,0,-0.243581,0,0
-0.244386,0,-0.243581,0,0
-0.244386,0,-0.243581,0,0
-0.244386,0,-0.243581,0,0
-0.244386,0,-0.243581,0,0
-0.244386,0,-0.243581,0,0
0.245,0.235229,0,0,0
0.245,0.235229,0,0,0
0.245,0.235229,0,0,0
0.245,0.235229,0,0,0
0.245,0.235229,0,0,0
0.245,0.235229,0,0,0
0.245,0.235229,0,0,0
0.245,0.235229,0,0,0
0.295,0.235413,0,0,0
0.261174,0.23547,0,-0.0064344,0
0.219716,0.23489,0,-0.0105216,0
0.22667,0.234883,0,-0.0162288,0
0.226529,0.234674,0,-0.0194845,0
0.234741,0.235181,0,-0.0235129,0
0.235867,0.235315,0,-0.0252749,0
0.238734,0.235829,0,-0.0267963,0
0.240401,0.236324,0,-0.0281536,0
0.239104,0.236213,0,-0.02875,0
0.240224,0.236726,0,-0.0301256,0
0.240553,0.23708,0,-0.0312513,0
0.243049,0.238325,0,-0.0325232,0
0.24433,0.239303,0,-0.0331749,0
0.243547,0.239347,0,-0.0331229,0
0.242641,0.239268,0,-0.0334382,0
0.241431,0.238907,0,-0.0344907,0
0.241238,0.239084,0,-0.0365442,0
0.241103,0.239282,0,-0.0390046,0
0.240784,0.239309,0,-0.0416763,0
0.24026,0.239135,0,-0.0448772,0
0.239243,0.23851,0,-0.048337,0
0.237861,0.237479,0,-0.0527172,0
0.237919,0.237619,0,-0.0578815,0
0.23838,0.238125,0,-0.0625668,0
0.239106,0.242024,0,-0.0660851,0
0.24021,0.242177,0,-0.0678797,0
0.240562,0.242295,0,-0.0693262,0
0.240573,0.242371,0,-0.0701582,0
0.241234,0.2424,0,-0.0701632,0
0.243916,0.2424,0,-0.0701694,0
0.243916,0.2424,0,0,0
0.243916,0.2424,0,0,0
0.243916,0.2424,0,0,0
0.243916,0.2424,0,0,0
0.243916,0.2424,0,0,0
0.243916,0.2424,0,0,0
-0.245,0,-0.232243,0,0
-0.245,0,-0.232243,0,0
-0.245,0,-0.232243,0,0
-0.245,0,-0.232243,0,0
-0.245,0,-0.232243,0,0
-0.245,0,-0.232243,0,0
-0.245,0,-0.232243,0,0
-0.245,0,-0.232243,0,0
-0.295,0,-0.232396,0,0
-0.247923,0,-0.232368,-0.0085123,0
-0.215984,0,-0.231914,-0.00114979,0
-0.223243,0,-0.231899,0.00483015,0
-0.226102,0,-0.231866,0.00797938,0
-0.238273,0,-0.232787,0.0113976,0
-0.247347,0,-0.234113,0.0122719,0
-0.250259,0,-0.235143,0.0120844,0
-0.251225,0,-0.236054,0.0111195,0
-0.249355,0,-0.236383,0.00953247,0
-0.247262,0,-0.236538,0.00881442,0
-0.245345,0,-0.236589,0.00894578,0
-0.243099,0,-0.236355,0.00975229,0
-0.241602,0,-0.236237,0.011731,0
-0.241232,0,-0.236525,0.0148733,0
-0.241693,0,-0.237215,0.0185156,0
-0.241754,0,-0.237719,0.0221437,0
-0.241138,0,-0.237799,0.0258959,0
-0.240771,0,-0.237978,0.030477,0
-0.239315,0,-0.237395,0.0355922,0
-0.24,0,-0.238241,0.0406987,0
-0.240133,0,-0.23866,0.0458711,0
-0.240536,0,-0.239305,0.0506943,0
-0.241248,0,-0.240237,0.0550183,0
-0.241316,0,-0.240578,0.0585118,0
-0.242237,0,-0.243464,0.0614077,0
-0.242994,0,-0.243721,0.0631633,0
-0.242918,0,-0.24392,0.0649544,0
-0.243145,0,-0.244044,0.0659756,0
-0.245941,0,-0.2441,0.0665002,0
-0.245834,0,-0.244102,0.0665002,0
-0.245834,0,-0.244102,0,0
-0.245834,0,-0.244102,0,0
-0.245834,0,-0.244102,0,0
-0.245834,0,-0.244102,0,0
-0.245834,0,-0.244102,0,0
-0.245834,0,-0.244102,0,0
0.245,0.232877,0,0,0
0.245,0.232877,0,0,0
0.245,0.232877,0,0,0
0.245,0.232877,0,0,0
0.245,0.232877,0,0,0
0.245,0.232877,0,0,0
0.245,0.232877,0,0,0
0.245,0.232877,0,0,0
0.295,0.233003,0,0,0
0.260551,0.233089,0,-0.00302194,0
0.213475,0.2325,0,-0.00711597,0
0.221994,0.232473,0,-0.0128543,0
0.221346,0.232189,0,-0.0157347,0
0.233425,0.232925,0,-0.0195195,0
0.23563,0.233206,0,-0.0204765,0
0.243634,0.234563,0,-0.021665,0
0.245708,0.235397,0,-0.022202,0
0.243848,0.235485,0,-0.0219652,0
0.24379,0.235956,0,-0.0225767,0
0.244373,0.236664,0,-0.0233517,0
0.244203,0.237151,0,-0.0240816,0
0.243815,0.23753,0,-0.02479,0
0.244548,0.238436,0,-0.0262514,0
0.245517,0.239529,0,-0.0274392,0
0.245594,0.240202,0,-0.028215,0
0.24553,0.240786,0,-0.0289294,0
0.245193,0.241166,0,-0.0298956,0
0.244877,0.24151,0,-0.0313162,0
0.244313,0.241611,0,-0.0333116,0
0.243624,0.24152,0,-0.0360141,0
0.242898,0.241327,0,-0.039868,0
0.24134,0.240376,0,-0.0444603,0
0.241638,0.240913,0,-0.0495663,0
0.242837,0.24416,0,-0.0545665,0
0.243372,0.24442,0,-0.0576151,0
0.24333,0.244616,0,-0.0600042,0
0.24281,0.244748,0,-0.0626524,0
0.243908,0.244795,0,-0.0631852,0
0.245886,0.244803,0,-0.0602587,0
0.245886,0.244803,0,0,0
0.245886,0.244803,0,0,0
0.245886,0.244803,0,0,0
0.245886,0.244803,0,0,0
0.245886,0.244803,0,0,0
0.245886,0.244803,0,0,0
-0.245,0,-0.236101,0,0
-0.245,0,-0.236101,0,0
-0.245,0,-0.236101,0,0
-0.245,0,-0.236101,0,0
-0.245,0,-0.236101,0,0
-0.245,0,-0.236101,0,0
-0.245,0,-0.236101,0,0
-0.245,0,-0.236101,0,0
-0.295,0,-0.236232,0,0
-0.258165,0,-0.23627,-0.00320081,0
-0.215705,0,-0.235702,0.00195683,0
-0.225381,0,-0.2357,0.00769678,0
-0.225554,0,-0.235467,0.0104334,0
-0.23397,0,-0.235913,0.013463,0
-0.241268,0,-0.236726,0.0154459,0
-0.241212,0,-0.236902,0.0164711,0
-0.239559,0,-0.236776,0.0177326,0
-0.238812,0,-0.236741,0.0196842,0
-0.241179,0,-0.237529,0.0223029,0
-0.242215,0,-0.238109,0.0241633,0
-0.242729,0,-0.238595,0.0258593,0
-0.242834,0,-0.238965,0.0270221,0
-0.24228,0,-0.239113,0.0287927,0
-0.241514,0,-0.239003,0.0305936,0
-0.241439,0,-0.239227,0.0330802,0
-0.241641,0,-0.239615,0.0361231,0
-0.241977,0,-0.240114,0.039094,0
-0.242384,0,-0.240673,0.0421517,0
-0.242498,0,-0.241036,0.0449139,0
-0.242101,0,-0.240978,0.0476155,0
-0.241399,0,-0.24061,0.0507307,0
-0.241019,0,-0.240459,0.0544908,0
-0.241005,0,-0.240599,0.0583394,0
-0.241161,0,-0.243137,0.061934,0
-0.241994,0,-0.2433,0.0646849,0
-0.242363,0,-0.243425,0.0667177,0
-0.242711,0,-0.243509,0.0684846,0
-0.24284,0,-0.243545,0.0696126,0
-0.245189,0,-0.243546,0.0700364,0
-0.245189,0,-0.243546,0,0
-0.245189,0,-0.243546,0,0
-0.245189,0,-0.243546,0,0
-0.245189,0,-0.243546,0,0
-0.245189,0,-0.243546,0,0
-0.245189,0,-0.243546,0,0
0.245,0.234678,0,0,0
0.245,0.234678,0,0,0
0.245,0.234678,0,0,0
0.245,0.234678,0,0,0
0.245,0.234678,0,0,0
0.245,0.234678,0,0,0
0.245,0.234678,0,0,0
0.245,0.234678,0,0,0
0.295,0.234775,0,0,0
0.265391,0.2349,0,-0.00465126,0
0.218314,0.234372,0,-0.00790049,0
0.233079,0.23462,0,-0.0129336,0
0.232167,0.23453,0,-0.0140783,0
0.237394,0.234917,0,-0.0154489,0
0.236743,0.234922,0,-0.0159726,0
0.236247,0.234919,0,-0.0164332,0
0.237823,0.235282,0,-0.0172512,0
0.243334,0.236717,0,-0.01864,0
0.244088,0.237319,0,-0.0197406,0
0.244845,0.238003,0,-0.0207485,0
0.245816,0.238854,0,-0.0216797,0
0.246064,0.239519,0,-0.0222324,0
0.245564,0.239836,0,-0.0227233,0
0.245568,0.240382,0,-0.0236065,0
0.245472,0.240869,0,-0.0248019,0
0.245404,0.241356,0,-0.026167,0
0.245147,0.241699,0,-0.0276673,0
0.244685,0.241854,0,-0.0296384,0
0.244156,0.241896,0,-0.0322897,0
0.243797,0.241993,0,-0.0357627,0
0.242963,0.241649,0,-0.0398872,0
0.241022,0.240289,0,-0.0449411,0
0.240924,0.240397,0,-0.0507002,0
0.242,0.243825,0,-0.0562419,0
0.243071,0.244038,0,-0.0601682,0
0.243393,0.2442,0,-0.0628687,0
0.243089,0.244308,0,-0.0646538,0
0.243566,0.244357,0,-0.0671158,0
0.245806,0.244359,0,-0.067739,0
0.245806,0.244359,0,0,0
0.245806,0.244359,0,0,0
0.245806,0.244359,0,0,0
0.245806,0.244359,0,0,0
0.245806,0.244359,0,0,0
0.245806,0.244359,0,0,0
-0.245,0,-0.235616,0,0
-0.245,0,-0.235616,0,0
-0.245,0,-0.235616,0,0
-0.245,0,-0.235616,0,0
-0.245,0,-0.235616,0,0
-0.245,0,-0.235616,0,0
-0.245,0,-0.235616,0,0
-0.245,0,-0.235616,0,0
-0.295,0,-0.235715,0,0
-0.257776,0,-0.235774,-0.00179338,0
-0.212808,0,-0.235188,0.003203,0
-0.223721,0,-0.235185,0.00937711,0
-0.223039,0,-0.234876,0.0122879,0
-0.237117,0,-0.235746,0.0161061,0
-0.245122,0,-0.236757,0.017222,0
-0.244326,0,-0.236969,0.0176197,0
-0.239142,0,-0.236295,0.0178412,0
-0.239415,0,-0.236506,0.0200173,0
-0.240854,0,-0.237077,0.0224291,0
-0.24293,0,-0.238001,0.0244763,0
-0.245101,0,-0.239172,0.0259619,0
-0.245854,0,-0.239968,0.0266325,0
-0.245013,0,-0.240068,0.0269669,0
-0.244063,0,-0.240029,0.0277464,0
-0.243573,0,-0.240168,0.0294643,0
-0.243272,0,-0.240465,0.0319241,0
-0.243915,0,-0.241267,0.0344877,0
-0.244679,0,-0.242218,0.0368394,0
-0.244519,0,-0.242492,0.0385705,0
-0.243854,0,-0.242307,0.0405482,0
-0.242761,0,-0.241694,0.0429602,0
-0.242744,0,-0.24193,0.0470114,0
-0.242915,0,-0.242309,0.0509363,0
-0.243208,0,-0.244699,0.0545581,0
-0.243349,0,-0.24491,0.0575196,0
-0.243704,0,-0.245071,0.0603908,0
-0.243775,0,-0.24518,0.062771,0
-0.244776,0,-0.24522,0.0625806,0
-0.246162,0,-0.245229,0.0576156,0
-0.246162,0,-0.245229,0,0
-0.246162,0,-0.245229,0,0
-0.246162,0,-0.245229,0,0
-0.246162,0,-0.245229,0,0
-0.246162,0,-0.245229,0,0
-0.246162,0,-0.245229,0,0
0.245,0.236608,0,0,0
0.245,0.236608,0,0,0
0.245,0.236608,0,0,0
0.245,0.236608,0,0,0
0.245,0.236608,0,0,0
0.245,0.236608,0,0,0
0.245,0.236608,0,0,0
0.245,0.236608,0,0,0
0.295,0.236704,0,0,0
0.258593,0.236765,0,-0.00517318,0
0.209816,0.236109,0,-0.00941343,0
0.221841,0.236075,0,-0.0156836,0
0.219749,0.235626,0,-0.0185956,0
0.229133,0.23591,0,-0.0223496,0
0.232295,0.236065,0,-0.0240588,0
0.229273,0.235424,0,-0.0250568,0
0.227769,0.234833,0,-0.026523,0
0.228688,0.234695,0,-0.0289418,0
0.231252,0.235074,0,-0.0314506,0
0.233381,0.235532,0,-0.0334352,0
0.235399,0.236145,0,-0.034862,0
0.236744,0.236666,0,-0.0358029,0
0.236291,0.236455,0,-0.0362321,0
0.236222,0.236404,0,-0.0366212,0
0.236218,0.236382,0,-0.0378482,0
0.23557,0.235956,0,-0.0387858,0
0.235365,0.235769,0,-0.0404325,0
0.234979,0.235436,0,-0.0424094,0
0.234501,0.234997,0,-0.0449453,0
0.233785,0.234336,0,-0.0476684,0
0.233454,0.233947,0,-0.0511064,0
0.233206,0.233621,0,-0.0548244,0
0.233498,0.233779,0,-0.0585471,0
0.233779,0.235615,0,-0.0617977,0
0.234263,0.235591,0,-0.0643902,0
0.234684,0.235572,0,-0.0645,0
0.235188,0.235559,0,-0.0664937,0
0.235748,0.235552,0,-0.0682053,0
0.237793,0.235552,0,-0.0683278,0
0.237793,0.235552,0,-0.0676718,0
0.237793,0.235552,0,0,0
0.237793,0.235552,0,0,0
0.237793,0.235552,0,0,0
0.237793,0.235552,0,0,0
0.237793,0.235552,0,0,0
-0.245,0,-0.227063,0,0
-0.245,0,-0.227063,0,0
-0.245,0,-0.227063,0,0
-0.245,0,-0.227063,0,0
-0.245,0,-0.227063,0,0
-0.245,0,-0.227063,0,0
-0.245,0,-0.227063,0,0
-0.245,0,-0.227063,0,0
-0.295,0,-0.227086,0,0
-0.295,0,-0.227527,0,0
-0.250153,0,-0.227428,0.0103167,0
-0.244442,0,-0.227623,0.0141905,0
-0.237004,0,-0.227594,0.0142588,0
-0.243119,0,-0.228355,0.0152524,0
-0.245278,0,-0.229097,0.0147657,0
-0.241838,0,-0.229215,0.0133628,0
-0.240922,0,-0.229602,0.0133698,0
-0.238279,0,-0.229571,0.0135065,0
-0.236201,0,-0.229497,0.0147987,0
-0.236022,0,-0.229856,0.0169674,0
-0.237233,0,-0.230713,0.0192688,0
-0.237576,0,-0.231346,0.0212405,0
-0.237484,0,-0.231821,0.0232254,0
-0.237524,0,-0.232359,0.025483,0
-0.237744,0,-0.233,0.0280118,0
-0.237655,0,-0.233598,0.0304507,0
-0.237873,0,-0.23425,0.0328516,0
-0.237729,0,-0.234673,0.0353526,0
-0.237456,0,-0.234917,0.0377455,0
-0.237717,0,-0.235563,0.0408639,0
-0.237506,0,-0.235805,0.0435872,0
-0.237311,0,-0.236013,0.0466094,0
-0.237011,0,-0.236061,0.049722,0
-0.237183,0,-0.237225,0.0531064,0
-0.237397,0,-0.237485,0.0563135,0
-0.237843,0,-0.237691,0.0559528,0
-0.237941,0,-0.237841,0.0586822,0
-0.238836,0,-0.237908,0.0609076,0
-0.239732,0,-0.237941,0.0589937,0
-0.239732,0,-0.237941,0.0523859,0
-0.239732,0,-0.237941,0,0
-0.239732,0,-0.237941,0,0
-0.239732,0,-0.237941,0,0
-0.239732,0,-0.237941,0,0
-0.239732,0,-0.237941,0,0
-0.239732,0,-0.237941,0,0
0.245,0.229408,0,0,0
0.245,0.229408,0,0,0
0.245,0.229408,0,0,0
0.245,0.229408,0,0,0
0.245,0.229408,0,0,0
0.245,0.229408,0,0,0
0.245,0.229408,0,0,0
0.295,0.229408,0,0,0
0.295,0.229735,0,0,0
0.247747,0.229649,0,-0.0103758,0
0.234715,0.229557,0,-0.015089,0
0.230857,0.229478,0,-0.0172738,0
0.230928,0.229519,0,-0.0192744,0
0.236416,0.230133,0,-0.021688,0
0.236158,0.230334,0,-0.0226517,0
0.236523,0.230718,0,-0.0238816,0
0.237017,0.23112,0,-0.0251337,0
0.238642,0.231894,0,-0.026297,0
0.240132,0.232795,0,-0.0272637,0
0.241471,0.23379,0,-0.0278704,0
0.242365,0.23476,0,-0.028125,0
0.241996,0.235216,0,-0.0279993,0
0.241106,0.235402,0,-0.0281127,0
0.241178,0.235864,0,-0.0288356,0
0.240622,0.236112,0,-0.0298289,0
0.240074,0.236413,0,-0.0315494,0
0.239568,0.236556,0,-0.0334198,0
0.239033,0.236612,0,-0.0357957,0
0.23812,0.236287,0,-0.0388219,0
0.237193,0.235873,0,-0.0425389,0
0.236535,0.235573,0,-0.0473351,0
0.235459,0.234853,0,-0.0520329,0
0.235958,0.235696,0,-0.0575433,0
0.23681,0.235865,0,-0.062379,0
0.237408,0.236002,0,-0.0629784,0
0.238155,0.236103,0,-0.0658882,0
0.238751,0.236166,0,-0.0681523,0
0.239384,0.236186,0,-0.0691916,0
0.239384,0.236186,0,0,0
0.239384,0.236186,0,0,0
0.239384,0.236186,0,0,0
0.239384,0.236186,0,0,0
0.239384,0.236186,0,0,0
0.239384,0.236186,0,0,0
0.239384,0.236186,0,0,0
-0.245,0,-0.22854,0,0
-0.245,0,-0.22854,0,0
-0.245,0,-0.22854,0,0
-0.245,0,-0.22854,0,0
-0.245,0,-0.22854,0,0
-0.245,0,-0.22854,0,0
-0.245,0,-0.22854,0,0
-0.245,0,-0.22854,0,0
-0.295,0,-0.228804,0,0
-0.26372,0,-0.228904,0.00501685,0
-0.235445,0,-0.228704,0.00914559,0
-0.241775,0,-0.229114,0.0123334,0
-0.238711,0,-0.229227,0.0125817,0
-0.242544,0,-0.229893,0.0141987,0
-0.238474,0,-0.229823,0.014537,0
-0.236515,0,-0.229854,0.0158392,0
-0.235946,0,-0.230052,0.018147,0
-0.236113,0,-0.230407,0.0207207,0
-0.238387,0,-0.231414,0.0236648,0
-0.238887,0,-0.232165,0.0259621,0
-0.239653,0,-0.23297,0.0278218,0
-0.239678,0,-0.233528,0.0295754,0
-0.240057,0,-0.23427,0.0315609,0
-0.240324,0,-0.234988,0.0335254,0
-0.240694,0,-0.235821,0.0357049,0
-0.241352,0,-0.236821,0.03784,0
-0.241878,0,-0.23779,0.0397406,0
-0.241986,0,-0.238475,0.0414512,0
-0.24167,0,-0.238823,0.0431051,0
-0.240988,0,-0.238793,0.0451062,0
-0.240193,0,-0.238549,0.0477017,0
-0.239566,0,-0.238386,0.0510952,0
-0.23969,0,-0.238833,0.0551201,0
-0.240194,0,-0.242084,0.0589005,0
-0.24067,0,-0.242391,0.0611767,0
-0.24059,0,-0.24261,0.063405,0
-0.240354,0,-0.24276,0.065481,0
-0.240941,0,-0.242812,0.0677118,0
-0.243616,0,-0.242813,0.0700059,0
-0.243616,0,-0.242813,0,0
-0.243616,0,-0.242813,0,0
-0.243616,0,-0.242813,0,0
-0.243616,0,-0.242813,0,0
-0.243616,0,-0.242813,0,0
-0.243616,0,-0.242813,0,0
0.245,0.234855,0,0,0
0.245,0.234855,0,0,0
0.245,0.234855,0,0,0
0.245,0.234855,0,0,0
0.245,0.234855,0,0,0
0.245,0.234855,0,0,0
0.245,0.234855,0,0,0
0.245,0.234855,0,0,0
0.295,0.235,0,0,0
0.260913,0.235082,0,-0.00677579,0
0.21929,0.234528,0,-0.0105368,0
0.229608,0.234649,0,-0.0151381,0
0.233305,0.234758,0,-0.0172304,0
0.23864,0.235202,0,-0.0195848,0
0.239334,0.235409,0,-0.0210222,0
0.241,0.235839,0,-0.0221921,0
0.241096,0.236099,0,-0.023131,0
0.240074,0.236111,0,-0.0241245,0
0.241212,0.236745,0,-0.0257562,0
0.24188,0.237279,0,-0.0270793,0
0.242491,0.237859,0,-0.0280127,0
0.243983,0.238896,0,-0.0292459,0
0.244394,0.239565,0,-0.0298649,0
0.243913,0.239768,0,-0.0302515,0
0.243403,0.239915,0,-0.0310946,0
0.243094,0.240133,0,-0.0325789,0
0.242938,0.240416,0,-0.0342984,0
0.242734,0.240636,0,-0.0364383,0
0.242578,0.240858,0,-0.03878,0
0.241682,0.240431,0,-0.0414399,0
0.24077,0.239911,0,-0.0446481,0
0.239991,0.239421,0,-0.0492421,0
0.24022,0.239785,0,-0.054125,0
0.240939,0.243139,0,-0.0585989,0
0.242043,0.24333,0,-0.0617068,0
0.24256,0.243467,0,-0.0641481,0
0.243061,0.243559,0,-0.0653311,0
0.243084,0.243597,0,-0.0669789,0
0.244992,0.243598,0,0,0
0.244992,0.243598,0,0,0
0.244992,0.243598,0,0,0
0.244992,0.243598,0,0,0
0.244992,0.243598,0,0,0
0.244992,0.243598,0,0,0
0.244992,0.243598,0,0,0
-0.245,0,-0.234753,0,0
-0.245,0,-0.234753,0,0
-0.245,0,-0.234753,0,0
-0.245,0,-0.234753,0,0
-0.245,0,-0.234753,0,0
-0.245,0,-0.234753,0,0
-0.245,0,-0.234753,0,0
-0.245,0,-0.234753,0,0
-0.295,0,-0.2349,0,0
-0.259573,0,-0.234956,0.00475864,0
-0.217811,0,-0.23441,0.00882355,0
-0.229982,0,-0.234569,0.0138053,0
-0.230252,0,-0.234476,0.0151888,0
-0.238243,0,-0.235067,0.0168525,0
-0.243439,0,-0.235822,0.0176778,0
-0.241742,0,-0.235861,0.0179928,0
-0.241302,0,-0.236045,0.0189927,0
-0.241526,0,-0.236373,0.020297,0
-0.242641,0,-0.236996,0.0217854,0
-0.243601,0,-0.237688,0.022967,0
-0.24455,0,-0.238474,0.024008,0
-0.245333,0,-0.239292,0.024689,0
-0.243836,0,-0.23909,0.0249728,0
-0.243806,0,-0.239528,0.0264541,0
-0.243215,0,-0.239636,0.0279624,0
-0.243348,0,-0.240134,0.0303192,0
-0.243625,0,-0.240732,0.0327513,0
-0.243257,0,-0.240973,0.0352026,0
-0.243112,0,-0.241232,0.0376363,0
-0.243116,0,-0.241579,0.0402171,0
-0.242409,0,-0.241284,0.0428311,0
-0.241904,0,-0.241101,0.0462759,0
-0.242085,0,-0.241488,0.0504029,0
-0.242247,0,-0.244139,0.054027,0
-0.24234,0,-0.244352,0.057167,0
-0.242526,0,-0.244513,0.0603574,0
-0.242713,0,-0.244619,0.0629508,0
-0.244286,0,-0.244656,0.0654545,0
-0.245953,0,-0.244661,0.0595268,0
-0.245953,0,-0.244661,0,0
-0.245953,0,-0.244661,0,0
-0.245953,0,-0.244661,0,0
-0.245953,0,-0.244661,0,0
-0.245953,0,-0.244661,0,0
-0.245953,0,-0.244661,0,0
0.245,0.235859,0,0,0
0.245,0.235859,0,0,0
0.245,0.235859,0,0,0
0.245,0.235859,0,0,0
0.245,0.235859,0,0,0
0.245,0.235859,0,0,0
0.245,0.235859,0,0,0
0.245,0.235859,0,0,0
0.295,0.23599,0,0,0
0.257554,0.236037,0,-0.00652853,0
0.213353,0.235405,0,-0.0107189,0
0.223887,0.235403,0,-0.0163808,0
0.219002,0.234835,0,-0.0186315,0
0.230129,0.235307,0,-0.0223734,0
0.233032,0.235494,0,-0.0239308,0
0.240442,0.236628,0,-0.0255631,0
0.242229,0.237185,0,-0.0265054,0
0.24129,0.237217,0,-0.0270496,0
0.242153,0.237721,0,-0.0278519,0
0.24432,0.238767,0,-0.0289154,0
0.245499,0.239638,0,-0.0292058,0
0.246929,0.240758,0,-0.0291972,0
0.24754,0.241626,0,-0.0287102,0
0.246779,0.241647,0,-0.0276748,0
0.246654,0.242118,0,-0.0272387,0
0.246225,0.242378,0,-0.027008,0
0.245573,0.24242,0,-0.0270638,0
0.244161,0.24185,0,-0.0281139,0
0.243663,0.241825,0,-0.0307372,0
0.242682,0.24136,0,-0.0339532,0
0.242044,0.241078,0,-0.0386854,0
0.24021,0.239716,0,-0.044216,0
0.240113,0.239762,0,-0.0504101,0
0.240505,0.24315,0,-0.0560368,0
0.241535,0.243317,0,-0.0601624,0
0.241938,0.243444,0,-0.063448,0
0.242086,0.243527,0,-0.0657008,0
0.242482,0.243563,0,-0.0678621,0
0.244957,0.243564,0,-0.0699954,0
0.244957,0.243564,0,0,0
0.244957,0.243564,0,0,0
0.244957,0.243564,0,0,0
0.244957,0.243564,0,0,0
0.244957,0.243564,0,0,0
0.244957,0.243564,0,0,0
-0.245,0,-0.234991,0,0
-0.245,0,-0.234991,0,0
-0.245,0,-0.234991,0,0
-0.245,0,-0.234991,0,0
-0.245,0,-0.234991,0,0
-0.245,0,-0.234991,0,0
-0.245,0,-0.234991,0,0
-0.245,0,-0.234991,0,0
-0.295,0,-0.235113,0,0
-0.25431,0,-0.235138,0.003939,0
-0.2132,0,-0.234567,0.00912737,0
-0.229764,0,-0.234796,0.0149831,0
-0.232097,0,-0.234816,0.0165309,0
-0.239045,0,-0.23535,0.0179114,0
-0.244379,0,-0.23613,0.0182268,0
-0.241729,0,-0.236047,0.0183121,0
-0.24115,0,-0.236193,0.0194624,0
-0.239437,0,-0.236042,0.0208339,0
-0.241739,0,-0.236889,0.0230832,0
-0.243277,0,-0.237712,0.024745,0
-0.244808,0,-0.238695,0.0256379,0
-0.245877,0,-0.239633,0.0263159,0
-0.245728,0,-0.240104,0.0264939,0
-0.24466,0,-0.240079,0.0268513,0
-0.24427,0,-0.240335,0.0280866,0
-0.244303,0,-0.240812,0.0298125,0
-0.24463,0,-0.241478,0.0318528,0
-0.24492,0,-0.242134,0.0338293,0
-0.244874,0,-0.242539,0.0355325,0
-0.244521,0,-0.242669,0.037483,0
-0.243976,0,-0.242568,0.0400426,0
-0.2432,0,-0.242207,0.0431623,0
-0.24255,0,-0.241933,0.0475787,0
-0.242736,0,-0.244562,0.0517946,0
-0.242916,0,-0.244782,0.0551595,0
-0.243054,0,-0.244952,0.0585769,0
-0.243778,0,-0.245036,0.0606173,0
-0.244389,0,-0.2451,0.0599374,0
-0.246425,0,-0.245107,0.0557699,0
-0.246425,0,-0.245107,0,0
-0.246425,0,-0.245107,0,0
-0.246425,0,-0.245107,0,0
-0.246425,0,-0.245107,0,0
-0.246425,0,-0.245107,0,0
-0.246425,0,-0.245107,0,0
0.245,0.236709,0,0,0
0.245,0.236709,0,0,0
0.245,0.236709,0,0,0
0.245,0.236709,0,0,0
0.245,0.236709,0,0,0
0.245,0.236709,0,0,0
0.245,0.236709,0,0,0
0.245,0.236709,0,0,0
0.295,0.236819,0,0,0
0.259942,0.236887,0,-0.00681446,0
0.210756,0.236206,0,-0.0106186,0
0.223742,0.236214,0,-0.0166973,0
0.221525,0.235802,0,-0.0187861,0
0.232664,0.236324,0,-0.0222958,0
0.233275,0.23627,0,-0.0233921,0
0.232748,0.23606,0,-0.0239653,0
0.2345,0.236259,0,-0.0250503,0
0.234313,0.23612,0,-0.0257941,0
0.235686,0.236412,0,-0.0267503,0
0.238126,0.237187,0,-0.0274821,0
0.246568,0.24056,0,-0.0292064,0
0.248094,0.241746,0,-0.0289608,0
0.247388,0.241808,0,-0.0280608,0
0.246407,0.241825,0,-0.0272292,0
0.246933,0.242611,0,-0.0273252,0
0.247527,0.243486,0,-0.0273264,0
0.247198,0.243783,0,-0.0267566,0
0.246109,0.243485,0,-0.0260325,0
0.245148,0.243154,0,-0.0271098,0
0.244094,0.242648,0,-0.0293074,0
0.243179,0.242165,0,-0.0330639,0
0.242304,0.24162,0,-0.0382341,0
0.241796,0.241337,0,-0.0450179,0
0.240798,0.243563,0,-0.0517323,0
0.241854,0.243722,0,-0.0566838,0
0.242363,0.243843,0,-0.0606802,0
0.242762,0.243923,0,-0.0638904,0
0.242811,0.24396,0,-0.0666661,0
0.245249,0.243961,0,-0.0652253,0
0.245249,0.243961,0,0,0
0.245249,0.243961,0,0,0
0.245249,0.243961,0,0,0
0.245249,0.243961,0,0,0
0.245249,0.243961,0,0,0
0.245249,0.243961,0,0,0
-0.245,0,-0.236562,0,0
-0.245,0,-0.236562,0,0
-0.245,0,-0.236562,0,0
-0.245,0,-0.236562,0,0
-0.245,0,-0.236562,0,0
-0.245,0,-0.236562,0,0
-0.245,0,-0.236562,0,0
-0.245,0,-0.236562,0,0
-0.295,0,-0.23666,0,0
-0.254269,0,-0.236689,0.00150668,0
-0.210174,0,-0.236069,0.00693441,0
-0.222329,0,-0.236049,0.0131675,0
-0.226025,0,-0.235943,0.0162822,0
-0.234169,0,-0.236355,0.0188876,0
-0.233066,0,-0.23615,0.0198316,0
-0.233072,0,-0.236028,0.0208341,0
-0.232072,0,-0.235696,0.0221214,0
-0.232657,0,-0.235614,0.0238772,0
-0.234788,0,-0.236051,0.0256275,0
-0.236936,0,-0.236688,0.0268339,0
-0.238107,0,-0.237156,0.0274897,0
-0.238563,0,-0.237429,0.0276959,0
-0.244941,0,-0.240637,0.029664,0
-0.245285,0,-0.24124,0.0304659,0
-0.244625,0,-0.241286,0.0311631,0
-0.243242,0,-0.240793,0.0323039,0
-0.243444,0,-0.241257,0.0346141,0
-0.243694,0,-0.241747,0.0371973,0
-0.243511,0,-0.241919,0.0394872,0
-0.24278,0,-0.241613,0.0423711,0
-0.241803,0,-0.241014,0.0455141,0
-0.240961,0,-0.240457,0.0499747,0
-0.241078,0,-0.240698,0.0550739,0
-0.24138,0,-0.243486,0.0595106,0
-0.242326,0,-0.243649,0.0629252,0
-0.242514,0,-0.243776,0.065555,0
-0.242961,0,-0.243857,0.0677672,0
-0.243709,0,-0.243896,0.0689896,0
-0.245609,0,-0.243898,0.0700035,0
-0.245609,0,-0.243898,0,0
-0.245609,0,-0.243898,0,0
-0.245609,0,-0.243898,0,0
-0.245609,0,-0.243898,0,0
-0.245609,0,-0.243898,0,0
-0.245609,0,-0.243898,0,0
0.245,0.234739,0,0,0
0.245,0.234739,0,0,0
0.245,0.234739,0,0,0
0.245,0.234739,0,0,0
0.245,0.234739,0,0,0
0.245,0.234739,0,0,0
0.245,0.234739,0,0,0
0.245,0.234739,0,0,0
0.295,0.234819,0,0,0
0.260826,0.234913,0,-0.000821846,0
0.212233,0.234335,0,-0.00516505,0
0.231405,0.234621,0,-0.0113781,0
0.231277,0.234539,0,-0.0129875,0
0.237692,0.234991,0,-0.0146986,0
0.237085,0.235012,0,-0.0151362,0
0.235512,0.234856,0,-0.0156712,0
0.233101,0.23443,0,-0.0167603,0
0.23579,0.234981,0,-0.0190086,0
0.238964,0.235905,0,-0.0203262,0
0.241979,0.237076,0,-0.0209516,0
0.248333,0.239831,0,-0.0215712,0
0.247324,0.240074,0,-0.020972,0
0.244827,0.239493,0,-0.0209453,0
0.245081,0.240129,0,-0.0226557,0
0.246032,0.241203,0,-0.024512,0
0.246293,0.241921,0,-0.0258263,0
0.245765,0.242108,0,-0.0269478,0
0.245115,0.242156,0,-0.0286527,0
0.244743,0.242336,0,-0.0312408,0
0.244174,0.242288,0,-0.0346333,0
0.243486,0.242083,0,-0.0388154,0
0.241662,0.240851,0,-0.0440619,0
0.24142,0.240847,0,-0.0496361,0
0.24185,0.24386,0,-0.0552124,0
0.242762,0.244074,0,-0.0597413,0
0.243329,0.244239,0,-0.0630796,0
0.243287,0.244349,0,-0.0652566,0
0.243267,0.244401,0,-0.0674898,0
0.245701,0.244404,0,-0.069989,0
0.245701,0.244404,0,0,0
0.245701,0.244404,0,0,0
0.245701,0.244404,0,0,0
0.245701,0.244404,0,0,0
0.245701,0.244404,0,0,0
0.245701,0.244404,0,0,0
-0.245,0,-0.236022,0,0
-0.245,0,-0.236022,0,0
-0.245,0,-0.236022,0,0
-0.245,0,-0.236022,0,0
-0.245,0,-0.236022,0,0
-0.245,0,-0.236022,0,0
-0.245,0,-0.236022,0,0
-0.245,0,-0.236022,0,0
-0.295,0,-0.2361,0,0
-0.255268,0,-0.23615,0.00311369,0
-0.209944,0,-0.235555,0.00807514,0
-0.231032,0,-0.235845,0.0145679,0
-0.234759,0,-0.235948,0.0161416,0
-0.242544,0,-0.236582,0.0169814,0
-0.246118,0,-0.237216,0.0169643,0
-0.244997,0,-0.237399,0.0170812,0
-0.243103,0,-0.237379,0.0173932,0
-0.241528,0,-0.237303,0.0184754,0
-0.243054,0,-0.237973,0.020345,0
-0.245143,0,-0.238983,0.0219268,0
-0.246344,0,-0.239877,0.0227045,0
-0.24695,0,-0.24064,0.0230972,0
-0.246176,0,-0.240819,0.0232272,0
-0.245187,0,-0.240799,0.0239685,0
-0.244977,0,-0.241135,0.0254798,0
-0.244853,0,-0.241499,0.0274231,0
-0.245226,0,-0.242183,0.0297979,0
-0.245017,0,-0.242452,0.0319921,0
-0.245258,0,-0.243036,0.0346868,0
-0.245064,0,-0.24327,0.0371369,0
-0.244726,0,-0.243342,0.0397609,0
-0.244176,0,-0.243162,0.0432583,0
-0.243383,0,-0.242761,0.0473244,0
-0.243481,0,-0.244912,0.0512622,0
-0.243633,0,-0.245121,0.0550216,0
-0.243854,0,-0.245285,0.0584314,0
-0.244855,0,-0.245368,0.0603645,0
-0.245138,0,-0.245432,0.0590818,0
-0.246865,0,-0.245443,0.0553036,0
-0.246865,0,-0.245443,0,0
-0.246865,0,-0.245443,0,0
-0.246865,0,-0.245443,0,0
-0.246865,0,-0.245443,0,0
-0.246865,0,-0.245443,0,0
-0.246865,0,-0.245443,0,0
0.245,0.23748,0,0,0
0.245,0.23748,0,0,0
0.245,0.23748,0,0,0
0.245,0.23748,0,0,0
0.245,0.23748,0,0,0
0.245,0.23748,0,0,0
0.245,0.23748,0,0,0
0.245,0.23748,0,0,0
0.295,0.237557,0,0,0
0.252747,0.237582,0,-0.00296115,0
0.204143,0.236883,0,-0.00817295,0
0.220803,0.236896,0,-0.0155173,0
0.21769,0.236351,0,-0.0186088,0
0.229589,0.236755,0,-0.0228528,0
0.230799,0.236653,0,-0.0246115,0
0.230881,0.236427,0,-0.0257751,0
0.2332,0.236628,0,-0.0274791,0
0.232577,0.236294,0,-0.0284823,0
0.234187,0.236542,0,-0.0300031,0
0.23464,0.236537,0,-0.0312107,0
0.235824,0.236851,0,-0.0322796,0
0.236434,0.237032,0,-0.0333405,0
0.235821,0.236688,0,-0.034018,0
0.235808,0.236599,0,-0.035291,0
0.235436,0.236302,0,-0.0367865,0
0.235303,0.236119,0,-0.0386739,0
0.235421,0.236095,0,-0.0408189,0
0.235315,0.235921,0,-0.04306,0
0.235017,0.235605,0,-0.0455171,0
0.233983,0.234672,0,-0.0481776,0
0.233252,0.233927,0,-0.0516721,0
0.232738,0.233321,0,-0.0555376,0
0.233261,0.233649,0,-0.0597308,0
0.23399,0.235421,0,-0.0632955,0
0.234891,0.23537,0,-0.0657106,0
0.235447,0.23533,0,-0.0656595,0
0.236168,0.235302,0,-0.067098,0
0.236867,0.235286,0,-0.0684191,0
0.237997,0.235283,0,-0.0685719,0
0.237997,0.235283,0,-0.0683821,0
0.237997,0.235283,0,0,0
0.237997,0.235283,0,0,0
0.237997,0.235283,0,0,0
0.237997,0.235283,0,0,0
0.237997,0.235283,0,0,0
0.237997,0.235283,0,0,0
-0.245,0,-0.226906,0,0
-0.245,0,-0.226906,0,0
-0.245,0,-0.226906,0,0
-0.245,0,-0.226906,0,0
-0.245,0,-0.226906,0,0
-0.245,0,-0.226906,0,0
-0.245,0,-0.226906,0,0
-0.295,0,-0.226914,0,0
-0.295,0,-0.227357,0,0
-0.254712,0,-0.227311,0.00776507,0
-0.239762,0,-0.227293,0.0122179,0
-0.235233,0,-0.227331,0.0136316,0
-0.237311,0,-0.227711,0.0147459,0
-0.239871,0,-0.228302,0.0160478,0
-0.237274,0,-0.228369,0.0161394,0
-0.236879,0,-0.228683,0.0172693,0
-0.236456,0,-0.228995,0.0187562,0
-0.237453,0,-0.229668,0.0205104,0
-0.238729,0,-0.230547,0.0221557,0
-0.240074,0,-0.231595,0.0233515,0
-0.241259,0,-0.232713,0.024159,0
-0.241845,0,-0.233688,0.0245349,0
-0.241448,0,-0.234231,0.0246804,0
-0.24128,0,-0.234862,0.0251476,0
-0.241231,0,-0.235541,0.0256848,0
-0.241363,0,-0.236319,0.0267739,0
-0.241797,0,-0.237302,0.027871,0
-0.241513,0,-0.237764,0.0286437,0
-0.241244,0,-0.23818,0.0297779,0
-0.240574,0,-0.238204,0.0313693,0
-0.23978,0,-0.238009,0.0336852,0
-0.239381,0,-0.238085,0.0374308,0
-0.239375,0,-0.238451,0.0418344,0
-0.239707,0,-0.238768,0.0458371,0
-0.239867,0,-0.239024,0.0459941,0
-0.24018,0,-0.239218,0.0478415,0
-0.240393,0,-0.239333,0.0478794,0
-0.241219,0,-0.239375,0.046072,0
-0.241219,0,-0.239375,0.0410895,0
-0.241219,0,-0.239375,0,0
-0.241219,0,-0.239375,0,0
-0.241219,0,-0.239375,0,0
-0.241219,0,-0.239375,0,0
-0.241219,0,-0.239375,0,0
-0.241219,0,-0.239375,0,0
0.245,0.231212,0,0,0
0.245,0.231212,0,0,0
