0.000114694,0,0.000113505,0,0,0.9
0.000114694,0,0.000113505,0,0,0.9
0.000114694,0,0.000113505,0,0,0.9
0.000114694,0,0.000113505,0,0,0.9
0.000114694,0,0.000113505,0,0,0.9
0.000114694,0,0.000113505,0,0,0.9
0.000114694,0,0.000113505,0,0,0.9
0.000114694,0,0.000113505,0,0,0.9
0.000114694,0,0.000113505,0,0,0.9
0.000114694,0,0.000113505,0,0,0.9
0.000114694,0,0.000113505,0,0,0.9
0.000114694,0,0.000113505,0,0,0.9
0.000114694,0,0.000113505,0,0,0.9
0.000114694,0,0.000113505,0,0,0.9
0.000114694,0,0.000113505,0,0,0.9
0.000114694,0,0.000113505,0,0,0.9
0.000114694,0,0.000113505,0,0,0.9
0.000114694,0,0.000113505,0,0,0.9
0.000114694,0,0.000113505,0,0,0.9
0.000114694,0,0.000113505,0,0,0.9
0.000114694,0,0.000113505,0,0,0.9
0.000114694,0,0.000113505,0,0,0.9
0.000114694,0,0.000113505,0,0,0.9
0.000114694,0,0.000113505,0,0,0.9
0.000114694,0,0.000113505,0,0,0.9
0.000114694,0,0.000113505,0,0,0.9
0.000114694,0,0.000113505,0,0,0.9
0.000114694,0,0.000113505,0,0,0.9
0.000114694,0,0.000113505,0,0,0.9
0.000114694,0,0.000113505,0,0,0.9
0.000114694,0,0.000113505,0,0,0.9
0.000114694,0,0.000113505,0,0,0.9
0.000114694,0,0.000113505,0,0,0.9
0.000114694,0,0.000113505,0,0,0.9
0.000114694,0,0.000113505,0,0,0.9
0.000114694,0,0.000113505,0,0,0.9
0.000114694,0,0.000113505,0,0,0.9
0.000114694,0,0.000113505,0,0,0.9
0.000114694,0,0.000113505,0,0,0.9
0.000114694,0,0.000113505,0,0,0.9
0.000114694,0,0.000113505,0,0,0.9
0.000114694,0,0.000113505,0,0,0.9
0.000114694,0,0.000113505,0,0,0.9
0.000114694,0,0.000113505,0,0,0.9
0.000114694,0,0.000113505,0,0,0.9
0.000114694,0,0.000113505,0,0,0.9
0.000114694,0,0.000113505,0,0,0.9
0.000114694,0,0.000113505,0,0,0.9
0.000114694,0,0.000113505,0,0,0.9
0.000114694,0,0.000113505,0,0,0.9
0.000114694,0,0.000113505,0,0,0.9
0.000114694,0,0.000113505,0,0,0.9
0.000114694,0,0.000113505,0,0,0.9
0.000114694,0,0.000113505,0,0,0.9
0.000114694,0,0.000113505,0,0,0.9
0.000114694,0,0.000113505,0,0,0.9
0.000114694,0,0.000113505,0,0,0.9
0.000114694,0,0.000113505,0,0,0.9
0.000114694,0,0.000113505,0,0,0.9
0.000114694,0,0.000113505,0,0,0.9
0.000114694,0,0.000113505,0,0,0.9
0.000114694,0,0.000113505,0,0,0.9
0.000114694,0,0.000113505,0,0,0.9
0.000114694,0,0.000113505,0,0,0.9
0.000114694,0,0.000113505,0,0,0.9
0.000114694,0,0.000113505,0,0,0.9
0.000114694,0,0.000113505,0,0,0.9
0.000114694,0,0.000113505,0,0,0.9
0.000114694,0,0.000113505,0,0,0.9
0.000114694,0,0.000113505,0,0,0.9
0.000114694,0,0.000113505,0,0,0.9
0.000114694,0,0.000113505,0,0,0.9
0.000114694,0,0.000113505,0,0,0.9
0.000114694,0,0.000113505,0,0,0.9
0.000114694,0,0.000113505,0,0,0.9
0.000114694,0,0.000113505,0,0,0.9
0.000114694,0,0.000113505,0,0,0.9
0.000114694,0,0.000113505,0,0,0.9
0.000114694,0,0.000113505,0,0,0.9
0.000114694,0,0.000113505,0,0,0.9
0.000114694,0,0.000113505,0,0,0.9
0.000114694,0,0.000113505,0,0,0.9
0.000114694,0,0.000113505,0,0,0.9
0.000114694,0,0.000113505,0,0,0.9
0.000114694,0,0.000113505,0,0,0.9
0.000114694,0,0.000113505,0,0,0.9
0.000114694,0,0.000113505,0,0,0.9
0.000114694,0,0.000113505,0,0,0.9
0.000114694,0,0.000113505,0,0,0.9
0.000114694,0,0.000113505,0,0,0.9
0.000114694,0,0.000113505,0,0,0.9
0.000114694,0,0.000113505,0,0,0.9
0.000114694,0,0.000113505,0,0,0.9
0.000114694,0,0.000113505,0,0,0.9
0.000114694,0,0.000113505,0,0,0.9
0.000114694,0,0.000113505,0,0,0.9
0.000114694,0,0.000113505,0,0,0.9
0.000114694,0,0.000113505,0,0,0.9
0.000114694,0,0.000113505,0,0,0.9
0.000114694,0,0.000113505,0,0,0.9
0.000114694,0,0.000113505,0,0,0.9
0.000114694,0,0.000113505,0,0,0.9
0.000114694,0,0.000113505,0,0,0.9
0.000114694,0,0.000113505,0,0,0.9
0.000114694,0,0.000113505,0,0,0.9
0.000114694,0,0.000113505,0,0,0.9
0.000114694,0,0.000113505,0,0,0.9
0.000114694,0,0.000113508,0,0,0.9
0.000114694,0,0.000113519,0,0,0.9
0.000114694,0,0.000113537,0,0,0.9
0.000114694,0,0.000113562,0,0,0.9
0.000114694,0,0.000113592,0,0,0.9
0.000114694,0,0.000113627,0,0,0.9
0.000114694,0,0.000113667,0,0,0.9
0.000114694,0,0.000113712,0,0,0.9
0.000114694,0,0.00011376,0,0,0.9
0.000114694,0,0.000113811,0,0,0.9
0.000114694,0,0.000113865,0,0,0.9
0.000114694,0,0.000113922,0,0,0.9
0.000114694,0,0.000113979,0,0,0.9
0.000114694,0,0.000114038,0,0,0.9
0.000114694,0,0.000114099,0,0,0.9
0.000114694,0,0.000114157,0,0,0.9
0.000114694,0,0.000114216,0,0,0.9
0.000114694,0,0.000114274,0,0,0.9
0.000114694,0,0.00011433,0,0,0.9
0.000114694,0,0.000114384,0,0,0.9
0.000114694,0,0.000114435,0,0,0.9
0.000114694,0,0.000114484,0,0,0.9
0.000114694,0,0.000114528,0,0,0.9
0.000114694,0,0.000114569,0,0,0.9
0.000114694,0,0.000114605,0,0,0.9
0.000114694,0,0.000114635,0,0,0.9
0.000114694,0,0.00011466,0,0,0.9
0.000114694,0,0.000114678,0,0,0.9
0.000114694,0,0.00011469,0,0,0.9
0.000114694,0,0.000114694,0,0,0.9
0.000114694,0,0.000114694,0,0,0.9
0.000114694,0,0.000114694,0,0,0.9
0.000114694,0,0.000114694,0,0,0.9
0.000114694,0,0.000114694,0,0,0.9
0.000114694,0,0.000114694,0,0,0.9
0.000114694,0,0.000114694,0,0,0.9
0.000114694,0,0.000114694,0,0,0.9
0,-0.00872279,0,0,0,0.9
0,-0.00872279,0,0,0,0.9
0,-0.00872279,0,0,0,0.9
0,-0.00872279,0,0,0,0.9
0,-0.00872279,0,0,0,0.9
0,-0.00872279,0,0,0,0.9
0,-0.00872279,0,0,0,0.9
-0.043749,-0.00872279,0,0,0,0.7
-0.045,-0.00894379,0,0,0,0.737
0.0118413,-0.00844404,0,-0.0170614,0,0.874
-0.00214824,-0.00854452,0,-0.0140251,0,0.905
-0.00487989,-0.00854173,0,-0.0131456,0,0.906
0.00208735,-0.00793691,0,-0.0135915,0,0.903
0.00550882,-0.00724954,0,-0.0127158,0,0.899
0.0048701,-0.00683736,0,-0.0111427,0,0.896
0.00694412,-0.00594891,0,-0.00957009,0,0.895
0.00641308,-0.00544065,0,-0.00777838,0,0.897
0.00350936,-0.00555603,0,-0.00568846,0,0.899
0.000562439,-0.00590398,0,-0.00434539,0,0.9
-0.00155095,-0.0062069,0,-0.00372425,0,0.9
-0.00225873,-0.00613333,0,-0.0038907,0,0.9
-0.00252797,-0.00601935,0,-0.00434587,0,0.9
-0.0014985,-0.00521882,0,-0.00519084,0,0.901
-0.00153895,-0.00488004,0,-0.00556159,0,0.901
-0.00203426,-0.00481337,0,-0.00594944,0,0.901
-0.0010518,-0.00386456,0,-0.00686715,0,0.901
-0.00160005,-0.00387249,0,-0.00699522,0,0.901
-0.00241383,-0.00414577,0,-0.00760696,0,0.902
-0.00283877,-0.00419561,0,-0.00888052,0,0.902
-0.00370074,-0.00465076,0,-0.0105106,0,0.902
-0.00247652,-0.00341771,0,-0.0135841,0,0.902
-0.00293663,-0.00360533,0,-0.0154765,0,0.902
-0.00277153,-0.00326593,0,-0.0173733,0,0.901
-0.00297071,-0.0024597,0,-0.0192638,0,0.9
-0.00325146,-0.002314,0,-0.0222595,0,0.9
-0.00356231,-0.00220283,0,-0.0248381,0,0.9
-0.00392768,-0.00212916,0,-0.0284738,0,0.9
-0.00327388,-0.00209592,0,-0.0326223,0,0.9
-0.00191094,-0.00209426,0,-0.0354187,0,0.9
-0.00191094,-0.00209426,0,0,0,0.9
-0.00191094,-0.00209426,0,0,0,0.9
-0.00191094,-0.00209426,0,0,0,0.9
-0.00191094,-0.00209426,0,0,0,0.9
-0.00191094,-0.00209426,0,0,0,0.9
-0.00191094,-0.00209426,0,0,0,0.9
0,0,-0.0101144,0,0,0.9
0,0,-0.0101144,0,0,0.9
0,0,-0.0101144,0,0,0.9
0,0,-0.0101144,0,0,0.9
0,0,-0.0101144,0,0,0.9
0,0,-0.0101144,0,0,0.9
0,0,-0.0101144,0,0,0.9
0,0,-0.0101144,0,0,0.9
-0.0296904,0,-0.0102564,0,0,0.7
0.0170506,0,-0.00984929,-0.0159181,0,0.893
0.00419078,0,-0.00978814,-0.0120954,0,0.906
0.00384702,0,-0.00953145,-0.0104641,0,0.905
0.00960698,0,-0.00882126,-0.00940032,0,0.905
0.00790362,0,-0.00840166,-0.00708369,0,0.901
0.00680662,0,-0.00794476,-0.00498523,0,0.9
0.00629729,0,-0.00741026,-0.00308115,0,0.9
0.00314306,0,-0.00741052,-0.00135828,0,0.901
-0.00222361,0,-0.00817002,-5.59227e-05,0,0.901
-0.00499792,0,-0.00862441,-0.000694263,0,0.901
-0.00658878,0,-0.00891976,-0.00202154,0,0.9
-0.00776164,0,-0.00920362,-0.00411025,0,0.9
-0.00556706,0,-0.0081351,-0.00706661,0,0.901
-0.00450439,0,-0.00739341,-0.00908248,0,0.901
-0.0026512,0,-0.00612223,-0.0106909,0,0.901
-0.00201501,0,-0.00538035,-0.0115127,0,0.901
-0.00242604,0,-0.00524519,-0.0117732,0,0.901
-0.00258951,0,-0.00499027,-0.0124307,0,0.901
-0.00254085,0,-0.00461995,-0.0134661,0,0.902
-0.00230871,0,-0.00410868,-0.0144484,0,0.902
-0.00207819,0,-0.00351873,-0.0153583,0,0.902
-0.00147299,0,-0.00269635,-0.0161161,0,0.902
-0.00152212,0,-0.00245575,-0.0161862,0,0.903
-0.0023344,0,-0.00294334,-0.0161903,0,0.903
-0.00278111,0,-0.00217126,-0.0170544,0,0.901
-0.00252794,0,-0.0019964,-0.0181502,0,0.901
-0.00332497,0,-0.00186573,-0.0195968,0,0.901
-0.00378244,0,-0.00178153,-0.0220953,0,0.901
-0.00290912,0,-0.00175452,-0.0265825,0,0.901
-0.00153132,0,-0.00175161,-0.0294771,0,0.901
-0.00153132,0,-0.00175161,0,0,0.901
-0.00153132,0,-0.00175161,0,0,0.901
-0.00153132,0,-0.00175161,0,0,0.901
-0.00153132,0,-0.00175161,0,0,0.901
-0.00153132,0,-0.00175161,0,0,0.901
-0.00153132,0,-0.00175161,0,0,0.901
0,-0.0077637,0,0,0,0.9
0,-0.0077637,0,0,0,0.9
0,-0.0077637,0,0,0,0.9
0,-0.0077637,0,0,0,0.9
0,-0.0077637,0,0,0,0.9
0,-0.0077637,0,0,0,0.9
0,-0.0077637,0,0,0,0.9
0,-0.0077637,0,0,0,0.9
-0.045,-0.0078466,0,0,0,0.791
0.00422798,-0.00765572,0,-0.0137362,0,0.9
-0.0050187,-0.00770387,0,-0.0121228,0,0.909
-0.00110636,-0.0074945,0,-0.01195,0,0.907
0.00392578,-0.00701006,0,-0.0115595,0,0.904
0.00584469,-0.00648704,0,-0.0101525,0,0.9
0.00172647,-0.00656695,0,-0.00846968,0,0.901
0.000349065,-0.00644637,0,-0.00737689,0,0.901
-0.00253048,-0.00670711,0,-0.00650139,0,0.901
-0.00568356,-0.00725857,0,-0.00670565,0,0.903
-0.00779357,-0.0077723,0,-0.00787726,0,0.902
-0.00806485,-0.00786475,0,-0.00968963,0,0.901
-0.00612065,-0.00710954,0,-0.0118402,0,0.9
-0.00333169,-0.00584055,0,-0.0131267,0,0.9
0.000796795,-0.00362254,0,-0.0140533,0,0.9
0.0002995,-0.00346015,0,-0.0128155,0,0.9
0.000940948,-0.00268539,0,-0.0117408,0,0.9
0.000856211,-0.00231305,0,-0.0103181,0,0.9
0.000865957,-0.0018949,0,-0.00872589,0,0.9
-2.88939e-05,-0.00214683,0,-0.00738514,0,0.9
0.000264905,-0.00157997,0,-0.00679043,0,0.9
0.000902764,-0.00072896,0,-0.0060612,0,0.9
0.000716813,-0.00056488,0,-0.00450278,0,0.901
-0.000547366,-0.0013839,0,-0.00257676,0,0.901
-0.00125052,-0.00180898,0,-0.00293038,0,0.902
-0.00211013,-0.00152891,0,-0.00417104,0,0.9
-0.00343642,-0.00138203,0,-0.00644834,0,0.9
-0.00354559,-0.00126943,0,-0.0120772,0,0.9
-0.00382662,-0.00119406,0,-0.0176904,0,0.9
-0.00293753,-0.00115884,0,-0.0246012,0,0.9
-0.00149518,-0.00115653,0,-0.0281065,0,0.9
-0.00149518,-0.00115653,0,0,0,0.9
-0.00149518,-0.00115653,0,0,0,0.9
-0.00149518,-0.00115653,0,0,0,0.9
-0.00149518,-0.00115653,0,0,0,0.9
-0.00149518,-0.00115653,0,0,0,0.9
-0.00149518,-0.00115653,0,0,0,0.9
0,0,-0.00992875,0,0,0.9
0,0,-0.00992875,0,0,0.9
0,0,-0.00992875,0,0,0.9
0,0,-0.00992875,0,0,0.9
0,0,-0.00992875,0,0,0.9
0,0,-0.00992875,0,0,0.9
0,0,-0.00992875,0,0,0.9
0,0,-0.00992875,0,0,0.9
-0.0432908,0,-0.0100299,0,0,0.72
0.0139207,0,-0.00970828,-0.018257,0,0.892
0.00240048,0,-0.00966002,-0.0146539,0,0.909
0.00357304,0,-0.00938622,-0.0131732,0,0.909
0.0090917,0,-0.00872139,-0.0119805,0,0.909
0.00837721,0,-0.00824283,-0.00950699,0,0.906
0.00931661,0,-0.00734147,-0.00734786,0,0.902
0.00637579,0,-0.00713317,-0.00545944,0,0.902
0.00218732,0,-0.00737221,-0.00369772,0,0.903
-0.00405946,0,-0.00843517,-0.00245637,0,0.902
-0.00747041,0,-0.00919021,-0.00314948,0,0.901
-0.00997245,0,-0.00994397,-0.00458249,0,0.9
-0.00903663,0,-0.00957466,-0.00740683,0,0.9
-0.00601825,0,-0.00817846,-0.0100806,0,0.9
-0.00393568,0,-0.0070369,-0.0119726,0,0.901
-0.00103627,0,-0.00519416,-0.0132332,0,0.901
-0.000630992,0,-0.00451716,-0.0129889,0,0.901
-0.000640555,0,-0.0039568,-0.0124321,0,0.901
-0.0015625,0,-0.00416575,-0.0120233,0,0.902
-0.00189695,0,-0.00402984,-0.0121852,0,0.902
-0.00153659,0,-0.00340046,-0.0126122,0,0.902
-0.000802141,0,-0.0024561,-0.0130727,0,0.902
-0.00064253,0,-0.00198674,-0.0128941,0,0.903
-0.000629505,0,-0.00164749,-0.012196,0,0.903
-0.00133404,0,-0.00201895,-0.0117216,0,0.903
-0.00216905,0,-0.0017533,-0.0116906,0,0.901
-0.00271603,0,-0.00157092,-0.0126626,0,0.901
-0.00375724,0,-0.00143108,-0.0153703,0,0.901
-0.00397572,0,-0.00134603,-0.0190256,0,0.901
-0.00353979,0,-0.00131099,-0.02475,0,0.901
-0.0018356,0,-0.0013107,-0.0290547,0,0.901
-0.0018356,0,-0.0013107,0,0,0.901
-0.0018356,0,-0.0013107,0,0,0.901
-0.0018356,0,-0.0013107,0,0,0.901
-0.0018356,0,-0.0013107,0,0,0.901
-0.0018356,0,-0.0013107,0,0,0.901
-0.0018356,0,-0.0013107,0,0,0.901
0,-0.00878333,0,0,0,0.9
0,-0.00878333,0,0,0,0.9
0,-0.00878333,0,0,0,0.9
0,-0.00878333,0,0,0,0.9
0,-0.00878333,0,0,0,0.9
0,-0.00878333,0,0,0,0.9
0,-0.00878333,0,0,0,0.9
0,-0.00878333,0,0,0,0.9
-0.0391043,-0.00886157,0,0,0,0.722
0.0128999,-0.0085932,0,-0.0166223,0,0.89
0.00206025,-0.00855328,0,-0.0134198,0,0.906
0.00526534,-0.00820804,0,-0.012256,0,0.903
0.00954842,-0.00762518,0,-0.0109084,0,0.904
0.00966433,-0.00708614,0,-0.00841659,0,0.901
0.00501983,-0.00707683,0,-0.00562704,0,0.903
0.0033693,-0.00684465,0,-0.00429893,0,0.903
-0.000340599,-0.00710096,0,-0.00306539,0,0.902
-0.00431664,-0.00770525,0,-0.00292967,0,0.902
-0.00712487,-0.00830794,0,-0.00376865,0,0.901
-0.00635034,-0.00797047,0,-0.00579877,0,0.9
-0.00438547,-0.00710228,0,-0.0079181,0,0.9
-0.00592497,-0.00755011,0,-0.0088905,0,0.9
-0.00171365,-0.00538962,0,-0.0110443,0,0.901
-0.0005255,-0.00440722,0,-0.0114072,0,0.901
-0.00228483,-0.00501703,0,-0.0106371,0,0.901
-0.00188846,-0.00437663,0,-0.0112812,0,0.902
-0.00274114,-0.0046353,0,-0.0114116,0,0.902
-0.00333747,-0.00479581,0,-0.0121322,0,0.902
-0.00205672,-0.00356491,0,-0.0138427,0,0.902
-0.00105258,-0.00246885,0,-0.0145844,0,0.902
-0.000951069,-0.00209192,0,-0.0147033,0,0.903
-0.00166431,-0.00246106,0,-0.0141188,0,0.903
-0.00258753,-0.00309014,0,-0.0146687,0,0.903
-0.00336847,-0.00248548,0,-0.0156614,0,0.901
-0.00424073,-0.00234002,0,-0.0173107,0,0.901
-0.00488474,-0.00223563,0,-0.0220718,0,0.901
-0.00489615,-0.0021659,0,-0.0269926,0,0.901
-0.00428487,-0.0021367,0,-0.0329894,0,0.901
-0.00242984,-0.00213621,0,-0.037089,0,0.901
-0.00242984,-0.00213621,0,0,0,0.901
-0.00242984,-0.00213621,0,0,0,0.901
-0.00242984,-0.00213621,0,0,0,0.901
-0.00242984,-0.00213621,0,0,0,0.901
-0.00242984,-0.00213621,0,0,0,0.901
-0.00242984,-0.00213621,0,0,0,0.901
0,0,-0.0100857,0,0,0.9
0,0,-0.0100857,0,0,0.9
0,0,-0.0100857,0,0,0.9
0,0,-0.0100857,0,0,0.9
0,0,-0.0100857,0,0,0.9
0,0,-0.0100857,0,0,0.9
0,0,-0.0100857,0,0,0.9
0,0,-0.0100857,0,0,0.9
-0.0287553,0,-0.0101311,0,0,0.7
0.0193959,0,-0.00984658,-0.0149558,0,0.895
0.0120313,0,-0.00963655,-0.0109207,0,0.908
0.00660009,0,-0.00943962,-0.00829927,0,0.904
0.0119532,0,-0.00869569,-0.00687078,0,0.898
0.0119052,0,-0.00803285,-0.00428582,0,0.891
0.0108265,0,-0.00744863,-0.00136968,0,0.892
0.00888333,0,-0.00696636,0.00117753,0,0.889
0.00750487,0,-0.00642128,0.00322583,0,0.887
0.00301301,0,-0.00680344,0.00522364,0,0.886
0.00143673,0,-0.00662667,0.00584327,0,0.882
-8.75174e-08,0,-0.00653809,0.00595415,0,0.879
-0.000950936,0,-0.00634969,0.00553303,0,0.874
0.00082121,0,-0.00470516,0.00464309,0,0.861
0.00269156,0,-0.00290321,0.00429859,0,0.854
0.00387062,0,-0.00124379,0.00514454,0,0.85
0.00521067,0,0.000689991,0.00598235,0,0.843
0.0031543,0,0.000581617,0.00805444,0,0.831
-0.000585409,0,-0.00230462,0.0112032,0,0.838
-0.00166568,0,-0.00295925,0.0109109,0,0.835
0.000266298,0,-0.00107915,0.00825105,0,0.838
0.00103154,0,-0.000161903,0.00639821,0,0.848
0.00032777,0,-0.000369683,0.00757363,0,0.846
-0.00357148,0,-8.37406e-05,0.00774759,0,0.846
-0.0064138,0,0.000139385,0.00437158,0,0.846
-0.00272932,0,0.000293521,-0.0125642,0,0.846
-0.00496102,0,0.000372493,-0.0140696,0,0.846
-0.00261214,0,0.000381889,-0.0221429,0,0.846
-0.00261214,0,0.000381889,0,0,0.846
-0.00261214,0,0.000381889,0,0,0.846
-0.00261214,0,0.000381889,0,0,0.846
-0.00261214,0,0.000381889,0,0,0.846
-0.00261214,0,0.000381889,0,0,0.846
-0.00261214,0,0.000381889,0,0,0.846
0,0.0107546,0,0,0,0.872
0,0.0107546,0,0,0,0.872
0,0.0107546,0,0,0,0.872
0,0.0107546,0,0,0,0.872
0,0.0107546,0,0,0,0.872
0,0.0107546,0,0,0,0.872
0,0.0107546,0,0,0,0.872
0,0.0107546,0,0,0,0.872
0,0.0107406,0,0,0,0.872
0.0301585,0.0109041,0,-0.00155829,0,0.901
0.0247276,0.0109798,0,0.00126908,0,0.905
0.00536602,0.0105799,0,0.00504371,0,0.907
-0.000404499,0.0101546,0,0.00589461,0,0.908
-0.00601749,0.00940658,0,0.00548569,0,0.906
-0.0090562,0.00853061,0,0.00420391,0,0.902
-0.00544542,0.0083514,0,0.00183081,0,0.899
-0.00282619,0.00820974,0,0.000152822,0,0.898
-0.00143819,0.00794643,0,-0.000488106,0,0.896
0.00109045,0.00810765,0,-0.000975573,0,0.897
0.00140211,0.00776788,0,-0.000670824,0,0.898
0.000366846,0.00693984,0,-5.16813e-05,0,0.898
-2.59465e-05,0.00625454,0,6.49261e-05,0,0.897
-0.00122374,0.00515643,0,0.000111297,0,0.897
-0.000701919,0.00483957,0,-0.000551789,0,0.898
-0.00304159,0.00292623,0,-0.000798636,0,0.899
-0.00291966,0.00237394,0,-0.00243462,0,0.9
-0.00284258,0.00176484,0,-0.00417496,0,0.9
-0.00323152,0.00083228,0,-0.00594783,0,0.899
-0.00359854,-9.41281e-05,0,-0.00818775,0,0.898
-0.00332782,-0.000467841,0,-0.0109938,0,0.899
-0.00416326,-0.00170523,0,-0.0134671,0,0.9
-0.00366532,-0.00179689,0,-0.0172596,0,0.901
-0.00572816,-0.004053,0,-0.0196271,0,0.905
-0.00587924,-0.00452999,0,-0.0247384,0,0.905
-0.00731138,-0.00504112,0,-0.0305492,0,0.905
-0.00551222,-0.00527355,0,-0.0330342,0,0.905
-0.00526396,-0.00551874,0,-0.038089,0,0.905
-0.00440686,-0.00567001,0,-0.0417318,0,0.905
-0.00380948,-0.00572025,0,-0.0434138,0,0.905
-0.00380948,-0.00572025,0,-0.0430342,0,0.905
-0.00380948,-0.00572025,0,0,0,0.905
-0.00380948,-0.00572025,0,0,0,0.905
-0.00380948,-0.00572025,0,0,0,0.905
-0.00380948,-0.00572025,0,0,0,0.905
-0.00380948,-0.00572025,0,0,0,0.905
-0.00380948,-0.00572025,0,0,0,0.905
0,0,-0.0061141,0,0,0.903
0,0,-0.0061141,0,0,0.903
0,0,-0.0061141,0,0,0.903
0,0,-0.0061141,0,0,0.903
0,0,-0.0061141,0,0,0.903
0,0,-0.0061141,0,0,0.903
0,0,-0.0061141,0,0,0.903
-0.045,0,-0.00611425,0,0,0.738
-0.045,0,-0.00631664,0,0,0.785
0.00163274,0,-0.00601198,-0.0199086,0,0.897
-0.00443873,0,-0.00606689,-0.0180991,0,0.903
0.00398881,0,-0.00562663,-0.017866,0,0.906
0.000458466,0,-0.00563025,-0.0160341,0,0.905
0.0028186,0,-0.00518935,-0.0149572,0,0.904
0.00204835,0,-0.00499456,-0.0133615,0,0.904
0.000800569,0,-0.00490882,-0.0118247,0,0.904
-0.00237625,0,-0.00527297,-0.0109992,0,0.904
-0.00474535,0,-0.00574554,-0.0108323,0,0.903
-0.00648929,0,-0.00623259,-0.0112127,0,0.902
-0.00746386,0,-0.00660739,-0.0122988,0,0.901
-0.00572629,0,-0.00595909,-0.0137531,0,0.902
-0.00326876,0,-0.00483983,-0.0153083,0,0.903
-0.00223868,0,-0.00418121,-0.0156297,0,0.902
-0.00143997,0,-0.00354406,-0.0156082,0,0.901
-0.00134308,0,-0.00325509,-0.0151358,0,0.901
-0.00164538,0,-0.00321944,-0.0146811,0,0.901
-0.0015284,0,-0.00293399,-0.0144691,0,0.902
-0.0026633,0,-0.00356433,-0.0142003,0,0.902
-0.00329442,0,-0.00390288,-0.0149131,0,0.902
-0.00334787,0,-0.00383435,-0.0164831,0,0.901
-0.00370023,0,-0.00403431,-0.0182497,0,0.901
-0.00353866,0,-0.00381104,-0.0204299,0,0.902
-0.00416838,0,-0.00431567,-0.0226829,0,0.902
-0.00441194,0,-0.00279493,-0.0255572,0,0.902
-0.00442762,0,-0.0027221,-0.0277602,0,0.902
-0.00438173,0,-0.00266768,-0.0312471,0,0.902
-0.00451749,0,-0.00263321,-0.0350879,0,0.902
-0.00412073,0,-0.00262022,-0.0383231,0,0.902
-0.00249225,0,-0.00262016,-0.0406695,0,0.902
-0.00249225,0,-0.00262016,0,0,0.902
-0.00249225,0,-0.00262016,0,0,0.902
-0.00249225,0,-0.00262016,0,0,0.902
-0.00249225,0,-0.00262016,0,0,0.902
-0.00249225,0,-0.00262016,0,0,0.902
-0.00249225,0,-0.00262016,0,0,0.902
0,-0.00277362,0,0,0,0.9
0,-0.00277362,0,0,0,0.9
0,-0.00277362,0,0,0,0.9
0,-0.00277362,0,0,0,0.9
0,-0.00277362,0,0,0,0.9
0,-0.00277362,0,0,0,0.9
0,-0.00277362,0,0,0,0.9
0,-0.00277362,0,0,0,0.9
0,-0.00276587,0,0,0,0.9
0.00435574,-0.00269201,0,-0.013642,0,0.91
-0.00402421,-0.00280613,0,-0.0122223,0,0.908
-0.001236,-0.00270312,0,-0.011983,0,0.907
0.0070748,-0.00207763,0,-0.0117001,0,0.906
0.00442134,-0.00205146,0,-0.00963701,0,0.904
0.00195933,-0.00213926,0,-0.00818612,0,0.903
0.00282039,-0.00181447,0,-0.00714429,0,0.902
0.000262979,-0.00213102,0,-0.00571782,0,0.902
-0.00134212,-0.00240934,0,-0.00533557,0,0.902
-0.00442079,-0.00326708,0,-0.00531157,0,0.902
-0.00501455,-0.00355012,0,-0.0063945,0,0.902
-0.00371667,-0.00314693,0,-0.00770592,0,0.901
-0.00320759,-0.00296682,0,-0.00878433,0,0.901
-0.000652278,-0.00172354,0,-0.0096966,0,0.901
-0.00108858,-0.00185771,0,-0.00953357,0,0.902
-0.00191322,-0.00226344,0,-0.00930956,0,0.902
-0.00203235,-0.00229808,0,-0.00963975,0,0.902
-0.00259647,-0.00265159,0,-0.0101834,0,0.902
-0.00403185,-0.00369772,0,-0.0111423,0,0.902
-0.00411478,-0.00381495,0,-0.0161735,0,0.903
-0.00352301,-0.00339239,0,-0.0161735,0,0.904
-0.00271145,-0.00271997,0,-0.0188949,0,0.904
-0.00277884,-0.0027783,0,-0.0190132,0,0.904
-0.00303526,-0.00299392,0,-0.0208455,0,0.903
-0.00416997,-0.00300029,0,-0.0220623,0,0.903
-0.00487269,-0.00300471,0,-0.0226073,0,0.903
-0.00485905,-0.00300827,0,-0.0274744,0,0.903
-0.00475952,-0.0030105,0,-0.0320667,0,0.903
-0.00340589,-0.00301115,0,-0.0371067,0,0.903
-0.0021953,-0.00301119,0,-0.0385284,0,0.903
-0.0021953,-0.00301119,0,0,0,0.903
-0.0021953,-0.00301119,0,0,0,0.903
-0.0021953,-0.00301119,0,0,0,0.903
-0.0021953,-0.00301119,0,0,0,0.903
-0.0021953,-0.00301119,0,0,0,0.903
-0.0021953,-0.00301119,0,0,0,0.903
0,0,-0.00824218,0,0,0.901
0,0,-0.00824218,0,0,0.901
0,0,-0.00824218,0,0,0.901
0,0,-0.00824218,0,0,0.901
0,0,-0.00824218,0,0,0.901
0,0,-0.00824218,0,0,0.901
0,0,-0.00824218,0,0,0.901
0,0,-0.00824218,0,0,0.901
-0.0391959,0,-0.00837801,0,0,0.7
0.0149045,0,-0.00800246,-0.0194841,0,0.892
0.00321385,0,-0.00797064,-0.0157121,0,0.905
0.0055059,0,-0.00765144,-0.0140953,0,0.904
0.00859639,0,-0.00711593,-0.0124477,0,0.905
0.00604005,0,-0.00686671,-0.00998071,0,0.902
0.0055724,0,-0.00646299,-0.0083028,0,0.903
0.00286919,0,-0.00640653,-0.00651358,0,0.903
-0.00330144,0,-0.00723024,-0.00505008,0,0.903
-0.00483924,0,-0.00740103,-0.00551714,0,0.903
-0.00790702,0,-0.00814408,-0.00650508,0,0.902
-0.00955547,0,-0.00868787,-0.00861417,0,0.902
-0.00720384,0,-0.00783983,-0.0114725,0,0.902
-0.00388897,0,-0.00634151,-0.0138249,0,0.902
-0.00134209,0,-0.00487823,-0.0146874,0,0.901
-0.000667473,0,-0.00407728,-0.0144161,0,0.901
-0.000397225,0,-0.00354114,-0.0138569,0,0.901
-0.00098277,0,-0.00355024,-0.0131457,0,0.902
-0.00165522,0,-0.00367423,-0.0129421,0,0.902
-0.00257889,0,-0.00405761,-0.0125775,0,0.902
-0.00159294,0,-0.00304172,-0.0136182,0,0.902
-0.0015918,0,-0.00277088,-0.0138926,0,0.902
-0.0012482,0,-0.00223536,-0.0142086,0,0.903
-0.000919647,0,-0.00170347,-0.0141898,0,0.903
-0.00171305,0,-0.00220729,-0.0136882,0,0.902
-0.00244267,0,-0.00158831,-0.014317,0,0.902
-0.00354657,0,-0.00144231,-0.0147986,0,0.902
-0.00381219,0,-0.00133098,-0.0184751,0,0.902
-0.00353605,0,-0.00127746,-0.0225074,0,0.902
-0.00351196,0,-0.00124037,-0.0271818,0,0.902
-0.00226597,0,-0.00123794,-0.0309724,0,0.902
-0.00226597,0,-0.00123794,0,0,0.902
-0.00226597,0,-0.00123794,0,0,0.902
-0.00226597,0,-0.00123794,0,0,0.902
-0.00226597,0,-0.00123794,0,0,0.902
-0.00226597,0,-0.00123794,0,0,0.902
-0.00226597,0,-0.00123794,0,0,0.902
0,-0.00804293,0,0,0,0.9
0,-0.00804293,0,0,0,0.9
0,-0.00804293,0,0,0,0.9
0,-0.00804293,0,0,0,0.9
0,-0.00804293,0,0,0,0.9
0,-0.00804293,0,0,0,0.9
0,-0.00804293,0,0,0,0.9
0,-0.00804293,0,0,0,0.9
-0.0363088,-0.00812989,0,0,0,0.717
0.0183813,-0.00779785,0,-0.016444,0,0.891
0.00452162,-0.0077682,0,-0.0123773,0,0.908
0.00340215,-0.00758014,0,-0.0107664,0,0.907
0.00691478,-0.00708756,0,-0.00971571,0,0.907
0.00561392,-0.00667637,0,-0.00789775,0,0.905
0.0047074,-0.00633913,0,-0.00645187,0,0.904
0.00291416,-0.00616979,0,-0.00536007,0,0.903
0.000444002,-0.00624693,0,-0.00413579,0,0.902
-0.00450408,-0.00714495,0,-0.00376247,0,0.903
-0.00706742,-0.00775069,0,-0.004383,0,0.902
-0.00827063,-0.0081221,0,-0.00594611,0,0.902
-0.006867,-0.00757743,0,-0.00842475,0,0.901
-0.00544577,-0.00688048,0,-0.0101918,0,0.9
-0.000798964,-0.00445711,0,-0.0120113,0,0.901
0.00092428,-0.00315696,0,-0.0122747,0,0.901
0.00137309,-0.00245965,0,-0.0111535,0,0.902
0.00126632,-0.00207077,0,-0.0097374,0,0.902
-0.000260556,-0.00267308,0,-0.008277,0,0.902
-0.00167382,-0.00336518,0,-0.00751594,0,0.902
-0.00165334,-0.00308183,0,-0.00802784,0,0.903
-0.00138331,-0.00259975,0,-0.0087305,0,0.903
-0.00198431,-0.00286417,0,-0.00951069,0,0.904
-0.00260791,-0.00321434,0,-0.00995868,0,0.904
-0.00320546,-0.00359667,0,-0.0122673,0,0.904
-0.00377209,-0.00258385,0,-0.0146654,0,0.902
-0.00442778,-0.00246087,0,-0.0170293,0,0.902
-0.00496044,-0.00236608,0,-0.0222571,0,0.902
-0.00495581,-0.00230564,0,-0.027524,0,0.902
-0.0044099,-0.0022824,0,-0.0336477,0,0.902
-0.00267744,-0.0022821,0,-0.0375954,0,0.902
-0.00267744,-0.0022821,0,0,0,0.902
-0.00267744,-0.0022821,0,0,0,0.902
-0.00267744,-0.0022821,0,0,0,0.902
-0.00267744,-0.0022821,0,0,0,0.902
-0.00267744,-0.0022821,0,0,0,0.902
-0.00267744,-0.0022821,0,0,0,0.902
0,0,-0.00830646,0,0,0.901
0,0,-0.00830646,0,0,0.901
0,0,-0.00830646,0,0,0.901
0,0,-0.00830646,0,0,0.901
0,0,-0.00830646,0,0,0.901
0,0,-0.00830646,0,0,0.901
0,0,-0.00830646,0,0,0.901
0,0,-0.00830646,0,0,0.901
-0.0315479,0,-0.00836299,0,0,0.7
0.00556318,0,-0.00819543,-0.0156009,0,0.899
-0.00565811,0,-0.00825285,-0.0134105,0,0.909
0.00345556,0,-0.00785673,-0.0139275,0,0.908
0.00641569,0,-0.00740373,-0.0123695,0,0.907
0.0110141,0,-0.00656361,-0.0105086,0,0.902
0.0135281,0,-0.00560333,-0.00770521,0,0.898
0.0115374,0,-0.00511169,-0.00442245,0,0.896
0.00727044,0,-0.00517939,-0.00135739,0,0.896
0.000621587,0,-0.00614615,0.0010526,0,0.898
-0.00344581,0,-0.00691644,0.00125376,0,0.899
-0.00662173,0,-0.00774759,0.000234728,0,0.9
-0.00561553,0,-0.00728717,-0.00220696,0,0.901
-0.00308379,0,-0.00607779,-0.00442428,0,0.902
-0.00217587,0,-0.00538624,-0.00554331,0,0.902
-0.00236558,0,-0.00518066,-0.00624873,0,0.902
-0.00221618,0,-0.00480007,-0.00706989,0,0.902
-0.00278408,0,-0.00485691,-0.00793803,0,0.902
-0.00314795,0,-0.00483761,-0.00936061,0,0.902
-0.00414289,0,-0.00527331,-0.0108611,0,0.903
-0.00302451,0,-0.00422215,-0.0129563,0,0.903
-0.00227417,0,-0.00339993,-0.014722,0,0.903
-0.00101763,0,-0.00209927,-0.0158151,0,0.903
-0.000933673,0,-0.00176135,-0.0158817,0,0.902
-0.00147549,0,-0.00203134,-0.015156,0,0.902
-0.00196881,0,-0.00171439,-0.0152921,0,0.901
-0.00206352,0,-0.00156347,-0.0155721,0,0.901
-0.00251598,0,-0.00144653,-0.0168595,0,0.901
-0.00286478,0,-0.00137376,-0.0185938,0,0.901
-0.00252714,0,-0.00134114,-0.023725,0,0.901
-0.00157031,0,-0.00133997,-0.023725,0,0.901
-0.00157031,0,-0.00133997,0,0,0.901
-0.00157031,0,-0.00133997,0,0,0.901
-0.00157031,0,-0.00133997,0,0,0.901
-0.00157031,0,-0.00133997,0,0,0.901
-0.00157031,0,-0.00133997,0,0,0.901
-0.00157031,0,-0.00133997,0,0,0.901
0,-0.00793107,0,0,0,0.9
0,-0.00793107,0,0,0,0.9
0,-0.00793107,0,0,0,0.9
0,-0.00793107,0,0,0,0.9
0,-0.00793107,0,0,0,0.9
0,-0.00793107,0,0,0,0.9
0,-0.00793107,0,0,0,0.9
0,-0.00793107,0,0,0,0.9
-0.0347538,-0.00798554,0,0,0,0.7
0.0150926,-0.00775461,0,-0.0157201,0,0.893
0.0065139,-0.00765045,0,-0.0123865,0,0.91
0.00173286,-0.00757253,0,-0.0103661,0,0.909
0.00580315,-0.00711132,0,-0.00956915,0,0.909
0.00237729,-0.00702783,0,-0.00783631,0,0.906
0.00383218,-0.00652523,0,-0.00687434,0,0.905
-0.000187087,-0.00671744,0,-0.00556478,0,0.901
0.000337323,-0.00630749,0,-0.00531868,0,0.9
-0.00128414,-0.00635096,0,-0.00492626,0,0.901
-0.0045094,-0.00696584,0,-0.0047406,0,0.901
-0.00331562,-0.00641093,0,-0.00584866,0,0.9
-0.00340133,-0.00622167,0,-0.00677104,0,0.9
-0.00376292,-0.00615805,0,-0.00776887,0,0.901
-0.00279355,-0.00548428,0,-0.008803,0,0.9
-0.000680639,-0.00411561,0,-0.0096789,0,0.9
-0.00104293,-0.00396359,0,-0.00938062,0,0.9
-0.00171723,-0.00404706,0,-0.00919792,0,0.9
-0.00145907,-0.00357538,0,-0.00969765,0,0.9
-0.00234767,-0.00391445,0,-0.0100842,0,0.9
-0.00183795,-0.0032774,0,-0.0111427,0,0.9
-0.00109645,-0.00243455,0,-0.0120189,0,0.901
-0.000830639,-0.0019434,0,-0.0120362,0,0.901
-0.00179301,-0.0024922,0,-0.0116603,0,0.902
-0.00192179,-0.00241947,0,-0.0132003,0,0.902
-0.00252964,-0.00197568,0,-0.01382,0,0.9
-0.00382061,-0.00183888,0,-0.0148102,0,0.9
-0.00446378,-0.00173503,0,-0.0186124,0,0.9
-0.00479384,-0.0016657,0,-0.0246475,0,0.9
-0.00384878,-0.00164098,0,-0.0307355,0,0.9
-0.00299789,-0.00163629,0,-0.03518,0,0.9
-0.00299789,-0.00163629,0,0,0,0.9
-0.00299789,-0.00163629,0,0,0,0.9
-0.00299789,-0.00163629,0,0,0,0.9
-0.00299789,-0.00163629,0,0,0,0.9
-0.00299789,-0.00163629,0,0,0,0.9
-0.00299789,-0.00163629,0,0,0,0.9
0,0,-0.0106014,0,0,0.9
0,0,-0.0106014,0,0,0.9
0,0,-0.0106014,0,0,0.9
0,0,-0.0106014,0,0,0.9
0,0,-0.0106014,0,0,0.9
0,0,-0.0106014,0,0,0.9
0,0,-0.0106014,0,0,0.9
0,0,-0.0106014,0,0,0.9
-0.0344665,0,-0.0106546,0,0,0.7
0.0177407,0,-0.0103842,-0.0168818,0,0.893
0.0116048,0,-0.0101673,-0.0129787,0,0.908
0.00764013,0,-0.00992035,-0.0103264,0,0.907
0.0135858,0,-0.00914876,-0.00860177,0,0.907
0.0122689,0,-0.00858511,-0.00567143,0,0.904
0.0121674,0,-0.00784703,-0.00291108,0,0.901
0.0120237,0,-0.00705565,-3.54939e-05,0,0.901
0.00839628,0,-0.00689291,0.00316251,0,0.902
0.00257547,0,-0.00748698,0.00503775,0,0.903
-0.0019492,0,-0.00816757,0.00572698,0,0.902
-0.00510068,0,-0.00879469,0.00490533,0,0.901
-0.00748878,0,-0.00942994,0.00306955,0,0.901
-0.00593409,0,-0.00861605,-0.000282775,0,0.901
-0.0045756,0,-0.0076637,-0.00301399,0,0.901
-0.0043631,0,-0.00725704,-0.00446387,0,0.902
-0.00231476,0,-0.00574885,-0.00640575,0,0.902
-0.00222768,0,-0.00528984,-0.00732585,0,0.902
-0.00282838,0,-0.00529235,-0.00795195,0,0.902
-0.00254089,0,-0.00473554,-0.00931096,0,0.902
-0.00238324,0,-0.00426079,-0.0105299,0,0.902
-0.00209343,0,-0.00368589,-0.0114711,0,0.902
-0.000994726,0,-0.0024246,-0.0129084,0,0.902
-0.00127653,0,-0.00233873,-0.0126402,0,0.902
-0.0011409,0,-0.0019244,-0.0132342,0,0.902
-0.00196412,0,-0.00168419,-0.0133045,0,0.901
-0.00243742,0,-0.00147742,-0.0135826,0,0.901
-0.00290888,0,-0.00131968,-0.0157891,0,0.901
-0.00346722,0,-0.00121324,-0.0186763,0,0.901
-0.00355634,0,-0.0011672,-0.0230177,0,0.901
-0.00199178,0,-0.00116562,-0.0267989,0,0.901
-0.00199178,0,-0.00116562,0,0,0.901
-0.00199178,0,-0.00116562,0,0,0.901
-0.00199178,0,-0.00116562,0,0,0.901
-0.00199178,0,-0.00116562,0,0,0.901
-0.00199178,0,-0.00116562,0,0,0.901
-0.00199178,0,-0.00116562,0,0,0.901
0,-0.00875924,0,0,0,0.9
0,-0.00875924,0,0,0,0.9
0,-0.00875924,0,0,0,0.9
0,-0.00875924,0,0,0,0.9
0,-0.00875924,0,0,0,0.9
0,-0.00875924,0,0,0,0.9
0,-0.00875924,0,0,0,0.9
0,-0.00875924,0,0,0,0.9
-0.0332685,-0.00879849,0,0,0,0.708
0.00587335,-0.00865386,0,-0.0146425,0,0.892
-0.00487514,-0.00868643,0,-0.0126747,0,0.909
-0.00335238,-0.00856221,0,-0.012339,0,0.906
0.00339305,-0.00804233,0,-0.0122625,0,0.906
0.006251,-0.00744297,0,-0.0108893,0,0.903
0.00405549,-0.0072446,0,-0.00912351,0,0.904
0.00430835,-0.00675382,0,-0.00760683,0,0.904
0.00143732,-0.00680092,0,-0.00587193,0,0.904
-0.000924617,-0.0069137,0,-0.0051768,0,0.901
-0.00479529,-0.00764691,0,-0.00488312,0,0.9
-0.00521418,-0.00760003,0,-0.00609466,0,0.9
-0.00405841,-0.0069967,0,-0.00738962,0,0.9
-0.00414722,-0.00679855,0,-0.00856978,0,0.899
-0.00132259,-0.00523605,0,-0.0100068,0,0.9
0.00122975,-0.00352759,0,-0.0101297,0,0.9
0.00115428,-0.00307372,0,-0.00873786,0,0.9
0.000515908,-0.00298428,0,-0.00745772,0,0.9
0.000395362,-0.00261978,0,-0.00661077,0,0.9
-0.0010289,-0.00321572,0,-0.00572223,0,0.9
-0.00131532,-0.00309,0,-0.00597016,0,0.9
-0.00098225,-0.00252065,0,-0.00679245,0,0.901
-0.00071521,-0.00199096,0,-0.00717412,0,0.901
-0.00168906,-0.00250615,0,-0.00700518,0,0.902
-0.0019691,-0.00254134,0,-0.00860999,0,0.902
-0.00333389,-0.00228454,0,-0.00999226,0,0.9
-0.00446247,-0.00213392,0,-0.0124541,0,0.9
-0.00495218,-0.002019,0,-0.017727,0,0.9
-0.00526218,-0.00194283,0,-0.0239927,0,0.9
-0.00491579,-0.00190817,0,-0.0316453,0,0.9
-0.00332552,-0.00190675,0,-0.0375617,0,0.9
-0.00332552,-0.00190675,0,0,0,0.9
-0.00332552,-0.00190675,0,0,0,0.9
-0.00332552,-0.00190675,0,0,0,0.9
-0.00332552,-0.00190675,0,0,0,0.9
-0.00332552,-0.00190675,0,0,0,0.9
-0.00332552,-0.00190675,0,0,0,0.9
0,0,-0.0107907,0,0,0.9
0,0,-0.0107907,0,0,0.9
0,0,-0.0107907,0,0,0.9
0,0,-0.0107907,0,0,0.9
0,0,-0.0107907,0,0,0.9
0,0,-0.0107907,0,0,0.9
0,0,-0.0107907,0,0,0.9
0,0,-0.0107907,0,0,0.9
-0.0368319,0,-0.010834,0,0,0.7
0.0143418,0,-0.0106109,-0.0176135,0,0.894
0.0102711,0,-0.0103959,-0.014333,0,0.909
0.00902133,0,-0.0100732,-0.0119905,0,0.908
0.0159441,0,-0.0092184,-0.00969605,0,0.907
0.011552,0,-0.00884796,-0.00616723,0,0.903
0.0150406,0,-0.00769068,-0.00361561,0,0.899
0.0122988,0,-0.00720457,-0.000339635,0,0.9
0.00703837,0,-0.00735641,0.00291877,0,0.903
8.73376e-05,0,-0.00824295,0.00474517,0,0.903
-0.00277085,0,-0.00855288,0.00467563,0,0.902
-0.00573768,0,-0.00914293,0.0035842,0,0.901
-0.00683986,0,-0.00930935,0.00144588,0,0.9
-0.00479468,0,-0.00824162,-0.00118093,0,0.899
-0.00387855,0,-0.00751598,-0.0033547,0,0.9
-0.00304177,0,-0.00674222,-0.0048363,0,0.901
-0.00141744,0,-0.00542773,-0.00634194,0,0.901
-0.00111317,0,-0.00466167,-0.00672242,0,0.901
-0.00169066,0,-0.00459394,-0.00702983,0,0.901
-0.00180987,0,-0.00424873,-0.00743014,0,0.9
-0.00172866,0,-0.00379162,-0.00835133,0,0.9
-0.000958732,0,-0.00280443,-0.00920021,0,0.901
-1.56769e-06,0,-0.00161227,-0.00970103,0,0.901
2.65113e-05,0,-0.00120945,-0.00877423,0,0.901
-0.000152055,0,-0.00103586,-0.00790896,0,0.901
-0.0014344,0,-0.00118735,-0.00694652,0,0.9
-0.00225896,0,-0.000963938,-0.00741034,0,0.9
-0.00291154,0,-0.000793491,-0.00993218,0,0.9
-0.00337101,0,-0.000678477,-0.0133378,0,0.9
-0.00304887,0,-0.00063624,-0.0182187,0,0.9
-0.00181014,0,-0.000627011,-0.0229896,0,0.9
-0.00181014,0,-0.000627011,0,0,0.9
-0.00181014,0,-0.000627011,0,0,0.9
-0.00181014,0,-0.000627011,0,0,0.9
-0.00181014,0,-0.000627011,0,0,0.9
-0.00181014,0,-0.000627011,0,0,0.9
-0.00181014,0,-0.000627011,0,0,0.9
0,-0.0100293,0,0,0,0.899
0,-0.0100293,0,0,0,0.899
0,-0.0100293,0,0,0,0.899
0,-0.0100293,0,0,0,0.899
0,-0.0100293,0,0,0,0.899
0,-0.0100293,0,0,0,0.899
0,-0.0100293,0,0,0,0.899
0,-0.0100293,0,0,0,0.899
-0.0350454,-0.0100706,0,0,0,0.702
0.011341,-0.00987642,0,-0.015328,0,0.894
0.00646709,-0.00972203,0,-0.0126234,0,0.911
0.00213001,-0.00959037,0,-0.0106774,0,0.909
0.00849718,-0.00894987,0,-0.00984718,0,0.91
0.00666536,-0.00847131,0,-0.00765409,0,0.907
0.00987558,-0.00752298,0,-0.0062106,0,0.906
0.00232598,-0.00803544,0,-0.00428327,0,0.907
-0.00359572,-0.00873715,0,-0.00307594,0,0.908
-0.00572417,-0.00898946,0,-0.00362977,0,0.908
-0.0108192,-0.0102555,0,-0.00430893,0,0.907
-0.0104004,-0.010153,0,-0.00658383,0,0.906
-0.00643797,-0.00865311,0,-0.00939946,0,0.905
-0.00377326,-0.00733435,0,-0.0110933,0,0.905
-0.00127453,-0.00580383,0,-0.011715,0,0.905
0.00037934,-0.00451547,0,-0.0116137,0,0.905
0.00062416,-0.00386049,0,-0.0106254,0,0.905
-0.000185096,-0.00385053,0,-0.00954344,0,0.905
-0.00106616,-0.00397792,0,-0.00874372,0,0.905
-0.00196587,-0.00422685,0,-0.00862668,0,0.906
-0.00132584,-0.00337462,0,-0.00897467,0,0.906
-0.000758152,-0.00256548,0,-0.00930043,0,0.906
8.33082e-06,-0.00156005,0,-0.00883513,0,0.906
-0.000242014,-0.00143748,0,-0.00785793,0,0.907
-0.00145065,-0.00222546,0,-0.00695749,0,0.907
-0.00235548,-0.00247179,0,-0.00677612,0,0.905
-0.00337835,-0.0022879,0,-0.00930805,0,0.905
-0.00383984,-0.00214446,0,-0.0109504,0,0.905
-0.00392356,-0.00204495,0,-0.0155034,0,0.905
-0.00322051,-0.00199157,0,-0.0205352,0,0.905
-0.00241916,-0.00198568,0,-0.023338,0,0.905
-0.00241916,-0.00198568,0,-0.0245363,0,0.905
-0.00241916,-0.00198568,0,0,0,0.905
-0.00241916,-0.00198568,0,0,0,0.905
-0.00241916,-0.00198568,0,0,0,0.905
-0.00241916,-0.00198568,0,0,0,0.905
-0.00241916,-0.00198568,0,0,0,0.905
0,0,-0.00881514,0,0,0.904
0,0,-0.00881514,0,0,0.904
0,0,-0.00881514,0,0,0.904
0,0,-0.00881514,0,0,0.904
0,0,-0.00881514,0,0,0.904
0,0,-0.00881514,0,0,0.904
0,0,-0.00881514,0,0,0.904
0,0,-0.00881514,0,0,0.904
-0.0302315,0,-0.00882219,0,0,0.728
-0.0437452,0,-0.00905381,0,0,0.805
-0.00246053,0,-0.00871481,-0.0125962,0,0.898
-0.0013425,0,-0.00857464,-0.0123023,0,0.9
0.00814845,0,-0.00790915,-0.0119699,0,0.903
0.0088874,0,-0.00739122,-0.00987186,0,0.9
0.00932948,0,-0.00678943,-0.00738032,0,0.899
0.0072291,0,-0.00647869,-0.00470742,0,0.901
0.00306646,0,-0.00663844,-0.00281694,0,0.902
-0.00140244,0,-0.00715792,-0.00174667,0,0.903
-0.00464656,0,-0.00770514,-0.00180596,0,0.904
-0.00670564,0,-0.00815749,-0.00282051,0,0.904
-0.005831,0,-0.00774405,-0.004932,0,0.904
-0.0035969,0,-0.00668949,-0.00681942,0,0.904
-0.000646932,0,-0.00508563,-0.00782947,0,0.904
-0.000465239,0,-0.00458835,-0.00757604,0,0.904
-0.000924551,0,-0.00442975,-0.00709487,0,0.904
-0.00112138,0,-0.00406816,-0.00704925,0,0.904
-0.00170169,0,-0.00408582,-0.00702749,0,0.904
-0.00207971,0,-0.00400946,-0.00764239,0,0.904
-0.00134082,0,-0.00316683,-0.00828191,0,0.904
-0.00106657,0,-0.00263312,-0.00860649,0,0.904
-0.000409722,0,-0.00177828,-0.00855115,0,0.904
0.000199227,0,-0.000942691,-0.00855461,0,0.904
-0.000436719,0,-0.00123621,-0.00707463,0,0.905
-0.00172368,0,-0.00185408,-0.00649298,0,0.904
-0.00274187,0,-0.00167608,-0.00761187,0,0.904
-0.00373835,0,-0.00153501,-0.00933532,0,0.904
-0.00450226,0,-0.00143214,-0.0141866,0,0.904
-0.00407263,0,-0.00138676,-0.0198696,0,0.904
-0.00361366,0,-0.00136396,-0.0257944,0,0.904
-0.00361366,0,-0.00136396,-0.0300149,0,0.904
-0.00361366,0,-0.00136396,0,0,0.904
-0.00361366,0,-0.00136396,0,0,0.904
-0.00361366,0,-0.00136396,0,0,0.904
-0.00361366,0,-0.00136396,0,0,0.904
-0.00361366,0,-0.00136396,0,0,0.904
-0.00361366,0,-0.00136396,0,0,0.904
0,-0.0103004,0,0,0,0.903
0,-0.0103004,0,0,0,0.903
0,-0.0103004,0,0,0,0.903
0,-0.0103004,0,0,0,0.903
0,-0.0103004,0,0,0,0.903
0,-0.0103004,0,0,0,0.903
0,-0.0103004,0,0,0,0.903
-0.0340358,-0.0103005,0,0,0,0.711
-0.0418705,-0.0104577,0,0,0,0.796
0.018786,-0.00991695,0,-0.0137284,0,0.897
0.00612417,-0.00983902,0,-0.00971931,0,0.904
0.0109654,-0.0092743,0,-0.00812974,0,0.906
0.00868366,-0.00890717,0,-0.00591122,0,0.906
0.00858863,-0.00834491,0,-0.00385152,0,0.904
0.00661666,-0.00798009,0,-0.00182809,0,0.904
0.000792332,-0.00825827,0,6.42303e-05,0,0.904
-0.00116053,-0.00824363,0,0.000249931,0,0.904
-0.00514797,-0.00891301,0,0.000243756,0,0.903
-0.00748158,-0.00941014,0,-0.000825768,0,0.902
-0.00518459,-0.00844192,0,-0.00278466,0,0.902
-0.00298331,-0.00727813,0,-0.00441995,0,0.901
-0.00122924,-0.00611484,0,-0.00524384,0,0.902
-0.000120701,-0.00508373,0,-0.0054163,0,0.902
0.000885418,-0.00416474,0,-0.00541345,0,0.902
0.000372108,-0.00391976,0,-0.00443509,0,0.902
0.000139091,-0.0034436,0,-0.00381943,0,0.903
-0.000646622,-0.00350849,0,-0.00337179,0,0.903
-0.0007412,-0.00314585,0,-0.00330088,0,0.903
-0.000240677,-0.00235715,0,-0.00381907,0,0.904
-0.0011099,-0.00266756,0,-0.00352126,0,0.904
-0.0012228,-0.0024481,0,-0.00415967,0,0.905
-0.00251142,-0.00329081,0,-0.00518622,0,0.905
-0.00365064,-0.00406307,0,-0.00673302,0,0.905
-0.00442248,-0.00389511,0,-0.0110559,0,0.905
-0.00484698,-0.00375964,0,-0.0131132,0,0.905
-0.00504862,-0.00365958,0,-0.0196621,0,0.905
-0.00425072,-0.00359683,0,-0.0261201,0,0.905
-0.00372722,-0.00357735,0,-0.030286,0,0.905
-0.00372722,-0.00357735,0,0,0,0.905
-0.00372722,-0.00357735,0,0,0,0.905
-0.00372722,-0.00357735,0,0,0,0.905
-0.00372722,-0.00357735,0,0,0,0.905
-0.00372722,-0.00357735,0,0,0,0.905
-0.00372722,-0.00357735,0,0,0,0.905
-0.00372722,-0.00357735,0,0,0,0.905
0,0,-0.00928959,0,0,0.903
0,0,-0.00928959,0,0,0.903
0,0,-0.00928959,0,0,0.903
0,0,-0.00928959,0,0,0.903
0,0,-0.00928959,0,0,0.903
0,0,-0.00928959,0,0,0.903
0,0,-0.00928959,0,0,0.903
0,0,-0.00928959,0,0,0.903
-0.0265331,0,-0.00935799,0,0,0.721
0.00990875,0,-0.00909076,-0.0129328,0,0.892
0.00211945,0,-0.0090183,-0.0103464,0,0.904
0.0059309,0,-0.00862934,-0.00927564,0,0.901
0.0134352,0,-0.00775536,-0.00790697,0,0.902
0.00873459,0,-0.00754839,-0.00499134,0,0.901
0.0119004,0,-0.00655225,-0.0029113,0,0.902
0.00794121,0,-0.00645143,2.40978e-05,0,0.904
0.00249936,0,-0.00688207,0.00195196,0,0.904
-0.00182608,0,-0.00745,0.00269467,0,0.904
-0.00480729,0,-0.00798133,0.00201055,0,0.903
-0.00811902,0,-0.0088795,0.000609984,0,0.903
-0.00661277,0,-0.0082225,-0.0019958,0,0.903
-0.00384186,0,-0.00684985,-0.00432067,0,0.903
-0.00176478,0,-0.0055459,-0.00580445,0,0.903
-0.00107449,0,-0.00479428,-0.00632313,0,0.903
-0.0018249,0,-0.00481764,-0.00635222,0,0.902
-0.00237774,0,-0.00482229,-0.00672911,0,0.902
-0.00319805,0,-0.00506521,-0.00756274,0,0.902
-0.00336939,0,-0.00491519,-0.00880913,0,0.902
-0.00258385,0,-0.00403791,-0.0108165,0,0.902
-0.00252901,0,-0.00372102,-0.0119487,0,0.902
-0.00107528,0,-0.00223468,-0.0135208,0,0.903
-0.000815888,0,-0.00172294,-0.0136162,0,0.903
-0.00185734,0,-0.00242858,-0.0131128,0,0.903
-0.00262173,0,-0.00182774,-0.0134566,0,0.903
-0.00333239,0,-0.00165874,-0.0144463,0,0.903
-0.00408213,0,-0.00153813,-0.0174834,0,0.903
-0.00461098,0,-0.00145573,-0.02222,0,0.903
-0.00425982,0,-0.00142671,-0.027985,0,0.903
-0.00239782,0,-0.00142645,-0.0326385,0,0.903
-0.00239782,0,-0.00142645,0,0,0.903
-0.00239782,0,-0.00142645,0,0,0.903
-0.00239782,0,-0.00142645,0,0,0.903
-0.00239782,0,-0.00142645,0,0,0.903
-0.00239782,0,-0.00142645,0,0,0.903
-0.00239782,0,-0.00142645,0,0,0.903
0,-0.00957301,0,0,0,0.901
0,-0.00957301,0,0,0,0.901
0,-0.00957301,0,0,0,0.901
0,-0.00957301,0,0,0,0.901
0,-0.00957301,0,0,0,0.901
0,-0.00957301,0,0,0,0.901
0,-0.00957301,0,0,0,0.901
0,-0.00957301,0,0,0,0.901
-0.0365904,-0.00963806,0,0,0,0.737
0.0139428,-0.00936884,0,-0.0153338,0,0.893
-0.000101563,-0.00937398,0,-0.0119464,0,0.909
0.000256107,-0.00918584,0,-0.0109758,0,0.907
0.00697526,-0.00853079,0,-0.0105035,0,0.905
0.00733531,-0.00802701,0,-0.00861937,0,0.903
0.0050769,-0.00776182,0,-0.00670987,0,0.903
0.00381119,-0.00743148,0,-0.00491538,0,0.902
0.000765764,-0.00751281,0,-0.0035022,0,0.902
-0.00164804,-0.00766571,0,-0.00308862,0,0.903
-0.00602681,-0.00851879,0,-0.00330865,0,0.902
-0.00845825,-0.00918834,0,-0.00470837,0,0.901
-0.00739239,-0.00871512,0,-0.00720368,0,0.901
-0.00705954,-0.00846028,0,-0.00915972,0,0.901
-0.00143352,-0.00555413,0,-0.0118511,0,0.9
-0.000780133,-0.00480389,0,-0.0122692,0,0.901
-0.000476198,-0.00418879,0,-0.011585,0,0.901
0.000279551,-0.00326188,0,-0.0113553,0,0.901
-0.000849379,-0.00357138,0,-0.0103585,0,0.901
-0.00183482,-0.00389559,0,-0.00982732,0,0.901
-0.00133249,-0.00316801,0,-0.0104989,0,0.901
-0.000293469,-0.00199347,0,-0.0109218,0,0.902
-0.000162058,-0.00152842,0,-0.0104034,0,0.902
-0.000722123,-0.00170546,0,-0.00904813,0,0.903
-0.00186328,-0.00248869,0,-0.00959355,0,0.903
-0.00341271,-0.00229302,0,-0.00989373,0,0.901
-0.0043377,-0.00212487,0,-0.0124696,0,0.901
-0.00453983,-0.00200421,0,-0.017926,0,0.901
-0.00485945,-0.0019236,0,-0.023173,0,0.901
-0.00365619,-0.00188984,0,-0.030657,0,0.901
-0.00214813,-0.00188927,0,0,0,0.901
-0.00214813,-0.00188927,0,0,0,0.901
-0.00214813,-0.00188927,0,0,0,0.901
-0.00214813,-0.00188927,0,0,0,0.901
-0.00214813,-0.00188927,0,0,0,0.901
-0.00214813,-0.00188927,0,0,0,0.901
-0.00214813,-0.00188927,0,0,0,0.901
0,0,-0.0106298,0,0,0.9
0,0,-0.0106298,0,0,0.9
0,0,-0.0106298,0,0,0.9
0,0,-0.0106298,0,0,0.9
0,0,-0.0106298,0,0,0.9
0,0,-0.0106298,0,0,0.9
0,0,-0.0106298,0,0,0.9
0,0,-0.0106298,0,0,0.9
-0.0404538,0,-0.0107023,0,0,0.7
0.0171981,0,-0.0104018,-0.0190666,0,0.892
0.00650716,0,-0.0102828,-0.0150459,0,0.909
0.00556187,0,-0.0100067,-0.0128422,0,0.906
0.0113868,0,-0.00927554,-0.0112356,0,0.906
0.00853721,0,-0.00890609,-0.00840104,0,0.903
0.0074963,0,-0.0083994,-0.00626766,0,0.9
0.00721141,0,-0.00780022,-0.00433292,0,0.901
0.00194272,0,-0.00815004,-0.00208623,0,0.902
-0.00290347,0,-0.00878167,-0.00124592,0,0.902
-0.00560243,0,-0.00920017,-0.00195689,0,0.901
-0.00923083,0,-0.0101657,-0.00345273,0,0.9
-0.00924282,0,-0.010103,-0.00620074,0,0.9
-0.00717278,0,-0.00914684,-0.00946385,0,0.9
-0.00321172,0,-0.00708732,-0.0124887,0,0.901
-0.000698982,0,-0.00539185,-0.0133467,0,0.901
-0.00054622,0,-0.00481059,-0.0129096,0,0.901
-2.01787e-06,0,-0.0039761,-0.0123423,0,0.901
-0.000867739,0,-0.00405107,-0.011446,0,0.901
-0.00181315,0,-0.00418086,-0.0111382,0,0.901
-0.00160338,0,-0.00363308,-0.0117135,0,0.901
-0.00136297,0,-0.00306566,-0.0122057,0,0.901
-0.00113699,0,-0.00253253,-0.0124523,0,0.902
-0.000780901,0,-0.00188654,-0.0124295,0,0.902
-0.00114182,0,-0.00191387,-0.0121506,0,0.902
-0.00181842,0,-0.0016797,-0.0121455,0,0.9
-0.00260515,0,-0.00147675,-0.0125011,0,0.9
-0.00351198,0,-0.00132346,-0.0147711,0,0.9
-0.0037293,0,-0.00122226,-0.0184449,0,0.9
-0.00298663,0,-0.00118731,-0.024189,0,0.9
-0.00199655,0,-0.00118168,-0.027689,0,0.9
-0.00199655,0,-0.00118168,0,0,0.9
-0.00199655,0,-0.00118168,0,0,0.9
-0.00199655,0,-0.00118168,0,0,0.9
-0.00199655,0,-0.00118168,0,0,0.9
-0.00199655,0,-0.00118168,0,0,0.9
-0.00199655,0,-0.00118168,0,0,0.9
0,-0.00944719,0,0,0,0.9
0,-0.00944719,0,0,0,0.9
0,-0.00944719,0,0,0,0.9
0,-0.00944719,0,0,0,0.9
0,-0.00944719,0,0,0,0.9
0,-0.00944719,0,0,0,0.9
0,-0.00944719,0,0,0,0.9
0,-0.00944719,0,0,0,0.9
-0.039226,-0.00951295,0,0,0,0.72
0.0174185,-0.00922783,0,-0.0167491,0,0.893
0.00557162,-0.00914412,0,-0.0128059,0,0.91
0.0019553,-0.00901258,0,-0.01093,0,0.909
0.00653652,-0.00847618,0,-0.0100171,0,0.91
0.00614849,-0.00794426,0,-0.00815947,0,0.907
0.00169858,-0.00800546,0,-0.00661481,0,0.906
-0.00070467,-0.00798186,0,-0.00594296,0,0.902
-0.00178815,-0.00785349,0,-0.00553662,0,0.901
-0.00560538,-0.00848644,0,-0.00570991,0,0.902
-0.00773976,-0.00894212,0,-0.00639408,0,0.901
-0.00619348,-0.00832915,0,-0.00825703,0,0.9
-0.0038264,-0.00724377,0,-0.010055,0,0.9
-0.00371227,-0.00690939,0,-0.0107448,0,0.899
6.22323e-05,-0.00475201,0,-0.0120535,0,0.899
0.000761989,-0.00403598,0,-0.0116974,0,0.899
0.000386195,-0.00374551,0,-0.010387,0,0.899
-0.000107657,-0.00357348,0,-0.00936801,0,0.899
-0.000322532,-0.00328471,0,-0.00874827,0,0.9
-0.00129419,-0.00356352,0,-0.00813422,0,0.9
-0.000995052,-0.00298605,0,-0.00850911,0,0.901
0.00024028,-0.00163673,0,-0.00877958,0,0.901
-6.84057e-05,-0.00153384,0,-0.00786443,0,0.902
-0.00144539,-0.0023541,0,-0.00686987,0,0.903
-0.00272347,-0.0032786,0,-0.00746452,0,0.903
-0.0036453,-0.00243213,0,-0.00961119,0,0.901
-0.00442061,-0.00227152,0,-0.01234,0,0.901
-0.00471098,-0.0021496,0,-0.0180237,0,0.901
-0.00427271,-0.00206964,0,-0.0240789,0,0.901
-0.00334041,-0.00203467,0,-0.0303951,0,0.901
-0.00204196,-0.00203369,0,-0.0328138,0,0.901
-0.00204196,-0.00203369,0,0,0,0.901
-0.00204196,-0.00203369,0,0,0,0.901
-0.00204196,-0.00203369,0,0,0,0.901
-0.00204196,-0.00203369,0,0,0,0.901
-0.00204196,-0.00203369,0,0,0,0.901
-0.00204196,-0.00203369,0,0,0,0.901
0,0,-0.00994537,0,0,0.9
0,0,-0.00994537,0,0,0.9
0,0,-0.00994537,0,0,0.9
0,0,-0.00994537,0,0,0.9
0,0,-0.00994537,0,0,0.9
0,0,-0.00994537,0,0,0.9
0,0,-0.00994537,0,0,0.9
0,0,-0.00994537,0,0,0.9
-0.0354687,0,-0.00999721,0,0,0.7
0.0135305,0,-0.00976664,-0.0169151,0,0.895
0.00383569,0,-0.00967766,-0.0135624,0,0.91
0.00389708,0,-0.00942856,-0.0120875,0,0.907
0.00884592,0,-0.00880973,-0.0107893,0,0.905
0.00895626,0,-0.00826864,-0.00848999,0,0.902
0.00813423,0,-0.00775158,-0.00610658,0,0.9
0.00602985,0,-0.00744176,-0.00398088,0,0.901
0.000984036,0,-0.00781187,-0.0022913,0,0.902
-0.00491156,0,-0.0087556,-0.0013941,0,0.903
-0.00641934,0,-0.00895351,-0.00272938,0,0.902
-0.00908723,0,-0.00966351,-0.00442203,0,0.901
-0.00876206,0,-0.00949882,-0.00745545,0,0.9
-0.00652359,0,-0.00848602,-0.0104856,0,0.9
-0.00286939,0,-0.00657538,-0.0127642,0,0.9
-0.000792717,0,-0.00512889,-0.0134171,0,0.9
-0.00101878,0,-0.00480377,-0.0129279,0,0.9
-0.00104839,0,-0.00438424,-0.0126698,0,0.9
-0.00152812,0,-0.00428051,-0.0124872,0,0.9
-0.00218669,0,-0.00436388,-0.0127948,0,0.9
-0.0019546,0,-0.00384236,-0.0134033,0,0.9
-0.00130084,0,-0.00298071,-0.014271,0,0.9
-0.00106808,0,-0.00245932,-0.0142494,0,0.901
-0.000598192,0,-0.00172893,-0.014405,0,0.901
-0.00160214,0,-0.00228316,-0.0133154,0,0.901
-0.00214439,0,-0.00194371,-0.0134504,0,0.9
-0.00251532,0,-0.00175991,-0.0143986,0,0.9
-0.00317604,0,-0.00161749,-0.0165279,0,0.9
-0.00345034,0,-0.00154703,-0.0194172,0,0.9
-0.00336268,0,-0.001494,-0.0242967,0,0.9
-0.00208289,0,-0.00148771,-0.0286881,0,0.9
-0.00208289,0,-0.00148771,0,0,0.9
-0.00208289,0,-0.00148771,0,0,0.9
-0.00208289,0,-0.00148771,0,0,0.9
-0.00208289,0,-0.00148771,0,0,0.9
-0.00208289,0,-0.00148771,0,0,0.9
-0.00208289,0,-0.00148771,0,0,0.9
0,-0.00960095,0,0,0,0.899
0,-0.00960095,0,0,0,0.899
0,-0.00960095,0,0,0,0.899
0,-0.00960095,0,0,0,0.899
0,-0.00960095,0,0,0,0.899
0,-0.00960095,0,0,0,0.899
0,-0.00960095,0,0,0,0.899
0,-0.00960095,0,0,0,0.899
-0.0425526,-0.00966316,0,0,0,0.715
0.0158699,-0.00940574,0,-0.0182739,0,0.893
0.00191937,-0.00937786,0,-0.0144731,0,0.911
0.00176235,-0.00916783,0,-0.0130736,0,0.909
0.00712542,-0.00860261,0,-0.0121729,0,0.909
0.00588761,-0.0081275,0,-0.0101746,0,0.906
0.000902598,-0.00826039,0,-0.00841028,0,0.906
-0.000808861,-0.00816133,0,-0.00757073,0,0.906
-0.00215467,-0.00808471,0,-0.00702686,0,0.905
-0.00507356,-0.00848823,0,-0.00709289,0,0.905
-0.00741009,-0.00896506,0,-0.00770772,0,0.905
-0.0063369,-0.00849927,0,-0.0089361,0,0.904
-0.00390135,-0.00737464,0,-0.010595,0,0.899
-0.00439174,-0.00729628,0,-0.0114107,0,0.898
-0.0018631,-0.00590636,0,-0.0125967,0,0.899
-0.000878447,-0.00499954,0,-0.012784,0,0.899
-0.000666152,-0.00444242,0,-0.0122819,0,0.899
6.75782e-05,-0.00354383,0,-0.0118137,0,0.899
-0.000424801,-0.00341195,0,-0.0108863,0,0.899
-0.00133712,-0.00364383,0,-0.0104894,0,0.899
-0.000837042,-0.00290745,0,-0.0106588,0,0.9
-0.000710142,-0.0024508,0,-0.0105763,0,0.901
2.04906e-05,-0.00148736,0,-0.0102881,0,0.901
-0.00174567,-0.00270637,0,-0.00901935,0,0.902
-0.00263368,-0.00326218,0,-0.0100103,0,0.902
-0.00346678,-0.00262383,0,-0.0127912,0,0.901
-0.00430266,-0.00246205,0,-0.0151188,0,0.901
-0.00453331,-0.00233862,0,-0.0195763,0,0.901
-0.00445482,-0.00225683,0,-0.0255395,0,0.901
-0.00373284,-0.00221961,0,-0.031127,0,0.901
-0.00226215,-0.00221808,0,-0.0347353,0,0.901
-0.00226215,-0.00221808,0,0,0,0.901
-0.00226215,-0.00221808,0,0,0,0.901
-0.00226215,-0.00221808,0,0,0,0.901
-0.00226215,-0.00221808,0,0,0,0.901
-0.00226215,-0.00221808,0,0,0,0.901
-0.00226215,-0.00221808,0,0,0,0.901
0,0,-0.00981363,0,0,0.9
0,0,-0.00981363,0,0,0.9
0,0,-0.00981363,0,0,0.9
0,0,-0.00981363,0,0,0.9
0,0,-0.00981363,0,0,0.9
0,0,-0.00981363,0,0,0.9
0,0,-0.00981363,0,0,0.9
0,0,-0.00981363,0,0,0.9
-0.0387285,0,-0.00986178,0,0,0.7
0.0143675,0,-0.0096412,-0.0184313,0,0.895
0.0068616,0,-0.00950203,-0.0149084,0,0.91
0.00737943,0,-0.00919298,-0.0127334,0,0.909
0.013291,0,-0.00845484,-0.0110538,0,0.907
0.0141372,0,-0.0077375,-0.00796057,0,0.904
0.0121573,0,-0.00722463,-0.00482051,0,0.905
0.0100667,0,-0.00677177,-0.001736,0,0.905
0.00625006,0,-0.00671438,0.000944945,0,0.906
-0.0020047,0,-0.00791672,0.00273326,0,0.906
-0.00584352,0,-0.00867034,0.00223959,0,0.905
-0.00894884,0,-0.00952379,0.000904744,0,0.904
-0.00970548,0,-0.00977209,-0.00134194,0,0.903
-0.00724279,0,-0.00870042,-0.00448737,0,0.903
-0.00449065,0,-0.00722532,-0.00733752,0,0.9
-0.00188854,0,-0.00556402,-0.00889873,0,0.9
-0.00123757,0,-0.00478917,-0.00962931,0,0.9
-0.00160544,0,-0.00461518,-0.00948972,0,0.901
-0.00218844,0,-0.00461226,-0.00980539,0,0.901
-0.00265571,0,-0.00461013,-0.0105551,0,0.901
-0.00229908,0,-0.00402084,-0.0118483,0,0.901
-0.0021152,0,-0.00356039,-0.0128986,0,0.901
-0.00141183,0,-0.00267782,-0.0139236,0,0.902
-0.00111398,0,-0.00211217,-0.014327,0,0.902
-0.00194448,0,-0.00260765,-0.0141397,0,0.902
-0.00270614,0,-0.00231079,-0.0147512,0,0.901
-0.00296991,0,-0.00213461,-0.0159632,0,0.901
-0.00375997,0,-0.00199675,-0.0186703,0,0.901
-0.00413585,0,-0.00190917,-0.0222917,0,0.901
-0.00383198,0,-0.00186653,-0.0280884,0,0.901
-0.00231743,0,-0.00186417,-0.0321146,0,0.901
-0.00231743,0,-0.00186417,0,0,0.901
-0.00231743,0,-0.00186417,0,0,0.901
-0.00231743,0,-0.00186417,0,0,0.901
-0.00231743,0,-0.00186417,0,0,0.901
-0.00231743,0,-0.00186417,0,0,0.901
-0.00231743,0,-0.00186417,0,0,0.901
0,-0.00864969,0,0,0,0.9
0,-0.00864969,0,0,0,0.9
0,-0.00864969,0,0,0,0.9
0,-0.00864969,0,0,0,0.9
0,-0.00864969,0,0,0,0.9
0,-0.00864969,0,0,0,0.9
0,-0.00864969,0,0,0,0.9
0,-0.00864969,0,0,0,0.9
-0.0371533,-0.00868775,0,0,0,0.7
0.0102766,-0.00852316,0,-0.0171635,0,0.894
0.000329633,-0.00848842,0,-0.0144296,0,0.91
-0.00407969,-0.00848771,0,-0.0132245,0,0.906
0.00475476,-0.00787554,0,-0.0131867,0,0.906
0.00815324,-0.00721342,0,-0.0115863,0,0.903
0.00422944,-0.00714892,0,-0.00915629,0,0.904
0.00494484,-0.00658849,0,-0.0076656,0,0.904
0.00097193,-0.00683172,0,-0.00584821,0,0.906
-0.00484014,-0.00777069,0,-0.00518117,0,0.905
-0.00469464,-0.00755812,0,-0.00607855,0,0.903
-0.00308401,-0.00685283,0,-0.00719762,0,0.902
-0.00337787,-0.00667522,0,-0.00757348,0,0.898
-0.00306671,-0.00628314,0,-0.00836991,0,0.899
0.00014261,-0.00450619,0,-0.00920909,0,0.9
0.00168596,-0.00326229,0,-0.00881649,0,0.9
0.000842998,-0.00321613,0,-0.00727141,0,0.899
-0.000386923,-0.00351347,0,-0.00625515,0,0.899
-0.00137199,-0.00378619,0,-0.00597429,0,0.9
-0.00205406,-0.00393492,0,-0.00663941,0,0.9
-0.00185516,-0.00348976,0,-0.00784722,0,0.9
-0.00170647,-0.0030941,0,-0.00902719,0,0.901
-0.000878684,-0.0021258,0,-0.0101221,0,0.901
-0.00230145,-0.00304571,0,-0.0100228,0,0.902
-0.00250741,-0.00303406,0,-0.0119637,0,0.902
-0.00319124,-0.00246657,0,-0.0137807,0,0.9
-0.00415069,-0.00232091,0,-0.0157717,0,0.9
-0.00452832,-0.00220925,0,-0.0200494,0,0.9
-0.0047715,-0.0021345,0,-0.0253599,0,0.9
-0.00421174,-0.00209957,0,-0.0316596,0,0.9
-0.00255183,-0.00209728,0,-0.0367718,0,0.9
-0.00255183,-0.00209728,0,0,0,0.9
-0.00255183,-0.00209728,0,0,0,0.9
-0.00255183,-0.00209728,0,0,0,0.9
-0.00255183,-0.00209728,0,0,0,0.9
-0.00255183,-0.00209728,0,0,0,0.9
-0.00255183,-0.00209728,0,0,0,0.9
0,0,-0.0105742,0,0,0.9
0,0,-0.0105742,0,0,0.9
0,0,-0.0105742,0,0,0.9
0,0,-0.0105742,0,0,0.9
0,0,-0.0105742,0,0,0.9
0,0,-0.0105742,0,0,0.9
0,0,-0.0105742,0,0,0.9
0,0,-0.0105742,0,0,0.9
-0.0324812,0,-0.0106034,0,0,0.7
0.0123104,0,-0.0104217,-0.015911,0,0.895
0.00483511,0,-0.0102983,-0.0129956,0,0.911
0.00381952,0,-0.010064,-0.0114124,0,0.906
0.00715165,0,-0.00954401,-0.0101774,0,0.904
0.00952228,0,-0.00884571,-0.00824299,0,0.901
0.00774514,0,-0.00840668,-0.0060292,0,0.899
0.00767659,0,-0.00777364,-0.00418162,0,0.9
0.00388871,0,-0.00780107,-0.00193874,0,0.901
-0.00241589,0,-0.00867543,-0.000468545,0,0.902
-0.0050632,0,-0.00904456,-0.00108938,0,0.901
-0.00777153,0,-0.00966433,-0.00227045,0,0.9
-0.00854083,0,-0.00981467,-0.00483654,0,0.899
-0.00638115,0,-0.008802,-0.00785305,0,0.899
-0.00365941,0,-0.00730717,-0.0102796,0,0.899
-0.00167707,0,-0.0059366,-0.0115076,0,0.9
-0.00157786,0,-0.00543695,-0.0117434,0,0.9
-0.00195238,0,-0.00522699,-0.0119194,0,0.9
-0.00254813,0,-0.00520107,-0.0123415,0,0.9
-0.00300486,0,-0.00516338,-0.0134013,0,0.9
-0.00281321,0,-0.00468032,-0.0148465,0,0.9
-0.00213426,0,-0.00380871,-0.0164878,0,0.9
-0.00201336,0,-0.00337514,-0.017284,0,0.9
-0.0014706,0,-0.00260294,-0.018125,0,0.901
-0.00228028,0,-0.00298141,-0.0181346,0,0.901
-0.00328675,0,-0.0025645,-0.0189178,0,0.9
-0.00390645,0,-0.00237581,-0.0202312,0,0.9
-0.0039504,0,-0.00222815,-0.0241216,0,0.9
-0.00402182,0,-0.00215385,-0.0276538,0,0.9
-0.00370403,0,-0.00209536,-0.0327357,0,0.9
-0.00246445,0,-0.00208612,-0.0369658,0,0.9
-0.00246445,0,-0.00208612,0,0,0.9
-0.00246445,0,-0.00208612,0,0,0.9
-0.00246445,0,-0.00208612,0,0,0.9
-0.00246445,0,-0.00208612,0,0,0.9
-0.00246445,0,-0.00208612,0,0,0.9
-0.00246445,0,-0.00208612,0,0,0.9
0,-0.00903786,0,0,0,0.899
0,-0.00903786,0,0,0,0.899
0,-0.00903786,0,0,0,0.899
0,-0.00903786,0,0,0,0.899
0,-0.00903786,0,0,0,0.899
0,-0.00903786,0,0,0,0.899
0,-0.00903786,0,0,0,0.899
0,-0.00903786,0,0,0,0.899
-0.0412261,-0.00908084,0,0,0,0.7
0.021217,-0.00883559,0,-0.0196171,0,0.894
0.00956535,-0.00870482,0,-0.015025,0,0.911
0.00243264,-0.00863641,0,-0.0124459,0,0.91
0.00737053,-0.00810194,0,-0.0113732,0,0.91
0.008283,-0.00744754,0,-0.0094358,0,0.907
0.00307486,-0.00753786,0,-0.00737565,0,0.907
0.00253178,-0.00719243,0,-0.00645266,0,0.907
0.000443331,-0.00715136,0,-0.00554773,0,0.906
-0.00443837,-0.00792553,0,-0.00512161,0,0.906
-0.00759103,-0.00862564,0,-0.00531383,0,0.906
-0.00740734,-0.0084967,0,-0.00684596,0,0.905
-0.00551194,-0.00769951,0,-0.00875541,0,0.905
-0.00657941,-0.00798486,0,-0.0100358,0,0.905
-0.0032074,-0.00625269,0,-0.0116974,0,0.905
-0.00156949,-0.00510008,0,-0.0125923,0,0.905
-0.00239497,-0.00520763,0,-0.0120703,0,0.905
-0.00110285,-0.00407651,0,-0.0124172,0,0.905
-0.000598604,-0.00335992,0,-0.012193,0,0.905
-0.00097316,-0.00323175,0,-0.0116086,0,0.905
-0.00080164,-0.00276689,0,-0.011005,0,0.906
-0.000302529,-0.00202298,0,-0.0107775,0,0.906
0.000497372,-0.00102355,0,-0.0100152,0,0.907
-0.00118482,-0.00215066,0,-0.00851454,0,0.907
-0.00196382,-0.00261333,0,-0.00806721,0,0.907
-0.00320632,-0.00312226,0,-0.00873911,0,0.906
-0.00379894,-0.00297538,0,-0.0120753,0,0.906
-0.00443064,-0.00285988,0,-0.0135931,0,0.906
-0.00404896,-0.00277849,0,-0.019161,0,0.906
-0.00313682,-0.0027327,0,-0.0237235,0,0.906
-0.00241217,-0.00272597,0,-0.0256884,0,0.906
-0.00241217,-0.00272597,0,-0.0260157,0,0.906
-0.00241217,-0.00272597,0,0,0,0.906
-0.00241217,-0.00272597,0,0,0,0.906
-0.00241217,-0.00272597,0,0,0,0.906
-0.00241217,-0.00272597,0,0,0,0.906
-0.00241217,-0.00272597,0,0,0,0.906
-0.00241217,-0.00272597,0,0,0,0.906
0,0,-0.00927323,0,0,0.904
0,0,-0.00927323,0,0,0.904
0,0,-0.00927323,0,0,0.904
0,0,-0.00927323,0,0,0.904
0,0,-0.00927323,0,0,0.904
0,0,-0.00927323,0,0,0.904
0,0,-0.00927323,0,0,0.904
-0.0206991,0,-0.00927456,0,0,0.7
-0.0272892,0,-0.00939264,0,0,0.771
0.0126264,0,-0.00895399,-0.0103034,0,0.895
0.0094546,0,-0.00870956,-0.0076252,0,0.902
0.0191197,0,-0.00782423,-0.00582485,0,0.903
0.0218316,0,-0.0068676,-0.00230635,0,0.901
0.0164293,0,-0.00650506,0.00185668,0,0.901
0.0151839,0,-0.00582125,0.0053683,0,0.903
0.00856702,0,-0.0060941,0.00840216,0,0.904
0.00323447,0,-0.00653758,0.0100721,0,0.904
-0.0016763,0,-0.00728406,0.0104514,0,0.904
-0.00435972,0,-0.00775997,0.00945917,0,0.903
-0.00405712,0,-0.00741592,0.00744742,0,0.902
-0.00256272,0,-0.00655821,0.00524806,0,0.902
-3.97581e-05,0,-0.00508159,0.00365805,0,0.902
0.00151017,0,-0.00384123,0.00318417,0,0.902
0.000114895,0,-0.00407709,0.0036527,0,0.902
-0.000102599,0,-0.00374563,0.00328482,0,0.902
-0.00116961,0,-0.00399691,0.00300282,0,0.902
-0.00196425,0,-0.00417076,0.00187664,0,0.902
-0.00289097,0,-0.00452916,0.000413989,0,0.902
-0.00250461,0,-0.00395108,-0.00198835,0,0.902
-0.00135053,0,-0.00272431,-0.0043416,0,0.902
-0.000612349,0,-0.00180383,-0.00565498,0,0.903
-0.00114324,0,-0.00198747,-0.00547008,0,0.903
-0.00184748,0,-0.00239753,-0.00597646,0,0.903
-0.00262672,0,-0.00220917,-0.00811289,0,0.903
-0.00348411,0,-0.00205673,-0.0108388,0,0.903
-0.00434263,0,-0.00194117,-0.0158692,0,0.903
-0.00440176,0,-0.00187264,-0.0227013,0,0.903
-0.0036987,0,-0.00184749,-0.0287745,0,0.903
-0.0036987,0,-0.00184748,-0.0331093,0,0.903
-0.0036987,0,-0.00184748,0,0,0.903
-0.0036987,0,-0.00184748,0,0,0.903
-0.0036987,0,-0.00184748,0,0,0.903
-0.0036987,0,-0.00184748,0,0,0.903
-0.0036987,0,-0.00184748,0,0,0.903
-0.0036987,0,-0.00184748,0,0,0.903
0,-0.00980868,0,0,0,0.902
0,-0.00980868,0,0,0,0.902
