-0.103174,-0.0791827,2.55847e-05,0,-0.0143821,-0.103172,-0.101426
-0.103174,-0.0782553,2.64554e-05,-2.1747e-07,-0.0143021,-0.103167,-0.101418
-0.103174,-0.0781736,2.64105e-05,-7.37001e-07,-0.0143147,-0.103161,-0.101395
-0.103174,-0.0783274,2.61019e-05,-1.2657e-06,-0.0143171,-0.103154,-0.101453
-0.103174,-0.0787623,2.54826e-05,-1.79114e-06,-0.0143199,-0.103148,-0.101619
-0.103174,-0.0793317,2.47103e-05,-2.3076e-06,-0.0143219,-0.103141,-0.101834
-0.103174,-0.0799137,2.39159e-05,-2.8103e-06,-0.0143236,-0.103134,-0.102052
-0.103174,-0.0803194,2.33006e-05,-3.29736e-06,-0.0143194,-0.103127,-0.102199
-0.103174,-0.0805785,2.28331e-05,-3.77014e-06,-0.0143301,-0.10312,-0.10229
-0.103174,-0.0810859,2.2094e-05,-4.23194e-06,-0.0143414,-0.103112,-0.102482
-0.103174,-0.0819864,2.09315e-05,-4.68195e-06,-0.0143428,-0.103105,-0.102826
-0.103174,-0.0829833,1.96628e-05,-5.11337e-06,-0.0143455,-0.103096,-0.103203
-0.103174,-0.083767,1.86183e-05,-5.52058e-06,-0.0143477,-0.103087,-0.103493
-0.103174,-0.084675,1.74395e-05,-5.90444e-06,-0.0143555,-0.103078,-0.103835
-0.103174,-0.0856986,1.6137e-05,-6.26619e-06,-0.0144092,-0.103069,-0.104223
-0.103174,-0.0867007,1.48576e-05,-6.60326e-06,-0.0144523,-0.103059,-0.1046
-0.103174,-0.0883978,1.28415e-05,-6.91449e-06,-0.0145672,-0.10305,-0.105254
-0.103174,-0.0904497,1.0454e-05,-7.19349e-06,-0.0144998,-0.10304,-0.106039
-0.103174,-0.0927464,7.8145e-06,-7.42884e-06,-0.014345,-0.103029,-0.106916
-0.103174,-0.0955123,4.68757e-06,-7.61416e-06,-0.0143423,-0.103019,-0.107975
-0.103174,-0.0982083,1.64901e-06,-7.74231e-06,-0.014295,-0.103007,-0.108998
-0.103174,-0.101709,-2.22834e-06,-7.80871e-06,-0.0142726,-0.102995,-0.110343
-0.103174,-0.105265,-6.14387e-06,-7.8068e-06,-0.0141786,-0.102982,-0.111697
-0.103174,-0.108849,-1.00663e-05,-7.72699e-06,-0.0139483,-0.102969,-0.11306
-0.103174,-0.111963,-1.34644e-05,-7.56881e-06,-0.0140075,-0.102954,-0.114234
-0.103174,-0.114743,-1.64831e-05,-7.3369e-06,-0.0140261,-0.102938,-0.115281
-0.103174,-0.117382,-1.93287e-05,-7.04044e-06,-0.0139472,-0.102921,-0.116275
-0.103174,-0.118732,-2.07807e-05,-6.68517e-06,-0.0143657,-0.102903,-0.116755
-0.103174,-0.120263,-2.24059e-05,-6.28553e-06,-0.0141881,-0.102883,-0.117324
-0.103174,-0.120799,-2.29539e-05,-5.85529e-06,-0.0142346,-0.102861,-0.11749
-0.103174,-0.120842,-2.29657e-05,-5.40224e-06,-0.0140977,-0.102837,-0.117473
-0.103174,-0.119913,-2.19342e-05,-4.94305e-06,-0.013986,-0.10281,-0.117073
-0.103174,-0.117821,-1.96627e-05,-4.49302e-06,-0.0143066,-0.102781,-0.11622
-0.103174,-0.115837,-1.75089e-05,-4.07478e-06,-0.0140727,-0.102749,-0.115426
-0.103174,-0.112938,-1.439e-05,-3.70091e-06,-0.0141184,-0.102714,-0.114263
-0.103174,-0.109821,-1.10526e-05,-3.37881e-06,-0.0143308,-0.102676,-0.113024
-0.103174,-0.106856,-7.89311e-06,-3.12104e-06,-0.0141821,-0.102635,-0.111847
-0.103174,-0.104141,-5.01763e-06,-2.92685e-06,-0.0139921,-0.102591,-0.110763
-0.103174,-0.101547,-2.29253e-06,-2.79486e-06,-0.0140228,-0.102543,-0.109721
-0.103174,-0.099184,1.63965e-07,-2.71904e-06,-0.0141752,-0.102491,-0.108765
-0.103174,-0.0974787,1.89741e-06,-2.69529e-06,-0.0141794,-0.102436,-0.108065
-0.103174,-0.0961575,3.19913e-06,-2.71417e-06,-0.0141668,-0.102376,-0.107503
-0.103174,-0.0953641,3.91658e-06,-2.76384e-06,-0.0141661,-0.102312,-0.107143
-0.103174,-0.0952263,3.91496e-06,-2.83428e-06,-0.0141704,-0.102243,-0.10703
-0.103174,-0.0956707,3.27416e-06,-2.91259e-06,-0.0142206,-0.102168,-0.107136
-0.103174,-0.0968286,1.8571e-06,-2.98513e-06,-0.0142356,-0.102088,-0.107511
-0.103174,-0.0982019,1.95402e-07,-3.03786e-06,-0.0142647,-0.102002,-0.107956
-0.103174,-0.100141,-2.08161e-06,-3.06004e-06,-0.0142287,-0.10191,-0.108616
-0.103174,-0.10236,-4.66751e-06,-3.04346e-06,-0.0141839,-0.10181,-0.109373
-0.103174,-0.10444,-7.11608e-06,-2.97855e-06,-0.0141841,-0.101703,-0.110062
-0.103174,-0.106477,-9.52796e-06,-2.86317e-06,-0.014236,-0.101587,-0.110728
-0.103174,-0.108732,-1.21796e-05,-2.69914e-06,-0.014217,-0.101463,-0.111473
-0.103174,-0.110719,-1.45548e-05,-2.48471e-06,-0.0142087,-0.101329,-0.112099
-0.103174,-0.112454,-1.66687e-05,-2.21974e-06,-0.0141593,-0.101185,-0.112617
-0.103174,-0.11372,-1.8293e-05,-1.90962e-06,-0.0140888,-0.101031,-0.112942
-0.103174,-0.114318,-1.92183e-05,-1.56163e-06,-0.0140435,-0.100864,-0.112996
-0.103174,-0.114122,-1.93132e-05,-1.18744e-06,-0.0140648,-0.100684,-0.112731
-0.103174,-0.113508,-1.89806e-05,-8.02221e-07,-0.0141109,-0.100491,-0.112297
-0.103174,-0.112803,-1.857e-05,-4.1895e-07,-0.014127,-0.100283,-0.111819
-0.103174,-0.111705,-1.77611e-05,-4.30335e-08,-0.0141386,-0.100058,-0.111168
-0.103174,-0.110395,-1.67475e-05,3.21086e-07,-0.0141398,-0.0998158,-0.110422
-0.103174,-0.109,-1.56678e-05,6.67186e-07,-0.0141415,-0.0995542,-0.109627
-0.103174,-0.107556,-1.45614e-05,9.92418e-07,-0.0141484,-0.0992721,-0.108794
-0.103174,-0.106407,-1.37948e-05,1.29582e-06,-0.0141077,-0.0989679,-0.108058
-0.103174,-0.105575,-1.33905e-05,1.58014e-06,-0.0140061,-0.09864,-0.107422
-0.103174,-0.104613,-1.28727e-05,1.8524e-06,-0.0140825,-0.0982867,-0.106704
-0.103174,-0.103891,-1.2634e-05,2.11555e-06,-0.0142707,-0.097906,-0.106056
-0.103174,-0.104437,-1.37649e-05,2.37085e-06,-0.0139314,-0.0974959,-0.105881
-0.103174,-0.10456,-1.44633e-05,2.63371e-06,-0.0140892,-0.0970542,-0.105484
-0.103174,-0.105316,-1.58492e-05,2.91529e-06,-0.0139691,-0.0965785,-0.105309
-0.103174,-0.106126,-1.73051e-05,3.21703e-06,-0.0142005,-0.0960661,-0.105106
-0.103174,-0.107611,-1.9488e-05,3.54712e-06,-0.0139635,-0.0955143,-0.105126
-0.103174,-0.108977,-2.15476e-05,3.91287e-06,-0.0139911,-0.09492,-0.105039
-0.103174,-0.110177,-2.34332e-05,4.32117e-06,-0.0142579,-0.09428,-0.104834
-0.103174,-0.112137,-2.61249e-05,4.76909e-06,-0.0139796,-0.0935911,-0.104875
-0.103174,-0.113379,-2.80479e-05,5.26198e-06,-0.0140722,-0.0928495,-0.104552
-0.103174,-0.114725,-3.00743e-05,5.80178e-06,-0.0140436,-0.0920514,-0.104208
-0.103174,-0.115736,-3.17335e-05,6.38098e-06,-0.0139789,-0.0911921,-0.103649
-0.103174,-0.116526,-3.31459e-05,6.99739e-06,-0.0140675,-0.0902669,-0.102919
-0.103174,-0.116614,-3.37989e-05,7.64478e-06,-0.0140314,-0.0892705,-0.101818
-0.103174,-0.117038,-3.47939e-05,8.31357e-06,-0.0140481,-0.0881974,-0.10076
-0.103174,-0.118297,-3.66581e-05,8.9985e-06,-0.0139678,-0.0870414,-0.0999242
-0.103174,-0.119618,-3.85629e-05,9.71116e-06,-0.014015,-0.0857962,-0.098987
-0.103174,-0.119942,-3.93828e-05,1.04615e-05,-0.0140974,-0.0844546,-0.0975343
-0.103174,-0.121014,-4.09704e-05,1.12401e-05,-0.013901,-0.0830094,-0.0962763
-0.103174,-0.121808,-4.22325e-05,1.2042e-05,-0.0138743,-0.0814522,-0.0947775
-0.103174,-0.122329,-4.3172e-05,1.28716e-05,-0.0138924,-0.0797746,-0.0930585
-0.103174,-0.123224,-4.44737e-05,1.37247e-05,-0.0138031,-0.077967,-0.091384
-0.103174,-0.124116,-4.57336e-05,1.45998e-05,-0.013947,-0.0760194,-0.089605
-0.103174,-0.125302,-4.72649e-05,1.55006e-05,-0.0138466,-0.073921,-0.0878622
-0.103174,-0.126631,-4.89018e-05,1.64291e-05,-0.0138979,-0.07166,-0.0861117
-0.103174,-0.127393,-4.98869e-05,1.73891e-05,-0.0139749,-0.0692238,-0.0840999
-0.103174,-0.127472,-5.00957e-05,1.8376e-05,-0.0139045,-0.0665989,-0.0818246
-0.103174,-0.126898,-4.95584e-05,1.93756e-05,-0.0139262,-0.0637707,-0.0793381
-0.103174,-0.125697,-4.8298e-05,2.03727e-05,-0.0139531,-0.0607234,-0.0766941
-0.103174,-0.123521,-4.59411e-05,2.13525e-05,-0.0138939,-0.0574406,-0.0738006
-0.103174,-0.120286,-4.24015e-05,2.22973e-05,-0.0139917,-0.0539055,-0.0706789
-0.103174,-0.116851,-3.8592e-05,2.31842e-05,-0.0139068,-0.0501046,-0.0677196
-0.103174,-0.112278,-3.3517e-05,2.3998e-05,-0.0138857,-0.04604,-0.0645776
-0.103174,-0.106887,-2.75205e-05,2.47242e-05,-0.0137782,-0.0417784,-0.0614277
-0.0897617,-0.100324,-1.33949e-05,2.53405e-05,-0.0136918,-0.0376366,-0.0581455
-0.0760051,-0.0922227,2.23249e-05,2.57709e-05,-0.0136265,-0.0339669,-0.0545915
-0.0622485,-0.0828108,7.82307e-05,2.57173e-05,-0.0136429,-0.0309009,-0.050839
-0.0484919,-0.0723389,8.71809e-05,2.47676e-05,-0.0135732,-0.0285089,-0.0469509
-0.0347354,-0.0608038,9.73371e-05,2.31269e-05,-0.0135495,-0.0268452,-0.0428849
-0.0209788,-0.048876,0.000107897,2.12919e-05,-0.0135375,-0.0259534,-0.0388666
-0.0072222,-0.0373841,0.000117968,1.92501e-05,-0.012839,-0.0258384,-0.0351775
0,-0.0321566,0.000121416,1.70016e-05,-0.00766576,-0.0263525,-0.0340973
0,-0.024032,0.000128006,1.46112e-05,-0.00876092,-0.027203,-0.0318531
0,-0.0182721,0.000132137,1.21235e-05,-0.00864597,-0.0281929,-0.0306775
0,-0.0131923,0.000135604,9.52624e-06,-0.00795807,-0.0292748,-0.029821
0,-0.00756575,0.000139709,6.8523e-06,-0.00897748,-0.0304409,-0.0288268
0,-0.00413535,0.000141534,4.10327e-06,-0.00903004,-0.0316939,-0.0288181
0,-0.000309781,0.000143836,1.29267e-06,-0.00995886,-0.0330399,-0.0287279
0,0.00220086,0.000144795,-1.55873e-06,-0.011172,-0.034486,-0.0292899
0,0.00204987,0.000142983,-4.44408e-06,-0.0118214,-0.0360401,-0.0310273
0,0.00206446,0.000141412,-7.32367e-06,-0.0128483,-0.0377109,-0.0328025
0,0.000549525,0.00013828,-1.01692e-05,-0.0125877,-0.0395077,-0.0353487
0,-0.000367613,0.000135851,-1.29692e-05,-0.0124103,-0.0414402,-0.0378021
0,-0.00230965,0.000132397,-1.5713e-05,-0.0114891,-0.043519,-0.0408557
0,-0.00452427,0.00012872,-1.83989e-05,-0.0105897,-0.0457554,-0.0441974
0,-0.00493483,0.000127026,-2.10138e-05,-0.00957365,-0.0481618,-0.047021
0,-0.00480945,0.000125956,-2.35729e-05,-0.00820248,-0.0507516,-0.0498743
0,-0.00297668,0.00012675,-2.61038e-05,-0.00694632,-0.0535392,-0.0522775
0,0.000346819,0.000129166,-2.86301e-05,-0.00581257,-0.0565404,-0.0543389
0,0.00505314,0.000133078,-3.11868e-05,-0.00466435,-0.0597718,-0.0560984
0,0.0114174,0.000138765,-3.38054e-05,-0.00384151,-0.0632514,-0.0574394
0,0.0181225,0.000144815,-3.65181e-05,-0.00310597,-0.0669988,-0.0588811
0,0.02508,0.000151124,-3.93478e-05,-0.00273433,-0.0710348,-0.0604208
0,0.0316124,0.000156964,-4.23009e-05,-0.00286093,-0.0753819,-0.0623021
0,0.0374765,0.00016207,-4.5376e-05,-0.0035038,-0.0800643,-0.0645781
0,0.0411956,0.000164868,-4.85612e-05,-0.00450444,-0.0851081,-0.0677923
0,0.0421985,0.000164752,-5.18278e-05,-0.00570441,-0.0905411,-0.0721001
0,0.0409691,0.00016224,-5.51241e-05,-0.00729908,-0.0963927,-0.0772419
0,0.0371998,0.00015701,-5.83965e-05,-0.00845941,-0.102692,-0.0832849
0,0.0313368,0.00014954,-6.15942e-05,-0.00946299,-0.109459,-0.0899807
0,0.0240914,0.000140588,-6.46747e-05,-0.00601042,-0.116679,-0.0969872
-0.00680833,0.0217941,0.000136879,-6.75849e-05,-0.0055088,-0.124187,-0.101726
-0.0211417,0.0242823,0.000138221,-7.03633e-05,-0.00845962,-0.131677,-0.104305
-0.035475,0.0271429,0.000375478,-7.31129e-05,-0.0106627,-0.138932,-0.10577
-0.0498083,0.0201917,0.00397879,-7.7894e-05,-0.0090029,-0.14588,-0.10734
-0.0641417,0.00585834,0.0232137,-0.000108825,-0.0116636,-0.152483,-0.107151
-0.078475,-0.00847499,0.090422,-0.000332663,-0.0119005,-0.158709,-0.109036
-0.0928083,-0.0228083,0.353076,-0.00123379,-0.0123037,-0.164526,-0.112935
-0.107142,-0.0371417,4.11755,-0.00461816,-0.0134531,-0.169887,-0.112935
0.093525,0.148567,4.11741,-0.0116797,0.0153474,0.0452212,0.0803081
0.0702333,0.108565,3.98367,-0.0231547,0.0192644,0.0407892,0.0660454
0.06235,0.0973858,3.84719,-0.066564,0.0196243,0.0371644,0.0614238
0.050525,0.079714,3.71307,-0.131679,0.0205401,0.0342333,0.0542845
0.0361917,0.0579837,3.58129,-0.207416,0.0207426,0.0320864,0.0461211
0.0218583,0.0341435,3.45119,-0.280557,0.0206109,0.0308187,0.0374001
0.007525,0.0111389,3.32305,-0.351077,0.0197242,0.0304469,0.0292243
0,-0.0230253,3.27787,-0.419012,0.0130744,0.0315252,0.0245362
0,-0.0245272,3.22131,-0.485089,0.0131418,0.0332758,0.0197227
0,-0.0323459,3.09434,-0.550137,0.0129473,0.034472,0.016442
0,-0.0383136,2.96873,-0.613421,0.0111551,0.0354593,0.0151287
0,-0.0428064,2.84533,-0.674177,0.0108111,0.0364744,0.0145742
0,-0.0426909,2.72416,-0.732441,0.00944868,0.0376016,0.0160518
0,-0.0395536,2.6052,-0.788257,0.00927407,0.0388724,0.0187944
0,-0.0345782,2.48849,-0.841669,0.00837816,0.0402979,0.0224011
0,-0.0302082,2.37395,-0.892723,0.00707846,0.041874,0.0257704
0,-0.0291239,2.26163,-0.941462,0.00523474,0.0435871,0.0279383
0,-0.0296561,2.15155,-0.98793,0.00331315,0.04544,0.0297291
0,-0.0310966,2.04371,-1.03217,0.00147211,0.0474513,0.0314345
0,-0.0320951,1.9381,-1.07423,-2.1684e-19,0.0496398,0.0335444
0,-0.0339725,1.83472,-1.11421,4.81482e-35,0.0520194,0.035525
0,-0.0369282,1.73358,-1.15152,-1.06911e-50,0.0546039,0.0373288
0,-0.0405729,1.63467,-1.1868,2.37389e-66,0.0573999,0.039026
0,-0.0446828,1.538,-1.22009,-5.2711e-82,0.0604207,0.0408862
0,-0.0487218,1.44354,-1.25143,1.17042e-97,0.0636908,0.0430419
0,-0.0532564,1.35129,-1.28087,-2.59885e-113,0.0672304,0.0452576
0,-0.0574569,1.26124,-1.30845,5.77061e-129,0.0710597,0.0478658
0,-0.0620193,1.17338,-1.33421,-1.28133e-144,0.0752002,0.0505616
0,-0.0654907,1.0877,-1.35821,2.84513e-160,0.0796751,0.0539136
0,-0.0670766,1.00419,-1.38047,-6.31746e-176,0.0845093,0.0581859
0,-0.0687881,0.922824,-1.40106,1.40276e-191,0.0897296,0.0625226
0,-0.0685904,0.843586,-1.42,-3.11475e-207,0.0953652,0.0677171
0,-0.0656195,0.766447,-1.43735,6.91613e-223,0.101464,0.0741282
0,-0.0595415,0.691376,-1.45314,-1.53569e-238,0.108063,0.0816061
0,-0.0523928,0.618346,-1.46742,3.40992e-254,0.115179,0.0893547
0,-0.0442078,0.547351,-1.48023,-7.57153e-270,0.122831,0.0973162
0,-0.034651,0.478397,-1.4916,1.68122e-285,0.130995,0.105552
0.00744167,-0.0236989,0.411558,-1.50158,-3.73305e-301,0.13947,0.113999
0.0231083,-0.0215589,0.347068,-1.51021,8.28905e-317,0.147883,0.118525
0.038775,-0.0201648,0.285747,-1.51754,1.96144e-321,0.15597,0.12243
0.0544417,-0.0117211,0.226102,-1.52362,-0.00212362,0.163639,0.125798
0.0701083,0.000108333,0.162879,-1.52895,-0.00709421,0.170841,0.127035
0.085775,0.015775,0.094885,-1.53306,-0.00653251,0.177535,0.130288
0.101442,0.0314417,0.0211871,-1.53578,-0.00563328,0.183683,0.135082
0.117108,0.0471083,-0.149397,-1.53712,-0.00474324,0.189241,0.135082
-0.102037,-0.137988,-0.149347,-1.53754,0.00369142,-0.0454534,-0.0751779
-0.0758435,-0.0929271,-0.192389,-1.53825,-0.000607368,-0.0409669,-0.058861
-0.0672427,-0.082716,-0.235847,-1.5367,-0.00061213,-0.0373417,-0.0546613
-0.0551233,-0.0652821,-0.277636,-1.53356,-0.00108765,-0.0344213,-0.0476407
-0.0394855,-0.0425396,-0.317486,-1.52847,-0.00173989,-0.0322891,-0.0391861
-0.0238477,-0.0177348,-0.356088,-1.52258,-0.0017138,-0.0310517,-0.0302169
-0.00820986,0.00714172,-0.39453,-1.51588,-0.000535256,-0.0307289,-0.0214336
0,0.0226986,-0.431908,-1.50841,0,-0.0311523,-0.0165147
0,0.0396326,-0.46789,-1.5002,0,-0.0319824,-0.0110151
0,0.0507197,-0.502395,-1.49106,0,-0.0329899,-0.00797327
0,0.0552668,-0.535414,-1.48122,0,-0.0341194,-0.00755917
0,0.0607211,-0.566955,-1.47071,0,-0.0353608,-0.00679708
0,0.0612015,-0.597039,-1.45956,0,-0.0367169,-0.0081598
0,0.060509,-0.625705,-1.4478,0,-0.038194,-0.0100513
0,0.0588974,-0.652985,-1.43546,0,-0.0398001,-0.0124409
0,0.0584755,-0.678909,-1.42256,0,-0.0415439,-0.0145042
0,0.0588298,-0.7035,-1.40914,0,-0.043435,-0.0164528
0,0.0590028,-0.726786,-1.39522,0,-0.045484,-0.0186776
0,0.0585166,-0.748796,-1.38082,0,-0.0477021,-0.0213685
0,0.0580573,-0.769559,-1.36598,0,-0.0501013,-0.0242584
0,0.0588277,-0.789103,-1.35071,0,-0.0526948,-0.0268927
0,0.0593404,-0.807453,-1.33505,0,-0.0554969,-0.0298964
0,0.0597151,-0.824638,-1.31901,0,-0.0585232,-0.0332096
0,0.0610278,-0.840683,-1.30262,0,-0.0617906,-0.0364119
0,0.0634064,-0.855614,-1.2859,0,-0.0653175,-0.0394721
0,0.0658977,-0.869452,-1.26888,0,-0.0691234,-0.0427713
0,0.0682607,-0.882224,-1.25157,0,-0.0732296,-0.0463832
0,0.07,-0.893951,-1.234,0,-0.0776591,-0.0503512
0,0.07,-0.90463,-1.2162,0,-0.0824364,-0.0547036
0,0.07,-0.914279,-1.19822,0,-0.0875883,-0.0590108
0,0.07,-0.922885,-1.18004,0,-0.0931434,-0.0628457
0,0.07,-0.930507,-1.16168,0,-0.0991326,-0.0672809
0,0.07,-0.937249,-1.14315,0,-0.105539,-0.072354
0,0.07,-0.943242,-1.12448,0,-0.112382,-0.0792218
0,0.07,-0.948529,-1.10568,0,-0.119745,-0.0863148
0,0.0660943,-0.95294,-1.08677,0,-0.127663,-0.0935543
0,0.0571443,-0.956413,-1.06776,0,-0.13612,-0.101845
-0.00690307,0.0438613,-0.959037,-1.04865,0,-0.144923,-0.111455
-0.0231456,0.0335619,-0.960791,-1.02949,0,-0.153686,-0.119413
-0.0393881,0.023832,-0.961193,-1.01028,0,-0.162119,-0.125691
-0.0556307,0.0103218,-0.960054,-0.991062,0.00283675,-0.170123,-0.132162
-0.0718732,-0.00187319,-0.95707,-0.971848,0.0181875,-0.177646,-0.134992
-0.0881157,-0.0181157,-0.949646,-0.952668,0.0169287,-0.184645,-0.139645
-0.104358,-0.0343582,-0.939949,-0.933585,0.0151097,-0.19108,-0.145798
-0.120601,-0.0506008,-0.930119,-0.914675,0.0136277,-0.196906,-0.153449
0.106795,0.128424,-0.930205,-0.895876,-0.00388976,0.0415614,0.0688099
0.083649,0.0819547,-0.927882,-0.869087,-0.00617076,0.0371706,0.0517101
0.0743096,0.0710907,-0.925506,-0.858385,-0.00737386,0.0335553,0.0473202
0.058067,0.0498051,-0.922643,-0.839849,-0.00291685,0.0306801,0.0391703
0.0418245,0.0305798,-0.91929,-0.821365,-4.13319e-11,0.0286618,0.0322798
0.025582,0.0070896,-0.915418,-0.80294,0,0.027567,0.0238824
0.00933945,-0.0186123,-0.910964,-0.784609,0,0.0274096,0.014848
0,-0.0361525,-0.906009,-0.766363,0,0.0280266,0.00924472
0,-0.0530902,-0.900603,-0.748213,0,0.0290657,0.00386363
0,-0.064386,-0.894763,-0.730168,0,0.0302743,0.000821161
0,-0.0652442,-0.888486,-0.712238,0,0.0315915,0.00195929
0,-0.0677694,-0.881821,-0.694431,0,0.0330068,0.00237981
0,-0.066511,-0.874775,-0.676754,0,0.0345236,0.00445549
0,-0.0653512,-0.867378,-0.659216,0,0.0361489,0.00656472
0,-0.0650673,-0.859649,-0.641824,0,0.0378915,0.00846955
0,-0.0643762,-0.8516,-0.624585,0,0.0397609,0.0107082
0,-0.0672139,-0.843253,-0.607505,0,0.0417676,0.0117039
0,-0.0693404,-0.83461,-0.59059,0,0.0439225,0.0132251
0,-0.07,-0.825695,-0.573846,0,0.0462377,0.0154266
0,-0.0692256,-0.816514,-0.557278,0,0.0487256,0.0185869
0,-0.0673924,-0.80709,-0.540842,0,0.0514,0.0222831
0,-0.0653657,-0.797442,-0.524644,0,0.0542756,0.026285
0,-0.0643811,-0.787586,-0.508637,0,0.0573686,0.0301232
0,-0.0638906,-0.777533,-0.492826,0,0.060696,0.0340434
0,-0.0631741,-0.767294,-0.477215,0,0.0642767,0.0383286
0,-0.0636298,-0.756885,-0.461808,0,0.0681305,0.0424083
0,-0.0632386,-0.746314,-0.446608,0,0.0722789,0.0471028
0,-0.0628592,-0.735596,-0.431618,0,0.0767452,0.0520237
0,-0.0624125,-0.724743,-0.416842,0,0.0815542,0.0571928
0,-0.0627965,-0.713767,-0.402282,0,0.0867327,0.062218
0,-0.0650175,-0.702682,-0.387941,0,0.0923096,0.0666693
0,-0.0673415,-0.691493,-0.373821,0,0.0983159,0.0712023
0,-0.0676362,-0.680211,-0.359924,0,0.104768,0.076408
0,-0.0649465,-0.668846,-0.346252,0,0.111697,0.0828811
0,-0.0599007,-0.657413,-0.332807,0,0.119151,0.090137
0,-0.0542996,-0.645923,-0.31959,0,0.127161,0.0973884
0,-0.0458456,-0.634353,-0.306602,0,0.135707,0.105504
0.00692167,-0.0349563,-0.622708,-0.293846,0,0.144597,0.114212
0.023208,-0.0276879,-0.611053,-0.281322,0,0.153441,0.121039
0.0394942,-0.022567,-0.599781,-0.269031,0,0.161951,0.125753
0.0557805,-0.0107116,-0.589479,-0.256962,-0.003843,0.170027,0.130988
0.0720668,0.0020668,-0.581071,-0.245044,-0.0194021,0.177617,0.133071
0.0883531,0.0183531,-0.57678,-0.233309,-0.0183264,0.184679,0.13737
0.104639,0.0346394,-0.574369,-0.221722,-0.0173928,0.191172,0.142805
0.120926,0.0509257,-0.572284,-0.210205,-0.0159628,0.197052,0.149558
-0.107082,-0.148068,-0.572294,-0.198718,0.00545236,-0.042022,-0.0771139
-0.0850958,-0.11029,-0.559719,-0.18321,0.0076021,-0.037573,-0.0633902
-0.0745097,-0.0948707,-0.547197,-0.175788,0.00889607,-0.0339012,-0.0571358
-0.0582235,-0.0690434,-0.534855,-0.164706,0.00442727,-0.0309873,-0.047223
-0.0419372,-0.0413712,-0.522616,-0.153873,-1.58428e-12,-0.0289381,-0.0370115
-0.0256509,-0.0157294,-0.510366,-0.14328,2.01948e-28,-0.0278175,-0.0278679
-0.00936461,0.00986144,-0.49776,-0.133,-4.48416e-44,-0.0276385,-0.018895
0,0.0287703,-0.485086,-0.122969,9.95682e-60,-0.0282376,-0.0127283
0,0.0454584,-0.472465,-0.113191,-2.21086e-75,-0.0292609,-0.00745311
0,0.0575815,-0.459938,-0.103666,4.90909e-91,-0.0304552,-0.0040622
0,0.0632899,-0.447523,-0.094392,-1.09004e-106,-0.0317593,-0.00326229
0,0.0697137,-0.435221,-0.0853671,2.42037e-122,-0.0331625,-0.00218679
0,0.07,-0.42302,-0.0765889,-8.06145e-138,-0.0346679,-0.00333398
0,0.07,-0.41091,-0.0680553,1.19333e-153,-0.0362827,-0.00447955
0,0.07,-0.39893,-0.0597038,-2.64973e-169,-0.0380156,-0.00628755
0,0.07,-0.387051,-0.0515935,5.88359e-185,-0.039876,-0.0077816
0,0.07,-0.375298,-0.0437218,-1.30642e-200,-0.0418743,-0.00975029
0,0.07,-0.363682,-0.0360865,2.90084e-216,-0.0440215,-0.0120072
0,0.07,-0.352244,-0.0286851,-6.44115e-232,-0.0463295,-0.0150168
0,0.07,-0.340997,-0.0215144,1.43022e-247,-0.0488108,-0.0184372
0,0.0693207,-0.329921,-0.0145708,-3.17573e-263,-0.051479,-0.0220279
0,0.0690956,-0.318994,-0.00784496,7.05154e-279,-0.0543488,-0.0253169
0,0.0692787,-0.308219,-0.00139952,-1.56576e-294,-0.0574364,-0.0287055
0,0.07,-0.297596,0.0048295,3.91126e-310,-0.060759,-0.0321274
0,0.07,-0.287102,0.0108452,-5.92879e-322,-0.0643351,-0.0356906
0,0.07,-0.276726,0.0167026,-5.92879e-322,-0.0681846,-0.0393478
0,0.07,-0.266463,0.0223513,-5.92879e-322,-0.0723291,-0.0431737
0,0.07,-0.256311,0.0277935,-5.92879e-322,-0.0767918,-0.0471342
0,0.07,-0.246264,0.0330314,-5.92879e-322,-0.0815974,-0.0511852
0,0.07,-0.23629,0.0380672,-5.92879e-322,-0.0867727,-0.054899
0,0.07,-0.226316,0.0429027,-5.92879e-322,-0.0923467,-0.0582299
0,0.07,-0.216405,0.0475437,-5.92879e-322,-0.0983503,-0.0622868
0,0.07,-0.206688,0.0519808,-5.92879e-322,-0.104755,-0.0670976
0,0.07,-0.197208,0.0562215,-5.92879e-322,-0.111579,-0.0727951
0,0.07,-0.188055,0.0602699,-5.92879e-322,-0.118914,-0.079453
0,0.07,-0.179219,0.0641363,-5.92879e-322,-0.126801,-0.0863188
0,0.07,-0.170592,0.0678178,-5.92879e-322,-0.135227,-0.0941242
-0.00607893,0.0583401,-0.16189,0.0713289,-5.92879e-322,-0.144016,-0.103028
-0.0222894,0.044532,-0.152737,0.0746711,-5.92879e-322,-0.152783,-0.110705
-0.0384999,0.0315001,-0.14235,0.0778311,0.0103723,-0.161227,-0.115606
-0.0547104,0.0152896,-0.132201,0.0808079,0.0181831,-0.169246,-0.123387
-0.0709209,-0.000920893,-0.117394,0.0835839,0.018608,-0.176785,-0.127831
-0.0871314,-0.0171314,-0.100014,0.0861243,0.0175204,-0.183804,-0.133381
-0.103342,-0.0333419,-0.0796236,0.0883244,0.0160351,-0.19026,-0.139014
-0.119552,-0.0495524,-0.0575406,0.0901514,0.0137783,-0.196111,-0.145747
0.107394,0.150006,-0.0575123,0.0917438,-0.00471289,0.0418473,0.0774208
0.0846998,0.103676,-0.0527723,0.0939733,-0.00697021,0.0374203,0.0604184
0.0749735,0.0911237,-0.0480233,0.0946745,-0.00818969,0.0337639,0.0553728
0.058763,0.0690572,-0.0434612,0.0956872,-0.00449788,0.0308481,0.0469216
0.0425525,0.0424539,-0.0390232,0.0966066,-8.35958e-11,0.028786,0.0370835
0.026342,0.0172006,-0.0346743,0.0974381,1.29247e-26,0.027644,0.0280838
0.0101316,-0.00850532,-0.0302946,0.0981577,-2.86986e-42,0.0274394,0.0190654
0,-0.0263278,-0.0259745,0.0987899,6.37237e-58,0.0280249,0.0133418
0,-0.0409159,-0.0217624,0.0993353,-1.41495e-73,0.0290505,0.00889648
0,-0.0528415,-0.01767,0.0997958,3.14182e-89,0.0302502,0.00555958
0,-0.0557934,-0.0136934,0.100174,-6.97624e-105,0.0315596,0.00586378
0,-0.0593593,-0.00984235,0.100475,1.54904e-120,0.0329674,0.0058927
0,-0.0599647,-0.00611214,0.100695,-3.43955e-136,0.0344764,0.00723125
0,-0.063091,-0.00250648,0.10084,7.63734e-152,0.0360938,0.00764798
0,-0.0656174,0.000978716,0.100912,-1.69583e-167,0.0378281,0.00848596
0,-0.0668466,0.00434591,0.100913,3.7655e-183,0.0396889,0.00998971
0,-0.0687634,0.00759527,0.100846,-8.36109e-199,0.0416865,0.0113706
0,-0.0697876,0.0107299,0.100714,1.85653e-214,0.043832,0.0133049
0,-0.0687526,0.0137533,0.100518,-4.12234e-230,0.0461373,0.0162489
0,-0.0673545,0.0166662,0.100261,9.15342e-246,0.0486147,0.0195214
0,-0.0665802,0.0194695,0.0999454,-2.03247e-261,0.051278,0.0227699
0,-0.0672941,0.0221638,0.0995729,4.51299e-277,0.0541419,0.0256776
0,-0.0695953,0.0247503,0.0991458,-1.00208e-292,0.0572223,0.0282292
0,-0.07,0.0271828,0.0986663,1.11254e-308,0.0605364,0.0310693
0,-0.07,0.0294651,0.0981372,1.2154e-321,0.0641029,0.0343296
0,-0.07,0.0316047,0.097573,1.2154e-321,0.0679415,0.037906
0,-0.07,0.0335985,0.0969645,1.2154e-321,0.0720737,0.0416476
0,-0.07,0.0354536,0.0963144,1.2154e-321,0.0765226,0.045683
0,-0.07,0.0371611,0.0956258,1.2154e-321,0.0813129,0.0497595
0,-0.07,0.038687,0.0949013,1.2154e-321,0.0864715,0.0537115
0,-0.07,0.0400165,0.0941451,1.2154e-321,0.0920269,0.0577014
0,-0.07,0.0411947,0.0933594,1.2154e-321,0.0980102,0.0621783
0,-0.07,0.042326,0.0925485,1.2154e-321,0.104404,0.0672445
0,-0.07,0.0435176,0.0917144,1.2154e-321,0.111227,0.0737968
0,-0.07,0.0447506,0.0908578,1.2154e-321,0.118563,0.0808275
0,-0.07,0.0459974,0.0899763,1.2154e-321,0.126451,0.0873831
0,-0.07,0.0472813,0.0890701,1.2154e-321,0.134883,0.0948105
0.00527786,-0.0586109,0.0481695,0.0881392,1.2154e-321,0.143695,0.103344
0.0215174,-0.046063,0.0479001,0.087186,1.2154e-321,0.152506,0.109585
0.037757,-0.032243,0.045859,0.0862248,-0.0139837,0.160999,0.113965
0.0539965,-0.0160035,0.0427703,0.0852821,-0.0224281,0.169067,0.120246
0.0702361,0.000236104,0.0319634,0.0843835,-0.020027,0.176657,0.123407
0.0864757,0.0164757,0.0126546,0.0836145,-0.018093,0.183726,0.127641
0.102715,0.0327152,-0.00865633,0.0831297,-0.0175499,0.190233,0.134253
0.118955,0.0489548,-0.0328814,0.0830578,-0.0152511,0.196136,0.141215
-0.108399,-0.167222,-0.0334788,0.0832309,0.00471386,-0.0422061,-0.0829914
-0.0860697,-0.119448,-0.0298127,0.0834689,0.0069272,-0.0377215,-0.0662377
-0.07592,-0.106171,-0.0261439,0.083875,0.0081501,-0.0340058,-0.0611963
-0.0596804,-0.0838443,-0.0226059,0.0844401,0.00521321,-0.0310341,-0.0526308
-0.0434408,-0.0635973,-0.0191659,0.0849311,6.25392e-11,-0.0289162,-0.0453165
-0.0272013,-0.0384539,-0.015794,0.085354,-1.29247e-26,-0.0277188,-0.0362482
-0.0109617,-0.0129829,-0.0124036,0.0856901,2.86986e-42,-0.0274625,-0.0273092
0,0.00767247,-0.00907346,0.0859585,-6.37237e-58,-0.0280151,-0.0204405
0,0.0269829,-0.00583606,0.08616,1.41495e-73,-0.0290273,-0.0141437
0,0.0405921,-0.00270475,0.0862961,-3.14182e-89,-0.0302186,-0.010198
0,0.0429969,0.000312717,0.086369,6.97624e-105,-0.0315208,-0.0107373
0,0.0432914,0.00322658,0.0863809,-1.54904e-120,-0.0329215,-0.0120546
0,0.0351777,0.00603135,0.0863338,3.43955e-136,-0.0344232,-0.0168148
0,0.027122,0.00873746,0.08623,-7.63734e-152,-0.0360331,-0.0215527
0,0.0165677,0.0113437,0.0860715,1.69583e-167,-0.0377595,-0.0274317
0,0.00366074,0.0138517,0.0858603,-3.7655e-183,-0.0396121,-0.0343684
0,-0.0105826,0.0162641,0.0856008,8.36109e-199,-0.0416011,-0.0419735
0,-0.0306227,0.0185778,0.08529,-1.85653e-214,-0.0437374,-0.0520588
0,-0.0545482,0.0207963,0.0849323,4.12234e-230,-0.046033,-0.0638073
0,-0.07,0.0225507,0.0845297,-1.02976e-245,-0.0485003,-0.0773053
0,-0.07,0.0210677,0.0840901,3.17573e-261,-0.0511528,-0.0932057
0,-0.07,-0.0219765,0.0836502,-1.07183e-276,-0.0540051,-0.110178
0,-0.07,-0.191773,0.0834656,-0.062835,-0.0570732,-0.127158
0,-0.07,-3.48072,0.0840749,-0.0605524,-0.0603742,-0.146755
0,-0.07,-7,0.088198,-0.0489319,-0.0639417,-0.171365
0,-0.07,-7,0.203158,-0.0235286,-0.0679468,-0.209246
0,-0.07,-7,0.278398,-0.0152489,-0.0723336,-0.218477
0,-0.07,-7,0.376398,-0.00502556,-0.0768775,-0.227273
0,-0.07,-7,0.516398,-0.00568575,-0.0816455,-0.230685
0,-0.07,-7,0.656398,-0.00228419,-0.0876096,-0.245103
0,-0.07,-7,0.796398,-0.00617817,-0.0964327,-0.26033
0,-0.07,-7,0.936398,-0.0123672,-0.107741,-0.27559
0,-0.07,-7,1.0764,-0.011429,-0.12008,-0.28608
0,-0.07,-7,1.2164,-0.0130923,-0.133086,-0.28539
-0.000501143,-0.0705011,-7,1.3564,-0.0173331,-0.146577,-0.272705
-0.0305697,-0.10057,-6.76541,1.5664,-0.00571177,-0.160119,-0.246843
-0.0305697,-0.10057,-6.48753,1.5664,4.18394e-10,-0.173123,-0.230651
-0.0671531,-0.137153,-6.2124,1.81932,0.00221241,-0.185427,-0.226532
-0.080684,-0.137036,-5.94251,1.90676,0.0112614,-0.197056,-0.221123
-0.10073,-0.111211,-5.68098,2.02885,0.0169355,-0.207923,-0.214669
-0.120775,-0.0918677,-5.42591,2.14548,0.0251097,-0.217988,-0.210567
-0.140821,-0.0774768,-5.17676,2.25693,0.0365239,-0.227207,-0.207727
0.139819,0.125217,-5.1766,2.36545,-3.46945e-18,0.0651533,0.0732866
0.119773,0.106075,-4.92862,2.47185,5.77779e-34,0.0577766,0.0660131
0.0997274,0.107271,-4.68568,2.57327,-0.00179413,0.051407,0.0652314
0.0796817,0.122617,-4.44736,2.6699,-0.00372409,0.0461087,0.0699555
0.059636,0.121034,-4.21393,2.76159,-5.72586e-12,0.0419498,0.0714078
0.0395903,0.101927,-3.98461,2.84878,8.07794e-28,0.0389976,0.0682884
0.0195446,0.0772821,-3.75496,2.931,-1.12104e-43,0.0372969,0.0612895
0,0.07,-3.5281,3.00874,-1.2446e-60,0.0367889,0.054197
0,0.0557634,-3.30492,3.08214,0,0.0370371,0.0482766
0,0.033413,-3.08643,3.1508,0,0.0375749,0.0405343
0,0.0167199,-2.87317,3.21384,0,0.0382824,0.035291
0,0.00270735,-2.66515,3.27259,0,0.0391314,0.0311528
0,-0.007497,-2.46234,3.32714,0,0.0401181,0.0286244
0,-0.0113487,-2.2647,3.3776,0,0.0412457,0.0287147
0,-0.0110191,-2.07218,3.42408,0,0.0425198,0.0305294
0,-0.00768029,-1.88475,3.46668,0,0.0439472,0.0336459
0,-0.0067441,-1.70237,3.5055,0,0.0455358,0.0359347
0,-0.00744856,-1.525,3.54064,0,0.0472942,0.0377968
0,-0.00933207,-1.35258,3.5722,0,0.0492323,0.0394193
0,-0.0120166,-1.18505,3.60029,0,0.0513605,0.0409582
0,-0.0131203,-1.02238,3.625,0,0.0536903,0.0433742
0,-0.0128531,-0.864496,3.64642,0,0.0562346,0.0465605
0,-0.0140223,-0.711353,3.66466,0,0.0590074,0.0494104
0,-0.0191841,-0.562896,3.6798,0,0.0620242,0.0509551
0,-0.0256098,-0.419057,3.6921,0,0.0653019,0.0523283
0,-0.032641,-0.279781,3.70134,0,0.0688587,0.0537516
0,-0.0371807,-0.145003,3.70778,0,0.0727145,0.0564469
0,-0.0381038,-0.0146623,3.71148,0,0.0768908,0.0608038
0,-0.0386244,0.111299,3.71256,0,0.0814109,0.0655021
0,-0.043907,0.232936,3.71109,0,0.0862999,0.0684999
0,-0.0520313,0.350318,3.70716,0,0.0915851,0.0706048
0,-0.0617684,0.463507,3.70086,0,0.0972959,0.0722297
0,-0.07,0.572475,3.69227,0,0.103464,0.0738737
0,-0.0648874,0.677347,3.68147,0,0.109798,0.0791756
0,-0.0603637,0.778323,3.66913,0,0.116239,0.085843
0,-0.0545548,0.87541,3.65417,0,0.123126,0.0929058
0,-0.0450915,0.968663,3.63724,0,0.130555,0.101211
0,-0.0395413,1.058,3.61843,0,0.1385,0.107631
0.0121562,-0.0252134,1.14306,3.59781,0,0.146674,0.11728
0.0278416,-0.0186268,1.22384,3.57546,0,0.154694,0.123318
0.043527,-0.0138078,1.29941,3.55146,0,0.162375,0.128354
0.0592124,-0.00432331,1.36983,3.52593,-0.000184437,0.169642,0.133812
0.0748978,0.00769637,1.43552,3.49899,-0.0116859,0.176448,0.136202
0.0905832,0.0205832,1.49601,3.4711,-0.0118379,0.182754,0.141959
0.106269,0.0362686,1.55236,3.44197,-0.0113635,0.188517,0.148459
-0.113327,-0.143637,1.55242,3.41157,0.00213553,-0.0415873,-0.0740489
-0.0976417,-0.119082,1.60996,3.38052,0.00390057,-0.0370452,-0.0644425
-0.0819562,-0.0947903,1.66486,3.34895,0.0054768,-0.0331881,-0.0548425
-0.0662708,-0.0710154,1.71725,3.31626,0.00734321,-0.0300702,-0.0457809
-0.0505854,-0.0446636,1.76707,3.28249,1.82035e-11,-0.0277489,-0.0359777
-0.0349,-0.0189469,1.81405,3.24772,0,-0.0262816,-0.0267162
-0.0192146,0.00767225,1.85962,3.21173,0,-0.0257133,-0.0172853
-0.00352922,0.0296018,1.90353,3.17481,0,-0.0260287,-0.00989833
0,0.0408475,1.94495,3.137,0,-0.0269688,-0.00682489
0,0.0557151,1.98372,3.09835,0,-0.0281846,-0.00223721
0,0.0598911,2.01985,3.05891,0,-0.0295282,-0.00206704
0,0.0634001,2.05337,3.01873,0,-0.0309665,-0.00209888
0,0.0669681,2.08435,2.97786,0,-0.0324968,-0.00220637
0,0.0680527,2.11282,2.93636,0,-0.0341248,-0.00342738
0,0.0695716,2.1389,2.89427,0,-0.0358589,-0.00457043
0,0.07,2.16266,2.85165,0,-0.0377084,-0.00605099
0,0.07,2.18419,2.80854,0,-0.0396836,-0.00735531
0,0.07,2.20351,2.76509,0,-0.0417955,-0.00958482
0,0.07,2.22066,2.72124,0,-0.0440558,-0.0125687
0,0.0684843,2.23571,2.67701,0,-0.0464768,-0.0161975
0,0.0670483,2.24878,2.63246,0,-0.0490719,-0.0195831
0,0.0683424,2.25991,2.58757,0,-0.0518551,-0.0221152
0,0.068954,2.26911,2.54243,0,-0.054842,-0.0252099
0,0.0672427,2.27647,2.49711,0,-0.0580494,-0.0294797
0,0.0645337,2.28206,2.45162,0,-0.0614951,-0.034377
0,0.0631939,2.28595,2.40601,0,-0.0651984,-0.0389795
0,0.063047,2.28818,2.36032,0,-0.0691799,-0.0433906
0,0.0625628,2.28879,2.31457,0,-0.0734619,-0.0482091
0,0.0620483,2.28783,2.2688,0,-0.0780683,-0.0532716
0,0.0597984,2.28537,2.22303,0,-0.0830247,-0.0592376
0,0.0572832,2.28145,2.17731,0,-0.0883589,-0.0654583
0,0.0542358,2.27614,2.13166,0,-0.0941004,-0.0720175
0,0.0512386,2.26948,2.0861,0,-0.100281,-0.0786226
0,0.0443509,2.2615,2.04067,0,-0.106873,-0.0862878
0,0.0360253,2.25227,1.9954,0,-0.113892,-0.09485
0,0.0269289,2.24182,1.9503,0,-0.121432,-0.103567
0,0.0183505,2.23021,1.9054,0,-0.129529,-0.111858
0,0.00674336,2.21748,1.86072,0,-0.138148,-0.121084
-0.0109754,-0.00834655,2.20367,1.8163,0,-0.147018,-0.131302
-0.0272352,-0.0189621,2.18895,1.77214,0,-0.155744,-0.139274
-0.0434949,-0.0201682,2.17335,1.72827,0,-0.164106,-0.14312
-0.0597547,-0.0194169,2.15651,1.68471,0,-0.172023,-0.145876
-0.0760145,-0.012879,2.1388,1.64148,0.0056259,-0.179445,-0.143913
-0.0922743,-0.0222743,2.12273,1.59858,0.0165232,-0.186333,-0.143407
-0.108534,-0.0385341,2.11188,1.55589,0.015695,-0.192643,-0.1435
0.119103,0.176461,2.11227,1.51352,-0.00564851,0.0455658,0.0886719
0.0979652,0.153382,2.09102,1.45861,-0.0079499,0.0405871,0.0787204
0.0865834,0.13611,2.06926,1.4291,-0.00913627,0.0363377,0.0720916
0.0703236,0.109842,2.04689,1.38745,-0.010997,0.0328215,0.0629236
0.0540638,0.0818237,2.02392,1.34625,-0.00270099,0.0301286,0.052675
0.037804,0.0541421,2.00065,1.30551,-6.89348e-11,0.0283259,0.04256
0.0215442,0.0278303,1.97675,1.26524,1.29247e-26,0.0274632,0.0332026
0.00528443,0.00476989,1.95155,1.22556,-2.86986e-42,0.0275317,0.0252915
0,-0.00906307,1.92562,1.18638,6.37237e-58,0.0282911,0.0211433
0,-0.026966,1.89917,1.14771,-1.41495e-73,0.0293802,0.0153295
0,-0.037473,1.87229,1.10957,3.14182e-89,0.0306162,0.0126265
0,-0.0444615,1.84505,1.07197,-6.97624e-105,0.0319562,0.0113159
0,-0.0517114,1.81748,1.0349,1.54904e-120,0.0333947,0.0099574
0,-0.0551669,1.7896,0.998386,-3.43955e-136,0.0349363,0.0102395
0,-0.0572099,1.76146,0.962427,7.63734e-152,0.0365886,0.0111613
0,-0.0577318,1.73307,0.927029,-1.69583e-167,0.0383606,0.012816
0,-0.0584977,1.70446,0.892197,3.7655e-183,0.040262,0.0145111
0,-0.0596507,1.67567,0.857936,-8.36109e-199,0.0423035,0.0162313
0,-0.0606022,1.6467,0.82425,1.85653e-214,0.0444962,0.0182291
0,-0.0611138,1.6176,0.791142,-4.12234e-230,0.0468523,0.0206042
0,-0.0598703,1.58839,0.758616,9.15342e-246,0.0493845,0.0238934
0,-0.0601964,1.55908,0.726673,-2.03247e-261,0.0521067,0.0267638
0,-0.0597933,1.52971,0.695315,4.51299e-277,0.0550342,0.030197
0,-0.0605452,1.5003,0.664545,-1.00208e-292,0.0581831,0.0334155
0,-0.0623439,1.47085,0.634362,2.22507e-308,0.0615712,0.0364983
0,-0.0644534,1.4414,0.604768,2.4308e-321,0.0652173,0.0397406
0,-0.0668067,1.41197,0.575764,2.4308e-321,0.0691419,0.0431551
0,-0.0695506,1.38257,0.547348,2.4308e-321,0.0733667,0.0466732
0,-0.07,1.35314,0.51952,2.4308e-321,0.0779155,0.0502501
0,-0.07,1.32369,0.492281,2.4308e-321,0.0828134,0.0536862
0,-0.07,1.29421,0.465483,2.4308e-321,0.0880879,0.057215
0,-0.07,1.26472,0.439274,2.4308e-321,0.0937684,0.0609329
0,-0.07,1.23534,0.413641,2.4308e-321,0.0998863,0.0659144
0,-0.07,1.20624,0.388611,2.4308e-321,0.106283,0.0713366
0,-0.07,1.17738,0.364122,2.4308e-321,0.112939,0.0776563
0,-0.07,1.14881,0.340257,2.4308e-321,0.120069,0.0843432
0,-0.0669832,1.12052,0.316967,2.4308e-321,0.127741,0.0922203
0,-0.0561004,1.09242,0.294231,2.4308e-321,0.135941,0.101088
0.00837098,-0.0425478,1.06453,0.272214,2.4308e-321,0.144451,0.110572
0.0243157,-0.0356973,1.03686,0.250756,2.4308e-321,0.152889,0.116675
0.0402604,-0.0256299,1.00875,0.229853,2.4308e-321,0.160999,0.121453
0.0562051,-0.012805,0.980239,0.20934,-0.00919613,0.168689,0.126795
0.0721498,0.00214984,0.947014,0.189394,-0.0134354,0.175911,0.129265
0.0880946,0.0180946,0.910071,0.170005,-0.0127776,0.182621,0.133842
0.104039,0.0340393,0.86871,0.151378,-0.011228,0.188779,0.139024
-0.119187,-0.166311,0.868686,0.133508,0.00221497,-0.0448292,-0.0839934
-0.0968641,-0.12893,0.844244,0.109184,0.00480041,-0.0399622,-0.0695632
-0.0872973,-0.112653,0.819964,0.098772,0.00499933,-0.0357991,-0.0629421
-0.0713526,-0.0899105,0.79622,0.0820935,0.00440482,-0.0323267,-0.0540557
-0.0554079,-0.0670792,0.772708,0.065908,0.00179458,-0.0296436,-0.045544
-0.0394632,-0.0432703,0.749589,0.0501834,2.33952e-11,-0.0278187,-0.0369102
-0.0235185,-0.0198793,0.726413,0.0349258,-6.46235e-27,-0.026904,-0.0286761
-0.00757374,0.00294947,0.70279,0.0202584,1.43493e-42,-0.0269027,-0.0208326
0,0.0166856,0.679261,0.0060609,-3.18618e-58,-0.0276251,-0.0167426
0,0.0327408,0.656005,-0.0076655,7.07475e-74,-0.0287232,-0.0116897
0,0.0423099,0.63307,-0.0209251,-1.57091e-89,-0.0299773,-0.00935568
0,0.0463694,0.610474,-0.0337241,3.48812e-105,-0.0313353,-0.00922076
0,0.0520741,0.588229,-0.0460692,-7.74518e-121,-0.0327892,-0.00845209
0,0.0540715,0.566332,-0.0579672,1.71978e-136,-0.0343429,-0.00930768
0,0.0562292,0.544791,-0.0694253,-3.81867e-152,-0.0360042,-0.0101734
0,0.0584838,0.523608,-0.0804503,8.47915e-168,-0.0377818,-0.0111469
0,0.0616126,0.502787,-0.0910496,-1.88275e-183,-0.0396857,-0.011931
0,0.0644633,0.482328,-0.10123,4.18054e-199,-0.0417262,-0.0130124
0,0.0663736,0.462234,-0.111,-9.28267e-215,-0.0439149,-0.0146532
0,0.0678516,0.442506,-0.120365,2.06117e-230,-0.0462636,-0.0166542
0,0.0690728,0.423145,-0.129333,-4.57671e-246,-0.0487852,-0.018968
0,0.0695012,0.404151,-0.137912,1.01623e-261,-0.0514936,-0.0218265
0,0.07,0.385525,-0.146109,-2.39752e-277,-0.0544037,-0.0248729
0,0.07,0.367272,-0.153932,5.01042e-293,-0.0575317,-0.0283233
0,0.07,0.349392,-0.161478,-1.11254e-308,-0.0608953,-0.0319715
0,0.07,0.33189,-0.168662,-1.2154e-321,-0.0645131,-0.0358084
0,0.07,0.314761,-0.175493,-1.2154e-321,-0.0684053,-0.0399539
0,0.07,0.29801,-0.181976,-1.2154e-321,-0.0725937,-0.0442907
0,0.07,0.281638,-0.188121,-1.2154e-321,-0.0771017,-0.0488218
0,0.07,0.265663,-0.193934,-1.2154e-321,-0.0819544,-0.053281
0,0.07,0.250117,-0.199423,-1.2154e-321,-0.0871788,-0.0574121
0,0.07,0.235007,-0.204596,-1.2154e-321,-0.0928041,-0.0615357
0,0.07,0.220248,-0.209462,-1.2154e-321,-0.0988615,-0.0669542
0,0.07,0.205738,-0.21403,-1.2154e-321,-0.105314,-0.0732505
0,0.07,0.191497,-0.218304,-1.2154e-321,-0.112176,-0.0797324
0,0.0697147,0.177507,-0.222291,-1.2154e-321,-0.119549,-0.086489
0,0.0650145,0.16388,-0.226002,-1.2154e-321,-0.127474,-0.0934087
0,0.0568534,0.150641,-0.229361,-1.2154e-321,-0.135938,-0.101379
-0.00690035,0.0487708,0.137776,-0.232453,-1.2154e-321,-0.144746,-0.108931
-0.0231365,0.0407309,0.125821,-0.235292,-1.2154e-321,-0.153513,-0.114598
-0.0393726,0.0306274,0.11636,-0.237892,0.00688753,-0.16195,-0.117588
-0.0556087,0.0143913,0.107567,-0.240338,0.0165657,-0.169957,-0.124749
-0.0718449,-0.00184487,0.103824,-0.242599,0.0190783,-0.177483,-0.128512
-0.088081,-0.018081,0.103435,-0.244724,0.0179792,-0.184486,-0.134008
-0.104317,-0.0343171,0.104583,-0.246797,0.0169531,-0.190923,-0.14061
-0.120553,-0.0505533,0.106668,-0.248876,0.0153069,-0.196752,-0.147377
0.106753,0.151996,0.106754,-0.250968,-0.0049782,0.0416172,0.0779961
0.0844279,0.107888,0.0953296,-0.253844,-0.00716457,0.0372152,0.0620659
0.0742803,0.0924159,0.0840241,-0.255166,-0.00842408,0.0335869,0.0558666
0.0580442,0.0675629,0.0731344,-0.25697,-0.00395492,0.0307079,0.046356
0.041808,0.0433102,0.0625386,-0.258553,9.98014e-12,0.0286879,0.0375059
0.0255719,0.0159155,0.0521606,-0.259925,-1.61559e-27,0.0275918,0.0276198
0.00933577,-0.0104546,0.041729,-0.261031,3.58732e-43,0.027433,0.0183714
0,-0.0266053,0.0314956,-0.261928,-7.96546e-59,0.0280485,0.0133262
0,-0.0428324,0.0215449,-0.262619,1.76869e-74,0.029086,0.00820053
0,-0.0572864,0.0119042,-0.26311,-3.92727e-90,0.0302932,0.00387904
0,-0.0645556,0.00258644,-0.263406,8.7203e-106,0.031609,0.00249849
0,-0.07,-0.0064945,-0.263514,-1.9363e-121,0.0330231,0.000615989
0,-0.07,-0.0153321,-0.263438,4.29944e-137,0.0345387,0.00102024
0,-0.07,-0.0239166,-0.263229,-9.54668e-153,0.0361629,0.0018404
0,-0.07,-0.0322369,-0.262845,2.11979e-168,0.0379045,0.00301647
0,-0.07,-0.0402485,-0.262292,-4.70687e-184,0.039773,0.005068
0,-0.07,-0.0479994,-0.261575,1.04514e-199,0.0417788,0.00668263
0,-0.07,-0.0554724,-0.2607,-2.32067e-215,0.0439329,0.00876127
0,-0.07,-0.0626837,-0.259673,2.57646e-231,0.0462473,0.0109873
0,-0.07,-0.0695859,-0.258502,-5.72089e-247,0.0487346,0.0139876
0,-0.07,-0.0761524,-0.257186,1.27029e-262,0.0514083,0.0178083
0,-0.07,-0.08241,-0.255739,-2.82062e-278,0.0542833,0.0216254
0,-0.07,-0.0883967,-0.254159,6.26303e-294,0.0573757,0.025205
0,-0.07,-0.0941588,-0.252457,-1.39067e-309,0.0607027,0.0284117
0,-0.07,-0.0997097,-0.250638,1.68476e-321,0.0642828,0.0317188
0,-0.07,-0.105065,-0.248704,1.68476e-321,0.0681362,0.0352654
0,-0.07,-0.110258,-0.246665,1.68476e-321,0.0722842,0.0388166
0,-0.07,-0.115297,-0.244517,1.68476e-321,0.0767501,0.0425542
0,-0.07,-0.120235,-0.242266,1.68476e-321,0.0815587,0.0459394
0,-0.07,-0.125192,-0.239916,1.68476e-321,0.0867369,0.0487132
0,-0.07,-0.130188,-0.237469,1.68476e-321,0.0923135,0.0515652
0,-0.07,-0.135141,-0.23492,1.68476e-321,0.0983195,0.0550506
0,-0.07,-0.139818,-0.232272,1.68476e-321,0.104689,0.0592263
0,-0.07,-0.14417,-0.229527,1.68476e-321,0.111427,0.0642277
0,-0.07,-0.148274,-0.226691,1.68476e-321,0.118663,0.0702646
0,-0.07,-0.153008,-0.223773,1.68476e-321,0.126447,0.07611
0,-0.07,-0.158872,-0.22077,-0.000104616,0.134774,0.0826631
0.00524945,-0.0647505,-0.165788,-0.217663,-0.0117533,0.143483,0.0898229
0.0214016,-0.0485984,-0.174426,-0.21443,-0.0215885,0.152193,0.0969576
0.0375538,-0.0324462,-0.19618,-0.211054,-0.0177052,0.160591,0.100996
0.0537059,-0.0162941,-0.220334,-0.207402,-0.0199987,0.168569,0.10797
0.0698581,-0.00014191,-0.265946,-0.203273,-0.017925,0.176074,0.112867
0.0860103,0.0160103,-0.339188,-0.198547,-0.0159348,0.183065,0.11919
0.102162,0.0321624,-0.394475,-0.192715,-0.0145829,0.189499,0.128572
0.118315,0.0483146,-0.433654,-0.185462,-0.0124001,0.195334,0.138326
-0.107816,-0.162362,-0.433917,-0.177572,0.00516148,-0.0417587,-0.0815832
-0.0839912,-0.110421,-0.425224,-0.165935,0.00750221,-0.0373472,-0.0631398
-0.0747037,-0.100152,-0.416566,-0.160965,0.00778084,-0.0337128,-0.0590562
-0.0593592,-0.0835434,-0.408027,-0.152946,0.00563252,-0.0308007,-0.0526683
-0.043207,-0.0692672,-0.399549,-0.144688,7.07226e-12,-0.0287203,-0.0476578
-0.0270549,-0.0482996,-0.39106,-0.136599,-1.61559e-27,-0.0275498,-0.0401707
-0.0109027,-0.0245635,-0.382306,-0.128727,3.58732e-43,-0.0273131,-0.0318645
0,-0.00517031,-0.373465,-0.121028,-7.96546e-59,-0.0278796,-0.0254762
0,0.0152277,-0.364632,-0.113506,1.76869e-74,-0.0289023,-0.0187283
0,0.0307833,-0.355842,-0.10616,-3.92727e-90,-0.0301029,-0.0140239
0,0.0383261,-0.347113,-0.0989907,8.7203e-106,-0.0314136,-0.0125431
0,0.0460032,-0.338441,-0.0919961,-1.9363e-121,-0.0328221,-0.0109926
0,0.0460325,-0.329841,-0.0851752,4.29944e-137,-0.034331,-0.0126153
0,0.0447814,-0.321308,-0.0785268,-9.54668e-153,-0.0359476,-0.0147616
0,0.0417687,-0.312848,-0.0720495,2.11979e-168,-0.0376802,-0.017734
0,0.0374108,-0.304462,-0.0657418,-4.70687e-184,-0.0395386,-0.0213728
0,0.0349572,-0.296152,-0.0596022,1.04514e-199,-0.0415329,-0.0244013
0,0.0343928,-0.287919,-0.0536293,-2.32067e-215,-0.0436742,-0.0268903
0,0.0352539,-0.279767,-0.0478215,5.15292e-231,-0.0459744,-0.0290393
0,0.0383888,-0.271699,-0.0421773,-1.14418e-246,-0.0484459,-0.0305165
0,0.0436036,-0.263716,-0.0366949,2.54059e-262,-0.0511023,-0.031428
0,0.0494412,-0.255823,-0.0313727,-5.64123e-278,-0.0539583,-0.0323658
0,0.0548062,-0.248023,-0.0262089,1.25261e-293,-0.0570298,-0.0337564
0,0.0598595,-0.240318,-0.0212016,-2.78134e-309,-0.060334,-0.0355268
0,0.0657031,-0.232709,-0.016349,-1.47726e-321,-0.0638893,-0.0372438
0,0.07,-0.225151,-0.0116492,-1.47726e-321,-0.0677156,-0.0391118
0,0.07,-0.217543,-0.00710084,-1.47726e-321,-0.0718343,-0.0413471
0,0.07,-0.209886,-0.0026663,-1.47726e-321,-0.0762682,-0.043945
0,0.07,-0.202169,0.00161947,-1.47726e-321,-0.0810423,-0.0470214
0,0.07,-0.19444,0.00574774,-1.47726e-321,-0.086183,-0.0506992
0,0.07,-0.186767,0.00972155,-1.47726e-321,-0.091719,-0.0551767
0,0.07,-0.179204,0.0135413,-1.47726e-321,-0.0976811,-0.0602531
0,0.07,-0.171872,0.0172086,-1.47726e-321,-0.104061,-0.0662411
0,0.07,-0.164825,0.0207267,-1.47726e-321,-0.110883,-0.0730887
0,0.07,-0.158077,0.0241007,-1.47726e-321,-0.118219,-0.0806358
0,0.07,-0.151616,0.0273398,-1.47726e-321,-0.126107,-0.0881329
0,0.0666553,-0.145462,0.0304432,-1.47726e-321,-0.134542,-0.0970601
-0.00447367,0.053992,-0.13943,0.0334202,-1.47726e-321,-0.143377,-0.106586
-0.0207415,0.042946,-0.133086,0.0362449,-1.47726e-321,-0.15223,-0.113643
-0.0370094,0.0316964,-0.125488,0.0389511,0.00316783,-0.16077,-0.118215
-0.0532773,0.0167227,-0.117593,0.0415558,0.0143059,-0.168887,-0.124731
-0.0695452,0.000454832,-0.105096,0.0440063,0.0175423,-0.176526,-0.128465
-0.085813,-0.015813,-0.0875542,0.046277,0.015824,-0.183645,-0.132762
-0.102081,-0.0320809,-0.0673045,0.0482386,0.0148694,-0.190203,-0.138856
-0.118349,-0.0483488,-0.0445063,0.0498175,0.0131527,-0.196156,-0.145252
0.109401,0.153528,-0.0444614,0.0511636,-0.00453884,0.0425588,0.0788829
0.0862197,0.110943,-0.0414221,0.0530818,-0.00662312,0.0380304,0.0634191
0.0760523,0.0964183,-0.0383919,0.053649,-0.00636172,0.0342827,0.0575304
0.0605978,0.0742855,-0.0354547,0.0544148,-0.0051424,0.0312709,0.0489749
0.04433,0.0499465,-0.0325895,0.0551562,4.45383e-12,0.0290985,0.0400096
0.0280621,0.02521,-0.0297861,0.0558409,-1.61559e-27,0.027843,0.031155
0.0117942,-0.000607054,-0.02696,0.0564535,3.58732e-43,0.0275317,0.022063
0,-0.0193425,-0.0241599,0.0570096,-7.96546e-59,0.0280481,0.0159599
0,-0.0355934,-0.0214237,0.0575096,1.76869e-74,0.0290437,0.0108504
0,-0.050399,-0.0187604,0.0579545,-3.92727e-90,0.0302237,0.00637497
0,-0.0570717,-0.0161649,0.0583457,8.7203e-106,0.031516,0.00522316
0,-0.0653469,-0.0136479,0.0586846,-1.9363e-121,0.0329071,0.00341342
0,-0.0669491,-0.0112013,0.0589726,4.29944e-137,0.0343993,0.00441002
0,-0.0666692,-0.008828,0.0592114,-9.54668e-153,0.0359995,0.00618505
0,-0.066613,-0.00652906,0.0594022,2.11979e-168,0.0377161,0.00798391
0,-0.0648116,-0.00430146,0.0595465,-4.70687e-184,0.0395586,0.0106388
0,-0.0647018,-0.00214745,0.0596459,1.04514e-199,0.0415372,0.0127617
0,-0.0648957,-6.50028e-05,0.0597018,-2.32067e-215,0.0436629,0.0149744
0,-0.0648964,0.00194735,0.0597156,5.15292e-231,0.0459474,0.0174689
0,-0.0647367,0.00389064,0.0596887,-1.14418e-246,0.0484031,0.0202381
0,-0.0658824,0.00576438,0.0596226,2.54059e-262,0.0510435,0.0227129
0,-0.0663629,0.00757137,0.0595185,-5.64123e-278,0.0538831,0.0257162
0,-0.0658954,0.00931313,0.0593779,1.25261e-293,0.0569379,0.0293419
0,-0.0651366,0.0109903,0.0592021,-2.78134e-309,0.0602248,0.0333319
0,-0.0646248,0.0126033,0.0589924,-1.47726e-321,0.0637622,0.0374859
0,-0.064631,0.014153,0.05875,-1.47726e-321,0.0675699,0.0417035
0,-0.0652319,0.0156402,0.0584762,-1.47726e-321,0.0716692,0.0459519
0,-0.0664797,0.0170658,0.0581723,-1.47726e-321,0.0760829,0.0501981
0,-0.0688223,0.0184302,0.0578396,-1.47726e-321,0.0808356,0.0542425
0,-0.07,0.019684,0.0574792,-1.47726e-321,0.0859538,0.0581769
0,-0.07,0.0207809,0.057093,-1.47726e-321,0.0914661,0.0619866
0,-0.07,0.0217384,0.0566895,-1.47726e-321,0.0974031,0.0660858
0,-0.07,0.0226674,0.0562652,-1.47726e-321,0.103793,0.0717672
0,-0.07,0.0236292,0.0558221,-1.47726e-321,0.110668,0.0783624
0,-0.07,0.0246461,0.0553601,-1.47726e-321,0.118069,0.0852124
0,-0.0667276,0.0256543,0.0548784,-1.47726e-321,0.126024,0.0922957
0,-0.0602871,0.0266059,0.0543769,-1.47726e-321,0.134526,0.0997023
0.00448773,-0.0501935,0.0275051,0.0538505,-1.47726e-321,0.143427,0.108191
0.0208068,-0.0418399,0.0279955,0.0533057,-1.47726e-321,0.152344,0.114553
0.0371258,-0.0314766,0.0268702,0.052749,-0.00326359,0.160945,0.118603
0.0534448,-0.0165552,0.0250766,0.052197,-0.0156806,0.169119,0.124559
0.0697638,-0.000236154,0.0184909,0.0516721,-0.021065,0.176812,0.127525
0.0860829,0.0160829,0.0058825,0.0512167,-0.0191869,0.183981,0.131097
0.102402,0.0324019,-0.0115648,0.0509478,-0.0186506,0.190585,0.135901
0.118721,0.0487209,-0.0348515,0.0509697,-0.0164076,0.196582,0.141604
-0.109745,-0.173312,-0.0360684,0.051201,0.00460925,-0.042861,-0.0853353
-0.0873068,-0.127664,-0.0334814,0.051519,0.00683047,-0.0382883,-0.0690142
-0.0771074,-0.112178,-0.0307949,0.0519576,0.00803558,-0.0344874,-0.063309
-0.0607884,-0.0882796,-0.028116,0.0526031,0.00586328,-0.0314328,-0.0544123
-0.0444694,-0.0661528,-0.0255063,0.0531962,-1.04085e-11,-0.0292351,-0.0463489
-0.0281503,-0.0399416,-0.0229436,0.0537363,1.61559e-27,-0.0279617,-0.0368644
-0.0118313,-0.0141891,-0.0203611,0.0542106,-3.58732e-43,-0.0276374,-0.0278142
0,0.00611863,-0.0178167,0.0546333,7.96546e-59,-0.0281442,-0.0210763
0,0.0229824,-0.0153377,0.0550062,-1.76869e-74,-0.0291323,-0.0157407
0,0.0378029,-0.0129299,0.0553278,3.92727e-90,-0.0303058,-0.0112636
0,0.0442553,-0.0106017,0.0556008,-8.7203e-106,-0.0315921,-0.0101951
0,0.0509014,-0.00834386,0.0558268,1.9363e-121,-0.0329776,-0.00902791
0,0.053259,-0.00616061,0.0560073,-4.29944e-137,-0.0344647,-0.00969362
0,0.0546672,-0.0040476,0.0561436,9.54668e-153,-0.0360601,-0.010802
0,0.0564447,-0.00200258,0.0562372,-2.11979e-168,-0.0377723,-0.0118906
0,0.0595834,-2.36388e-05,0.0562895,4.70687e-184,-0.0396108,-0.0125973
0,0.0639759,0.00188981,0.0563019,-1.04514e-199,-0.0415856,-0.0129946
0,0.0665789,0.00373502,0.0562756,2.32067e-215,-0.0437078,-0.014311
0,0.0685609,0.00551449,0.0562119,-5.15292e-231,-0.045989,-0.0160481
0,0.0692603,0.00722864,0.0561123,1.14418e-246,-0.0484417,-0.0185017
0,0.07,0.00890437,0.055978,-2.54059e-262,-0.0510793,-0.0207895
0,0.07,0.010556,0.05581,5.64123e-278,-0.0539163,-0.0233906
0,0.07,0.0122105,0.055617,-1.25261e-293,-0.0569686,-0.0258455
0,0.07,0.0138844,0.055391,2.78134e-309,-0.0602533,-0.0282947
0,0.07,0.0155625,0.0551318,1.47726e-321,-0.0637887,-0.0312098
0,0.07,0.0172564,0.054839,1.47726e-321,-0.0675945,-0.0344537
0,0.07,0.0189412,0.0545133,1.47726e-321,-0.071692,-0.0382898
0,0.07,0.0205987,0.054153,1.47726e-321,-0.076104,-0.0425475
0,0.07,0.0222436,0.0537593,1.47726e-321,-0.0808552,-0.0468606
0,0.07,0.0239105,0.0533325,1.47726e-321,-0.085972,-0.0509833
0,0.07,0.0256004,0.0528726,1.47726e-321,-0.0914829,-0.0552074
0,0.07,0.0272977,0.0523792,1.47726e-321,-0.0974187,-0.0596561
0,0.07,0.0289424,0.0518519,1.47726e-321,-0.103758,-0.0642407
0,0.07,0.0304549,0.0512912,1.47726e-321,-0.110521,-0.0700344
0,0.07,0.0317845,0.0506987,1.47726e-321,-0.117792,-0.0761793
0,0.07,0.0328672,0.0500777,1.47726e-321,-0.125613,-0.083175
0,0.07,0.0340872,0.0494328,1.47726e-321,-0.133984,-0.0906939
-0.00365179,0.062852,0.0356978,0.0487657,1.47726e-321,-0.142773,-0.0989179
-0.019882,0.0483784,0.0377485,0.048071,1.47726e-321,-0.151601,-0.107873
-0.0361122,0.0338878,0.0411631,0.0473396,0.0130428,-0.160125,-0.113044
-0.0523423,0.0176577,0.044407,0.0465591,0.0200255,-0.16823,-0.121086
-0.0685725,0.00142748,0.0521521,0.0457115,0.0205014,-0.175862,-0.125887
-0.0848027,-0.0148027,0.0639139,0.0447691,0.0187055,-0.182979,-0.130813
-0.101033,-0.0310329,0.0775881,0.0436261,0.0175114,-0.189538,-0.137169
-0.117263,-0.0472631,0.0922691,0.0422316,0.0150606,-0.195497,-0.144432
0.109959,0.155928,0.0923381,0.0406798,-0.00460293,0.0426421,0.0797435
0.0872372,0.106525,0.0905452,0.0385074,-0.00687599,0.0380939,0.0615924
0.0774991,0.092326,0.0887936,0.0374076,-0.00802694,0.0343092,0.0558788
0.0612689,0.0679156,0.0870507,0.0356124,-0.00661918,0.0312574,0.046467
0.0450388,0.047539,0.0853195,0.0338522,-4.20749e-11,0.0290518,0.0391095
0.0288086,0.0231556,0.0835812,0.0321259,0,0.0277615,0.0303279
0.0125784,-0.00257349,0.0817865,0.0304439,0,0.027415,0.0212598
0,-0.0227983,0.079974,0.0287974,0,0.0279108,0.0145564
0,-0.0375687,0.078166,0.027187,0,0.0289028,0.0100574
0,-0.0506343,0.0763649,0.0256129,0,0.0300831,0.00625045
0,-0.0531611,0.0745827,0.0240748,0,0.0313761,0.00672314
0,-0.0557168,0.0728096,0.0225724,0,0.0327674,0.0071288
0,-0.0562228,0.0710488,0.0211056,0,0.0342592,0.00846983
0,-0.0564441,0.0692994,0.0196732,0,0.0358582,0.0100214
0,-0.0573906,0.0675612,0.0182767,0,0.0375728,0.0114203
0,-0.0572804,0.0658369,0.016915,0,0.0394125,0.0134072
0,-0.0584033,0.0641247,0.0155879,0,0.0413875,0.0150548
0,-0.0592495,0.062427,0.0142952,0,0.0435087,0.0170162
0,-0.0598021,0.0607445,0.0130365,0,0.0457879,0.0192898
0,-0.0594803,0.0590783,0.0118115,0,0.0482374,0.0221207
0,-0.0589177,0.0574285,0.0106199,0,0.0508707,0.0252631
0,-0.0589788,0.0557947,0.00946143,0,0.0537022,0.0283948
0,-0.0594743,0.0541776,0.00833574,0,0.0567479,0.0316163
0,-0.0600801,0.0525782,0.00724248,0,0.0600246,0.0350625
0,-0.0606764,0.0509969,0.00618132,0,0.0635508,0.0387811
0,-0.0617383,0.0494338,0.0051519,0,0.0673461,0.0425805
0,-0.0634782,0.0478892,0.00415384,0,0.0714316,0.0463773
0,-0.065943,0.0463632,0.00318679,0,0.0758303,0.0501428
0,-0.0687167,0.0448569,0.00225037,0,0.0805665,0.0540229
0,-0.07,0.0433015,0.00134419,0,0.0856668,0.0576428
0,-0.07,0.0416364,0.000468832,0,0.0911595,0.0609721
0,-0.07,0.0398799,-0.000382211,0,0.0970753,0.0646092
0,-0.07,0.0381145,-0.00119913,0,0.10343,0.0692774
0,-0.07,0.0364159,-0.00198084,0,0.110252,0.075176
0,-0.07,0.0348664,-0.00272784,0,0.117594,0.0822188
0,-0.07,0.0334522,-0.00344222,0,0.125488,0.0889229
0,-0.0677733,0.0321757,-0.00412682,0,0.133932,0.0963183
0.00366383,-0.0576682,0.0307357,-0.00478501,0,0.142793,0.104225
0.0199475,-0.0453941,0.028647,-0.00540908,0,0.15169,0.111091
0.0362312,-0.0337688,0.0246721,-0.00600604,-0.0103771,0.160279,0.114584
0.0525149,-0.0174851,0.0204884,-0.00655116,-0.0205798,0.168447,0.121444
0.0687986,-0.00120142,0.0102152,-0.00701532,-0.0209719,0.176137,0.12488
0.0850823,0.0150823,-0.0065775,-0.00735317,-0.0187983,0.183307,0.128942
0.101366,0.0313659,-0.0252781,-0.00742313,-0.0182254,0.189917,0.135336
0.11765,0.0476496,-0.045452,-0.00713263,-0.0161732,0.195923,0.142336
-0.110322,-0.168272,-0.0459816,-0.00662707,0.00453694,-0.0429764,-0.0835237
-0.0879319,-0.121092,-0.044707,-0.00593192,0.0067697,-0.0383852,-0.0670729
-0.0777546,-0.106256,-0.0434135,-0.00536814,0.00795586,-0.0345608,-0.0613038
-0.0614709,-0.0840603,-0.0421396,-0.004485,0.00654797,-0.0314776,-0.0527766
-0.0451872,-0.0619825,-0.0408823,-0.00362819,2.49771e-11,-0.0292461,-0.0446978
-0.0289035,-0.0373394,-0.0396333,-0.00279609,0,-0.0279343,-0.0358317
-0.0126199,-0.0114611,-0.0383565,-0.00199593,0,-0.0275707,-0.026702
0,0.00910792,-0.0370813,-0.00122114,0,-0.0280532,-0.0198582
0,0.0260041,-0.0358217,-0.000471859,0,-0.0290344,-0.014511
0,0.0418483,-0.034579,0.000252132,0,-0.030205,-0.00962269
0,0.0487073,-0.0333632,0.000951169,0,-0.0314891,-0.00840406
0,0.0571487,-0.0321635,0.00162573,0,-0.0328722,-0.00652216
0,0.057465,-0.0309907,0.00227619,0,-0.0343563,-0.00802572
0,0.0573361,-0.0298368,0.00290305,0,-0.0359482,-0.00971116
0,0.0567344,-0.028702,0.0035067,0,-0.0376563,-0.01172
0,0.0602559,-0.0275815,0.00408755,0,-0.03949,-0.0122303
0,0.0642094,-0.0264795,0.00464591,0,-0.0414593,-0.0128008
0,0.0671685,-0.0253977,0.00518211,0,-0.0435753,-0.0139597
0,0.0687204,-0.0243365,0.00569655,0,-0.0458496,-0.0158645
0,0.0684303,-0.0232964,0.00618965,0,-0.0482947,-0.0186962
0,0.0673146,-0.0222764,0.00666182,0,-0.0509238,-0.0220582
0,0.0669022,-0.0212748,0.00711347,0,-0.0537515,-0.025369
0,0.0680383,-0.0202908,0.00754497,0,-0.0567936,-0.0283259
0,0.07,-0.019319,0.00795669,0,-0.060067,-0.0311452
0,0.07,-0.0183117,0.0083489,0,-0.0635901,-0.0342712
0,0.07,-0.0172901,0.00872622,0,-0.0673825,-0.0379548
0,0.07,-0.0162936,0.00908326,0,-0.0714654,-0.0424673
0,0.07,-0.0153213,0.00942009,0,-0.0758616,-0.0472168
0,0.07,-0.0143655,0.00973721,0,-0.0805956,-0.052084
0,0.07,-0.0133655,0.010035,0,-0.0856938,-0.0562397
0,0.07,-0.0123412,0.0103133,0,-0.0911845,-0.0608178
0,0.07,-0.0113201,0.0105714,0,-0.0970985,-0.0658869
0,0.07,-0.01035,0.0108091,0,-0.103472,-0.071741
0,0.07,-0.00945316,0.0110267,0,-0.11034,-0.0778918
0,0.07,-0.00869761,0.0112257,0,-0.117734,-0.084984
0,0.0660744,-0.00801463,0.0114079,0,-0.125684,-0.0924328
0,0.0576234,-0.00735605,0.0115761,0,-0.134184,-0.10066
-0.00367719,0.0473843,-0.00671844,0.0117272,0,-0.143102,-0.109206
-0.0200202,0.0386006,-0.00608917,0.0118653,0,-0.152055,-0.116709
-0.0363633,0.0300351,-0.00422014,0.0119909,0.000156706,-0.160698,-0.120544
-0.0527063,0.016017,-0.00181228,0.0120987,0.00938522,-0.168916,-0.127196
-0.0690494,0.000950608,0.0026105,0.0121626,0.0215067,-0.176654,-0.13034
-0.0853924,-0.0153924,0.0118714,0.0121701,0.019477,-0.183869,-0.134427
-0.101735,-0.0317355,0.0226584,0.0120392,0.0187111,-0.19052,-0.140414
-0.118079,-0.0480785,0.034836,0.0117101,0.0169036,-0.196564,-0.146716
0.110724,0.16046,0.0350025,0.0112569,-0.00451727,0.0431902,0.0812739
0.0886611,0.118086,0.0341746,0.0106451,-0.00671841,0.0385633,0.0662219
0.0780381,0.101469,0.0333762,0.0101971,-0.00794236,0.0347059,0.0594864
0.061695,0.0755523,0.0325802,0.00952078,-0.00653805,0.0315979,0.0494946
0.045352,0.048191,0.0317896,0.00886042,-4.15777e-11,0.0293465,0.0393583
0.0290089,0.0229387,0.0310042,0.00821554,1.29247e-26,0.0280193,0.0303261
0.0126659,-0.00461759,0.0301957,0.00759074,-2.86986e-42,0.0276446,0.0205329
0,-0.0241106,0.0293893,0.00698198,6.37237e-58,0.0281195,0.014142
0,-0.0413806,0.0285885,0.00638935,-1.41495e-73,0.0290953,0.00862683
0,-0.0574625,0.0277949,0.00581278,3.14182e-89,0.0302613,0.00364744
0,-0.0641708,0.0270182,0.00525212,-6.97624e-105,0.0315413,0.00249086
0,-0.07,0.0261886,0.00470709,7.74518e-121,0.0329206,0.00073899
0,-0.07,0.0252912,0.00417834,-1.71978e-136,0.0344012,0.00108001
0,-0.07,0.024376,0.00366265,3.81867e-152,0.0359899,0.00225198
0,-0.07,0.0234195,0.00316506,-8.47915e-168,0.0376949,0.00319712
0,-0.07,0.0223629,0.00268615,2.11809e-183,0.0395258,0.00352992
0,-0.07,0.0211755,0.00222674,-4.18054e-199,0.0414925,0.00405066
0,-0.07,0.0199141,0.00179017,9.28267e-215,0.0436061,0.00529665
0,-0.07,0.0186341,0.00137801,-2.06117e-230,0.0458782,0.0072872
0,-0.07,0.0173797,0.000991248,2.28836e-246,0.0483212,0.0099505
0,-0.07,0.0161969,0.000629229,-2.54059e-262,0.0509484,0.0133006
0,-0.07,0.0150897,0.00029228,5.64123e-278,0.0537743,0.0169631
0,-0.07,0.0140003,-2.28006e-05,-1.25261e-293,0.0568147,0.0202875
0,-0.07,0.0129565,-0.00031479,2.78134e-309,0.0600866,0.0241613
0,-0.07,0.0119155,-0.000585402,1.47726e-321,0.0636083,0.0278564
0,-0.07,0.0108651,-0.000835162,1.47726e-321,0.0673994,0.0316773
0,-0.07,0.00977971,-0.00106402,1.47726e-321,0.0714811,0.0354698
0,-0.07,0.00864373,-0.00127155,1.47726e-321,0.0758761,0.0394668
0,-0.07,0.00740312,-0.00145749,1.47726e-321,0.080609,0.0432357
0,-0.07,0.00604457,-0.0016192,1.47726e-321,0.0857062,0.0470231
0,-0.07,0.004574,-0.00175503,1.47726e-321,0.0911961,0.050926
0,-0.07,0.00304478,-0.00186269,1.47726e-321,0.0971092,0.0552512
0,-0.07,0.00154123,-0.00194041,1.47726e-321,0.103478,0.0601839
0,-0.07,0.000475054,-0.00198777,1.47726e-321,0.110008,0.0654981
0,-0.07,-0.000467259,-0.002009,1.47726e-321,0.116639,0.07119
0,-0.07,-0.00120962,-0.00201002,1.47726e-321,0.123715,0.0775481
0,-0.07,-0.00213304,-0.00199399,1.47726e-321,0.13133,0.0844726
0,-0.0676684,-0.00327876,-0.00196241,1.47726e-321,0.139444,0.0926534
0.0153041,-0.0537085,-0.00487367,-0.00191001,1.47726e-321,0.147712,0.101157
0.0310005,-0.0389995,-0.00775463,-0.00183088,-0.00899276,0.155742,0.106599
0.046697,-0.023303,-0.0124421,-0.00171036,-0.0128041,0.163404,0.113487
0.0623935,-0.00760653,-0.0211461,-0.00152246,-0.0131196,0.170636,0.119207
0.0780899,0.00808994,-0.0363228,-0.00119963,-0.0101682,0.177396,0.124328
0.0937864,0.0237864,-0.0510066,-0.000655296,-0.00896841,0.183644,0.132615
0.109483,0.0394829,-0.0623774,0.000203314,-0.00746835,0.189337,0.141994
-0.110268,-0.142253,-0.0623034,0.00122345,0.0042576,-0.0410155,-0.0739805
-0.0886851,-0.0929289,-0.0601324,0.00262613,0.00328612,-0.0366303,-0.0554013
-0.0788748,-0.0787518,-0.0579843,0.00339819,0.00286649,-0.0329565,-0.0497637
-0.0631783,-0.059077,-0.0558589,0.0045815,0.00326146,-0.0299706,-0.0422532
-0.0474818,-0.0410319,-0.0538576,0.00572206,-7.45758e-12,-0.027779,-0.0357629
-0.0317854,-0.0196662,-0.0518952,0.00682222,1.61559e-27,-0.0264516,-0.0281613
-0.0160889,0.00247753,-0.049909,0.0078719,-3.58732e-43,-0.0260335,-0.0204918
-0.000392412,0.0237588,-0.0479119,0.008882,7.96546e-59,-0.0264953,-0.0133281
0,0.0373797,-0.0459447,0.00985222,-1.76869e-74,-0.0275191,-0.00932174
0,0.0509581,-0.0440084,0.0107829,3.92727e-90,-0.0287496,-0.00530663
0,0.0522795,-0.0421183,0.0116747,-8.7203e-106,-0.0300921,-0.00627811
0,0.0539729,-0.0402622,0.0125284,1.9363e-121,-0.0315274,-0.00701413
0,0.0521917,-0.0384446,0.0133448,-4.29944e-137,-0.0330566,-0.00925454
0,0.0481997,-0.0366643,0.0141246,9.54668e-153,-0.0346864,-0.0124475
0,0.0473239,-0.034916,0.0148686,-2.11979e-168,-0.0364252,-0.014498
0,0.0468278,-0.0332023,0.0155774,4.70687e-184,-0.0382827,-0.0165941
0,0.0487988,-0.0315213,0.0162517,-1.04514e-199,-0.0402691,-0.0178747
0,0.0525841,-0.0298733,0.0168922,2.32067e-215,-0.0423954,-0.0186477
0,0.0564986,-0.0282603,0.0174996,-5.15292e-231,-0.0446735,-0.0195912
0,0.0595157,-0.0266832,0.0180744,1.14418e-246,-0.0471157,-0.0211024
0,0.0622942,-0.0251412,0.0186176,-2.54059e-262,-0.0497354,-0.0229189
0,0.0653275,-0.0236338,0.0191296,5.64123e-278,-0.0525471,-0.0248679
0,0.0685604,-0.0221609,0.0196114,-1.25261e-293,-0.0555663,-0.0269911
0,0.07,-0.0206892,0.0200634,2.08601e-309,-0.05881,-0.029569
0,0.07,-0.0191926,0.020486,-2.47033e-323,-0.0622962,-0.0325599
0,0.07,-0.017677,0.0208864,-2.47033e-323,-0.0660446,-0.0358857
0,0.07,-0.0161592,0.0212566,-2.47033e-323,-0.0700759,-0.0396968
0,0.07,-0.0146175,0.021598,-2.47033e-323,-0.0744127,-0.0434247
0,0.07,-0.0130837,0.0219073,-2.47033e-323,-0.0790792,-0.0478262
0,0.07,-0.0115571,0.0221858,-2.47033e-323,-0.0841014,-0.0524128
0,0.07,-0.010047,0.0224338,-2.47033e-323,-0.0895073,-0.0572944
0,0.07,-0.00855386,0.0226513,-2.47033e-323,-0.095327,-0.0622967
0,0.07,-0.00709863,0.0228388,-2.47033e-323,-0.101593,-0.0676654
0,0.07,-0.00587459,0.0229968,-2.47033e-323,-0.108095,-0.0736785
0,0.07,-0.00477181,0.0231277,-2.47033e-323,-0.114799,-0.0800029
0,0.0692217,-0.00381877,0.0232353,-2.47033e-323,-0.121968,-0.086958
0,0.062662,-0.00290381,0.0233226,-2.47033e-323,-0.129678,-0.0942933
0,0.052388,-0.00202495,0.0233862,-2.47033e-323,-0.137901,-0.102748
-0.0122901,0.0405034,-0.0011783,0.023432,-2.47033e-323,-0.146343,-0.111445
-0.0281482,0.0331798,-0.000215449,0.0234606,-2.47033e-323,-0.154618,-0.117355
-0.0440064,0.0210804,0.00127572,0.0234712,-2.47033e-323,-0.162539,-0.123679
-0.0598645,0.0072119,0.00320628,0.0234628,0.0076286,-0.170031,-0.129485
-0.0757227,-0.0057227,0.00779982,0.0234209,0.0126428,-0.177048,-0.132745
-0.0915809,-0.0215809,0.0141541,0.0233269,0.0126093,-0.18355,-0.138605
-0.107439,-0.037439,0.0228584,0.0231169,0.0104658,-0.189495,-0.144061
0.114575,0.151271,0.0228059,0.0227598,-0.00373115,0.0430335,0.0783245
0.114575,0.11939,0.0227645,0.0227598,-0.00406709,0.0382141,0.0640691
0.0828589,0.0991172,0.0226696,0.0218462,-0.00461832,0.0340675,0.0575979
0.0670007,0.0733711,0.022521,0.0213917,-0.0037254,0.0308038,0.0476736
0.0511426,0.0485879,0.0224402,0.0209397,-7.40603e-12,0.0283841,0.0385183
0.0352844,0.0250275,0.0223485,0.02049,1.61559e-27,0.0268408,0.0300894
0.0194262,0.000149617,0.0222418,0.0200424,-3.58732e-43,0.0262127,0.0213191
0.00356809,-0.0234184,0.0221226,0.019597,7.96546e-59,0.0264821,0.0132515
0,-0.0367436,0.0220023,0.0191538,-1.76869e-74,0.027386,0.00937383
0,-0.0530116,0.0218674,0.018713,3.92727e-90,0.0285707,0.00426014
0,-0.0593596,0.0217321,0.0182749,-8.7203e-106,0.0298861,0.00324539
0,-0.0634858,0.0215885,0.0178394,1.9363e-121,0.0312983,0.00306531
0,-0.0683078,0.021434,0.0174068,-4.29944e-137,0.0328045,0.0026826
0,-0.0696766,0.0212732,0.0169772,9.54668e-153,0.0344103,0.00381019
0,-0.07,0.0210673,0.0165507,-2.11979e-168,0.0361236,0.00488433
0,-0.07,0.0208122,0.0161282,4.70687e-184,0.037954,0.00614391
0,-0.07,0.0205188,0.0157091,-1.04514e-199,0.0399114,0.00770085
0,-0.07,0.0202037,0.0152955,2.32067e-215,0.0420068,0.0096583
0,-0.07,0.0198914,0.014888,-5.15292e-231,0.0442517,0.0121573
0,-0.07,0.0196039,0.0144867,1.14418e-246,0.0466586,0.015186
0,-0.07,0.0193628,0.0140915,-2.54059e-262,0.0492404,0.0187651
0,-0.07,0.0191559,0.0137016,5.64123e-278,0.0520114,0.0224164
0,-0.0698293,0.0189492,0.0133162,-1.25261e-293,0.0549871,0.0258921
0,-0.0697623,0.0187364,0.0129348,2.78134e-309,0.0581839,0.0294912
0,-0.07,0.0184967,0.0125588,1.27963e-321,0.0616199,0.0329229
0,-0.07,0.0182257,0.0121874,1.27963e-321,0.0653141,0.0366309
0,-0.07,0.0179103,0.0118199,1.27963e-321,0.0692872,0.04039
0,-0.07,0.0175333,0.0114583,1.27963e-321,0.0735614,0.0441229
0,-0.07,0.0170781,0.0111034,1.27963e-321,0.0781606,0.0478095
0,-0.07,0.0165088,0.0107569,1.27963e-321,0.0831104,0.051161
0,-0.07,0.0157955,0.0104202,1.27963e-321,0.0884383,0.0547408
0,-0.07,0.0148806,0.0100964,1.27963e-321,0.0941741,0.0577666
0,-0.07,0.0137997,0.00978781,1.27963e-321,0.10035,0.0611422
0,-0.07,0.0129359,0.00949992,1.27963e-321,0.106697,0.0656119
0,-0.07,0.0120998,0.0092317,1.27963e-321,0.113165,0.070539
0,-0.07,0.0113618,0.00898051,1.27963e-321,0.120071,0.0760921
0,-0.07,0.0108038,0.00874516,1.27963e-321,0.127511,0.0828974
0,-0.07,0.00994474,0.00852267,1.27963e-321,0.135477,0.0900029
0.00826249,-0.058488,0.00886799,0.00831346,1.27963e-321,0.143755,0.0990757
0.0240006,-0.0459288,0.00682096,0.00812426,1.27963e-321,0.151969,0.105918
0.0397386,-0.0302614,0.00239846,0.0079643,-0.0121038,0.159866,0.110157
0.0554767,-0.0145233,-0.00407249,0.00785441,-0.0152891,0.167356,0.11702
0.0712148,0.00121481,-0.0185146,0.00785821,-0.0125147,0.174388,0.120839
0.0869529,0.0169529,-0.0401423,0.00804798,-0.0108186,0.180923,0.12648
0.102691,0.032691,-0.0604947,0.00860211,-0.00975145,0.186918,0.134543
-0.117642,-0.169306,-0.0605272,0.00957795,0.00325049,-0.0437415,-0.0851671
-0.0956088,-0.121151,-0.0581807,0.0112718,0.00531586,-0.0390111,-0.0667018
-0.086166,-0.104551,-0.0558454,0.0119981,0.00389573,-0.0349707,-0.0598595
-0.0704279,-0.0824335,-0.0535381,0.0131407,0.00393297,-0.0316078,-0.0512504
-0.0546898,-0.0628944,-0.0513384,0.0142368,0.00269568,-0.0290196,-0.0440614
-0.0389517,-0.0393752,-0.0491843,0.0152889,3.73435e-11,-0.0272746,-0.0355062
-0.0232137,-0.0163861,-0.0470453,0.0162974,-6.46235e-27,-0.0264242,-0.0274378
-0.00747559,0.00792671,-0.0448725,0.0172511,1.43493e-42,-0.0264719,-0.0190021
0,0.0226457,-0.0427284,0.0181616,-3.18618e-58,-0.0272313,-0.014547
0,0.0385376,-0.0406184,0.019029,7.07475e-74,-0.0283594,-0.00957764
0,0.0471634,-0.0385571,0.0198541,-1.57091e-89,-0.0296403,-0.00762023
0,0.0474199,-0.0365474,0.0206376,3.48812e-105,-0.0310229,-0.00899106
0,0.0504382,-0.0345775,0.0213806,-7.74518e-121,-0.0324995,-0.00923778
0,0.0505342,-0.0326536,0.0220839,1.71978e-136,-0.0340743,-0.0108117
0,0.0526022,-0.0307702,0.0227486,-3.81867e-152,-0.0357551,-0.0116839
0,0.0568155,-0.028927,0.0233753,8.47915e-168,-0.0375508,-0.0118731
0,0.0614646,-0.0271257,0.0239649,-1.88275e-183,-0.0394715,-0.0120789
0,0.0666522,-0.0253663,0.0245182,4.18054e-199,-0.0415276,-0.0122488
0,0.07,-0.0236454,0.0250361,-7.83226e-215,-0.0437306,-0.0132622
0,0.07,-0.0219071,0.0255193,1.03058e-230,-0.0460928,-0.0149331
0,0.07,-0.0201643,0.0259766,-2.28836e-246,-0.0486268,-0.0169942
0,0.07,-0.0184124,0.026399,5.08117e-262,-0.0513467,-0.0192003
0,0.07,-0.0166611,0.0267865,-1.12825e-277,-0.0542674,-0.0217699
0,0.07,-0.014908,0.027139,2.50521e-293,-0.0574054,-0.0245436
0,0.07,-0.0131627,0.0274565,-5.56268e-309,-0.0607781,-0.0277276
0,0.07,-0.0114381,0.0277398,1.89227e-321,-0.0644044,-0.0314528
0,0.07,-0.00975941,0.0279875,1.89227e-321,-0.0683045,-0.0356961
0,0.07,-0.00814356,0.0282012,1.89227e-321,-0.0725003,-0.0403677
0,0.07,-0.00658135,0.0283818,1.89227e-321,-0.0770151,-0.0451873
0,0.07,-0.00505025,0.0285314,1.89227e-321,-0.081874,-0.0499744
0,0.07,-0.00351174,0.02865,1.89227e-321,-0.0871043,-0.0545273
0,0.07,-0.00193337,0.0287372,1.89227e-321,-0.092735,-0.0588471
0,0.07,-0.000343151,0.0287932,1.89227e-321,-0.0987974,-0.0635003
0,0.07,0.00109965,0.0288176,1.89227e-321,-0.105218,-0.0688926
0,0.07,0.00242652,0.0288115,1.89227e-321,-0.111999,-0.0751212
0,0.07,0.00362077,0.0287782,1.89227e-321,-0.119279,-0.08158
0,0.07,0.00467456,0.0287189,1.89227e-321,-0.127108,-0.0879722
0,0.07,0.00557697,0.0286381,1.89227e-321,-0.135478,-0.0952091
-0.00606832,0.0580739,0.00681577,0.0285369,1.89227e-321,-0.144213,-0.103343
-0.0222505,0.0443319,0.00869073,0.0284154,1.89227e-321,-0.152928,-0.110802
-0.0384327,0.0315673,0.0120528,0.0282632,0.00951304,-0.161324,-0.115559
-0.0546149,0.0153851,0.0154669,0.0280642,0.0182628,-0.169296,-0.122965
-0.0707971,-0.000797058,0.0232822,0.0277992,0.0197969,-0.176793,-0.127314
-0.0869792,-0.0169792,0.0339773,0.0274352,0.0185319,-0.183772,-0.132754
-0.103161,-0.0331614,0.0458446,0.0268786,0.0173693,-0.190191,-0.139293
-0.119344,-0.0493436,0.058278,0.0260982,0.015095,-0.196008,-0.146413
0.107207,0.151245,0.0583223,0.0251813,-0.00485238,0.0415573,0.077774
0.0849565,0.105967,0.0571632,0.0239206,-0.00706517,0.0371544,0.0612008
0.0748426,0.0912929,0.0560389,0.0231989,-0.00831235,0.0335186,0.0553373
0.0586604,0.0667812,0.0549168,0.0220658,-0.00461517,0.0306251,0.0459488
0.0424782,0.0435766,0.0538013,0.0209551,-2.60178e-11,0.0285837,0.0375111
0.0262961,0.0185478,0.0526781,0.0198663,3.23117e-27,0.0274599,0.0285539
0.0101139,-0.0077824,0.0515177,0.018806,-7.17465e-43,0.0272709,0.019287
0,-0.0271052,0.0503536,0.0177686,1.59309e-58,0.0278696,0.0129775
0,-0.0438402,0.0491927,0.0167546,-3.53737e-74,0.0289067,0.00770103
0,-0.0560081,0.0480406,0.0157638,7.85455e-90,0.0301169,0.00430312
0,-0.0591706,0.0469035,0.014796,-1.74406e-105,0.0314361,0.00452948
0,-0.0637863,0.0457712,0.0138512,3.87259e-121,0.0328528,0.00414468
0,-0.0661898,0.0446479,0.0129289,-8.59888e-137,0.0343702,0.00478335
0,-0.067764,0.043533,0.0120292,1.90934e-152,0.0359953,0.00584915
0,-0.0686629,0.0424267,0.0111519,-4.23958e-168,0.0377368,0.00731477
0,-0.0695271,0.0413289,0.0102967,9.41375e-184,0.0396042,0.00894066
0,-0.07,0.0401976,0.00946355,-1.04514e-199,0.041608,0.0102568
0,-0.07,0.0390448,0.00865281,2.32067e-215,0.0437592,0.0120905
0,-0.07,0.0378974,0.00785924,-5.15292e-231,0.0460697,0.0145068
0,-0.07,0.0367441,0.00708867,1.14418e-246,0.0485521,0.0169593
0,-0.07,0.0356222,0.0063411,-2.54059e-262,0.05122,0.0201841
0,-0.07,0.0345468,0.00561631,5.64123e-278,0.054088,0.0238787
0,-0.07,0.0334978,0.00491355,-1.25261e-293,0.0571724,0.0275444
0,-0.07,0.0324494,0.00423205,2.78134e-309,0.0604901,0.0310897
0,-0.07,0.0313982,0.00357153,1.47726e-321,0.0640599,0.0348432
0,-0.07,0.030334,0.00293201,1.47726e-321,0.0679017,0.0386983
0,-0.07,0.0292586,0.00231362,1.47726e-321,0.0720368,0.0428228
0,-0.07,0.02817,0.00171662,1.47726e-321,0.0764883,0.0471433
0,-0.07,0.0270567,0.00114124,1.47726e-321,0.0812812,0.0515001
0,-0.07,0.0258695,0.000587864,1.47726e-321,0.086442,0.0552914
0,-0.07,0.0246,5.74153e-05,1.47726e-321,0.0919997,0.059132
0,-0.07,0.0232399,-0.000449184,1.47726e-321,0.0979849,0.0632193
0,-0.07,0.0219156,-0.000928943,1.47726e-321,0.104378,0.0681069
0,-0.07,0.0206925,-0.00138182,1.47726e-321,0.111197,0.0742278
0,-0.07,0.0196409,-0.00180974,1.47726e-321,0.118529,0.0816231
0,-0.07,0.0188005,-0.00221412,1.47726e-321,0.126412,0.0894976
0,-0.0642228,0.018075,-0.00259938,1.47726e-321,0.134838,0.0980009
0.00527566,-0.054019,0.0173506,-0.00296922,1.47726e-321,0.143645,0.106404
0.0215084,-0.0425699,0.0161319,-0.00332058,1.47726e-321,0.152451,0.113359
0.0377412,-0.0307476,0.013653,-0.00365784,-0.00258498,0.160938,0.118601
0.053974,-0.016026,0.010761,-0.00396065,-0.0133546,0.169002,0.125234
0.0702068,0.000206808,0.00441649,-0.00421491,-0.0197015,0.176587,0.1289
0.0864396,0.0164396,-0.00559166,-0.00439206,-0.0178846,0.183652,0.133973
0.102672,0.0326724,-0.0167905,-0.00439532,-0.0171061,0.190155,0.140318
0.118905,0.0489052,-0.0283592,-0.0041883,-0.0149916,0.196054,0.147539
-0.108354,-0.146538,-0.028297,-0.00385249,0.00471105,-0.0421897,-0.0765252
-0.0864396,-0.100958,-0.0274525,-0.00339914,0.00690468,-0.0377037,-0.0593843
-0.0758883,-0.0870912,-0.0266453,-0.00303788,0.00816608,-0.0339853,-0.0538523
-0.0596555,-0.0646019,-0.0258459,-0.00249609,0.00523204,-0.0310151,-0.0452327
-0.0434227,-0.0441413,-0.025059,-0.00197038,2.31397e-11,-0.0288994,-0.0378375
-0.0271899,-0.0196774,-0.024273,-0.00146015,-6.46235e-27,-0.0277039,-0.0290454
-0.0109571,0.00458361,-0.0234702,-0.000969978,1.43493e-42,-0.0274493,-0.0205807
0,0.0230054,-0.022673,-0.000495757,-3.18618e-58,-0.0280031,-0.0145869
0,0.0397571,-0.0218854,-3.75132e-05,7.07475e-74,-0.0290161,-0.00927905
0,0.0528026,-0.0211119,0.000404921,-1.57091e-89,-0.0302083,-0.00552053
0,0.0558768,-0.0203599,0.0008318,3.48812e-105,-0.0315112,-0.00578518
0,0.0591138,-0.0196191,0.00124351,-7.74518e-121,-0.0329126,-0.00593903
0,0.0585262,-0.0188938,0.00164034,1.71978e-136,-0.034415,-0.00774022
0,0.0581827,-0.0181798,0.00202256,-3.81867e-152,-0.0360254,-0.00951493
0,0.0592821,-0.0174759,0.00239044,8.47915e-168,-0.0377525,-0.0108597
0,0.0609724,-0.0167832,0.00274419,-1.88275e-183,-0.0396056,-0.012147
0,0.0629237,-0.016102,0.00308401,4.18054e-199,-0.041595,-0.01351
0,0.0640799,-0.0154336,0.00341013,-9.28267e-215,-0.0437318,-0.0153804
0,0.0647715,-0.0147777,0.00372282,2.06117e-230,-0.0460278,-0.0176246
0,0.0645994,-0.0141346,0.0040223,-4.57671e-246,-0.0484955,-0.0204209
0,0.0635286,-0.0135045,0.00430885,1.01623e-261,-0.0511483,-0.0237928
0,0.0645515,-0.0128842,0.00458273,-2.25649e-277,-0.0540009,-0.0265584
0,0.0654756,-0.0122761,0.00484413,5.01042e-293,-0.0570693,-0.0296499
0,0.0675987,-0.0116787,0.0050933,-1.11254e-308,-0.0603707,-0.0325239
0,0.0695103,-0.0110937,0.00533046,-1.2154e-321,-0.0639233,-0.0357677
0,0.07,-0.0104922,0.00555585,-1.2154e-321,-0.0677471,-0.0393932
0,0.07,-0.00987279,0.0057693,-1.2154e-321,-0.0718635,-0.0434347
0,0.07,-0.00924137,0.00597357,-1.2154e-321,-0.0762954,-0.0477938
0,0.07,-0.00860994,0.00616534,-1.2154e-321,-0.0810674,-0.0525437
0,0.07,-0.00795506,0.00634448,-1.2154e-321,-0.0862063,-0.0571314
0,0.07,-0.00725966,0.00651079,-1.2154e-321,-0.0917407,-0.0615982
0,0.07,-0.00656154,0.00666363,-1.2154e-321,-0.0977012,-0.0667003
0,0.07,-0.00589859,0.00680254,-1.2154e-321,-0.104111,-0.0722955
0,0.07,-0.0052854,0.00692781,-1.2154e-321,-0.111003,-0.0781743
0,0.07,-0.00479038,0.00704026,-1.2154e-321,-0.118419,-0.0849843
0,0.0690348,-0.00438071,0.00714151,-1.2154e-321,-0.12639,-0.0915351
0,0.0595311,-0.00399228,0.00723384,-1.2154e-321,-0.134905,-0.100177
-0.00529922,0.046931,-0.00361857,0.00731601,-1.2154e-321,-0.1438,-0.109594
-0.0216045,0.0364343,-0.00325523,0.00739063,-1.2154e-321,-0.15269,-0.11773
-0.0379098,0.0268917,-0.00210379,0.00745791,-1.2154e-321,-0.161258,-0.122888
-0.0542151,0.0125116,-0.000452748,0.00750862,0.00442858,-0.169397,-0.130245
-0.0705204,-0.000520425,0.00202807,0.00753667,0.0203557,-0.177054,-0.13366
-0.0868257,-0.0168257,0.0081688,0.00752836,0.0189277,-0.184185,-0.138377
-0.103131,-0.033131,0.0158846,0.00744174,0.0179089,-0.190751,-0.144031
-0.119436,-0.0494363,0.0248616,0.00721278,0.0160575,-0.196707,-0.149996
0.108838,0.148078,0.0248324,0.00689509,-0.00468899,0.0425728,0.0771313
0.0856028,0.106512,0.0241994,0.00644237,-0.00697825,0.038053,0.0618412
0.0762273,0.0925854,0.0235973,0.0061568,-0.00814104,0.0343087,0.0560975
0.059922,0.0685457,0.0229954,0.00567823,-0.00520966,0.0313039,0.0468474
0.0436167,0.0427799,0.0223974,0.0052117,-7.87746e-11,0.0291557,0.0373468
0.0273114,0.016947,0.0218009,0.00475688,1.29247e-26,0.0279325,0.0280801
0.0110061,-0.00958607,0.0211885,0.00431728,-2.86986e-42,0.0276555,0.0187211
0,-0.0270276,0.0205831,0.00388984,6.37237e-58,0.028192,0.0131463
0,-0.0446088,0.0199812,0.00347454,-1.41495e-73,0.0291907,0.00748576
0,-0.0592857,0.0193877,0.00307131,3.14182e-89,0.0303699,0.00308251
0,-0.0643799,0.0188105,0.00267999,-6.97624e-105,0.0316611,0.00256004
0,-0.07,0.0181745,0.00230032,1.16178e-120,0.0330516,0.000827693
0,-0.07,0.0174787,0.00193301,-1.71978e-136,0.0345439,0.00131595
0,-0.07,0.0167837,0.00157578,3.81867e-152,0.0361449,0.00279981
0,-0.07,0.0160819,0.00123246,-8.47915e-168,0.0378633,0.00430893
0,-0.07,0.0154007,0.000903107,1.88275e-183,0.0397083,0.00636834
0,-0.07,0.0147279,0.000587599,-4.18054e-199,0.0416903,0.00842375
0,-0.07,0.0140528,0.00028564,9.28267e-215,0.0438202,0.0105013
0,-0.07,0.0134216,-2.84182e-06,-2.06117e-230,0.0461097,0.0134612
0,-0.07,0.0128514,-0.000278216,4.57671e-246,0.0485714,0.0169037
0,-0.07,0.0123668,-0.000541516,-1.01623e-261,0.0512187,0.020968
0,-0.0670924,0.011917,-0.000794182,2.25649e-277,0.0540663,0.0256737
0,-0.0643368,0.011474,-0.00103769,-5.01042e-293,0.0571299,0.0301722
0,-0.0619458,0.0110378,-0.00126983,1.11254e-308,0.0604268,0.0347903
0,-0.0600127,0.0106083,-0.00149321,1.2154e-321,0.0639754,0.0394983
0,-0.0595821,0.0101845,-0.00170795,1.2154e-321,0.0677955,0.04388
0,-0.0613347,0.0097656,-0.00191418,1.2154e-321,0.0719083,0.0476728
0,-0.0635346,0.00935363,-0.00211201,1.2154e-321,0.0763369,0.0515666
0,-0.0672449,0.00894747,-0.00230155,1.2154e-321,0.081106,0.0550882
0,-0.07,0.00850549,-0.00248294,1.2154e-321,0.0862421,0.0585481
0,-0.07,0.0079207,-0.0026557,1.2154e-321,0.0917738,0.0616026
0,-0.07,0.00722807,-0.00282055,1.2154e-321,0.097732,0.0652018
0,-0.07,0.00650223,-0.00297273,1.2154e-321,0.104095,0.0693944
0,-0.07,0.00579327,-0.00311076,1.2154e-321,0.110882,0.0747047
0,-0.07,0.00517041,-0.00323442,1.2154e-321,0.118179,0.0809434
0,-0.07,0.00465142,-0.00334468,1.2154e-321,0.126027,0.0872976
0,-0.07,0.00427904,-0.00344342,1.2154e-321,0.134422,0.0944859
0.00446298,-0.0593657,0.00359069,-0.00353328,1.2154e-321,0.143216,0.10282
0.020692,-0.0451902,0.00236136,-0.00361335,1.2154e-321,0.152029,0.110731
0.036921,-0.033079,-0.000610663,-0.00367472,-0.00979155,0.160531,0.114802
0.05315,-0.01685,-0.0036416,-0.00369966,-0.0184888,0.168612,0.122313
0.069379,-0.000621007,-0.0113569,-0.00366623,-0.0204561,0.176218,0.126414
0.085608,0.015608,-0.0239913,-0.00353939,-0.0180003,0.183305,0.131003
0.101837,0.031837,-0.0358357,-0.00320486,-0.0174097,0.189834,0.138796
0.118066,0.048066,-0.04675,-0.00262435,-0.0153399,0.19576,0.146903
-0.10914,-0.147311,-0.0466814,-0.00190764,0.00464365,-0.0423962,-0.0768787
-0.0868252,-0.101855,-0.0451717,-0.000922158,0.00687771,-0.0378812,-0.0597817
-0.076682,-0.0887696,-0.0437029,-0.000345574,0.00808302,-0.0341315,-0.0545069
-0.060453,-0.0672096,-0.0422599,0.00054464,0.00591056,-0.0311221,-0.0462318
-0.044224,-0.0469342,-0.0408402,0.00140571,-2.99374e-11,-0.028963,-0.0388842
-0.027995,-0.0232108,-0.0394312,0.00223884,6.46235e-27,-0.0277213,-0.0303751
-0.011766,0.00137842,-0.0379937,0.00303733,-1.43493e-42,-0.0274218,-0.0217604
0,0.0212174,-0.0365618,0.00380583,3.18618e-58,-0.0279474,-0.0152
0,0.040389,-0.0351473,0.00454566,-7.07475e-74,-0.0289507,-0.00894292
0,0.0555891,-0.0337585,0.00525709,1.57091e-89,-0.0301375,-0.00435629
0,0.0590985,-0.0324048,0.00594059,-3.48812e-105,-0.0314361,-0.00447502
0,0.0616541,-0.0310755,0.00659681,7.74518e-121,-0.032833,-0.00490195
0,0.0598297,-0.0297744,0.0072263,-1.71978e-136,-0.0343306,-0.00718024
0,0.0589035,-0.028496,0.00782959,3.81867e-152,-0.0359358,-0.00916175
0,0.0602917,-0.0272388,0.00840718,-8.47915e-168,-0.037657,-0.0103747
0,0.0621118,-0.026005,0.0089595,1.88275e-183,-0.0395038,-0.0116062
0,0.0656377,-0.0247933,0.009487,-4.18054e-199,-0.0414864,-0.0123333
0,0.0677728,-0.023607,0.00999014,9.28267e-215,-0.0436158,-0.0138271
0,0.0681061,-0.0224466,0.0104694,-2.06117e-230,-0.0459037,-0.0162187
0,0.0678173,-0.0213107,0.0109253,4.57671e-246,-0.0483626,-0.0190449
0,0.0664389,-0.0201997,0.0113583,-1.01623e-261,-0.0510059,-0.0225258
0,0.0652856,-0.0191121,0.011769,2.25649e-277,-0.0538483,-0.0261429
0,0.0656096,-0.0180465,0.0121577,-5.01042e-293,-0.0569055,-0.0294276
0,0.0666167,-0.0170038,0.0125251,1.11254e-308,-0.0601948,-0.0327246
0,0.0678724,-0.0159843,0.0128714,1.2154e-321,-0.0637344,-0.0361998
0,0.0686806,-0.0149889,0.0131972,1.2154e-321,-0.0675442,-0.0401242
0,0.0686936,-0.0140176,0.013503,1.2154e-321,-0.0716453,-0.0446195
0,0.0686857,-0.0130695,0.0137891,1.2154e-321,-0.0760607,-0.049358
0,0.0691138,-0.0121439,0.0140562,1.2154e-321,-0.080815,-0.0541474
0,0.0698006,-0.0112409,0.0143046,1.2154e-321,-0.0859348,-0.0590348
0,0.07,-0.0103016,0.0145349,1.2154e-321,-0.0914484,-0.0633877
0,0.07,-0.00934416,0.0147465,1.2154e-321,-0.0973867,-0.0681635
0,0.07,-0.00842899,0.014944,1.2154e-321,-0.103784,-0.0738785
0,0.07,-0.00757447,0.0151226,1.2154e-321,-0.110674,-0.0798424
0,0.0683579,-0.00679538,0.0152835,1.2154e-321,-0.118093,-0.0865767
0,0.0633847,-0.00604199,0.0154284,1.2154e-321,-0.126066,-0.0936883
0,0.0557755,-0.00531561,0.0155537,1.2154e-321,-0.134587,-0.101545
-0.00449267,0.0431592,-0.00461803,0.0156644,1.2154e-321,-0.143506,-0.111032
-0.0208296,0.0343158,-0.0039409,0.0157609,1.2154e-321,-0.152441,-0.118544
-0.0371666,0.0265777,-0.00275818,0.0158438,1.2154e-321,-0.161059,-0.123895
-0.0535036,0.0124325,-0.00101887,0.0159073,0.00262044,-0.169249,-0.131012
-0.0698406,-0.000694608,0.00142352,0.0159485,0.018959,-0.176957,-0.134651
-0.0861776,-0.0161776,0.00686797,0.0159494,0.0197799,-0.184141,-0.139094
-0.102515,-0.0325145,0.0139877,0.0158855,0.0189413,-0.190758,-0.144654
-0.118852,-0.0488515,0.0223597,0.0156912,0.0169514,-0.196767,-0.150461
0.109866,0.149084,0.0223246,0.0154114,-0.0045925,0.0429336,0.0776188
0.0878113,0.109249,0.0220427,0.0150338,-0.00679147,0.0383465,0.0628439
0.0771922,0.0930857,0.0217847,0.014744,-0.00803675,0.0345314,0.0562688
0.0608552,0.0682475,0.0215145,0.0143054,-0.00586926,0.0314683,0.0467165
0.0445183,0.0424482,0.0212396,0.0138722,-6.10841e-11,0.0292644,0.0372005
0.0281813,0.0172128,0.020959,0.0134442,0,0.0279864,0.0281616
0.0118443,-0.00911123,0.0206635,0.0130233,0,0.0276588,0.0188683
0,-0.0276308,0.0203676,0.0126083,0,0.0281634,0.0128534
0,-0.0443887,0.0200682,0.0121992,0,0.02915,0.00753286
0,-0.0600095,0.0197656,0.011796,0,0.0303221,0.00273484
0,-0.0647466,0.0194705,0.0113989,0,0.0316072,0.00236377
0,-0.07,0.0191118,0.0110074,0,0.0329917,0.00084419
0,-0.07,0.0187115,0.010623,0,0.0344777,0.00174818
0,-0.07,0.018306,0.0102444,0,0.0360722,0.00329823
0,-0.07,0.0178678,0.00987381,0,0.0377836,0.00457077
0,-0.07,0.0174214,0.00951163,0,0.0396212,0.00634582
0,-0.07,0.0169579,0.00915829,0,0.0415952,0.00814981
0,-0.07,0.0164942,0.00881404,0,0.0437167,0.0103758
0,-0.07,0.0160682,0.00847905,0,0.0459973,0.0133615
0,-0.07,0.0157072,0.008153,0,0.0484494,0.0169826
0,-0.0695616,0.0154328,0.00783489,0,0.0510864,0.0213488
0,-0.0661584,0.0151604,0.00752308,0,0.0539229,0.0258763
0,-0.0643468,0.0148852,0.00721823,0,0.0569748,0.029977
0,-0.0623728,0.0146095,0.00691888,0,0.060259,0.0344296
0,-0.0593999,0.0143342,0.00662503,0,0.0637939,0.0395457
0,-0.0561582,0.0140589,0.0063367,0,0.0675994,0.0450207
0,-0.0556311,0.0137804,0.00605387,0,0.0716965,0.0496681
0,-0.0565466,0.0135005,0.00577659,0,0.0761082,0.054028
0,-0.0592055,0.0132188,0.0055049,0,0.0808591,0.0579394
0,-0.0631026,0.0129362,0.00523883,0,0.0859756,0.0615778
0,-0.0682126,0.0126529,0.00497841,0,0.0914863,0.0649049
0,-0.07,0.0122755,0.00472366,0,0.0974218,0.0682204
0,-0.07,0.0118284,0.00447588,0,0.10377,0.0721751
0,-0.07,0.0113723,0.00423439,0,0.110552,0.0773117
0,-0.07,0.0109646,0.00400193,0,0.117846,0.0831988
0,-0.07,0.0106735,0.00377815,0,0.125691,0.0899508
0,-0.0652364,0.0104281,0.00356148,0,0.134087,0.0972827
0.00365747,-0.0557881,0.0101582,0.0033501,0,0.1429,0.105387
0.0199129,-0.0428341,0.00959782,0.00314532,0,0.151752,0.113734
0.0361683,-0.0324345,0.00750791,0.00294692,-0.00273887,0.160299,0.117669
0.0524238,-0.0175762,0.00508212,0.00277063,-0.0129268,0.168427,0.124686
0.0686792,-0.00132081,0.000687184,0.00263988,-0.0217344,0.176079,0.128909
0.0849346,0.0149346,-0.00850511,0.00256461,-0.0193425,0.183214,0.133146
0.10119,0.03119,-0.0181854,0.00261981,-0.0192328,0.189792,0.139699
0.117445,0.0474455,-0.0290735,0.00287703,-0.017047,0.195767,0.146169
-0.110131,-0.159623,-0.029217,0.00324074,0.00453214,-0.0427354,-0.0808851
-0.0881857,-0.11623,-0.0281216,0.00373174,0.00673375,-0.0381649,-0.0653304
-0.0776197,-0.101778,-0.0270634,0.00410495,0.00795371,-0.0343577,-0.0594936
-0.0613642,-0.0787143,-0.026023,0.00465786,0.00654583,-0.031294,-0.0506214
-0.0451088,-0.0573276,-0.025002,0.00518977,7.44933e-12,-0.0290804,-0.0428387
-0.0288534,-0.0311453,-0.0239895,0.00570155,-1.61559e-27,-0.0277844,-0.0333533
-0.012598,-0.0053741,-0.0229611,0.00618741,3.58732e-43,-0.0274341,-0.0242954
0,0.0159841,-0.0219392,0.00665281,-7.96546e-59,-0.0279276,-0.0171398
0,0.0349734,-0.0209342,0.00709772,1.76869e-74,-0.0289181,-0.0109732
0,0.0510481,-0.0199499,0.00752244,-3.92727e-90,-0.0300972,-0.00602911
0,0.0583097,-0.0189934,0.00792734,8.7203e-106,-0.0313892,-0.00465712
0,0.0638527,-0.0180577,0.00831295,-1.9363e-121,-0.0327796,-0.00394231
0,0.0653352,-0.0171455,0.00867971,4.29944e-137,-0.0342705,-0.00493913
0,0.0666952,-0.0162524,0.0090281,-9.54668e-153,-0.0358686,-0.00605098
0,0.0685774,-0.0153777,0.0093585,2.11979e-168,-0.0375825,-0.00709364
0,0.07,-0.0144859,0.00967131,-3.53016e-184,-0.0394215,-0.00793646
0,0.07,-0.0135464,0.00996727,5.22568e-200,-0.0413958,-0.00902512
0,0.07,-0.012597,0.0102485,-1.16033e-215,-0.0435164,-0.0108279
0,0.07,-0.0116729,0.0105109,2.57646e-231,-0.045795,-0.0133398
0,0.07,-0.0108007,0.0107545,-5.72089e-247,-0.0482441,-0.0164652
0,0.07,-0.00999153,0.0109801,1.27029e-262,-0.0508768,-0.0199997
0,0.07,-0.00921531,0.0111889,-2.82062e-278,-0.053708,-0.023355
0,0.07,-0.00848101,0.0113817,6.26303e-294,-0.0567532,-0.0271049
0,0.07,-0.00777105,0.0115594,-1.39067e-309,-0.0600296,-0.030869
0,0.07,-0.00703653,0.0117226,1.68476e-321,-0.0635554,-0.0341774
0,0.07,-0.00627558,0.0118715,1.68476e-321,-0.0673503,-0.0377039
0,0.07,-0.00551316,0.0120057,1.68476e-321,-0.0714356,-0.041842
0,0.07,-0.00473366,0.0121244,1.68476e-321,-0.0758339,-0.0459877
0,0.07,-0.00393823,0.0122276,1.68476e-321,-0.0805699,-0.0503605
0,0.07,-0.00307955,0.0123151,1.68476e-321,-0.08567,-0.0542103
0,0.07,-0.0021072,0.0123862,1.68476e-321,-0.0911625,-0.0577586
0,0.07,-0.00104252,0.0124395,1.68476e-321,-0.097078,-0.0617655
0,0.07,3.38332e-05,0.0124721,1.68476e-321,-0.103403,-0.0661832
0,0.07,0.00103369,0.0124832,1.68476e-321,-0.11016,-0.0718316
0,0.07,0.0019072,0.0124735,1.68476e-321,-0.117426,-0.0779648
0,0.07,0.00265613,0.0124454,1.68476e-321,-0.125242,-0.084443
0,0.07,0.00331618,0.0124006,1.68476e-321,-0.133612,-0.0922779
-0.00284421,0.0617021,0.0042376,0.0123418,1.68476e-321,-0.142418,-0.10087
-0.0190969,0.0469954,0.00554736,0.0122681,1.68476e-321,-0.151283,-0.109662
-0.0353495,0.0346505,0.00864284,0.0121722,0.0106051,-0.159849,-0.113633
-0.0516022,0.0183978,0.0117989,0.0120381,0.0194974,-0.167999,-0.121074
-0.0678548,0.00214518,0.0191749,0.0118431,0.0209165,-0.175676,-0.125892
-0.0841075,-0.0141075,0.031024,0.0115555,0.0188084,-0.182837,-0.130598
-0.10036,-0.0303601,0.0447552,0.0110713,0.0180441,-0.189443,-0.136793
-0.116613,-0.0466128,0.0616421,0.0103341,0.0152925,-0.19545,-0.143257
0.110924,0.162567,0.0618272,0.00943901,-0.0044786,0.0429774,0.0818888
0.0881706,0.113984,0.0600589,0.00818587,-0.00675504,0.0383794,0.0645031
0.078419,0.0999016,0.0583336,0.00745247,-0.00788544,0.0345436,0.0588022
0.0621664,0.0767223,0.056636,0.00626508,-0.00724006,0.0314391,0.0498623
0.0459137,0.0560046,0.0549628,0.00511368,-1.38443e-11,0.0291795,0.0423349
0.0296611,0.0322894,0.0533028,0.00399602,1.61559e-27,0.0278346,0.0338134
0.0134084,0.00680579,0.0516066,0.00292001,-3.58732e-43,0.027437,0.0248238
0,-0.0145845,0.0499074,0.0018777,7.96546e-59,0.0279,0.0176441
0,-0.0307449,0.0482285,0.000869355,-1.76869e-74,0.0288787,0.012602
0,-0.0466487,0.0465708,-0.000105288,3.92727e-90,0.0300506,0.00767707
0,-0.0504084,0.0449488,-0.00104665,-8.7203e-106,0.0313365,0.00769477
0,-0.0538243,0.0433508,-0.00195536,1.9363e-121,0.0327208,0.0077692
0,-0.0541807,0.0417802,-0.00283196,-4.29944e-137,0.0342053,0.00917604
0,-0.054583,0.0402341,-0.00367699,9.54668e-153,0.0357968,0.0106454
0,-0.0561572,0.0387115,-0.00449095,-2.11979e-168,0.0375036,0.0117881
0,-0.0602085,0.0372113,-0.00527431,4.70687e-184,0.0393351,0.0121139
0,-0.0621549,0.0357385,-0.00602754,-1.04514e-199,0.0413015,0.0134868
0,-0.0624269,0.0342928,-0.00675115,2.32067e-215,0.0434136,0.0156798
0,-0.0596123,0.0328758,-0.00744568,-5.15292e-231,0.0456832,0.0192781
0,-0.056908,0.031484,-0.0081117,1.14418e-246,0.0481225,0.0229972
0,-0.055335,0.0301165,-0.00874973,-2.54059e-262,0.050745,0.0264941
0,-0.0569737,0.0287712,-0.00936095,5.64123e-278,0.0535651,0.0289675
0,-0.058751,0.0274515,-0.00994444,-1.25261e-293,0.0565985,0.031688
0,-0.059328,0.0261588,-0.0105014,2.78134e-309,0.0598621,0.0351517
0,-0.0593176,0.0248924,-0.0110323,1.47726e-321,0.0633743,0.0390985
0,-0.0599838,0.023651,-0.0115378,1.47726e-321,0.0671545,0.0430332
0,-0.0616813,0.0224342,-0.0120182,1.47726e-321,0.071224,0.046828
0,-0.0641032,0.0212424,-0.0124742,1.47726e-321,0.0756055,0.0505983
0,-0.0670366,0.0200758,-0.0129062,1.47726e-321,0.0803233,0.0544035
0,-0.07,0.0189112,-0.0133147,1.47726e-321,0.0854037,0.0580505
0,-0.07,0.0176506,-0.0136999,1.47726e-321,0.0908752,0.0615251
0,-0.07,0.0163027,-0.0140668,1.47726e-321,0.096768,0.0651788
0,-0.07,0.0149199,-0.0144077,1.47726e-321,0.103099,0.0694368
0,-0.07,0.013569,-0.0147213,1.47726e-321,0.109897,0.0747791
0,-0.07,0.0123328,-0.0150076,1.47726e-321,0.117213,0.0812587
0,-0.07,0.0112343,-0.0152678,1.47726e-321,0.125081,0.0879168
0,-0.07,0.0102898,-0.0155046,1.47726e-321,0.133501,0.0946318
0.00285003,-0.0600324,0.00909502,-0.0157208,1.47726e-321,0.142358,0.102766
0.0191359,-0.0454744,0.00760042,-0.015917,1.47726e-321,0.151271,0.111536
0.0354218,-0.0343628,0.00461042,-0.0160862,-0.00534105,0.159883,0.116124
0.0517077,-0.0182923,0.00148638,-0.0162143,-0.014533,0.168075,0.123683
0.0679935,-0.00200647,-0.00376396,-0.0162831,-0.0216891,0.175792,0.128446
0.0842794,0.0142794,-0.0141557,-0.0162813,-0.0190954,0.182992,0.132519
0.100565,0.0305653,-0.0248524,-0.0161177,-0.018592,0.189633,0.139459
0.116851,0.0468512,-0.0356859,-0.0157383,-0.016684,0.195672,0.146706
-0.111151,-0.153516,-0.0356992,-0.0152412,0.00443806,-0.0432245,-0.0791258
-0.0891652,-0.107805,-0.0349685,-0.0145702,0.00665479,-0.0385909,-0.0621733
-0.0785793,-0.0926057,-0.0342719,-0.0141127,0.00785567,-0.0347204,-0.056047
-0.0622935,-0.0703097,-0.0335753,-0.0134196,0.00721135,-0.0315929,-0.0474705
-0.0460076,-0.0493698,-0.0328832,-0.0127404,3.17279e-11,-0.0293153,-0.0398355
-0.0297217,-0.0252403,-0.0321876,-0.0120748,-6.46235e-27,-0.0279558,-0.0311474
-0.0134358,-0.000529882,-0.0314707,-0.0114268,1.43493e-42,-0.0275464,-0.0224689
0,0.0196209,-0.0307492,-0.0107931,-3.18618e-58,-0.0280001,-0.0157689
0,0.0379323,-0.0300292,-0.0101738,7.07475e-74,-0.0289712,-0.00984585
0,0.0545757,-0.0293133,-0.00956891,-1.57091e-89,-0.0301363,-0.00465571
0,0.0581931,-0.0286145,-0.00897835,3.48812e-105,-0.0314159,-0.00473896
0,0.0594895,-0.027922,-0.00840187,-7.74518e-121,-0.0327944,-0.00565514
0,0.056925,-0.0272377,-0.00783927,1.71978e-136,-0.0342736,-0.00819367
0,0.0560653,-0.0265563,-0.00729042,-3.81867e-152,-0.0358601,-0.0101202
0,0.0556487,-0.0258794,-0.0067552,8.47915e-168,-0.0375623,-0.0120367
0,0.0568414,-0.0252059,-0.00623355,-1.88275e-183,-0.0393896,-0.0134717
0,0.0596255,-0.0245362,-0.00572539,4.18054e-199,-0.041352,-0.0144648
0,0.0616736,-0.0238731,-0.00523065,-9.28267e-215,-0.0434605,-0.0159599
0,0.0618906,-0.0232179,-0.00474921,2.06117e-230,-0.0457266,-0.0183736
0,0.0611742,-0.0225699,-0.00428092,-4.57671e-246,-0.0481628,-0.0213442
0,0.0598487,-0.021929,-0.00382563,1.01623e-261,-0.0507824,-0.0247716
0,0.0595764,-0.0212938,-0.00338321,-2.25649e-277,-0.0535997,-0.0280109
0,0.0605835,-0.020664,-0.00295352,5.01042e-293,-0.0566306,-0.0310087
0,0.0621392,-0.0200408,-0.00253646,-1.11254e-308,-0.0598919,-0.0340689
0,0.0641095,-0.0194244,-0.00213191,-1.2154e-321,-0.0634019,-0.037239
0,0.0654157,-0.0188162,-0.00173972,-1.2154e-321,-0.0671802,-0.0409479
0,0.0670588,-0.0182152,-0.00135944,-1.2154e-321,-0.0712478,-0.0447736
0,0.0678817,-0.0176229,-0.000991535,-1.2154e-321,-0.0756275,-0.0491809
0,0.0684549,-0.0170388,-0.000635523,-1.2154e-321,-0.0803437,-0.0539036
0,0.0696716,-0.016462,-0.000291244,-1.2154e-321,-0.0854227,-0.058564
0,0.07,-0.0158552,4.14574e-05,-1.2154e-321,-0.0908928,-0.0631639
0,0.07,-0.0152297,0.000362202,-1.2154e-321,-0.0967843,-0.0681478
0,0.07,-0.0146124,0.000673676,-1.2154e-321,-0.103138,-0.0736551
0,0.07,-0.0140426,0.000972714,-1.2154e-321,-0.109992,-0.079651
0,0.0680219,-0.0135181,0.00125983,-1.2154e-321,-0.117372,-0.0862984
0,0.0624833,-0.0130058,0.00153623,-1.2154e-321,-0.125306,-0.0936652
0,0.0553169,-0.0125044,0.00179942,-1.2154e-321,-0.133795,-0.101378
-0.00286251,0.0437747,-0.012017,0.00205252,-1.2154e-321,-0.142721,-0.11049
-0.0192197,0.0370652,-0.0115344,0.00229578,-1.2154e-321,-0.151702,-0.117218
-0.0355769,0.0296131,-0.010133,0.00252936,-1.2154e-321,-0.160378,-0.121396
-0.0519341,0.0160212,-0.00802982,0.00274253,0.00723767,-0.168632,-0.127782
-0.0682913,0.00170867,-0.00506868,0.00292732,0.0222943,-0.176407,-0.131493
-0.0846485,-0.0146485,0.00301168,0.00306866,0.0200816,-0.183661,-0.135194
-0.101006,-0.0310057,0.012612,0.00311348,0.0192597,-0.190352,-0.140956
-0.117363,-0.047363,0.0231595,0.00297164,0.0177329,-0.196438,-0.147248
0.111638,0.162515,0.0233512,0.0027194,-0.00441491,0.0434862,0.0819899
0.0899646,0.122233,0.0226733,0.00238518,-0.00658959,0.0388102,0.0677029
0.0789235,0.105646,0.0219882,0.00207633,-0.00782592,0.0349006,0.0610931
0.0625663,0.0809756,0.0213086,0.00162868,-0.00718386,0.0317429,0.0515822
0.0462091,0.0537515,0.0206353,0.00119504,-4.5311e-11,0.0294411,0.0414682
0.0298519,0.0277512,0.0199701,0.000774587,6.46235e-27,0.0280625,0.0321245
0.0134947,0.00114189,0.0192914,0.000371193,-1.43493e-42,0.0276391,0.0227125
0,-0.0193558,0.0186169,-1.87064e-05,3.18618e-58,0.0280834,0.0158998
0,-0.03823,0.0179504,-0.000395091,-7.07475e-74,0.0290477,0.00975438
0,-0.0569097,0.0172928,-0.000758098,1.57091e-89,0.0302071,0.00375715
0,-0.0641387,0.0166568,-0.0011079,-3.48812e-105,0.0314815,0.002427
0,-0.07,0.0159408,-0.00144485,7.74518e-121,0.0328553,0.000218317
0,-0.07,0.0151578,-0.00176796,-1.71978e-136,0.03433,0.000515988
0,-0.07,0.0143506,-0.00207973,3.81867e-152,0.0359124,0.00154156
0,-0.07,0.0134921,-0.00237562,-8.47915e-168,0.0376109,0.00228115
0,-0.07,0.0126302,-0.00265491,1.88275e-183,0.0394346,0.00385557
0,-0.07,0.0117208,-0.00291699,-2.09027e-199,0.0413937,0.00520808
0,-0.07,0.0107947,-0.00316187,4.64134e-215,0.0434992,0.00707636
0,-0.07,0.00986991,-0.00338795,-1.03058e-230,0.0457625,0.00931775
0,-0.07,0.00895285,-0.00359552,2.28836e-246,0.0481961,0.011834
0,-0.07,0.00807842,-0.00378466,-5.08117e-262,0.0508132,0.0149392
0,-0.07,0.00720668,-0.00395585,1.12825e-277,0.0536284,0.0178751
0,-0.07,0.00632916,-0.00410957,-2.50521e-293,0.0566571,0.0209676
0,-0.07,0.00542714,-0.00424581,5.56268e-309,0.0599165,0.0241134
0,-0.07,0.0044939,-0.00436428,-1.89227e-321,0.0634247,0.0274353
0,-0.07,0.00353533,-0.00446442,-1.89227e-321,0.0672014,0.0310612
0,-0.07,0.00253675,-0.00454567,-1.89227e-321,0.0712675,0.034888
0,-0.07,0.00149324,-0.00460789,-1.89227e-321,0.0756457,0.0389155
0,-0.07,0.00033931,-0.00464923,-1.89227e-321,0.0803606,0.0426189
0,-0.07,-0.000950663,-0.00466871,-1.89227e-321,0.0854384,0.0462484
0,-0.07,-0.00241591,-0.00466389,-1.89227e-321,0.0909073,0.049648
0,-0.07,-0.00400308,-0.00463242,-1.89227e-321,0.0967978,0.0534569
0,-0.07,-0.00558131,-0.00456982,-1.89227e-321,0.103143,0.0582124
0,-0.07,-0.00661189,-0.00447555,-1.89227e-321,0.109625,0.0637621
0,-0.07,-0.00748012,-0.00435465,-1.89227e-321,0.116179,0.069812
0,-0.07,-0.00811658,-0.0042146,-1.89227e-321,0.123169,0.0764788
0,-0.07,-0.00868198,-0.00405927,-1.89227e-321,0.130695,0.0843965
0,-0.068372,-0.00942794,-0.00389241,-1.89227e-321,0.138728,0.0926378
0.0137191,-0.0534014,-0.0103076,-0.00371281,-1.89227e-321,0.146951,0.102104
0.0293981,-0.0406019,-0.0121082,-0.00351633,-0.00221764,0.154978,0.108647
0.0450771,-0.0249229,-0.0141482,-0.00329577,-0.0111235,0.16265,0.115837
0.060756,-0.00924397,-0.0171718,-0.00303627,-0.0136259,0.1699,0.122852
0.076435,0.00643501,-0.0267728,-0.00273214,-0.0102352,0.176685,0.126664
0.092114,0.022114,-0.0402995,-0.0023071,-0.00917083,0.182962,0.132197
0.107793,0.037793,-0.0543237,-0.00166343,-0.00792651,0.188691,0.139561
-0.111713,-0.152309,-0.0542756,-0.000738229,0.00403576,-0.0413577,-0.0782356
-0.0897621,-0.106265,-0.0524204,0.000782834,0.00288711,-0.0369249,-0.0605967
-0.0803547,-0.0923858,-0.0505789,0.00143324,0.00210265,-0.0331969,-0.0549613
-0.0646758,-0.0731075,-0.0487513,0.00246507,0.00238451,-0.0301494,-0.047577
-0.0489968,-0.0543983,-0.0470496,0.0034602,3.23296e-12,-0.0278886,-0.0407912
-0.0333178,-0.0327803,-0.045382,0.00442076,-8.07794e-28,-0.0264848,-0.0330793
-0.0176388,-0.0085693,-0.0436963,0.00533841,1.79366e-43,-0.0259844,-0.0245727
-0.00195987,0.0149441,-0.0419952,0.00622245,-3.98273e-59,-0.0263656,-0.0165377
0,0.0298045,-0.0403198,0.00707256,8.84344e-75,-0.0273402,-0.0120624
0,0.0459064,-0.0386681,0.00788901,-1.96364e-90,-0.0285564,-0.00705226
0,0.0504687,-0.0370563,0.00867228,4.36015e-106,-0.029893,-0.00676151
0,0.0525842,-0.0354755,0.00942308,-9.68148e-122,-0.0313238,-0.00737087
0,0.0549313,-0.0339233,0.0101421,2.14972e-137,-0.032848,-0.0079603
0,0.0544313,-0.0324033,0.0108299,-4.77334e-153,-0.0344717,-0.0098118
0,0.0560874,-0.0309102,0.011487,1.05989e-168,-0.0362034,-0.0108931
0,0.0584902,-0.0294455,0.0121142,-2.35344e-184,-0.0380524,-0.0118572
0,0.0613442,-0.0280096,0.0127119,5.22568e-200,-0.0400291,-0.0128148
0,0.0638033,-0.0266035,0.0132807,-1.16033e-215,-0.0421444,-0.0141145
0,0.0651376,-0.0252279,0.0138212,2.57646e-231,-0.04441,-0.0160499
0,0.0655009,-0.0238824,0.014334,-5.72089e-247,-0.0468384,-0.0185619
0,0.0648642,-0.0225671,0.0148197,1.27029e-262,-0.0494427,-0.0216802
0,0.0636737,-0.0212812,0.015279,-2.82062e-278,-0.0522373,-0.0252408
0,0.062996,-0.0200234,0.0157123,6.26303e-294,-0.0552378,-0.028837
0,0.0623576,-0.0187943,0.0161203,-1.39067e-309,-0.0584608,-0.0326838
0,0.0625358,-0.0175928,0.0165036,1.68476e-321,-0.0619246,-0.0364701
0,0.0625372,-0.01642,0.0168627,1.68476e-321,-0.0656483,-0.0406062
0,0.0617747,-0.0152762,0.0171981,1.68476e-321,-0.0696527,-0.0453078
0,0.0612991,-0.0141602,0.0175105,1.68476e-321,-0.0739603,-0.0501359
0,0.0611818,-0.0130716,0.0178004,1.68476e-321,-0.0785951,-0.0550601
0,0.0616699,-0.0120102,0.0180683,1.68476e-321,-0.0835829,-0.0599557
0,0.0635286,-0.0109748,0.0183149,1.68476e-321,-0.0889515,-0.0644847
0,0.0655524,-0.0099667,0.0185406,1.68476e-321,-0.0947308,-0.0690933
0,0.0663745,-0.00898706,0.018746,1.68476e-321,-0.100953,-0.0742524
0,0.0623295,-0.00803951,0.0189316,1.68476e-321,-0.107528,-0.0802702
0,0.0597599,-0.00711674,0.0190981,1.68476e-321,-0.114454,-0.0864837
0,0.0553122,-0.00622216,0.019246,1.68476e-321,-0.121884,-0.0933369
0,0.0493573,-0.0053552,0.0193762,1.68476e-321,-0.129867,-0.100555
0,0.0410943,-0.00451862,0.0194885,1.68476e-321,-0.138368,-0.10839
-0.0117007,0.0265774,-0.00371743,0.0195839,1.68476e-321,-0.147103,-0.118336
-0.0278396,0.0217336,-0.00293786,0.0196631,1.68476e-321,-0.15568,-0.123921
-0.0439785,0.0161989,-0.00204593,0.0197265,1.68476e-321,-0.163894,-0.129074
-0.0601174,0.00540259,-0.000407537,0.0197732,0.00506567,-0.171667,-0.133489
-0.0762563,-0.00625627,0.0041606,0.019801,0.0142508,-0.178951,-0.134928
-0.0923952,-0.0223952,0.0123844,0.0197818,0.0141964,-0.185705,-0.138912
-0.108534,-0.0385341,0.0250081,0.0196287,0.0123795,-0.191888,-0.143153
0.11741,0.162827,0.0250614,0.01928,-0.00356617,0.0446287,0.0829357
0.0952195,0.126048,0.0248422,0.0185923,-0.0059816,0.0397799,0.0690646
