-8.7501,-1.3841,229.353,-0.47571,2.47745,-0.00136
-8.7363,-1.4384,229.443,-0.47805,2.47098,-0.00253
-8.7442,-1.3372,229.382,-0.47369,2.47108,-0.00383
-8.7622,-1.365,229.39,-0.47634,2.47486,-0.00335
-8.7677,-1.3169,229.457,-0.47254,2.47074,-0.00404
-8.7392,-1.4097,229.475,-0.4811,2.46483,-0.00366
-8.8071,-1.2303,229.363,-0.47193,2.47478,-0.00347
-8.7674,-1.2405,229.439,-0.47142,2.46743,-0.00498
-8.7555,-1.3033,229.538,-0.472,2.46327,-0.00519
-8.761,-1.3388,229.344,-0.47959,2.46993,-0.00099
-8.7251,-1.4883,229.448,-0.48834,2.46761,-0.00055
-8.7839,-1.507,229.337,-0.48801,2.47289,0.00081
-8.7255,-1.3964,229.379,-0.47685,2.47318,-0.00073
-8.8741,-1.1904,229.313,-0.47424,2.48937,-0.00038
-8.7899,-1.2616,229.36,-0.47161,2.47944,-0.00099
-8.7901,-1.2614,229.475,-0.47318,2.48,-0.00166
-8.7423,-1.2263,229.341,-0.47097,2.48106,-0.00162
-8.8058,-1.2377,229.265,-0.47777,2.48451,0.00114
-8.6821,-1.2779,229.332,-0.47231,2.47599,0.00027
-8.7456,-1.3313,229.462,-0.47898,2.47621,0.0003
-8.7683,-1.2818,229.331,-0.48262,2.47858,0.00103
-8.6837,-1.3627,229.475,-0.47509,2.4663,-0.00275
-8.7056,-1.5023,229.395,-0.48464,2.47292,-0.00057
-8.6967,-1.3804,229.544,-0.47536,2.4663,-0.00407
-8.79,-1.1734,229.337,-0.46974,2.47463,-0.00356
-8.7667,-1.4143,229.415,-0.48303,2.46898,-0.00285
-8.666,-1.5824,229.483,-0.49166,2.46329,-0.00381
-8.8591,-1.2994,229.343,-0.48444,2.47851,-0.00354
-8.7962,-1.2332,229.434,-0.4769,2.46979,-0.00535
-8.7471,-1.3829,229.394,-0.47773,2.46775,-0.00626
-8.7575,-1.3752,229.484,-0.48161,2.46208,-0.0074
-8.7787,-1.2913,229.398,-0.4763,2.46368,-0.00712
-8.7411,-1.5236,229.454,-0.49205,2.46282,-0.00499
-8.7635,-1.2212,229.36,-0.47534,2.46398,-0.00703
-8.7584,-1.2399,229.439,-0.47219,2.46534,-0.00896
-8.7697,-1.2279,229.362,-0.4704,2.4644,-0.0086
-8.791,-1.198,229.428,-0.46653,2.46878,-0.0097
-8.7945,-1.0786,229.327,-0.46324,2.46811,-0.00929
-8.7656,-1.3327,229.381,-0.48077,2.46156,-0.00721
-8.7353,-1.4006,229.34,-0.47717,2.46594,-0.00821
-8.7974,-1.2257,229.343,-0.47208,2.46761,-0.0079
-8.749,-1.3992,229.457,-0.4801,2.46006,-0.00907
-8.7641,-1.3459,229.405,-0.47573,2.46196,-0.00842
-8.7903,-1.3802,229.468,-0.47811,2.46884,-0.0072
-8.7374,-1.3726,229.45,-0.4775,2.46567,-0.00811
-8.7477,-1.3174,229.499,-0.46894,2.46599,-0.00779
-8.7856,-1.224,229.454,-0.46884,2.47567,-0.00823
-8.8098,-1.1717,229.385,-0.46793,2.47561,-0.00777
-8.845,-1.2422,229.263,-0.47671,2.47707,-0.00475
-8.8248,-1.2339,229.545,-0.4711,2.46761,-0.00833
-8.7811,-1.3261,229.43,-0.47755,2.47102,-0.00651
-8.7611,-1.3377,229.527,-0.47691,2.47569,-0.00634
-8.8512,-1.1029,229.444,-0.46752,2.47552,-0.00652
-8.7708,-1.3576,229.368,-0.47766,2.47226,-0.00511
-8.8028,-1.288,229.393,-0.47229,2.47466,-0.00681
-8.8348,-1.1726,229.46,-0.47061,2.47595,-0.00652
-8.875,-1.2131,229.414,-0.47322,2.47932,-0.00368
-8.7909,-1.3768,229.48,-0.47748,2.47926,-0.00263
-8.7757,-1.4896,229.519,-0.47881,2.47814,-0.00197
-8.7749,-1.427,229.444,-0.47156,2.48157,0.00057
-8.7849,-1.424,229.451,-0.47896,2.48517,0.00238
-8.7729,-1.5273,229.599,-0.482,2.48571,0.00454
-8.8028,-1.4446,229.438,-0.47707,2.4964,0.00728
-8.8426,-1.36,229.381,-0.47536,2.49803,0.00876
-8.868,-1.3158,229.43,-0.47305,2.49689,0.01006
-8.8041,-1.4755,229.505,-0.47635,2.4932,0.01022
-8.806,-1.2352,229.457,-0.46467,2.49411,0.00888
-8.7877,-1.5479,229.446,-0.48176,2.49178,0.01118
-8.8754,-1.3064,229.307,-0.47301,2.49918,0.01143
-8.8122,-1.4029,229.376,-0.4752,2.4932,0.01164
-8.7843,-1.4325,229.47,-0.47315,2.48943,0.00968
-8.8147,-1.4023,229.414,-0.47739,2.48861,0.00929
-8.7951,-1.4126,229.485,-0.47859,2.48648,0.00855
-8.8057,-1.3897,229.449,-0.48269,2.48442,0.00604
-8.6757,-1.4339,229.373,-0.4801,2.48047,0.00636
-8.6315,-1.4674,229.569,-0.47717,2.47828,0.00553
-8.5749,-1.6387,229.504,-0.4877,2.47002,0.00678
-8.5715,-1.7478,229.559,-0.49343,2.47124,0.00685
-8.7184,-1.2857,229.462,-0.47039,2.4752,0.00249
-8.7896,-1.4103,229.48,-0.47757,2.48176,0.00378
-8.8096,-1.4572,229.475,-0.48554,2.48166,0.00625
-8.8168,-1.5795,229.502,-0.49069,2.48237,0.00813
-8.8098,-1.58,229.47,-0.48653,2.48271,0.00756
-8.8894,-1.5028,229.325,-0.4888,2.49023,0.00657
-8.8098,-1.6031,229.575,-0.49036,2.48365,0.00337
-8.8178,-1.5894,229.577,-0.4871,2.48683,-0.00146
-8.7407,-1.6537,229.544,-0.48464,2.47985,-0.0043
-8.7919,-1.6201,229.513,-0.48433,2.47654,-0.00448
-8.8499,-1.4581,229.365,-0.48286,2.4778,-0.0039
-8.9357,-1.1589,229.232,-0.47458,2.48075,-0.00293
-8.7016,-1.4836,229.519,-0.47943,2.46139,-0.00508
-8.8226,-1.4154,229.404,-0.4808,2.47149,-0.00224
-8.7955,-1.3798,229.36,-0.4739,2.47208,-0.00313
-8.7734,-1.4537,229.537,-0.47479,2.47416,-0.00288
-8.7921,-1.4451,229.478,-0.47731,2.47884,-0.00273
-8.7747,-1.2754,229.434,-0.46212,2.48209,-0.00429
-8.7881,-1.4787,229.463,-0.47714,2.47787,-0.00255
-8.7882,-1.326,229.458,-0.47069,2.47817,-0.00575
-8.7618,-1.4564,229.361,-0.47352,2.47619,-0.00385
-8.8167,-1.326,229.348,-0.46974,2.48238,-0.00377
-8.7838,-1.42,229.42,-0.47364,2.48725,-0.00186
-8.7709,-1.3922,229.491,-0.47768,2.48479,-0.00154
-8.742,-1.397,229.389,-0.4715,2.48155,-0.00247
-8.6959,-1.602,229.456,-0.48359,2.47763,9e-05
-8.6887,-1.5785,229.493,-0.48029,2.47691,0
-8.7754,-1.4747,229.58,-0.47653,2.48152,0.00237
-8.7865,-1.4812,229.505,-0.47602,2.48663,0.00571
-8.8591,-1.3633,229.513,-0.46802,2.4969,0.00899
-8.9304,-1.4428,229.352,-0.47637,2.50236,0.01307
-8.823,-1.4765,229.464,-0.4703,2.49674,0.01052
-8.9479,-1.275,229.301,-0.46719,2.50628,0.01087
-8.9804,-1.2703,229.293,-0.46684,2.50316,0.01004
-8.8987,-1.4151,229.516,-0.47278,2.49882,0.00805
-8.933,-1.216,229.311,-0.46881,2.50029,0.00718
-8.8332,-1.3817,229.29,-0.46936,2.49356,0.00544
-8.9025,-1.4603,229.279,-0.48428,2.49268,0.00738
-8.868,-1.4662,229.336,-0.47878,2.49101,0.00498
-8.8885,-1.4139,229.45,-0.48041,2.48429,0.00302
-8.8805,-1.4081,229.34,-0.48175,2.48731,0.00509
-8.8241,-1.3876,229.553,-0.47755,2.4883,0.00323
-8.8068,-1.4767,229.488,-0.48068,2.48488,0.00607
-8.7696,-1.4361,229.425,-0.47523,2.48426,0.00578
-8.7404,-1.5075,229.481,-0.48009,2.4778,0.00544
-8.7732,-1.502,229.462,-0.48269,2.47977,0.00637
-8.7291,-1.5296,229.655,-0.48204,2.48015,0.00546
-8.7344,-1.6226,229.491,-0.48559,2.48012,0.00643
-8.7571,-1.4763,229.572,-0.48269,2.47685,0.00516
-8.7973,-1.4531,229.529,-0.47991,2.48019,0.00382
-8.7709,-1.3869,229.556,-0.47775,2.48247,0.00374
-8.6519,-1.311,229.461,-0.4753,2.47864,0.00405
-8.7091,-1.241,229.502,-0.47532,2.48249,0.00439
-8.5987,-1.3615,229.532,-0.47656,2.46933,0.005
-8.4914,-1.3605,229.516,-0.4791,2.46324,0.00574
-8.3636,-1.4501,229.63,-0.4843,2.46744,0.00723
-8.2173,-1.1822,229.589,-0.46976,2.46626,0.00956
-8.0082,-1.2758,229.583,-0.47523,2.45967,0.01184
-7.87,-1.1767,229.675,-0.47036,2.4513,0.0104
-7.6933,-1.1725,229.735,-0.47005,2.43906,0.00889
-7.5296,-1.1365,229.794,-0.46051,2.43149,0.00484
-7.4949,-1.2036,229.917,-0.4653,2.43701,-0.00247
-7.4395,-1.12,229.766,-0.46073,2.43857,-0.00631
-7.4163,-1.1482,229.899,-0.45816,2.43259,-0.01222
-7.4351,-1.222,229.985,-0.45891,2.43578,-0.0141
-7.3792,-1.3564,230.061,-0.46556,2.43781,-0.01661
-7.3931,-1.2144,229.878,-0.45886,2.44836,-0.01807
-7.1692,-1.2508,229.914,-0.45741,2.43955,-0.02882
-7.1266,-1.2593,229.887,-0.45605,2.43943,-0.03119
-7.1044,-1.2159,229.855,-0.44959,2.43897,-0.03378
-7.0174,-1.3819,229.741,-0.4573,2.43029,-0.0378
-7.064,-1.222,229.528,-0.45327,2.43012,-0.03968
-7.0407,-1.3499,229.538,-0.46426,2.42143,-0.04172
-7.019,-1.4433,229.488,-0.47084,2.4153,-0.04142
-7.1306,-1.3313,229.522,-0.46351,2.40946,-0.04334
-7.1902,-1.2709,229.278,-0.4687,2.41328,-0.04078
-7.2309,-1.2542,229.096,-0.47386,2.41474,-0.04107
-7.2911,-1.1939,228.925,-0.47285,2.41422,-0.04134
-7.3368,-1.2783,228.838,-0.48393,2.41071,-0.04032
-7.5222,-1.1936,228.703,-0.48248,2.4127,-0.03894
-7.5596,-1.2878,228.811,-0.48909,2.40463,-0.0384
-7.631,-1.2368,228.517,-0.4871,2.40409,-0.03714
-7.6793,-1.3849,228.567,-0.49514,2.40061,-0.03801
-7.8006,-1.1507,228.407,-0.48592,2.39836,-0.03902
-7.8626,-1.1336,228.262,-0.49521,2.40183,-0.0374
-7.8435,-1.2266,228.253,-0.49998,2.39727,-0.03954
-7.7414,-1.2644,228.228,-0.49561,2.38653,-0.04154
-7.7899,-1.3603,228.364,-0.50357,2.38356,-0.04019
-7.7982,-1.3379,228.313,-0.50139,2.38628,-0.04036
-7.7946,-1.2681,228.405,-0.50095,2.38638,-0.04064
-7.8068,-1.2727,228.252,-0.503,2.38677,-0.03854
-7.646,-1.2001,228.201,-0.50344,2.38028,-0.04148
-7.4934,-1.2932,228.434,-0.49448,2.36986,-0.04537
-7.4503,-1.3886,228.256,-0.49548,2.36851,-0.05061
-7.3867,-1.3618,228.013,-0.49639,2.36143,-0.05364
-7.1995,-1.3875,227.866,-0.49505,2.35816,-0.05594
-7.0048,-1.9427,227.879,-0.50919,2.34352,-0.05132
-7.206,-1.7417,227.782,-0.50688,2.36706,-0.03956
-7.3616,-1.6528,227.996,-0.50086,2.36814,-0.03758
-7.3906,-1.5702,228.225,-0.49932,2.36567,-0.03676
-7.1748,-1.2031,228.341,-0.49044,2.35992,-0.04532
-7.5047,-0.9577,228.237,-0.48591,2.37738,-0.04523
-7.6882,-1.0496,228.285,-0.47926,2.372,-0.04808
-7.6753,-1.2084,228.262,-0.47812,2.37103,-0.04746
-7.7949,-1.118,228.152,-0.46961,2.37628,-0.04851
-8.1972,-1.2655,228.086,-0.47377,2.3862,-0.05013
-8.4297,-1.6566,228.173,-0.47479,2.3828,-0.04881
-8.8901,-1.6366,227.905,-0.48169,2.41009,-0.04218
-8.9415,-1.9196,228.106,-0.48653,2.40607,-0.03867
-8.9661,-2.0374,228.324,-0.48206,2.40448,-0.03254
-8.9926,-2.1761,228.412,-0.48435,2.40937,-0.02632
-9.0691,-1.8893,228.544,-0.47721,2.41771,-0.02201
-8.6867,-1.882,228.967,-0.4798,2.405,-0.02176
-8.5407,-1.7756,228.879,-0.47624,2.39781,-0.02235
-8.5053,-1.5531,228.666,-0.47056,2.39957,-0.02079
-8.3886,-1.6838,228.675,-0.47931,2.4015,-0.02024
-8.0862,-1.5628,229.021,-0.4656,2.38908,-0.02418
-8.0605,-1.4348,228.959,-0.46376,2.39071,-0.02318
-8.1028,-1.5886,228.978,-0.46906,2.38997,-0.02454
-8.2908,-1.519,228.956,-0.46316,2.39014,-0.0283
-8.3521,-1.3712,228.855,-0.45497,2.38962,-0.03177
-8.3807,-1.6386,228.818,-0.46496,2.3837,-0.03932
-8.5866,-1.6551,228.732,-0.46079,2.38652,-0.04946
-8.7635,-1.8595,229.298,-0.46388,2.38555,-0.04874
-9.1422,-1.859,229.536,-0.46449,2.4088,-0.04367
-9.366,-2.2405,229.176,-0.48239,2.41117,-0.04335
-9.454,-2.3554,229.052,-0.47753,2.40365,-0.04512
-9.4279,-2.2414,228.759,-0.4733,2.41136,-0.04412
-9.2517,-2.2619,228.851,-0.47165,2.40676,-0.04518
-9.3398,-1.9596,228.682,-0.46898,2.41124,-0.04431
-9.2299,-1.8463,228.614,-0.46416,2.39753,-0.04704
-9.2084,-1.3118,228.584,-0.44236,2.40166,-0.05208
-9.1089,-1.1548,228.673,-0.44381,2.40543,-0.05324
-8.9068,-0.9074,228.885,-0.42768,2.39877,-0.05831
-8.7436,-0.8266,228.888,-0.4254,2.39856,-0.05841
-8.4784,-0.8405,229.074,-0.43098,2.39406,-0.05765
-8.1608,-0.9599,229.042,-0.43424,2.39189,-0.05191
-7.8135,-1.1948,228.834,-0.45051,2.37581,-0.04221
-7.5531,-1.272,228.856,-0.43402,2.36461,-0.04056
-7.4638,-1.4962,229.058,-0.43838,2.35776,-0.03744
-7.5374,-1.4419,228.947,-0.43479,2.35491,-0.03565
-7.5146,-1.3861,229.026,-0.43254,2.35254,-0.03922
-7.5768,-1.1709,228.856,-0.42472,2.35974,-0.03924
-7.4829,-1.1804,228.784,-0.43326,2.35724,-0.04079
-7.4409,-0.9764,228.652,-0.42784,2.36009,-0.04367
-7.3416,-1.1844,228.86,-0.43731,2.35412,-0.04612
-7.5996,-1.3116,228.828,-0.44207,2.36022,-0.04701
-7.8847,-1.0772,228.648,-0.42863,2.37174,-0.04858
-8.0756,-1.0945,228.65,-0.42952,2.37359,-0.0487
-8.2565,-1.1989,228.571,-0.43841,2.37463,-0.05004
-8.622,-1.4466,228.59,-0.45608,2.39002,-0.0482
-9.0029,-1.3077,228.515,-0.44531,2.40682,-0.04666
-9.2512,-1.7768,228.843,-0.46155,2.40893,-0.04387
-9.4885,-1.9924,228.757,-0.47254,2.41654,-0.03752
-9.6217,-1.9821,228.84,-0.4655,2.41846,-0.03627
-9.6046,-2.2033,229.071,-0.46786,2.41167,-0.03301
-9.632,-2.2202,229.065,-0.46553,2.40835,-0.03111
-9.7903,-1.8758,228.951,-0.45152,2.41626,-0.02616
-9.7124,-1.7898,229.005,-0.43969,2.41487,-0.02772
-9.607,-1.7058,229.119,-0.4365,2.40698,-0.02887
-9.3283,-1.7155,229.005,-0.43689,2.4072,-0.02766
-9.1355,-1.7361,228.987,-0.43212,2.40352,-0.02239
-8.9522,-1.7516,229.152,-0.42728,2.39309,-0.02263
-8.8337,-1.8238,229.215,-0.42655,2.38513,-0.02027
-8.7903,-1.695,229.202,-0.42642,2.38588,-0.01999
-8.5954,-1.8488,229.25,-0.43276,2.38015,-0.02182
-8.4005,-1.85,229.393,-0.43832,2.37232,-0.02436
-8.2222,-1.6731,229.342,-0.42909,2.37457,-0.02535
-8.1709,-1.536,229.421,-0.42026,2.37076,-0.02902
-8.0319,-1.6834,229.459,-0.42919,2.36669,-0.0295
-8.0455,-1.5261,229.241,-0.42228,2.36212,-0.03008
-8.2055,-1.4535,229.201,-0.41392,2.37708,-0.02616
-8.3682,-1.5037,229.384,-0.40975,2.37823,-0.02366
-8.4751,-1.6176,229.417,-0.4173,2.37749,-0.02288
-8.5706,-1.753,229.368,-0.42378,2.38168,-0.02433
-8.6193,-1.9027,229.312,-0.42552,2.37708,-0.02552
-8.8196,-1.6679,229.347,-0.4098,2.37861,-0.02711
-9.021,-1.5678,229.266,-0.40526,2.3878,-0.02876
-9.273,-1.6368,229.144,-0.41037,2.39497,-0.02778
-9.2074,-1.8354,229.085,-0.41347,2.38045,-0.03007
-9.3271,-1.6092,228.968,-0.40694,2.38606,-0.02947
-9.3828,-1.3835,229.103,-0.39257,2.39405,-0.02922
-9.2137,-1.742,229.636,-0.3963,2.3816,-0.03013
-9.239,-1.4667,229.445,-0.38884,2.38677,-0.03098
-9.1852,-1.4309,229.275,-0.39046,2.38624,-0.03372
-9.1082,-1.3863,229.211,-0.38372,2.38422,-0.03941
-8.9954,-1.4139,229.179,-0.38983,2.38187,-0.03993
-8.8732,-1.1645,229.191,-0.37568,2.38006,-0.04417
-8.5133,-1.2041,229.48,-0.37634,2.37329,-0.04737
-8.2989,-1.1838,229.353,-0.38005,2.36461,-0.04677
-8.1607,-0.9726,229.226,-0.37648,2.36935,-0.0451
-7.9748,-0.961,229.169,-0.37579,2.3565,-0.04553
-7.7535,-1.3171,229.286,-0.39024,2.34769,-0.04273
-7.6665,-1.3154,229.42,-0.39782,2.35712,-0.04242
-7.5125,-1.3791,229.451,-0.39824,2.35159,-0.04438
-7.5246,-1.3501,229.198,-0.40508,2.35648,-0.04252
-7.5025,-1.2764,229.125,-0.40071,2.35824,-0.04415
-7.5182,-1.2396,229.18,-0.40304,2.36551,-0.04379
-7.4324,-1.3452,229.282,-0.40351,2.35415,-0.0467
-7.4725,-1.2326,229.194,-0.39783,2.35904,-0.04917
-7.5309,-1.2147,229.234,-0.40011,2.36093,-0.04827
-7.5495,-1.4035,229.281,-0.41135,2.36136,-0.04627
-7.7496,-1.0925,228.898,-0.40221,2.37227,-0.04105
-7.7172,-1.2784,228.93,-0.40974,2.36927,-0.03847
-7.6919,-1.2745,229.046,-0.4041,2.36459,-0.03961
-7.7426,-1.2699,229.004,-0.40271,2.36778,-0.03991
-7.8866,-1.2452,228.959,-0.41082,2.37051,-0.03852
-7.9005,-1.3004,228.916,-0.40781,2.36875,-0.03852
-7.8687,-1.368,228.997,-0.40335,2.36415,-0.04171
-7.8668,-1.2925,229.018,-0.40126,2.36374,-0.04167
-7.7839,-1.2794,228.923,-0.40406,2.36683,-0.0397
-7.7238,-1.2997,228.871,-0.40716,2.36103,-0.03815
-7.6175,-1.3312,228.85,-0.40382,2.35278,-0.03743
-7.5485,-1.3482,228.798,-0.40237,2.3504,-0.03792
-7.5187,-1.2628,228.696,-0.40141,2.35581,-0.03633
-7.4015,-1.4834,228.966,-0.40669,2.34814,-0.03571
-7.4862,-1.3608,228.925,-0.40585,2.35335,-0.02908
-7.618,-1.3441,228.951,-0.40647,2.35865,-0.02494
-7.6368,-1.6726,229.32,-0.41118,2.35149,-0.02385
-7.7774,-1.5058,229.113,-0.41046,2.36096,-0.0246
-7.9566,-1.0372,229.235,-0.38585,2.36674,-0.02962
-7.9964,-1.0501,229.652,-0.38219,2.36517,-0.03421
-7.9603,-0.9675,229.614,-0.38843,2.36428,-0.03549
-8.0273,-0.6472,229.318,-0.37766,2.37902,-0.03525
-7.8193,-0.6907,229.625,-0.3742,2.37182,-0.03986
-7.7563,-0.6409,229.809,-0.36801,2.36285,-0.04319
-7.838,-0.7872,229.583,-0.37695,2.36794,-0.03923
-7.834,-0.9648,229.722,-0.38647,2.36045,-0.03874
-7.9068,-1.0279,229.632,-0.38934,2.3631,-0.03195
-8.1955,-1.3328,229.371,-0.406,2.36944,-0.02478
-8.2555,-1.4982,229.179,-0.4153,2.3715,-0.02163
-8.4092,-1.4416,229.089,-0.40961,2.37804,-0.02184
-8.4272,-1.5957,229.112,-0.41447,2.37831,-0.02074
-8.4862,-1.6838,229.163,-0.4111,2.37322,-0.02028
-8.6436,-1.667,229.106,-0.4075,2.37272,-0.01991
-8.815,-1.5941,229.019,-0.40581,2.37671,-0.01784
-8.9452,-1.6312,228.936,-0.40992,2.38361,-0.01333
-8.9405,-1.6965,228.879,-0.41326,2.38251,-0.00849
-8.9918,-1.8764,228.814,-0.42228,2.37531,-0.00412
-9.1186,-1.9148,228.844,-0.42819,2.38387,-0.0005
-9.0426,-1.9818,228.94,-0.42561,2.37578,-0.00152
-8.9585,-2.1481,228.93,-0.43088,2.36961,-0.00438
-8.8903,-1.8962,228.695,-0.42037,2.37029,-0.00791
-8.6844,-1.6993,228.951,-0.40484,2.35818,-0.01479
-8.6627,-1.5866,229.077,-0.39708,2.36634,-0.016
-8.7448,-1.4074,229.008,-0.38602,2.37485,-0.02121
-8.4826,-1.4021,229.174,-0.38018,2.36295,-0.02956
-8.3644,-0.8814,229.435,-0.3537,2.36795,-0.0372
-8.306,-0.8321,229.55,-0.3545,2.36855,-0.03906
-8.208,-0.9045,229.703,-0.35756,2.36739,-0.04042
-8.1869,-0.8454,229.899,-0.35559,2.36935,-0.04323
-8.0149,-0.8822,229.612,-0.36197,2.37359,-0.04487
-7.9619,-0.7993,229.459,-0.36443,2.3701,-0.04771
-7.9413,-0.708,229.348,-0.36289,2.37277,-0.05276
-7.7591,-0.7472,229.681,-0.36394,2.36095,-0.05918
-7.6333,-0.6376,229.831,-0.35781,2.36165,-0.06265
-7.5521,-0.5817,230.032,-0.35171,2.36082,-0.06429
-7.4003,-0.6467,230.097,-0.35008,2.36013,-0.06655
-7.3194,-0.4024,230.165,-0.34182,2.36223,-0.07319
-7.3076,-0.406,230.051,-0.34667,2.36095,-0.07446
-7.1638,-0.5882,230.31,-0.35065,2.34717,-0.08537
-7.2346,-0.4905,230.149,-0.34913,2.3551,-0.08501
-7.3444,-0.2687,230.01,-0.33935,2.35886,-0.0832
-7.3674,-0.5685,230.062,-0.34613,2.35512,-0.07886
-7.6567,-0.8234,230.147,-0.35184,2.35544,-0.07029
-8.0124,-0.7288,230.042,-0.35162,2.37409,-0.06427
-8.0435,-0.8825,230.181,-0.3535,2.37247,-0.06404
-7.9525,-1.0554,230.252,-0.37114,2.37373,-0.06437
-7.8095,-1.2215,230.075,-0.38219,2.37041,-0.06161
-7.6884,-1.3392,229.871,-0.38656,2.36593,-0.0614
-7.6043,-1.5039,229.856,-0.39578,2.35715,-0.06282
-7.7149,-1.2361,229.473,-0.38905,2.36452,-0.06325
-7.861,-1.1636,229.481,-0.38626,2.37225,-0.0641
-7.9324,-1.1912,229.565,-0.37677,2.37546,-0.06937
-8.0835,-1.2494,229.477,-0.38078,2.38116,-0.07118
-8.2148,-0.9158,229.266,-0.36911,2.39544,-0.07424
-8.2109,-0.8874,229.26,-0.36151,2.3946,-0.0772
-8.2536,-1.1445,229.367,-0.36482,2.38992,-0.07436
-8.306,-1.2169,229.345,-0.36656,2.3846,-0.07582
-8.313,-1.2708,229.422,-0.3632,2.38219,-0.07145
-8.2196,-1.504,229.423,-0.36757,2.37619,-0.0703
-8.2313,-1.4295,229.118,-0.37048,2.38338,-0.06575
-8.362,-1.4326,229.069,-0.36278,2.38327,-0.06452
-8.4815,-1.6651,229.061,-0.37014,2.38301,-0.05995
-8.72,-1.5406,228.984,-0.3656,2.3974,-0.05639
-8.7837,-1.5748,228.908,-0.35866,2.39623,-0.05623
-8.8378,-1.6447,228.988,-0.35731,2.38898,-0.05781
-8.9102,-1.6742,228.964,-0.3622,2.38899,-0.05561
-8.9464,-1.6528,228.92,-0.36065,2.38182,-0.05601
-8.9847,-1.786,228.934,-0.36239,2.38343,-0.05427
-8.951,-1.8461,229.138,-0.35775,2.37477,-0.05528
-8.9953,-1.7431,228.907,-0.35412,2.38634,-0.05243
-9.0193,-2.0877,228.977,-0.36622,2.37952,-0.05244
-9.1717,-1.9597,228.827,-0.36543,2.38353,-0.05259
-9.3472,-1.94,228.73,-0.36713,2.38706,-0.05147
-9.6005,-1.7859,228.63,-0.35618,2.39748,-0.05488
-9.4977,-1.7387,228.936,-0.34381,2.39078,-0.06395
-9.3612,-1.6481,228.591,-0.3436,2.39089,-0.06466
-9.4448,-1.7401,228.55,-0.34892,2.39102,-0.05683
-6.242,4.0442,178.202,-0.56619,2.53332,0.0159
-11.3183,3.4245,198.945,-0.34705,2.5406,0.06956
-13.7793,2.6614,196.768,-0.38978,2.64553,0.08798
-12.7729,2.5842,183.858,-0.46236,2.64562,0.06338
-12.1753,-0.51,174.861,-0.495,2.66327,-0.02816
-9.6767,-2.386,157.275,-0.56051,2.66385,-0.08752
-8.1978,-2.8999,141.628,-0.50812,2.69248,-0.12804
-8.2536,-3.131,127.084,-0.38986,2.75138,-0.13196
-8.7901,-2.8184,108.367,-0.28337,2.80682,-0.0434
-11.9998,-2.7058,93.8778,-0.2196,2.91102,0.09001
-16.3879,-1.3929,74.4723,-0.11036,3.07582,0.20379
-15.7207,1.2216,51.4274,-0.07611,3.11119,0.25422
-9.7412,4.7357,24.4242,-0.26548,3.00371,0.28617
-5.1496,9.2005,7.5286,-0.85164,2.94893,0.36507
-2.9263,16.0294,9.8371,-1.17573,2.90435,0.38142
-5.9112,23.5025,27.7171,-1.06936,2.94348,0.32425
-15.6069,24.5785,57.8476,-0.84208,3.11624,0.28935
-24.0779,5.2266,160.376,-0.35926,2.98027,0.0854
-21.8873,0.4502,190.999,-0.29952,2.88508,0.02762
-18.5836,-0.9377,214.219,-0.18283,2.75018,-0.01685
-15.954,-1.345,225.287,-0.10546,2.66379,-0.03102
-13.8307,-1.0353,229.766,-0.08007,2.60954,-0.00287
-12.3895,-1.1117,228.522,-0.17464,2.55225,0.03143
-11.5511,-1.7875,225.787,-0.29556,2.48475,0.03993
-10.4747,-1.7737,223.953,-0.38145,2.45593,0.0373
-10.015,-1.6083,223.244,-0.42952,2.43813,0.03228
-9.6594,-1.909,223.552,-0.47614,2.42801,0.03809
-10.1127,-2.3943,225.204,-0.48879,2.44548,0.01915
-11.9749,-2.8077,226.941,-0.47429,2.50205,-0.00154
-12.7333,-2.9479,227.609,-0.4703,2.52822,-0.0066
-13.1936,-3.0424,227.952,-0.47443,2.5468,-0.01085
-13.0831,-2.827,227.732,-0.47999,2.54678,-0.01423
-12.3662,-2.8422,227.434,-0.49174,2.51101,-0.01992
-12.0219,-2.947,227.445,-0.50789,2.49872,-0.01782
-11.7964,-3.0548,227.487,-0.52277,2.48979,-0.01
-11.8101,-2.9123,227.406,-0.52596,2.49678,-0.00791
-11.7562,-2.8783,227.644,-0.52607,2.49168,-0.01117
-11.7613,-2.6606,227.627,-0.52675,2.49532,-0.01119
-11.6807,-2.3527,227.506,-0.51301,2.50498,-0.01592
-11.3406,-2.2204,227.449,-0.50366,2.50001,-0.01572
-11.0142,-2.3845,227.595,-0.50949,2.49008,-0.01599
-10.9658,-2.5242,227.501,-0.51758,2.49633,-0.02137
-11.0566,-2.6672,227.563,-0.5172,2.50425,-0.02505
-11.1677,-2.9162,227.795,-0.52476,2.50187,-0.02522
-11.4279,-2.6916,227.773,-0.51403,2.51818,-0.0228
-11.5197,-2.7959,227.908,-0.51453,2.51946,-0.01762
-11.5315,-2.7508,228,-0.51436,2.51948,-0.01759
-11.5186,-2.5788,227.88,-0.50764,2.51399,-0.01785
-11.6002,-2.6584,227.935,-0.51623,2.51257,-0.01868
-11.5827,-2.9893,227.984,-0.54585,2.5074,-0.0141
-11.6259,-3.114,227.908,-0.55496,2.50665,-0.01383
-11.7035,-3.0027,227.845,-0.54919,2.5129,-0.01499
-11.7491,-3.2423,228.033,-0.55975,2.51449,-0.01765
-11.8501,-3.3944,227.939,-0.56873,2.52079,-0.01924
-12.1855,-3.2974,227.912,-0.56208,2.53397,-0.02274
-12.2635,-3.6,228.107,-0.57636,2.52713,-0.01547
-12.3779,-3.4799,227.92,-0.57228,2.54271,-0.0029
-12.3947,-3.9711,228.155,-0.59318,2.5422,0.00432
-12.5604,-4.0021,228.303,-0.58694,2.54592,0.00521
-12.6461,-4.1651,228.336,-0.59299,2.54803,0.00997
-12.7305,-4.024,228.312,-0.58311,2.55475,0.00798
-12.8064,-3.943,228.259,-0.5725,2.55699,0.0085
-12.8929,-4.0051,228.398,-0.57545,2.56173,0.00858
-12.9847,-3.9954,228.362,-0.57947,2.56388,0.01432
-12.9605,-4.1558,228.383,-0.59027,2.56752,0.02022
-12.883,-4.3601,228.476,-0.59904,2.56225,0.02577
-12.7974,-4.5625,228.6,-0.59725,2.55773,0.02877
-12.7841,-4.4544,228.498,-0.59744,2.56052,0.03285
-12.7977,-4.2571,228.499,-0.58702,2.56604,0.02845
-12.7602,-4.1957,228.573,-0.58512,2.56445,0.02518
-12.7846,-4.0802,228.479,-0.58282,2.56843,0.02024
-12.7463,-3.948,228.549,-0.57538,2.56411,0.0144
-12.5365,-4.0722,228.739,-0.57873,2.55458,0.00807
-12.4648,-4.1153,228.749,-0.58178,2.553,0.00577
-12.5082,-3.6842,228.66,-0.56251,2.56808,0.00066
-12.5005,-3.5766,228.761,-0.56137,2.57059,-0.00454
-12.504,-3.5731,228.769,-0.56213,2.57216,-0.00883
-12.5885,-3.556,228.762,-0.56342,2.57291,-0.01093
-12.6045,-3.4436,228.785,-0.56177,2.5777,-0.01132
-12.5317,-3.4919,228.811,-0.55557,2.58088,-0.01393
-12.6028,-3.3539,228.776,-0.56153,2.58746,-0.01402
-12.5726,-3.2844,228.816,-0.55233,2.59025,-0.0171
-12.5511,-3.3839,229.084,-0.56529,2.58288,-0.0194
-12.514,-3.6536,229.185,-0.58047,2.57976,-0.02047
-12.5877,-3.5295,229.147,-0.57588,2.58992,-0.02019
-12.6212,-3.4864,229.124,-0.57872,2.59254,-0.01786
-12.6107,-3.5036,229.108,-0.57929,2.58972,-0.01998
-12.6457,-3.4111,229.194,-0.57644,2.59119,-0.02107
-12.6041,-3.4237,229.268,-0.573,2.58488,-0.02313
-12.6174,-3.5467,229.147,-0.5843,2.58618,-0.02074
-12.6636,-3.4056,229.083,-0.57539,2.58964,-0.02095
-12.6533,-3.1536,229.032,-0.55984,2.5837,-0.02197
-12.5085,-3.4239,228.975,-0.57278,2.58217,-0.02009
-12.527,-3.3373,228.784,-0.57064,2.58619,-0.01685
-12.5151,-3.3291,228.901,-0.56965,2.58327,-0.01744
-12.4702,-3.4757,229.026,-0.5784,2.58118,-0.01503
-12.5234,-3.3055,229.025,-0.57147,2.59205,-0.01518
-12.5456,-3.2432,228.972,-0.57565,2.58527,-0.01471
-12.4154,-3.525,229.16,-0.58419,2.57799,-0.01471
-12.4027,-3.4228,229.056,-0.58026,2.58177,-0.01424
-12.3983,-3.42,228.935,-0.58168,2.58226,-0.01319
-12.359,-3.4297,229.238,-0.58302,2.57574,-0.0185
-12.5239,-3.2692,229.29,-0.57822,2.58319,-0.02503
-12.6622,-3.1382,229.272,-0.57814,2.59218,-0.0346
-12.6661,-2.8709,229.194,-0.56579,2.60127,-0.04702
-12.4918,-2.7038,229.037,-0.55824,2.59777,-0.05712
-12.1823,-2.5859,228.821,-0.54992,2.58532,-0.064
-11.5845,-2.3663,228.548,-0.53808,2.56053,-0.06487
-10.7057,-2.2425,228.265,-0.53043,2.53001,-0.05883
-10.1784,-1.8119,228.01,-0.51064,2.51862,-0.05537
-9.672,-1.7214,228.031,-0.50694,2.50011,-0.05263
-9.1096,-1.7058,228.011,-0.50008,2.47736,-0.04453
-8.7039,-1.6146,227.957,-0.49057,2.47161,-0.03483
-8.4183,-1.6636,228.01,-0.49616,2.46012,-0.02779
-8.1191,-1.8753,227.985,-0.50551,2.44582,-0.01747
-8.0357,-1.8192,227.964,-0.49975,2.44342,-0.01354
-8.0875,-1.676,227.821,-0.49433,2.44981,-0.00938
-7.9681,-1.8183,228.114,-0.49464,2.44344,-0.01176
-7.9451,-1.8218,228.28,-0.48994,2.44195,-0.01272
-8.0695,-1.8015,228.037,-0.49222,2.45193,-0.00984
-8.1208,-1.6538,228.055,-0.48745,2.45223,-0.00971
-8.2023,-1.7977,228.232,-0.49017,2.45133,-0.00861
-8.2835,-1.6779,228.255,-0.48199,2.45987,-0.00879
-8.2988,-1.5284,228.288,-0.47071,2.46664,-0.0102
-8.2765,-1.4361,228.155,-0.46622,2.46812,-0.01166
-8.212,-1.542,228.396,-0.46942,2.46493,-0.0117
-8.2739,-1.4932,228.37,-0.47019,2.47025,-0.01041
-8.3008,-1.6193,228.519,-0.47104,2.47157,-0.00978
-8.3033,-1.6464,228.728,-0.46565,2.47439,-0.00886
-8.3387,-1.6554,228.798,-0.46456,2.48336,-0.00488
-8.2754,-1.7108,228.734,-0.46518,2.48991,-0.00181
-8.1907,-1.6724,228.775,-0.45915,2.49038,-0.00285
-8.1943,-1.4587,228.584,-0.45305,2.49145,-0.00186
-8.1957,-1.5973,228.632,-0.4592,2.49409,0.00098
-8.275,-1.533,228.655,-0.46487,2.48989,0.00222
-8.3005,-1.5483,228.519,-0.46498,2.48784,0.00209
-8.3669,-1.6258,228.679,-0.46642,2.48797,0.00195
-8.5061,-1.3944,228.591,-0.45766,2.49916,0.00416
-8.5079,-1.3284,228.7,-0.45366,2.50264,0.0042
-8.4201,-1.1042,228.722,-0.44837,2.49958,0.0055
-8.3916,-1.006,228.674,-0.44491,2.50091,0.00792
-8.2144,-1.1134,228.672,-0.44227,2.49771,0.0109
-8.2366,-1.2026,228.723,-0.44355,2.49524,0.0091
-8.3839,-1.1378,228.573,-0.43922,2.49824,0.00076
-8.4292,-1.3159,228.572,-0.44931,2.49234,-0.00516
-8.4716,-1.2997,228.49,-0.44711,2.49436,-0.00997
-8.5314,-1.5222,228.449,-0.45891,2.49601,-0.01025
-8.7285,-1.3748,228.455,-0.45247,2.4915,-0.0171
-8.8826,-1.347,228.459,-0.45228,2.48908,-0.02121
-8.8046,-1.4239,228.585,-0.45667,2.48577,-0.02058
-8.6808,-1.3821,228.574,-0.45523,2.49333,-0.01584
-8.569,-1.2651,228.625,-0.4539,2.48853,-0.01458
-8.5802,-1.0025,228.648,-0.45121,2.48351,-0.0124
-8.64,-0.8744,228.463,-0.44495,2.48101,-0.01184
-8.7482,-0.9497,228.361,-0.44738,2.49315,-0.00586
-8.8329,-0.9759,228.433,-0.45305,2.49974,-0.00369
-8.8357,-1.0703,228.494,-0.45631,2.50068,-0.00311
-8.771,-1.239,228.606,-0.45879,2.49567,-0.00278
-8.7525,-1.295,228.792,-0.46124,2.49291,-0.00484
-8.7798,-1.2763,228.782,-0.45853,2.48848,-0.00328
-8.8401,-1.0405,228.629,-0.45169,2.49645,-0.00284
-8.8062,-1.0692,228.622,-0.46232,2.49322,-0.00173
-8.8545,-1.006,228.546,-0.4605,2.49449,-0.00106
-8.9795,-1.0444,228.424,-0.4695,2.49797,0.00137
-8.854,-1.0994,228.478,-0.46689,2.49444,0.00074
-8.8627,-1.041,228.667,-0.45998,2.48921,-0.00079
-8.9297,-1.1298,228.64,-0.46448,2.49285,0.00098
-8.9547,-1.2146,228.64,-0.46405,2.49067,0.00157
-8.9638,-1.2874,228.569,-0.47188,2.49153,0.00289
-8.9821,-1.1417,228.531,-0.4653,2.49232,0.00344
-8.8505,-1.4133,228.633,-0.47649,2.48574,0.00527
-8.8657,-1.3188,228.652,-0.46807,2.48553,0.00527
-8.8719,-1.3068,228.689,-0.46989,2.4853,0.00478
-8.9003,-1.2466,228.609,-0.47092,2.4929,0.00652
-8.8566,-1.345,228.584,-0.47713,2.49615,0.00866
-8.8099,-1.1725,228.74,-0.4581,2.49797,0.00533
-8.8494,-1.1677,228.759,-0.45748,2.49692,0.00555
-8.7313,-1.3112,228.678,-0.46484,2.49526,0.00535
-8.818,-1.227,228.687,-0.46364,2.49962,0.00693
-8.9167,-1.1487,228.665,-0.4607,2.50489,0.00692
-8.9634,-1.139,228.595,-0.46172,2.50659,0.00811
-8.9177,-1.27,228.789,-0.4607,2.5013,0.00646
-8.8769,-1.3175,228.762,-0.46092,2.50208,0.00785
-8.9213,-1.2479,228.767,-0.45748,2.50354,0.00847
-8.8324,-1.33,228.9,-0.46184,2.49823,0.00834
-8.8295,-1.309,228.712,-0.4624,2.50762,0.01058
-8.9434,-1.1229,228.614,-0.46113,2.51036,0.0119
-8.8722,-1.2773,228.818,-0.45744,2.50348,0.0098
-8.8956,-1.4053,228.797,-0.47024,2.50644,0.01203
-8.9055,-1.3361,228.827,-0.46387,2.50367,0.01045
-8.9405,-1.1599,228.74,-0.45711,2.50018,0.00963
-8.9831,-1.1502,228.648,-0.45857,2.50575,0.00893
-9.0178,-1.1372,228.59,-0.45956,2.50447,0.00916
-8.8687,-1.2691,228.683,-0.45798,2.49664,0.00536
-9.0188,-1.1897,228.575,-0.4671,2.50895,0.00828
-8.9284,-1.3883,228.77,-0.46996,2.49701,0.00597
-9.0457,-1.1104,228.655,-0.4577,2.5024,0.00521
-9.0355,-1.0478,228.612,-0.4534,2.50178,0.00358
-9.0411,-1.1106,228.579,-0.45683,2.50123,0.00592
-9.0804,-1.1445,228.59,-0.46092,2.50629,0.00618
-9.0599,-1.2423,228.634,-0.46476,2.50918,0.00653
-8.9734,-1.2374,228.724,-0.45942,2.50278,0.00536
-9.0857,-0.9857,228.584,-0.4431,2.51317,0.00576
-9.0291,-1.1633,228.682,-0.45255,2.50827,0.00411
-9.0362,-1.3119,228.742,-0.46175,2.50544,0.00358
-9.0167,-1.3078,228.53,-0.46037,2.50612,0.006
-9.04,-1.1723,228.616,-0.45643,2.50752,0.00551
-9.0185,-1.2053,228.529,-0.45704,2.50842,0.00502
-8.9757,-1.2926,228.687,-0.46216,2.50611,0.0053
-9.0166,-1.1789,228.722,-0.45371,2.50837,0.00456
-9.039,-1.0743,228.609,-0.4442,2.50968,0.00308
-9.0048,-1.1971,228.798,-0.44769,2.50346,0.00341
-9.0167,-1.2826,228.811,-0.45581,2.50479,0.00373
-9.0048,-1.2474,228.711,-0.45314,2.50719,0.00369
-9.0789,-1.1286,228.77,-0.44627,2.50863,0.00239
-9.0287,-1.2229,228.718,-0.45321,2.50383,0.00294
-9.0063,-1.3534,228.596,-0.46714,2.49612,0.00221
-9.024,-1.2651,228.62,-0.45826,2.49458,0.00044
-9.0068,-1.1354,228.719,-0.45178,2.49121,-0.00102
-9.1012,-1.1139,228.716,-0.46339,2.49569,0.00095
-9.0456,-1.2789,228.859,-0.46743,2.48628,-0.00101
-9.1047,-1.1328,228.775,-0.4678,2.49033,0.00044
-9.1694,-1.0228,228.625,-0.46471,2.49299,0.00131
-9.1166,-1.1195,228.716,-0.46654,2.49157,0.00054
-9.1074,-1.1577,228.781,-0.46817,2.49307,0.00022
-9.0979,-1.1538,228.674,-0.46984,2.49821,0.00216
-9.0509,-1.1277,228.683,-0.46264,2.49932,0.00142
-9.026,-1.2529,228.814,-0.47176,2.50354,0.00251
-9.0428,-1.0749,228.738,-0.46101,2.51149,0.00448
-9.1456,-0.9824,228.665,-0.4621,2.51785,0.00702
-9.0242,-1.0917,228.661,-0.46278,2.51698,0.00822
-9.0373,-1.0358,228.623,-0.4578,2.5146,0.00841
-9.0029,-1.1642,228.701,-0.4613,2.51319,0.01016
-8.9545,-1.1849,228.786,-0.45577,2.5097,0.0088
-8.8996,-1.3589,228.896,-0.46255,2.5088,0.00848
-8.9468,-1.3298,228.858,-0.46095,2.51636,0.01048
-8.979,-1.1472,228.752,-0.45185,2.51985,0.01012
-8.9781,-1.1155,228.847,-0.44733,2.51774,0.00715
-8.9465,-1.247,228.891,-0.45424,2.50696,0.00615
-9.0217,-1.2862,228.866,-0.46323,2.50652,0.00842
-8.9762,-1.3385,228.75,-0.46393,2.5037,0.00647
-9.0515,-1.2208,228.633,-0.46371,2.50416,0.00688
-8.9892,-1.4195,228.936,-0.47168,2.49941,0.00652
-9.0901,-1.4003,228.7,-0.47878,2.50347,0.01008
-9.0459,-1.2765,228.901,-0.46869,2.50009,0.00783
-9.0702,-1.1973,228.836,-0.4652,2.49942,0.00726
-9.1255,-1.1036,228.726,-0.46492,2.50683,0.00976
-9.0868,-1.1761,228.869,-0.4703,2.50657,0.01044
-9.0718,-1.2388,228.7,-0.47158,2.51204,0.01213
-9.0856,-1.141,228.832,-0.4703,2.5102,0.0132
-9.049,-1.2999,228.827,-0.47037,2.50774,0.01341
-9.0224,-1.1612,228.811,-0.46045,2.51025,0.01313
-9.0349,-1.2387,228.878,-0.46801,2.50788,0.01424
-9.005,-1.4047,228.862,-0.47681,2.50948,0.01621
-9.0212,-1.2001,228.773,-0.46493,2.51066,0.01634
-9.0077,-1.2692,228.935,-0.46539,2.51186,0.01545
-8.9761,-1.3106,228.887,-0.46918,2.50882,0.01432
-9.013,-1.2136,228.797,-0.46168,2.5122,0.0148
-9.0323,-1.135,228.811,-0.46114,2.51657,0.01496
-8.991,-1.1692,228.789,-0.45842,2.51669,0.01398
-8.9998,-1.1282,228.832,-0.45538,2.51386,0.01388
-8.9234,-1.4051,228.846,-0.47236,2.51017,0.01517
-8.9547,-1.3473,228.883,-0.46825,2.50843,0.0149
-9.0127,-1.2865,228.823,-0.46755,2.51249,0.01399
-9.0375,-1.1236,228.749,-0.4594,2.51698,0.01338
-8.9738,-1.3966,228.869,-0.47525,2.50575,0.01498
-8.9723,-1.3493,228.81,-0.47084,2.50561,0.01492
-8.9996,-1.2823,228.715,-0.46703,2.50832,0.01435
-9.0427,-1.1759,228.7,-0.46788,2.51055,0.01444
-8.9918,-1.1847,228.882,-0.46465,2.50001,0.01132
-9.068,-1.078,228.79,-0.46343,2.51198,0.01191
-9.0054,-1.1545,228.802,-0.46415,2.50817,0.01285
-8.9296,-1.3326,228.928,-0.46972,2.49574,0.01197
-8.9902,-1.2838,228.835,-0.46804,2.50277,0.01176
-9.0027,-1.1425,228.743,-0.46174,2.50827,0.01172
-9.0197,-1.1974,228.769,-0.47349,2.50489,0.01286
-9.0013,-1.2752,228.921,-0.47356,2.50029,0.01164
-8.9435,-1.1896,228.892,-0.46231,2.49784,0.01011
-8.9491,-1.1229,228.932,-0.45933,2.50195,0.00928
-8.9939,-1.1449,228.875,-0.46161,2.50035,0.00996
-9.0956,-0.999,228.75,-0.4617,2.5075,0.01128
-9.0261,-1.1847,228.841,-0.46695,2.50242,0.00962
-8.9928,-1.2853,228.786,-0.46857,2.50639,0.01084
-8.8933,-1.4135,228.982,-0.46875,2.49644,0.00972
-8.9979,-1.0169,228.918,-0.4572,2.50385,0.00731
-9.0054,-1.1291,228.833,-0.46233,2.50238,0.00973
-8.9318,-1.34,228.943,-0.46952,2.49744,0.01017
-8.9263,-1.2806,228.747,-0.46456,2.50356,0.01101
-8.9951,-1.3049,228.79,-0.47532,2.50485,0.0121
-8.982,-1.2775,228.844,-0.47425,2.50509,0.01278
-9.0213,-1.1171,228.882,-0.46298,2.50367,0.00961
-8.9805,-1.1461,228.952,-0.46221,2.50015,0.01116
-8.9384,-1.2189,228.946,-0.46484,2.5007,0.01024
-8.9595,-1.2492,229.029,-0.4684,2.49954,0.00994
-8.9443,-1.2537,229.051,-0.4653,2.4975,0.00882
-8.9299,-1.3106,229.024,-0.4682,2.49889,0.00975
-8.9438,-1.2119,228.926,-0.46724,2.50156,0.0097
-8.9974,-1.1338,228.872,-0.46006,2.50142,0.00986
-8.9929,-1.1262,228.769,-0.46201,2.50497,0.01037
-9.0522,-1.0874,228.732,-0.46886,2.50761,0.01197
-9.0161,-1.0797,228.719,-0.46676,2.5103,0.01053
-9.0002,-1.2718,228.861,-0.47084,2.50312,0.00928
-8.9592,-1.2823,228.868,-0.47015,2.4956,0.0091
-8.9254,-1.1681,228.83,-0.46169,2.4943,0.0074
-9.0153,-1.0847,228.832,-0.46143,2.49993,0.00744
-9.0455,-0.9678,228.81,-0.45372,2.5051,0.00883
-9.0088,-1.095,228.833,-0.46031,2.50429,0.00835
-9.0556,-1.0775,228.813,-0.46411,2.50475,0.00903
-8.9952,-1.2451,228.858,-0.46794,2.50098,0.00956
-8.9029,-1.3459,229.046,-0.46822,2.49647,0.00786
-8.9228,-1.3876,228.934,-0.47604,2.49846,0.01066
-8.9958,-1.2422,228.788,-0.47476,2.50739,0.01183
-8.9734,-1.2104,228.858,-0.47026,2.50218,0.01168
-8.9525,-1.1686,228.906,-0.46147,2.49747,0.01007
-8.9409,-1.2042,228.931,-0.46292,2.49627,0.00934
-8.9342,-1.314,228.88,-0.47205,2.50253,0.01138
-8.9582,-1.3495,228.856,-0.4761,2.49863,0.01191
-8.8823,-1.3707,228.98,-0.47,2.49434,0.0102
-8.9549,-1.2013,228.895,-0.46645,2.49809,0.01017
-8.9672,-1.2542,228.924,-0.47184,2.49693,0.01093
-8.9925,-1.0945,228.773,-0.46532,2.50274,0.0105
-8.9537,-1.2439,228.822,-0.4708,2.49422,0.01044
-8.9457,-1.2787,228.807,-0.47104,2.49955,0.01007
-8.9387,-1.2898,228.788,-0.47228,2.49691,0.01045
-8.9867,-1.1804,228.817,-0.46641,2.50088,0.00928
-8.9328,-1.2094,228.87,-0.46521,2.49628,0.00882
-8.9228,-1.192,228.958,-0.46364,2.49419,0.0074
-8.9463,-1.3152,228.916,-0.47538,2.49652,0.00961
-8.9128,-1.2995,228.934,-0.4716,2.49872,0.00988
-8.9541,-1.2269,228.935,-0.46476,2.49753,0.00847
-8.9742,-1.1666,228.936,-0.46487,2.4965,0.00793
-8.9672,-1.1322,228.834,-0.46426,2.50062,0.00881
-9.0156,-1.1467,228.865,-0.46698,2.50284,0.01027
-8.9332,-1.2261,228.911,-0.46303,2.49785,0.00873
-8.9962,-1.156,228.776,-0.46934,2.50787,0.01113
-8.9123,-1.378,229.087,-0.47332,2.4964,0.00843
-8.9568,-1.1982,228.958,-0.46607,2.49622,0.00924
-8.9607,-1.1294,228.813,-0.4662,2.504,0.00905
-8.933,-1.0352,228.764,-0.4567,2.49829,0.00839
-8.9512,-1.1714,228.82,-0.468,2.50093,0.01005
-8.9511,-1.1917,228.916,-0.46808,2.50503,0.01013
-8.9299,-1.1711,228.844,-0.46304,2.49866,0.00824
-8.9669,-1.1798,228.729,-0.46757,2.50332,0.0094
-8.9272,-1.2526,228.876,-0.47294,2.49801,0.00933
-9.0012,-0.936,228.734,-0.45302,2.50554,0.00893
-8.9231,-1.1856,228.901,-0.46431,2.49722,0.00914
-8.9575,-1.1542,228.912,-0.46234,2.50036,0.00829
-8.9761,-1.1619,228.871,-0.46562,2.5016,0.01025
-8.9826,-1.0615,228.918,-0.4634,2.50798,0.01009
-8.8927,-1.2116,229.06,-0.46437,2.49675,0.00832
-8.8764,-1.2417,229.008,-0.4668,2.49855,0.00936
-8.9485,-1.1974,228.994,-0.46473,2.50403,0.01042
-8.9554,-1.2682,228.993,-0.46984,2.50268,0.01125
-8.9123,-1.2962,228.936,-0.47063,2.50016,0.012
-8.9253,-1.1588,228.933,-0.46489,2.50178,0.01097
-8.9713,-1.1413,228.924,-0.46421,2.50707,0.01132
-8.9302,-1.1948,228.955,-0.46692,2.5062,0.01278
-8.9629,-1.2109,228.838,-0.46914,2.50432,0.0126
-9.0033,-1.1107,228.919,-0.46847,2.50953,0.01129
-8.982,-1.1539,228.874,-0.46547,2.50797,0.01178
-8.8368,-1.3032,229.057,-0.46751,2.49372,0.01018
-8.8992,-1.3219,229.06,-0.46789,2.49567,0.01111
-8.9354,-1.1932,228.888,-0.46741,2.50175,0.01279
-8.8636,-1.3031,228.929,-0.46981,2.49704,0.01205
-8.9409,-1.1932,228.861,-0.46831,2.50519,0.01235
-8.8519,-1.4191,229.113,-0.47186,2.49571,0.01187
-8.983,-1.0937,228.904,-0.45821,2.5089,0.01155
-9.0258,-1.0631,228.784,-0.46527,2.5155,0.01324
-8.9855,-1.0566,228.814,-0.46177,2.50785,0.01142
-8.9466,-1.0956,228.88,-0.46601,2.50542,0.01308
-8.9833,-1.0755,228.844,-0.46115,2.50655,0.01373
-8.9354,-1.229,228.944,-0.46732,2.50189,0.01165
-8.9505,-1.1188,228.949,-0.46601,2.50151,0.01246
-8.9568,-1.162,228.886,-0.46416,2.50469,0.01278
-8.9789,-1.1761,228.959,-0.46701,2.50929,0.01253
-8.9353,-1.1974,228.977,-0.46769,2.50326,0.01167
-9.0175,-1.0218,228.947,-0.45519,2.50997,0.01165
-8.9238,-1.1223,229.045,-0.46048,2.5041,0.01186
-8.9655,-1.2177,228.866,-0.47174,2.50889,0.01534
-8.9717,-1.1246,228.824,-0.46745,2.50867,0.01429
-8.9418,-1.1187,228.879,-0.46553,2.506,0.01269
-9.0082,-1.1007,228.853,-0.46385,2.50829,0.01356
-8.9103,-1.2326,229.024,-0.46761,2.5029,0.01165
-9.0341,-1.1829,228.867,-0.4711,2.51185,0.01473
-8.9453,-1.2106,228.981,-0.46537,2.50497,0.01243
-8.9564,-1.1469,229.084,-0.45933,2.50022,0.01075
-8.9872,-1.0849,228.836,-0.46083,2.50875,0.01236
-8.9723,-1.101,228.872,-0.45868,2.50563,0.01226
-8.9731,-1.2934,228.907,-0.47111,2.50796,0.01313
-8.9334,-1.1686,228.878,-0.46171,2.50837,0.01254
-8.9452,-1.1012,228.955,-0.4608,2.50527,0.01078
-8.9051,-1.2248,229.03,-0.46207,2.49999,0.00998
-8.9554,-1.2597,228.891,-0.47202,2.50417,0.01227
-8.8792,-1.2433,229.021,-0.46504,2.49708,0.0097
-8.9441,-1.1766,229.02,-0.46432,2.50167,0.01145
-8.8895,-1.1126,229.03,-0.46111,2.50174,0.01064
-8.8973,-1.232,229.024,-0.46385,2.50063,0.01096
-8.9391,-1.1675,229.019,-0.46193,2.50302,0.0123
-8.9091,-1.2083,229.042,-0.4655,2.50373,0.01233
-8.9793,-1.2008,228.921,-0.46795,2.51129,0.01383
-8.9612,-1.2491,228.945,-0.46892,2.50705,0.01368
-8.8751,-1.3337,229.068,-0.46873,2.49673,0.0128
-8.9551,-1.2128,228.935,-0.46609,2.50537,0.01414
-8.9211,-1.1479,228.925,-0.46195,2.50431,0.01298
-9.0007,-1.1214,228.905,-0.46863,2.51168,0.01429
-8.8971,-1.2727,229.06,-0.4662,2.50308,0.01324
-8.9491,-1.2144,228.792,-0.46787,2.50914,0.01393
-8.8971,-1.205,228.994,-0.46455,2.50178,0.01188
-8.9766,-1.0322,228.959,-0.46134,2.50498,0.0118
-8.9378,-1.2005,228.999,-0.46897,2.50464,0.01271
-8.9977,-1.1018,228.911,-0.46229,2.50593,0.01269
-8.9569,-1.1605,228.753,-0.46937,2.50779,0.01472
-8.8623,-1.2164,229.025,-0.46117,2.49564,0.0105
-8.9285,-1.2102,228.873,-0.4708,2.50147,0.01261
-8.9948,-1.1846,228.838,-0.47087,2.50709,0.01381
-8.9608,-1.1993,228.9,-0.46459,2.50395,0.01291
-9.0233,-1.0607,228.884,-0.46196,2.50537,0.01197
-8.9381,-1.1177,228.813,-0.46364,2.49995,0.01121
-8.9335,-1.2008,228.857,-0.46754,2.50092,0.01248
-8.9528,-1.1826,228.8,-0.46814,2.50452,0.01295
-8.9417,-1.2005,228.915,-0.46651,2.50049,0.01148
-9.0196,-0.9333,228.75,-0.45465,2.50469,0.01092
-8.9709,-1.1425,228.768,-0.46791,2.50205,0.01218
-8.92,-1.1913,228.857,-0.46742,2.50291,0.01108
-8.9329,-1.3481,228.785,-0.47674,2.50362,0.01429
-8.9405,-1.2512,228.828,-0.46926,2.49917,0.01173
-8.992,-1.1816,228.882,-0.46501,2.5015,0.00961
-8.9692,-1.1901,228.624,-0.47674,2.50877,0.01382
-8.9628,-1.2008,228.787,-0.47076,2.50015,0.01159
-8.9262,-1.2607,228.885,-0.4692,2.49711,0.01081
-8.9706,-1.1438,228.762,-0.46728,2.50603,0.01079
-8.9216,-1.2398,228.935,-0.47024,2.50058,0.00951
-8.9979,-1.1667,228.795,-0.46986,2.50545,0.01027
-8.9811,-1.1254,228.832,-0.46924,2.50115,0.01025
-8.9271,-1.1938,228.967,-0.47154,2.49724,0.00924
-8.8269,-1.4401,229.034,-0.4757,2.49011,0.0084
-8.9407,-1.1223,228.888,-0.46108,2.49947,0.00823
-8.9918,-0.9801,228.898,-0.45641,2.50422,0.00796
-8.9396,-1.1608,228.851,-0.46539,2.50045,0.01093
-8.9474,-1.1565,228.911,-0.46727,2.49705,0.00934
-8.9367,-1.102,228.983,-0.46055,2.49638,0.00925
-8.9579,-1.1758,228.915,-0.4674,2.49999,0.00976
-9.0269,-1.2171,228.899,-0.47589,2.49839,0.0114
-8.9954,-1.1378,228.788,-0.46707,2.50335,0.01102
-8.9049,-1.2555,228.842,-0.47528,2.49755,0.01066
-8.9436,-1.1107,228.951,-0.46099,2.49738,0.00715
-8.9335,-1.2338,228.934,-0.4664,2.49532,0.00841
-9.016,-0.9505,228.751,-0.45892,2.5014,0.00859
-8.933,-1.1898,228.894,-0.46946,2.49301,0.00972
-8.9696,-1.2283,228.949,-0.47304,2.49686,0.00884
-8.9264,-1.2375,229.071,-0.46914,2.49176,0.00741
-8.9323,-1.2561,228.925,-0.47452,2.4967,0.00938
-8.9592,-1.1144,228.954,-0.46495,2.49769,0.00807
-8.9005,-1.267,229.003,-0.4656,2.49592,0.00657
-8.9636,-1.1147,228.851,-0.46599,2.50017,0.00917
-8.9475,-1.1779,228.96,-0.46476,2.49605,0.00892
-8.8679,-1.339,229.177,-0.46959,2.49168,0.00708
-8.9719,-1.1464,228.953,-0.46563,2.49814,0.00759
-8.9747,-1.1934,228.91,-0.47173,2.50014,0.01108
-8.9949,-1.2519,228.912,-0.47576,2.50369,0.01149
-9.0204,-1.054,228.883,-0.46544,2.50762,0.0091
-8.927,-1.3014,229.104,-0.46961,2.49534,0.00834
-9.0194,-1.141,228.835,-0.47111,2.50325,0.01108
-8.9411,-1.2104,229.098,-0.46666,2.49648,0.00885
-9.0508,-1.057,228.931,-0.46457,2.50896,0.01102
-9.0114,-1.2119,228.793,-0.47735,2.50609,0.0127
-8.9647,-1.2967,228.954,-0.47813,2.49939,0.01171
-9.0215,-1.1691,228.762,-0.46698,2.50919,0.01128
-8.9756,-1.0701,228.733,-0.46688,2.50545,0.01068
-8.993,-1.0642,228.948,-0.46558,2.5032,0.00918
-8.8956,-1.1741,229.118,-0.46237,2.49548,0.00873
-9.0167,-1.0322,228.814,-0.46,2.50686,0.00997
-8.9544,-1.1309,228.962,-0.46627,2.50024,0.00952
-9.0212,-1.0679,228.866,-0.46433,2.50441,0.00976
-8.9165,-1.2264,228.999,-0.46677,2.49485,0.00821
-8.918,-1.2949,229.071,-0.47235,2.49914,0.0095
-8.8735,-1.3771,229.061,-0.47471,2.48432,0.00774
-8.9654,-1.2322,228.905,-0.47216,2.49969,0.0085
-9.017,-1.1269,228.924,-0.46474,2.50068,0.00858
-8.9733,-1.1696,229.007,-0.46902,2.50175,0.00806
-9.0125,-0.9853,228.79,-0.46358,2.50211,0.00885
-8.9618,-1.153,228.953,-0.46609,2.50096,0.0081
-8.9832,-1.13,228.87,-0.4684,2.50161,0.0106
-8.9613,-1.2363,228.94,-0.47473,2.50136,0.0101
-8.9187,-1.0681,228.928,-0.4617,2.49926,0.00807
-8.8985,-1.2167,228.993,-0.46575,2.49738,0.00805
-8.9481,-1.182,228.968,-0.46873,2.49717,0.00819
-9.0102,-1.0909,228.889,-0.46561,2.50314,0.00918
-8.934,-1.1034,228.878,-0.465,2.49696,0.00899
-8.9958,-1.0352,228.858,-0.46287,2.49892,0.00912
-8.9523,-1.1491,228.808,-0.46814,2.49935,0.01003
-9.0004,-1.0823,228.886,-0.4678,2.50299,0.01006
-8.9539,-1.2085,229.011,-0.46996,2.49884,0.00922
-9.0071,-1.2137,228.938,-0.47256,2.50074,0.01061
-8.9789,-1.3261,228.992,-0.47817,2.49895,0.01095
-8.9654,-1.1343,228.942,-0.46677,2.4982,0.00904
-8.9251,-1.1569,228.934,-0.46326,2.49632,0.00917
-8.9821,-0.9912,228.854,-0.45738,2.50231,0.00929
-8.9025,-1.1606,228.999,-0.46082,2.4957,0.00911
-8.9917,-1.1169,228.912,-0.46503,2.5035,0.01139
-8.9434,-1.104,228.932,-0.46478,2.49465,0.00915
-8.9598,-1.1684,229.004,-0.46833,2.49896,0.01008
-8.9187,-1.2947,229.05,-0.48027,2.49405,0.00974
-8.918,-1.1719,228.96,-0.46541,2.49919,0.00861
-8.9588,-1.1893,228.92,-0.46812,2.50307,0.00988
-8.9992,-1.0841,228.807,-0.46675,2.50754,0.01209
-8.9327,-1.2452,229.071,-0.46913,2.49763,0.01074
-8.8569,-1.3385,228.996,-0.46817,2.49624,0.01034
-8.9065,-1.3082,229.112,-0.47037,2.49698,0.00971
-9.0042,-1.1325,228.895,-0.46674,2.50283,0.01142
-8.9215,-1.2195,228.993,-0.46854,2.49885,0.01081
-8.8549,-1.3575,229.048,-0.47132,2.49178,0.01078
-8.89,-1.2092,229.07,-0.46899,2.49656,0.01045
-8.9609,-1.1129,228.949,-0.46471,2.5017,0.01002
-8.9393,-1.2313,228.992,-0.47112,2.49332,0.01076
-8.8779,-1.2789,229.086,-0.47164,2.49391,0.00987
-8.9245,-1.1852,229.027,-0.46304,2.49799,0.0099
-8.9053,-1.3083,228.997,-0.46977,2.49746,0.01217
-8.9825,-1.3057,228.889,-0.47585,2.50314,0.01464
-9.0072,-1.1597,228.854,-0.46927,2.51173,0.01403
-8.9569,-1.1675,228.947,-0.46304,2.50535,0.01287
-8.9583,-1.1309,228.913,-0.46175,2.50512,0.01249
-9.0532,-1.0296,228.849,-0.4614,2.51306,0.01371
-8.965,-1.1628,228.972,-0.46523,2.50729,0.01303
-8.9661,-1.1875,229.064,-0.46693,2.50213,0.01321
-8.9649,-1.1356,229.053,-0.46101,2.50101,0.01204
-8.939,-1.1676,228.947,-0.46641,2.50447,0.01283
-8.9651,-1.0692,228.924,-0.45998,2.50544,0.01131
-8.9906,-1.0312,228.914,-0.45984,2.50912,0.01307
-8.8995,-1.2871,228.963,-0.46841,2.49978,0.01326
-8.8748,-1.226,228.951,-0.46593,2.50032,0.01193
-8.9358,-1.3187,228.969,-0.4709,2.50707,0.01181
-8.9088,-1.296,229.024,-0.47094,2.5031,0.01237
-8.885,-1.2833,229.158,-0.46917,2.49872,0.01044
-8.9601,-1.1642,228.889,-0.46418,2.50446,0.01295
-8.8986,-1.2314,228.963,-0.46538,2.50095,0.01195
-8.9114,-1.2327,229.059,-0.46812,2.49805,0.01044
-8.9235,-1.2161,229.049,-0.46627,2.49836,0.01044
-8.8935,-1.3115,229.107,-0.46814,2.49363,0.01064
-8.9314,-1.2686,229.036,-0.46675,2.50195,0.01034
-8.8983,-1.2788,229.025,-0.46638,2.50285,0.01191
-8.9676,-1.1933,228.815,-0.46828,2.50905,0.01304
-9.0191,-1.1876,228.861,-0.46944,2.50875,0.01367
-8.9718,-1.1666,228.979,-0.46363,2.50533,0.01131
-8.9136,-1.2113,229.006,-0.4657,2.50183,0.01113
-8.9144,-1.2655,229.08,-0.47177,2.49911,0.01159
-8.9139,-1.1926,229.005,-0.46737,2.50068,0.01145
-8.9567,-1.0706,229.047,-0.46208,2.5041,0.01198
-8.9045,-1.3118,229.021,-0.47014,2.49747,0.01248
-8.8867,-1.3106,228.925,-0.46926,2.49758,0.01221
-8.9091,-1.1824,229.048,-0.46134,2.49982,0.0118
-8.9481,-1.152,229.043,-0.46575,2.49862,0.01092
-8.8895,-1.3089,229.072,-0.47498,2.49939,0.01191
-8.9607,-1.1326,228.864,-0.4634,2.50673,0.01289
-8.9726,-1.3241,229.027,-0.47914,2.50322,0.01342
-8.8761,-1.1787,229.07,-0.46542,2.50043,0.01096
-8.9741,-1.0905,228.916,-0.45744,2.50604,0.01135
-9.0357,-1.1054,228.833,-0.46727,2.50937,0.01472
-8.9505,-1.1977,228.929,-0.47177,2.5039,0.01391
-8.981,-1.1063,228.973,-0.46526,2.50392,0.01251
-8.9281,-1.1706,229.151,-0.46353,2.50122,0.01238
-8.9393,-1.2738,228.941,-0.47589,2.50514,0.01504
-8.9361,-1.0557,228.962,-0.46458,2.49837,0.01199
-8.9831,-1.1374,229.021,-0.46719,2.50423,0.01114
-8.9971,-1.0664,228.913,-0.46121,2.50711,0.01332
-8.9612,-1.1339,228.968,-0.46349,2.50372,0.01148
-8.9337,-1.1837,228.933,-0.46467,2.49984,0.0121
-8.9628,-1.2569,228.945,-0.47313,2.50409,0.01279
-8.9931,-1.2014,229.008,-0.46992,2.50538,0.01237
-8.8967,-1.2206,228.968,-0.47039,2.4991,0.0108
-8.9139,-1.2539,228.962,-0.466,2.49908,0.01119
-8.9662,-1.0862,228.861,-0.46041,2.50496,0.01095
-8.9103,-1.2461,229.071,-0.46502,2.49473,0.0097
-9.0122,-1.0512,228.923,-0.4619,2.50507,0.01186
-9.0035,-1.0969,228.816,-0.46296,2.50445,0.01211
-8.9743,-1.1313,228.848,-0.46416,2.50443,0.01206
-8.7954,-1.4042,229.179,-0.46778,2.49046,0.00982
-8.9132,-1.1941,229.003,-0.46445,2.50229,0.01112
-8.9064,-1.2283,229.047,-0.46441,2.50126,0.0101
-8.9403,-1.1722,228.983,-0.46184,2.50325,0.01033
-8.9652,-1.1072,228.918,-0.45941,2.50656,0.01134
-8.8512,-1.3569,229.059,-0.47038,2.49699,0.01147
-8.9878,-1.0725,228.875,-0.46311,2.50766,0.01293
-8.9486,-1.1962,228.871,-0.46519,2.50182,0.0126
-8.9385,-1.2658,229,-0.4706,2.50048,0.01289
-8.9956,-1.2322,228.879,-0.46956,2.5028,0.01213
-8.9509,-1.1571,228.917,-0.46365,2.50611,0.01099
-8.9623,-1.0621,228.839,-0.46139,2.50269,0.01212
-8.915,-1.109,228.887,-0.45962,2.50355,0.01141
-9.0002,-1.1158,228.751,-0.46277,2.51009,0.01289
-8.8863,-1.2993,229.011,-0.46825,2.4945,0.01025
-8.9207,-1.2885,228.951,-0.47242,2.5017,0.01197
-8.9904,-1.1391,228.929,-0.46618,2.50697,0.01175
-8.8748,-1.1382,229.107,-0.45944,2.49824,0.00911
-8.9772,-1.1902,228.986,-0.46807,2.5019,0.01255
-8.9445,-1.2767,228.96,-0.47355,2.50549,0.01244
-8.9066,-1.3249,228.99,-0.47158,2.50412,0.01218
-8.9008,-1.1465,228.907,-0.4611,2.50456,0.01167
-9.0405,-1.112,228.853,-0.46931,2.51291,0.01383
-9.0061,-1.0154,228.879,-0.45584,2.5102,0.01154
-9.0026,-1.1606,228.97,-0.46759,2.50854,0.01345
-8.955,-1.0773,228.918,-0.45911,2.5008,0.01074
-8.8741,-1.2756,228.966,-0.46674,2.4993,0.0118
-8.9542,-1.245,228.886,-0.46721,2.50101,0.01246
-8.9548,-1.2508,228.961,-0.47004,2.5018,0.01101
-8.9498,-1.1654,228.965,-0.46297,2.50123,0.01123
-8.9388,-1.1439,228.967,-0.46948,2.50219,0.01111
-8.9922,-1.1311,228.92,-0.46232,2.50599,0.01141
-8.9369,-1.2341,229.038,-0.47271,2.50124,0.01079
-8.887,-1.3586,229.047,-0.47338,2.49661,0.01043
-8.9239,-1.234,228.826,-0.46716,2.50121,0.01202
-8.921,-1.2606,228.847,-0.47183,2.50079,0.0124
-8.9266,-1.2104,229.018,-0.46986,2.49564,0.01164
-8.9253,-1.2119,228.97,-0.46707,2.49633,0.01114
-8.8953,-1.1363,229.053,-0.46049,2.50015,0.00956
-8.9003,-1.2911,229.036,-0.46707,2.50169,0.01157
-8.8956,-1.2972,229.026,-0.47035,2.49944,0.01221
-8.8935,-1.3481,229.042,-0.47241,2.49878,0.01213
-8.8854,-1.3569,229.099,-0.47345,2.49864,0.01239
-8.9315,-1.197,228.976,-0.46397,2.50342,0.01177
-8.9804,-1.1125,229.012,-0.4619,2.50145,0.0125
-8.9653,-1.1445,228.957,-0.4603,2.5038,0.01124
-8.9534,-1.1707,228.929,-0.46619,2.50379,0.0128
-8.9603,-1.2319,229.077,-0.46939,2.50261,0.01143
-8.9544,-1.2295,229.027,-0.46892,2.50456,0.01249
-8.9861,-1.1488,229.007,-0.46621,2.50618,0.01179
-8.9526,-1.2062,229.029,-0.46712,2.50595,0.0129
-8.9409,-1.2137,229.005,-0.4678,2.50034,0.01193
-9.0352,-0.9591,228.775,-0.46085,2.50736,0.01239
-8.9589,-1.1323,229.003,-0.46588,2.50345,0.01251
-8.9802,-1.1303,228.881,-0.46831,2.50507,0.01365
-8.9454,-1.1381,228.94,-0.46649,2.50595,0.01234
-8.9314,-1.2339,229.041,-0.47208,2.50017,0.01196
-8.9512,-1.2245,228.991,-0.46864,2.49929,0.01277
-9.0175,-1.0667,228.798,-0.46556,2.50647,0.0143
-8.8946,-1.3408,229.012,-0.47122,2.49716,0.01255
-8.874,-1.3093,229.129,-0.47111,2.49609,0.0104
-8.9416,-1.2054,229.09,-0.46841,2.49907,0.01057
-8.8873,-1.3857,228.979,-0.47529,2.49645,0.01196
-8.901,-1.1849,229.078,-0.46564,2.49335,0.01044
-8.9023,-1.2226,229.144,-0.46316,2.49459,0.00976
-8.9275,-1.2635,229.081,-0.47189,2.49691,0.00992
-8.9197,-1.1292,228.964,-0.46021,2.49924,0.00872
-8.9626,-1.1409,228.864,-0.46338,2.50264,0.01041
-9.0162,-0.9727,228.753,-0.45676,2.5069,0.01059
-8.8664,-1.3398,229.118,-0.46745,2.4893,0.0087
-8.9983,-1.1816,228.997,-0.46802,2.49894,0.00974
-9.0107,-1.1119,228.85,-0.46602,2.50195,0.01004
-8.9028,-1.1651,229.028,-0.46199,2.49269,0.00801
-8.9537,-1.2229,228.984,-0.46831,2.49682,0.00993
-8.9548,-1.2838,229.008,-0.47513,2.49547,0.00905
-9.0059,-1.1714,228.798,-0.46937,2.49896,0.00939
-8.9475,-1.3192,228.951,-0.4747,2.49749,0.01036
-8.9588,-1.195,228.894,-0.47149,2.49962,0.01073
-8.9784,-1.0645,228.841,-0.45912,2.49831,0.00771
-8.9967,-0.9832,228.78,-0.45919,2.50304,0.00783
-8.9617,-1.0767,228.882,-0.46175,2.49262,0.00742
-8.9472,-1.2169,228.945,-0.47097,2.49317,0.0083
-8.9977,-1.0983,228.882,-0.46863,2.49772,0.00982
-9.0394,-1.0199,228.764,-0.46542,2.5053,0.01008
-8.9414,-1.3235,229.003,-0.4733,2.49606,0.00863
-8.9662,-1.1829,228.894,-0.46805,2.49661,0.00861
-8.9794,-1.1449,228.917,-0.46627,2.49641,0.00858
-8.9946,-1.1785,228.955,-0.46952,2.4982,0.00913
-8.9479,-1.166,228.905,-0.47064,2.49657,0.00897
-8.9022,-1.2507,229.053,-0.47206,2.49405,0.00775
-9.006,-1.103,228.848,-0.46798,2.50138,0.00897
-8.9739,-1.1677,228.89,-0.47142,2.49951,0.01037
-8.885,-1.2741,229.063,-0.47124,2.49305,0.00794
-8.8929,-1.1513,229.068,-0.46018,2.49427,0.0061
-8.8815,-1.1996,229.069,-0.46689,2.49164,0.00649
-8.9934,-1.0689,228.966,-0.4615,2.50058,0.00776
-9.0055,-1.2099,228.884,-0.47269,2.49931,0.01013
-9.0154,-1.1136,228.849,-0.46812,2.50106,0.00897
-8.9791,-1.0723,228.947,-0.46326,2.49689,0.00607
-8.9405,-1.2984,228.932,-0.47624,2.49352,0.01015
-8.936,-1.2411,229.028,-0.46965,2.49377,0.00732
-8.8812,-1.3415,229.104,-0.47667,2.48755,0.00782
-8.9554,-1.1147,228.957,-0.46392,2.49399,0.00578
-8.9856,-1.2281,228.99,-0.47272,2.49761,0.0077
-8.9242,-1.2844,229.045,-0.47218,2.4889,0.0072
-8.9941,-1.0478,228.841,-0.46252,2.49865,0.00795
-8.9619,-1.1559,228.931,-0.4682,2.49599,0.00747
-8.9563,-1.1034,228.974,-0.46273,2.49572,0.00669
-8.9285,-1.2983,228.975,-0.47073,2.48836,0.00706
-8.9442,-1.1236,228.808,-0.46561,2.49688,0.00725
-8.8946,-1.1492,228.948,-0.46317,2.49235,0.00709
-8.9795,-1.1595,228.942,-0.46504,2.50068,0.00817
-8.9112,-1.25,229.179,-0.46627,2.48942,0.00447
-8.9887,-1.0724,228.93,-0.46715,2.49747,0.00693
-8.9108,-1.2503,229.051,-0.46825,2.49227,0.00753
-8.931,-1.2688,228.932,-0.46886,2.49311,0.00756
-9.0129,-1.0941,228.844,-0.46181,2.50114,0.00872
-8.9486,-1.2021,229.114,-0.46466,2.49421,0.00556
-8.8855,-1.2508,229.038,-0.46546,2.49129,0.00699
-8.8873,-1.2538,229.03,-0.46671,2.49029,0.00763
-8.9673,-1.2176,228.985,-0.46945,2.49578,0.00823
-8.9725,-1.1758,228.809,-0.47077,2.49735,0.00909
-8.8984,-1.2733,229.016,-0.46772,2.4895,0.00691
-8.9735,-1.1005,228.82,-0.46842,2.49721,0.00921
-8.8606,-1.3786,229.116,-0.47462,2.4832,0.00656
-8.9478,-1.1595,228.873,-0.46579,2.49617,0.00962
-8.9069,-1.1946,229.057,-0.46627,2.49504,0.00742
-8.9179,-1.2771,228.969,-0.47106,2.49213,0.0095
-8.8632,-1.3989,229.091,-0.47385,2.48899,0.00869
-8.936,-1.1464,229.039,-0.46192,2.49161,0.00803
-9.0102,-1.1427,229.024,-0.47055,2.50182,0.00989
-9.036,-1.021,228.841,-0.46447,2.50385,0.00962
-8.9718,-1.1876,228.977,-0.4686,2.49464,0.00876
-8.94,-1.1378,229.016,-0.46639,2.49427,0.0071
-8.8722,-1.3294,229.113,-0.47063,2.48818,0.00702
-8.9308,-1.3445,228.971,-0.47546,2.49734,0.00988
-8.9706,-1.2045,228.959,-0.46806,2.49868,0.00931
-8.975,-1.2395,228.914,-0.47189,2.49846,0.01057
-9.001,-1.1237,228.912,-0.46758,2.50095,0.00984
-8.9224,-1.1847,228.834,-0.46446,2.49315,0.00822
-8.8833,-1.2736,228.976,-0.4677,2.48891,0.00757
-8.939,-1.1527,228.859,-0.46554,2.49663,0.00883
-8.9136,-1.2403,229.014,-0.47126,2.49069,0.00759
-8.9335,-1.1525,228.955,-0.46703,2.49498,0.00625
-8.9193,-1.2045,228.906,-0.46627,2.49628,0.00689
-8.9399,-1.2467,228.852,-0.46917,2.49292,0.00849
-9.0396,-1.0082,228.841,-0.46117,2.50289,0.00671
-8.9647,-1.202,228.997,-0.47111,2.49591,0.0065
-8.9546,-1.1958,228.937,-0.46827,2.49444,0.00659
-8.9315,-1.1204,228.997,-0.46126,2.48863,0.00556
-9.0493,-1.0449,228.769,-0.46527,2.50363,0.00853
-8.9184,-1.1885,228.905,-0.46531,2.49706,0.00651
-8.936,-1.2152,228.874,-0.46967,2.49439,0.00736
-8.9059,-1.219,229.074,-0.46538,2.49387,0.00517
-8.9367,-1.2387,228.948,-0.46717,2.491,0.00628
-8.9479,-1.2476,229.033,-0.47069,2.49015,0.00621
-8.9945,-1.0383,228.922,-0.46375,2.49695,0.00717
-8.9691,-1.2147,228.909,-0.4726,2.50012,0.00892
-8.9474,-1.3039,229.005,-0.47501,2.49752,0.00751
-9.0054,-1.1984,228.943,-0.4711,2.4963,0.00817
-8.9971,-1.1121,228.863,-0.47011,2.50108,0.00857
-8.9275,-1.0627,229.022,-0.45882,2.49094,0.00412
-8.979,-1.1444,229.027,-0.46524,2.49425,0.0048
-8.9683,-1.203,228.845,-0.47118,2.49974,0.00775
-9.0145,-1.0479,228.859,-0.46362,2.50299,0.00647
-8.9687,-1.1031,228.898,-0.46655,2.49809,0.00619
-8.964,-1.236,229.053,-0.46887,2.49108,0.00616
-8.9782,-1.1518,228.933,-0.4675,2.49701,0.00723
-8.9332,-1.2514,228.933,-0.4734,2.49284,0.00756
-8.9552,-1.1747,228.987,-0.46626,2.49737,0.00603
-8.9923,-1.0651,228.984,-0.46485,2.50088,0.00662
-9.0608,-1.0588,229.002,-0.46782,2.50496,0.00759
-8.924,-1.1622,229.082,-0.46626,2.49186,0.00446
-8.9319,-1.2832,229.086,-0.47083,2.49061,0.00564
-8.9991,-1.1744,228.906,-0.46718,2.4933,0.00652
-8.9702,-1.1448,228.997,-0.46871,2.49471,0.00599
-8.9467,-1.2304,228.998,-0.46864,2.48793,0.0064
-8.9458,-1.1842,228.823,-0.4679,2.49308,0.00718
-9.0052,-1.0415,228.873,-0.46523,2.49463,0.00766
-9.0124,-1.0821,228.887,-0.46852,2.49848,0.00706
-8.9713,-1.1853,229.025,-0.46753,2.49411,0.00575
-8.9361,-1.1208,229.14,-0.46202,2.48933,0.00493
-8.9791,-1.064,229.032,-0.46428,2.49481,0.00537
-9.0521,-1.0258,228.959,-0.46771,2.50077,0.00694
-9.0017,-1.1548,228.926,-0.47167,2.49814,0.00835
-9.0507,-0.9382,228.775,-0.46151,2.50323,0.00799
-9.0152,-1.042,228.935,-0.46275,2.4965,0.00659
-8.9594,-1.2392,228.864,-0.47179,2.4938,0.0076
-9.0182,-1.0329,228.837,-0.46298,2.50085,0.00754
-8.9461,-1.1725,229.039,-0.47014,2.49295,0.00689
-8.9435,-1.2267,229.015,-0.47248,2.49433,0.00769
-8.9414,-1.1055,228.902,-0.46081,2.49819,0.00623
-8.9678,-1.1166,228.913,-0.46518,2.49635,0.0075
-9.0042,-1.1375,228.96,-0.46689,2.49817,0.00709
-9.0235,-1.0767,228.897,-0.46629,2.49924,0.00633
-9.085,-1.0073,228.84,-0.46375,2.49985,0.00641
-9.0059,-1.1021,229.017,-0.46526,2.49365,0.00493
-9.0174,-1.1536,228.91,-0.47167,2.49299,0.00509
-8.9757,-1.1295,228.909,-0.46787,2.4938,0.0049
-8.9619,-1.1456,228.978,-0.47047,2.49201,0.00432
-9.0115,-1.1321,228.902,-0.46955,2.49784,0.00621
-9.0106,-1.1186,228.925,-0.47021,2.49283,0.00581
-8.9838,-1.1645,229.021,-0.47218,2.48992,0.00443
-9.0064,-1.1449,228.96,-0.47289,2.49042,0.00433
-9.052,-1.1077,228.97,-0.47053,2.49247,0.00549
-8.9149,-1.1857,229.086,-0.46166,2.4871,0.00074
-8.9361,-1.2548,228.97,-0.47333,2.48704,0.0047
-8.9301,-1.2422,228.992,-0.47334,2.48629,0.00322
-8.9176,-1.1434,228.915,-0.46936,2.487,0.0036
-8.9959,-1.0882,228.914,-0.4676,2.49524,0.00322
-9.0222,-1.0914,228.998,-0.46759,2.49218,0.00308
-8.9524,-1.1855,229.141,-0.46515,2.4886,0.00153
-8.8448,-1.3406,229.161,-0.47258,2.48226,0.00266
-8.964,-1.1751,228.929,-0.46726,2.48887,0.00384
-8.9062,-1.3176,229.101,-0.47594,2.48554,0.00345
-8.9458,-1.2123,229.02,-0.47457,2.48793,0.00346
-8.9436,-1.1875,229.121,-0.46833,2.48465,0.00047
-9.0094,-1.0042,228.907,-0.46719,2.49273,0.00298
-8.9346,-1.1012,228.921,-0.46429,2.48702,0.0021
-8.9074,-1.3478,229,-0.47823,2.48206,0.00321
-8.9459,-1.1835,228.898,-0.47198,2.49054,0.00332
-8.953,-1.1085,228.972,-0.46724,2.48569,0.00137
-8.9051,-1.2539,229.077,-0.47182,2.48243,0.0028
-8.9744,-1.1998,228.993,-0.47436,2.48984,0.00364
-9.0542,-1.1219,228.941,-0.47496,2.49464,0.00374
-8.9576,-1.1376,229.002,-0.46936,2.48885,0.0029
-8.9748,-1.1449,229.004,-0.4691,2.48571,0.00334
-8.9696,-1.2201,228.95,-0.47394,2.48259,0.00301
-8.9651,-1.1235,228.994,-0.46528,2.48798,0.00252
-8.9843,-1.0998,228.984,-0.46512,2.48959,0.00207
-8.9662,-1.2412,228.966,-0.47288,2.48641,0.00205
-9.0263,-1.1624,228.921,-0.47073,2.49405,0.00394
-8.9551,-1.2002,228.938,-0.47257,2.48632,0.00331
-8.9472,-1.2229,229.033,-0.47469,2.4882,0.00183
-9.0318,-1.1131,228.875,-0.46937,2.49115,0.00374
-9.0202,-1.0946,228.874,-0.47254,2.48997,0.00356
-8.9477,-1.1042,229.011,-0.46365,2.48538,0.0004
-9.0055,-1.2069,228.968,-0.47537,2.48912,0.00405
-9.0402,-1.1219,228.838,-0.47042,2.49708,0.00258
-8.939,-1.2534,229.118,-0.4713,2.47955,0.00106
-8.9724,-1.2171,228.959,-0.4725,2.4838,0.00198
-8.9718,-1.1764,228.965,-0.47424,2.48116,0.00263
-9.0056,-1.1325,228.909,-0.47023,2.49014,0.00238
-8.9839,-1.0319,229.047,-0.46095,2.48922,0.00057
-8.9368,-1.2945,229.034,-0.47886,2.48734,0.00228
-9.0211,-1.1061,228.963,-0.47065,2.49208,0.00318
-8.9935,-1.1984,228.946,-0.46835,2.48722,0.00246
-8.9709,-1.1947,229.007,-0.46921,2.48445,0.00285
-9.0066,-1.1997,228.996,-0.47284,2.48949,0.00278
-8.9862,-1.2019,228.961,-0.47205,2.49256,0.00386
-8.8901,-1.2528,229.008,-0.46929,2.48558,0.00225
-8.9814,-1.1811,228.971,-0.46832,2.48641,0.00289
-8.9659,-1.305,229.01,-0.47627,2.48712,0.00334
-8.9866,-1.2152,228.988,-0.46866,2.48725,0.00242
-8.9769,-1.1524,228.881,-0.46799,2.49147,0.0022
-8.9562,-1.3127,229.023,-0.47439,2.48449,0.00235
-9.0062,-1.1957,228.99,-0.47298,2.49047,0.00198
-9.009,-1.0884,229.048,-0.46664,2.48693,0.00108
-8.9615,-1.1093,228.949,-0.4581,2.48828,0.0003
-8.9916,-1.0774,228.982,-0.46716,2.49056,0.00198
-9.0118,-1.1219,228.99,-0.46907,2.4899,0.00146
-8.9707,-1.1352,229.14,-0.46326,2.48644,-0.00047
-9.0169,-1.0705,229.062,-0.46498,2.49087,0.0014
-9.0166,-1.1655,229.049,-0.46836,2.48996,0.00192
-9.0425,-1.0377,228.84,-0.46669,2.49547,0.00299
-8.9396,-1.2312,228.974,-0.47136,2.48544,0.00147
-8.9819,-1.0231,228.924,-0.46256,2.49241,0.00165
-8.944,-1.1274,228.983,-0.46678,2.48389,0.00215
-9.0164,-1.0064,228.861,-0.46661,2.49282,0.00284
-8.8837,-1.2183,229.027,-0.4682,2.47883,0.0009
-8.9329,-1.2403,229.018,-0.46973,2.48615,0.00159
-8.9302,-1.0542,229.033,-0.45871,2.48266,-0.00016
-8.9607,-1.1874,229.014,-0.47216,2.48091,0.001
-8.9482,-1.1483,228.973,-0.46917,2.4848,0.00101
-9.0061,-1.077,228.984,-0.46436,2.49103,0.00158
-8.9804,-1.1618,228.973,-0.46753,2.48585,0.00212
-8.9525,-1.1865,228.828,-0.46886,2.48691,0.00297
-8.9684,-1.172,228.969,-0.46942,2.48907,0.00164
-8.983,-1.1226,229.051,-0.46285,2.48948,0.00052
-8.9648,-1.1293,228.939,-0.4699,2.49078,0.00177
-8.9477,-1.1038,228.932,-0.46854,2.48714,0.00187
-8.9877,-1.1715,228.909,-0.47163,2.49209,0.00221
-8.9869,-1.2259,228.928,-0.47306,2.49304,0.00391
-8.9377,-1.3277,229.035,-0.47732,2.48524,0.00216
-8.9152,-1.1772,229.078,-0.46427,2.48801,-0.00027
-8.9332,-1.2065,229.152,-0.46972,2.48315,0.00024
-8.9445,-1.1677,229.149,-0.47034,2.48745,0.0014
-8.9985,-1.1831,228.969,-0.4703,2.48839,0.00278
-8.9879,-1.1916,229.047,-0.47161,2.48994,0.00307
-9.0229,-1.053,228.934,-0.4621,2.49344,0.00374
-8.9527,-1.2141,228.995,-0.46866,2.48923,0.00417
-8.9914,-1.1114,228.858,-0.46407,2.49338,0.00422
-8.9538,-1.1304,228.902,-0.46343,2.49031,0.00352
-8.9107,-1.2146,228.998,-0.46766,2.48577,0.00325
-8.9904,-1.1301,228.905,-0.47112,2.49294,0.00436
-8.9785,-1.0507,228.967,-0.46788,2.49257,0.0042
-8.9912,-1.0545,229.038,-0.46168,2.48924,0.00301
-8.9837,-1.2036,228.996,-0.47064,2.49702,0.00537
-8.9837,-1.19,228.983,-0.47371,2.49464,0.00608
-8.9472,-1.1433,228.895,-0.46712,2.49625,0.00585
-8.9106,-1.1475,229.155,-0.46457,2.48705,0.00381
-9.0166,-1.0709,229.083,-0.46395,2.49767,0.00455
-8.909,-1.2904,229.04,-0.4726,2.49099,0.00579
-8.9139,-1.2015,229.014,-0.4657,2.49391,0.00442
-8.8817,-1.3223,228.995,-0.47028,2.48551,0.00524
-8.8721,-1.3695,229.143,-0.47755,2.48796,0.00632
-8.9495,-1.1304,228.993,-0.46433,2.4922,0.00548
-8.9988,-1.1568,229.001,-0.47374,2.49939,0.00766
-8.9815,-1.0959,228.964,-0.46916,2.50091,0.00611
-8.8802,-1.2952,229.041,-0.47235,2.4913,0.00597
-8.8842,-1.2824,229.009,-0.47506,2.49181,0.00629
-8.8997,-1.2784,229.227,-0.47139,2.48758,0.00549
-8.9283,-1.3203,229.09,-0.47452,2.4954,0.00654
-9.0505,-1.0388,228.828,-0.46629,2.50526,0.00819
-8.9916,-1.2222,228.839,-0.47546,2.49989,0.00889
-8.9877,-1.0808,228.897,-0.4633,2.49946,0.00703
-8.9373,-1.2054,229.106,-0.46766,2.49313,0.00594
-8.9036,-1.2876,229.111,-0.46919,2.48706,0.00652
-9.01,-1.0548,228.987,-0.46332,2.49906,0.00786
-8.9635,-1.019,229.023,-0.45714,2.50176,0.00665
-8.9634,-1.0553,228.996,-0.45919,2.49872,0.00683
-9.0216,-1.1237,229.014,-0.46697,2.49772,0.00856
-8.9558,-1.2445,229.076,-0.47423,2.49246,0.00887
-9.0268,-1.0673,228.925,-0.46568,2.49856,0.00906
-8.9798,-1.1851,228.982,-0.4715,2.49668,0.00757
-8.9645,-1.2119,229.041,-0.47399,2.49147,0.00785
-9.0569,-1.0507,228.858,-0.46817,2.49993,0.00873
-8.9951,-1.0924,228.978,-0.46592,2.49685,0.00696
-8.9644,-1.1671,229.106,-0.46379,2.4958,0.00547
-8.9145,-1.216,229.138,-0.46745,2.49391,0.0056
-9.0039,-1.0715,229.1,-0.46444,2.50031,0.00566
-8.9107,-1.2527,229.063,-0.47364,2.49286,0.00768
-8.9003,-1.2882,229.105,-0.47712,2.49288,0.0074
-8.987,-1.0548,228.996,-0.46635,2.50258,0.00763
-8.9759,-1.0452,228.942,-0.46215,2.49954,0.00815
-8.9554,-1.082,229.117,-0.46392,2.49466,0.00769
-8.9844,-1.1875,229.24,-0.46648,2.49565,0.00779
-9.0116,-1.0849,228.988,-0.46537,2.50135,0.00781
-8.9291,-1.2056,229.096,-0.46825,2.50002,0.00887
-8.9886,-1.1087,229.054,-0.46932,2.50153,0.0085
-9.0196,-1.0087,229.029,-0.46028,2.50492,0.00819
-8.9998,-1.0934,229.016,-0.4651,2.5075,0.00841
-9.0002,-1.21,229.024,-0.47211,2.50029,0.01037
-8.9634,-1.2503,229.048,-0.47381,2.49743,0.00894
-8.9495,-1.2337,229.083,-0.4716,2.49821,0.00848
-8.9173,-1.3009,229.123,-0.47077,2.49568,0.00818
-8.8623,-1.3281,229.152,-0.47207,2.49234,0.00762
-8.9285,-1.1187,229.124,-0.46127,2.49323,0.00529
-8.9188,-1.3286,229.074,-0.47773,2.49823,0.00896
-8.8596,-1.3523,229.101,-0.46905,2.49355,0.00785
-8.8316,-1.4044,229.29,-0.46775,2.48735,0.00658
-8.8207,-1.4536,229.254,-0.47248,2.48814,0.00886
-8.7997,-1.4913,229.101,-0.47561,2.48746,0.00801
-8.9202,-1.2171,229.11,-0.46769,2.49089,0.00656
-8.9433,-1.0625,228.925,-0.46255,2.49554,0.00622
-8.9402,-1.2083,228.891,-0.47696,2.48874,0.00765
-8.958,-1.1907,229.003,-0.47219,2.49182,0.00433
-8.9787,-1.0079,228.937,-0.46806,2.49381,0.00464
-8.9236,-1.1164,229.167,-0.46688,2.48771,0.00153
-8.9007,-1.1662,229.158,-0.4727,2.48535,0.00139
-8.8362,-1.2298,229.139,-0.47256,2.48782,0.00167
-8.7878,-1.238,229.067,-0.47792,2.48316,0.00473
-8.8318,-1.1317,229.066,-0.47503,2.48786,0.00436
-8.8007,-1.1932,229.098,-0.47742,2.4815,0.00571
-8.8442,-1.0207,228.957,-0.46812,2.48556,0.00612
-8.7828,-1.2899,229.128,-0.48254,2.47952,0.00549
-8.7575,-1.3524,229.095,-0.48378,2.47518,0.0064
-8.8032,-1.3059,229.098,-0.47744,2.47988,0.00524
-8.8673,-1.2288,228.988,-0.47813,2.48404,0.0057
-8.9064,-1.1672,228.925,-0.47771,2.48794,0.00524
-8.9471,-1.2398,228.863,-0.48166,2.48343,0.00371
-8.9218,-1.184,228.908,-0.47889,2.48132,0.00146
-8.8798,-1.2313,228.893,-0.47664,2.47751,-0.00104
-8.9541,-1.0508,228.935,-0.46992,2.48123,-0.00126
-8.8942,-1.1154,229.098,-0.4671,2.47446,-0.00491
-8.923,-1.0245,229.05,-0.46369,2.47668,-0.0063
-8.9357,-1.1161,229.08,-0.4652,2.47005,-0.00867
-8.9123,-1.2979,229.238,-0.47867,2.466,-0.00958
-8.9845,-1.3405,229.254,-0.47833,2.46767,-0.01044
-8.9189,-1.2792,229.03,-0.47595,2.46388,-0.00958
-8.9193,-1.3413,228.952,-0.47995,2.45855,-0.00962
-9.0451,-1.0706,228.731,-0.47415,2.46726,-0.00555
-8.9045,-1.1788,228.831,-0.47319,2.45529,-0.00628
-8.9106,-1.1964,228.901,-0.47708,2.45621,-0.00764
-8.936,-1.0322,228.813,-0.47452,2.45785,-0.00609
-8.892,-1.2003,228.858,-0.48375,2.46079,-0.00598
-8.9374,-0.9988,228.897,-0.47584,2.46144,-0.00778
-8.944,-1.0005,228.887,-0.47774,2.46592,-0.00755
-8.8728,-1.113,229.098,-0.47542,2.45388,-0.009
-8.9117,-1.172,229.107,-0.48539,2.45987,-0.00972
-8.8929,-1.1464,229.058,-0.48216,2.45828,-0.01042
-8.8291,-1.249,229.09,-0.4821,2.44946,-0.01123
-8.8236,-1.0939,229.07,-0.47397,2.45883,-0.01191
-8.8241,-1.0943,229.222,-0.46873,2.45016,-0.01357
-8.71,-1.2464,229.2,-0.47448,2.44196,-0.0144
-8.7814,-1.1613,229.08,-0.48334,2.44982,-0.0129
-8.784,-1.1195,229.128,-0.47669,2.45045,-0.01177
-8.8514,-0.9626,229,-0.46864,2.45528,-0.01085
-8.7562,-1.1051,229.379,-0.46683,2.45022,-0.01422
-8.7684,-1.2088,229.43,-0.46932,2.45441,-0.01164
-8.8126,-1.263,229.373,-0.47218,2.45504,-0.01062
-8.8631,-1.166,229.329,-0.46425,2.46343,-0.00953
-8.8692,-1.0689,229.209,-0.46075,2.46702,-0.00795
-8.8124,-1.3386,229.185,-0.46665,2.46844,-0.00678
-8.8254,-1.3,229.047,-0.47062,2.47101,-0.00572
-8.7329,-1.3876,229.052,-0.47102,2.46524,-0.00727
-8.7271,-1.4078,229.055,-0.47048,2.46393,-0.00765
-8.7429,-1.3075,228.885,-0.46969,2.4654,-0.00676
-8.7429,-1.3075,228.885,-0.46969,2.4654,-0.00676
-8.7136,-1.3623,229.177,-0.47069,2.46552,-0.00856
-8.8473,-1.2323,229.154,-0.46255,2.46886,-0.00817
-8.7827,-1.3317,229.303,-0.4628,2.4608,-0.01046
-8.8077,-1.3685,229.35,-0.46609,2.46082,-0.01089
-8.9303,-1.2464,229.169,-0.46687,2.47072,-0.00819
-8.908,-1.34,229.255,-0.46628,2.46177,-0.01101
-8.9042,-1.1853,229.305,-0.45614,2.45927,-0.01411
-8.7943,-1.2652,229.404,-0.46274,2.45787,-0.01441
-8.7456,-1.3232,229.508,-0.46122,2.45527,-0.018
-8.7231,-1.3065,229.493,-0.46052,2.4559,-0.01826
-8.6184,-1.2895,229.574,-0.45629,2.44995,-0.02255
-8.5289,-1.3067,229.489,-0.45427,2.44806,-0.02202
-8.4789,-1.3778,229.48,-0.46224,2.44682,-0.02055
-8.256,-1.5034,229.711,-0.46283,2.43998,-0.01583
-8.255,-1.324,229.472,-0.45924,2.44374,-0.01119
-8.145,-1.3675,229.157,-0.47135,2.43807,-0.0053
-8.0924,-1.2307,229.134,-0.46928,2.43755,-0.00301
-7.9861,-1.3685,229.321,-0.47354,2.42495,-0.00515
-8.1096,-1.1246,229.303,-0.46428,2.4311,-0.00708
-8.1455,-1.1238,229.464,-0.46232,2.42984,-0.01385
-8.2199,-1.0418,229.539,-0.45883,2.43056,-0.01996
-8.3555,-0.9721,229.477,-0.45916,2.4328,-0.02296
-8.3802,-1.0123,229.314,-0.4561,2.435,-0.02353
-8.3247,-1.2206,229.497,-0.45893,2.43038,-0.02242
-8.4358,-1.1286,229.071,-0.46552,2.43983,-0.01937
-8.4173,-1.016,229.038,-0.45766,2.43836,-0.02068
-8.39,-1.1233,228.992,-0.45012,2.4392,-0.02098
-8.4965,-1.1873,229.135,-0.45867,2.45001,-0.01869
-8.6725,-1.1222,229.305,-0.45004,2.45144,-0.01951
-8.5621,-1.1354,229.358,-0.4502,2.4536,-0.021
-8.5793,-1.3597,229.15,-0.46291,2.46132,-0.01375
-8.4742,-1.146,229.186,-0.44819,2.4678,-0.01141
-8.432,-1.2289,229.283,-0.44656,2.4725,-0.00921
-8.4146,-1.1489,229.112,-0.44246,2.47404,-0.00239
-8.3217,-1.2755,228.926,-0.44609,2.47536,0.00236
-8.2252,-1.419,228.874,-0.45531,2.46837,0.00597
-8.1509,-1.3676,228.869,-0.45358,2.46095,0.00607
-8.1915,-1.4392,228.633,-0.46859,2.46435,0.0117
-8.2405,-1.2737,228.611,-0.46536,2.45736,0.01128
-8.2872,-1.3471,228.699,-0.47169,2.45362,0.01367
-8.3262,-1.3574,228.635,-0.48042,2.45161,0.01432
-8.3926,-1.1933,228.842,-0.46905,2.45251,0.01102
-8.5908,-1.1195,229.163,-0.46428,2.45964,0.01584
-8.6342,-1.2363,229.201,-0.47088,2.46443,0.01693
-8.688,-1.1922,229.331,-0.46307,2.46736,0.01494
-8.7903,-1.1762,229.274,-0.45938,2.47974,0.0151
-8.7086,-1.3485,229.416,-0.45776,2.47738,0.01135
-8.6432,-1.4245,229.369,-0.45764,2.48016,0.01151
-8.6187,-1.4752,229.226,-0.46274,2.48623,0.01339
-8.623,-1.279,229.083,-0.45479,2.48986,0.01443
-8.5206,-1.3563,229.326,-0.4519,2.48352,0.01178
-8.5021,-1.4556,229.222,-0.46043,2.4822,0.01344
-8.5659,-1.291,229.243,-0.4607,2.48266,0.01291
-8.5516,-1.3944,229.199,-0.46689,2.47508,0.01615
-8.5561,-1.4014,229.288,-0.47384,2.46814,0.018
-8.6075,-1.2979,229.173,-0.46596,2.47144,0.01712
-8.5782,-1.4215,229.156,-0.47175,2.46422,0.01769
-8.6958,-1.2371,229.067,-0.47032,2.47203,0.01833
-8.6777,-1.2108,229.038,-0.46964,2.46554,0.0192
-8.6407,-1.3249,229.128,-0.47357,2.46425,0.02049
-8.6184,-1.4428,229.169,-0.4726,2.4714,0.02151
-8.7318,-1.2403,229.148,-0.46615,2.47836,0.02256
-8.7129,-1.3338,229.285,-0.4632,2.4774,0.02327
-8.682,-1.3091,229.273,-0.46187,2.48217,0.02224
-8.7198,-1.3256,229.326,-0.46393,2.47676,0.02238
-8.6065,-1.5244,229.327,-0.46811,2.47591,0.02157
-8.692,-1.2574,229.204,-0.45459,2.48334,0.02057
-8.6813,-1.3905,229.156,-0.4643,2.48942,0.02184
-8.7465,-1.3252,229.131,-0.46192,2.49067,0.02071
-8.7088,-1.3122,229.348,-0.4584,2.485,0.01818
-8.6858,-1.3084,229.172,-0.4592,2.48435,0.01892
-8.6499,-1.4049,229.314,-0.46437,2.48001,0.01778
-8.6538,-1.3019,229.266,-0.45811,2.48016,0.01729
-8.6756,-1.3629,229.273,-0.46594,2.48259,0.01848
-8.6786,-1.3997,229.258,-0.46828,2.48195,0.01759
-8.6575,-1.2431,229.238,-0.46186,2.48951,0.01671
-8.7564,-1.1956,229.167,-0.46257,2.4948,0.01654
-8.7211,-1.2303,229.197,-0.45975,2.49417,0.01517
-8.7415,-1.2008,229.202,-0.46001,2.48915,0.01425
-8.6857,-1.4075,229.317,-0.46955,2.48701,0.01437
-8.744,-1.354,229.435,-0.46161,2.48604,0.01013
-8.7454,-1.4521,229.282,-0.46843,2.4885,0.01075
-8.8572,-1.2351,228.993,-0.4616,2.49737,0.0134
-8.9132,-1.2053,229.056,-0.46051,2.4979,0.01393
-8.8008,-1.4354,229.168,-0.46784,2.48964,0.01372
-8.8059,-1.4578,229.13,-0.46971,2.49173,0.01528
-8.7725,-1.3697,229.221,-0.4614,2.4836,0.01366
-8.8229,-1.249,229.093,-0.45433,2.4907,0.01553
-8.7375,-1.373,229.199,-0.45763,2.48631,0.0143
-8.7334,-1.3409,229.153,-0.46061,2.48639,0.01637
-8.7501,-1.3282,229.237,-0.458,2.48623,0.01483
-8.7125,-1.2433,229.285,-0.45212,2.48332,0.01266
-8.771,-1.3465,229.127,-0.46583,2.48979,0.01682
-8.7975,-1.2721,229.198,-0.45982,2.48602,0.01494
-8.7203,-1.4243,229.331,-0.46748,2.48033,0.01506
-8.8222,-1.2794,229.035,-0.46531,2.4825,0.01711
-8.8051,-1.3714,229.122,-0.46669,2.48206,0.01701
-8.8207,-1.2705,229.205,-0.45877,2.48222,0.01533
-8.7558,-1.4451,229.194,-0.46786,2.48524,0.01611
-8.784,-1.2974,229.107,-0.45661,2.48128,0.01531
-8.8507,-1.2485,229.174,-0.45326,2.4833,0.01673
-8.8696,-1.2365,229.181,-0.45762,2.48663,0.017
-8.8033,-1.3455,229.181,-0.45897,2.48224,0.01723
-8.8353,-1.2585,229.174,-0.46099,2.48755,0.01823
-8.8666,-1.263,229.131,-0.46005,2.49051,0.01855
-8.7982,-1.4129,229.211,-0.46401,2.48324,0.01913
-8.808,-1.2919,229.055,-0.45995,2.48133,0.01974
-8.6863,-1.4933,229.36,-0.46597,2.47261,0.01749
-8.7899,-1.3262,229.124,-0.46067,2.48178,0.0191
-8.8504,-1.3151,229.055,-0.46699,2.48533,0.0214
-8.8852,-1.1237,228.944,-0.45506,2.48801,0.02078
-8.7632,-1.3265,229.191,-0.46036,2.48381,0.01826
-8.8191,-1.2765,229.154,-0.46274,2.49008,0.01971
-8.7816,-1.3608,229.212,-0.46052,2.48503,0.01991
-8.7555,-1.4563,229.214,-0.46642,2.48509,0.01941
-8.777,-1.3624,229.144,-0.46349,2.48865,0.0197
-8.7425,-1.3789,229.252,-0.46311,2.4837,0.01742
-8.7216,-1.519,229.202,-0.46869,2.48685,0.01832
-8.7725,-1.3003,229.061,-0.4562,2.48879,0.0176
-8.8201,-1.1909,229.163,-0.45497,2.49106,0.01631
-8.7435,-1.2386,229.191,-0.45368,2.48317,0.01472
-8.7158,-1.3294,229.22,-0.45929,2.48284,0.01422
-8.6469,-1.3874,229.448,-0.45508,2.47901,0.01226
-8.7283,-1.2959,229.321,-0.45696,2.48593,0.01417
-8.7106,-1.3355,229.248,-0.45725,2.48944,0.01594
-8.7592,-1.2612,229.052,-0.45937,2.49443,0.01924
-8.7459,-1.247,229.014,-0.45749,2.49194,0.01912
-8.7244,-1.3581,229.192,-0.46342,2.49009,0.01903
-8.7073,-1.3414,229.189,-0.46255,2.49015,0.01929
-8.7991,-1.2725,229.124,-0.46275,2.49689,0.02042
-8.7269,-1.345,229.022,-0.4644,2.49212,0.02103
-8.7422,-1.3134,229.157,-0.45801,2.48828,0.01895
-8.7299,-1.4744,229.201,-0.46393,2.48737,0.01915
-8.735,-1.4513,229.213,-0.46343,2.48764,0.01929
