0.000431104,0,0.000420377,0,0,0.9
0.000431104,0,0.000420377,0,0,0.9
0.000431104,0,0.000420377,0,0,0.9
0.000431104,0,0.000420377,0,0,0.9
0.000431104,0,0.000420377,0,0,0.9
0.000431104,0,0.000420377,0,0,0.9
0.000431104,0,0.000420377,0,0,0.9
0.000431104,0,0.000420377,0,0,0.9
0.000431104,0,0.000420377,0,0,0.9
0.000431104,0,0.000420377,0,0,0.9
0.000431104,0,0.000420377,0,0,0.9
0.000431104,0,0.000420377,0,0,0.9
0.000431104,0,0.000420377,0,0,0.9
0.000431104,0,0.000420377,0,0,0.9
0.000431104,0,0.000420377,0,0,0.9
0.000431104,0,0.000420377,0,0,0.9
0.000431104,0,0.000420377,0,0,0.9
0.000431104,0,0.000420377,0,0,0.9
0.000431104,0,0.000420377,0,0,0.9
0.000431104,0,0.000420377,0,0,0.9
0.000431104,0,0.000420377,0,0,0.9
0.000431104,0,0.000420377,0,0,0.9
0.000431104,0,0.000420377,0,0,0.9
0.000431104,0,0.000420377,0,0,0.9
0.000431104,0,0.000420377,0,0,0.9
0.000431104,0,0.000420377,0,0,0.9
0.000431104,0,0.000420377,0,0,0.9
0.000431104,0,0.000420377,0,0,0.9
0.000431104,0,0.000420377,0,0,0.9
0.000431104,0,0.000420377,0,0,0.9
0.000431104,0,0.000420377,0,0,0.9
0.000431104,0,0.000420377,0,0,0.9
0.000431104,0,0.000420377,0,0,0.9
0.000431104,0,0.000420377,0,0,0.9
0.000431104,0,0.000420377,0,0,0.9
0.000431104,0,0.000420377,0,0,0.9
0.000431104,0,0.000420377,0,0,0.9
0.000431104,0,0.000420377,0,0,0.9
0.000431104,0,0.000420377,0,0,0.9
0.000431104,0,0.000420377,0,0,0.9
0.000431104,0,0.000420377,0,0,0.9
0.000431104,0,0.000420377,0,0,0.9
0.000431104,0,0.000420377,0,0,0.9
0.000431104,0,0.000420377,0,0,0.9
0.000431104,0,0.000420377,0,0,0.9
0.000431104,0,0.000420377,0,0,0.9
0.000431104,0,0.000420377,0,0,0.9
0.000431104,0,0.000420377,0,0,0.9
0.000431104,0,0.000420377,0,0,0.9
0.000431104,0,0.000420377,0,0,0.9
0.000431104,0,0.000420377,0,0,0.9
0.000431104,0,0.000420377,0,0,0.9
0.000431104,0,0.000420377,0,0,0.9
0.000431104,0,0.000420377,0,0,0.9
0.000431104,0,0.000420377,0,0,0.9
0.000431104,0,0.000420377,0,0,0.9
0.000431104,0,0.000420377,0,0,0.9
0.000431104,0,0.000420377,0,0,0.9
0.000431104,0,0.000420377,0,0,0.9
0.000431104,0,0.000420377,0,0,0.9
0.000431104,0,0.000420377,0,0,0.9
0.000431104,0,0.000420377,0,0,0.9
0.000431104,0,0.000420377,0,0,0.9
0.000431104,0,0.000420377,0,0,0.9
0.000431104,0,0.000420377,0,0,0.9
0.000431104,0,0.000420377,0,0,0.9
0.000431104,0,0.000420377,0,0,0.9
0.000431104,0,0.000420377,0,0,0.9
0.000431104,0,0.000420377,0,0,0.9
0.000431104,0,0.000420377,0,0,0.9
0.000431104,0,0.000420377,0,0,0.9
0.000431104,0,0.000420377,0,0,0.9
0.000431104,0,0.000420377,0,0,0.9
0.000431104,0,0.000420377,0,0,0.9
0.000431104,0,0.000420377,0,0,0.9
0.000431104,0,0.000420377,0,0,0.9
0.000431104,0,0.000420377,0,0,0.9
0.000431104,0,0.000420377,0,0,0.9
0.000431104,0,0.000420377,0,0,0.9
0.000431104,0,0.000420377,0,0,0.9
0.000431104,0,0.000420377,0,0,0.9
0.000431104,0,0.000420377,0,0,0.9
0.000431104,0,0.000420377,0,0,0.9
0.000431104,0,0.000420377,0,0,0.9
0.000431104,0,0.000420377,0,0,0.9
0.000431104,0,0.000420377,0,0,0.9
0.000431104,0,0.000420377,0,0,0.9
0.000431104,0,0.000420377,0,0,0.9
0.000431104,0,0.000420377,0,0,0.9
0.000431104,0,0.000420377,0,0,0.9
0.000431104,0,0.000420377,0,0,0.9
0.000431104,0,0.000420377,0,0,0.9
0.000431104,0,0.000420377,0,0,0.9
0.000431104,0,0.000420377,0,0,0.9
0.000431104,0,0.000420377,0,0,0.9
0.000431104,0,0.000420377,0,0,0.9
0.000431104,0,0.000420377,0,0,0.9
0.000431104,0,0.000420377,0,0,0.9
0.000431104,0,0.000420377,0,0,0.9
0.000431104,0,0.000420377,0,0,0.9
0.000431104,0,0.000420377,0,0,0.9
0.000431104,0,0.000420377,0,0,0.9
0.000431104,0,0.000420377,0,0,0.9
0.000431104,0,0.000420377,0,0,0.9
0.000431104,0,0.000420377,0,0,0.9
0.000431104,0,0.000420377,0,0,0.9
0.000431104,0,0.000420377,0,0,0.9
0.000431104,0,0.00042041,0,0,0.9
0.000431104,0,0.00042051,0,0,0.9
0.000431104,0,0.000420672,0,0,0.9
0.000431104,0,0.000420892,0,0,0.9
0.000431104,0,0.000421164,0,0,0.9
0.000431104,0,0.000421484,0,0,0.9
0.000431104,0,0.000421847,0,0,0.9
0.000431104,0,0.000422248,0,0,0.9
0.000431104,0,0.000422683,0,0,0.9
0.000431104,0,0.000423146,0,0,0.9
0.000431104,0,0.000423633,0,0,0.9
0.000431104,0,0.00042414,0,0,0.9
0.000431104,0,0.000424661,0,0,0.9
0.000431104,0,0.000425192,0,0,0.9
0.000431104,0,0.000425727,0,0,0.9
0.000431104,0,0.000426263,0,0,0.9
0.000431104,0,0.000426794,0,0,0.9
0.000431104,0,0.000427315,0,0,0.9
0.000431104,0,0.000427823,0,0,0.9
0.000431104,0,0.000428311,0,0,0.9
0.000431104,0,0.000428776,0,0,0.9
0.000431104,0,0.000429212,0,0,0.9
0.000431104,0,0.000429615,0,0,0.9
0.000431104,0,0.00042998,0,0,0.9
0.000431104,0,0.000430302,0,0,0.9
0.000431104,0,0.000430577,0,0,0.9
0.000431104,0,0.000430799,0,0,0.9
0.000431104,0,0.000430964,0,0,0.9
0.000431104,0,0.000431067,0,0,0.9
0.000431104,0,0.000431104,0,0,0.9
0.000431104,0,0.000431104,0,0,0.9
0.000431104,0,0.000431104,0,0,0.9
0.000431104,0,0.000431104,0,0,0.9
0.000431104,0,0.000431104,0,0,0.9
0.000431104,0,0.000431104,0,0,0.9
0.000431104,0,0.000431104,0,0,0.9
0.000431104,0,0.000431104,0,0,0.9
0,-0.00988441,0,0,0,0.9
0,-0.00988441,0,0,0,0.9
0,-0.00988441,0,0,0,0.9
0,-0.00988441,0,0,0,0.9
0,-0.00988441,0,0,0,0.9
0,-0.00988441,0,0,0,0.9
0,-0.00988441,0,0,0,0.9
-0.045,-0.00988441,0,0,0,0.85
-0.045,-0.0100041,0,0,0,0.872
0.00776622,-0.0096657,0,-0.0112658,0,0.901
-0.0038207,-0.00971788,0,-0.00959346,0,0.901
-0.00550604,-0.00967484,0,-0.00914062,0,0.901
0.00149646,-0.00904927,0,-0.00985285,0,0.9
0.00486646,-0.0083621,0,-0.00923525,0,0.9
0.00759784,-0.00748877,0,-0.0081211,0,0.9
0.00792056,-0.00677868,0,-0.00603994,0,0.9
0.00707546,-0.00623887,0,-0.00408414,0,0.9
0.00220779,-0.00676282,0,-0.00200289,0,0.9
-0.00233535,-0.00759266,0,-0.00123575,0,0.9
-0.00377605,-0.00774159,0,-0.00143045,0,0.9
-0.00369671,-0.00741325,0,-0.00250079,0,0.9
-0.00356215,-0.00712535,0,-0.00337566,0,0.9
-0.00326379,-0.00666512,0,-0.00465491,0,0.9
-0.00194279,-0.00562594,0,-0.00608299,0,0.9
-0.00338961,-0.0060793,0,-0.00677957,0,0.9
-0.00503201,-0.00680434,0,-0.00800111,0,0.9
-0.00566611,-0.00700575,0,-0.0105675,0,0.9
-0.00569733,-0.00683439,0,-0.0138852,0,0.9
-0.00533904,-0.00637379,0,-0.0177289,0,0.9
-0.00418765,-0.00524884,0,-0.0211017,0,0.9
-0.00276892,-0.00382128,0,-0.0237589,0,0.9
-0.00314471,-0.00390596,0,-0.0245673,0,0.9
-0.00229102,-0.00291276,0,-0.0260782,0,0.9
-0.00242667,-0.00232805,0,-0.0260496,0,0.9
-0.00319639,-0.00215226,0,-0.0263787,0,0.9
-0.0036961,-0.00201814,0,-0.0281108,0,0.9
-0.00414161,-0.00192925,0,-0.0310793,0,0.9
-0.00385319,-0.00188915,0,-0.0354267,0,0.9
-0.00244971,-0.00188715,0,-0.0386893,0,0.9
-0.00244971,-0.00188715,0,0,0,0.9
-0.00244971,-0.00188715,0,0,0,0.9
-0.00244971,-0.00188715,0,0,0,0.9
-0.00244971,-0.00188715,0,0,0,0.9
-0.00244971,-0.00188715,0,0,0,0.9
-0.00244971,-0.00188715,0,0,0,0.9
0,0,-0.00893175,0,0,0.9
0,0,-0.00893175,0,0,0.9
0,0,-0.00893175,0,0,0.9
0,0,-0.00893175,0,0,0.9
0,0,-0.00893175,0,0,0.9
0,0,-0.00893175,0,0,0.9
0,0,-0.00893175,0,0,0.9
0,0,-0.00893175,0,0,0.9
0,0,-0.00891635,0,0,0.9
0.00537123,0,-0.00879576,-0.011274,0,0.901
0.00567728,0,-0.00859314,-0.00996971,0,0.901
0.00702216,0,-0.00825493,-0.00837116,0,0.9
0.0110885,0,-0.00760248,-0.00686126,0,0.901
0.00612827,0,-0.00749573,-0.00423656,0,0.9
0.00718165,0,-0.00686564,-0.00272121,0,0.9
0.00531971,0,-0.00659713,0.000590061,0,0.9
0.00206093,0,-0.00668317,0.000590061,0,0.9
-0.00125351,0,-0.00703428,0.00129005,0,0.9
-0.00268754,0,-0.00710821,0.000834884,0,0.9
-0.00432098,0,-0.00736938,7.88766e-06,0,0.9
-0.00390893,0,-0.0069873,-0.00154987,0,0.9
-0.00302725,0,-0.00635501,-0.00289211,0,0.9
-0.000606329,0,-0.0048835,-0.00437293,0,0.9
-0.000986423,0,-0.00467129,-0.00430349,0,0.9
-0.000605765,0,-0.00405381,-0.00455255,0,0.9
-0.000733512,0,-0.00372791,-0.00456501,0,0.9
-0.00133406,0,-0.00374693,-0.00466188,0,0.9
-0.00126862,0,-0.00334965,-0.00521432,0,0.9
-0.0012679,0,-0.00301257,-0.00587278,0,0.9
-0.0015574,0,-0.00293108,-0.00650292,0,0.9
-0.000963663,0,-0.00214213,-0.00763976,0,0.9
-0.0012179,0,-0.00208918,-0.00790672,0,0.9
-0.00182948,0,-0.00241101,-0.00834122,0,0.9
-0.00201641,0,-0.00155311,-0.0100919,0,0.9
-0.00191832,0,-0.00138146,-0.0114935,0,0.9
-0.00292329,0,-0.0012505,-0.0132093,0,0.9
-0.00330328,0,-0.0011637,-0.0168571,0,0.9
-0.00247461,0,-0.00112454,-0.0222548,0,0.9
-0.00145985,0,-0.00112258,-0.0245289,0,0.9
-0.00145985,0,-0.00112258,0,0,0.9
-0.00145985,0,-0.00112258,0,0,0.9
-0.00145985,0,-0.00112258,0,0,0.9
-0.00145985,0,-0.00112258,0,0,0.9
-0.00145985,0,-0.00112258,0,0,0.9
-0.00145985,0,-0.00112258,0,0,0.9
0,-0.00987563,0,0,0,0.9
0,-0.00987563,0,0,0,0.9
0,-0.00987563,0,0,0,0.9
0,-0.00987563,0,0,0,0.9
0,-0.00987563,0,0,0,0.9
0,-0.00987563,0,0,0,0.9
0,-0.00987563,0,0,0,0.9
0,-0.00987563,0,0,0,0.9
0,-0.00985861,0,0,0,0.9
0.00128394,-0.00976953,0,-0.0122245,0,0.901
-0.00056439,-0.00965981,0,-0.0114031,0,0.901
-0.00115116,-0.00950669,0,-0.0106756,0,0.901
0.00312486,-0.00901245,0,-0.0103629,0,0.901
0.00297278,-0.0086505,0,-0.00900957,0,0.9
0.00516193,-0.00794747,0,-0.00792938,0,0.9
0.000696139,-0.00813371,0,-0.00625472,0,0.9
0.000325642,-0.00778894,0,-0.00574806,0,0.9
-0.00271801,-0.00810682,0,-0.00513324,0,0.9
-0.00606363,-0.00876239,0,-0.0054149,0,0.9
-0.00620864,-0.00863307,0,-0.00692255,0,0.9
-0.00409628,-0.00763831,0,-0.00893372,0,0.9
-0.00363712,-0.00715313,0,-0.00989668,0,0.9
-0.00141985,-0.00576399,0,-0.0109936,0,0.9
6.33475e-05,-0.00454613,0,-0.0110144,0,0.9
0.000193952,-0.00397617,0,-0.0102224,0,0.9
-0.000226982,-0.00375114,0,-0.00921028,0,0.9
-0.0010176,-0.00383072,0,-0.00863642,0,0.9
-0.00153782,-0.00380207,0,-0.00848202,0,0.9
-0.00148947,-0.00339857,0,-0.00893449,0,0.9
-0.000961177,-0.00262175,0,-0.00959615,0,0.9
-0.000888248,-0.00221746,0,-0.00976245,0,0.9
-0.00108805,-0.00208061,0,-0.0096158,0,0.9
-0.00171113,-0.00237963,0,-0.00974641,0,0.9
-0.00230243,-0.00184548,0,-0.010832,0,0.9
-0.0032681,-0.00165867,0,-0.0123242,0,0.9
-0.00375225,-0.00151614,0,-0.0168122,0,0.9
-0.00431312,-0.00142168,0,-0.0216394,0,0.9
-0.0036696,-0.00137906,0,-0.0288067,0,0.9
-0.0021177,-0.00137693,0,-0.0331656,0,0.9
-0.0021177,-0.00137693,0,0,0,0.9
-0.0021177,-0.00137693,0,0,0,0.9
-0.0021177,-0.00137693,0,0,0,0.9
-0.0021177,-0.00137693,0,0,0,0.9
-0.0021177,-0.00137693,0,0,0,0.9
-0.0021177,-0.00137693,0,0,0,0.9
0,0,-0.0102456,0,0,0.9
0,0,-0.0102456,0,0,0.9
0,0,-0.0102456,0,0,0.9
0,0,-0.0102456,0,0,0.9
0,0,-0.0102456,0,0,0.9
0,0,-0.0102456,0,0,0.9
0,0,-0.0102456,0,0,0.9
0,0,-0.0102456,0,0,0.9
0,0,-0.0102279,0,0,0.9
0.00546277,0,-0.0100962,-0.0168337,0,0.901
0.00415753,0,-0.00991764,-0.0134744,0,0.901
0.00450585,0,-0.00962175,-0.0134744,0,0.901
0.0100542,0,-0.00889774,-0.0119348,0,0.901
0.0072396,0,-0.00857831,-0.00923864,0,0.9
0.00909893,0,-0.00776516,-0.00711447,0,0.9
0.007462,0,-0.00732788,-0.00456075,0,0.9
0.00384575,0,-0.00736316,-0.00257902,0,0.9
-0.00157489,0,-0.00811234,-0.00104742,0,0.9
-0.00293487,0,-0.00811057,-0.00149353,0,0.9
-0.00628382,0,-0.00890313,-0.0020358,0,0.9
-0.00622019,0,-0.00868726,-0.00427582,0,0.9
-0.00368061,0,-0.0073806,-0.00664604,0,0.9
-0.00108076,0,-0.00578917,-0.0079856,0,0.9
-0.000589729,0,-0.0050679,-0.00797426,0,0.9
3.35449e-05,0,-0.00422335,-0.00769408,0,0.9
0.000426123,0,-0.0034717,-0.00715634,0,0.9
-0.000406749,0,-0.00353135,-0.00629514,0,0.9
-0.00124457,0,-0.00368892,-0.00608946,0,0.9
-0.000883798,0,-0.003015,-0.00652688,0,0.9
-0.00122908,0,-0.00290867,-0.00678027,0,0.9
-0.000951758,0,-0.00232629,-0.00725616,0,0.9
-0.000431007,0,-0.00153956,-0.00793105,0,0.9
-0.00148809,0,-0.00220515,-0.00724978,0,0.9
-0.00199538,0,-0.00175637,-0.00824212,0,0.9
-0.00237508,0,-0.00155888,-0.00994833,0,0.9
-0.00280202,0,-0.0014082,-0.0130021,0,0.9
-0.00327473,0,-0.00130834,-0.0168157,0,0.9
-0.00263537,0,-0.00126329,-0.0216833,0,0.9
-0.00142899,0,-0.00126104,-0.024723,0,0.9
-0.00142899,0,-0.00126104,0,0,0.9
-0.00142899,0,-0.00126104,0,0,0.9
-0.00142899,0,-0.00126104,0,0,0.9
-0.00142899,0,-0.00126104,0,0,0.9
-0.00142899,0,-0.00126104,0,0,0.9
-0.00142899,0,-0.00126104,0,0,0.9
0,-0.00939216,0,0,0,0.9
0,-0.00939216,0,0,0,0.9
0,-0.00939216,0,0,0,0.9
0,-0.00939216,0,0,0,0.9
0,-0.00939216,0,0,0,0.9
0,-0.00939216,0,0,0,0.9
0,-0.00939216,0,0,0,0.9
0,-0.00939216,0,0,0,0.9
0,-0.00937597,0,0,0,0.9
0.00363469,-0.00926831,0,-0.0152032,0,0.901
0.000249541,-0.00916868,0,-0.0139608,0,0.901
-0.00380736,-0.00915599,0,-0.012841,0,0.901
-0.0019743,-0.00889964,0,-0.0127807,0,0.901
-0.00626774,-0.00909424,0,-0.0122336,0,0.9
-0.0101384,-0.00948785,0,-0.0126214,0,0.9
-0.0142803,-0.0101976,0,-0.0139197,0,0.9
-0.0207603,-0.0117175,0,-0.0162884,0,0.9
-0.0320376,-0.0149884,0,-0.0204571,0,0.9
-0.039358,-0.0181433,0,-0.0282164,0,0.9
-0.045,-0.0215004,0,-0.0388436,0,0.9
-0.045,-0.0236564,0,-0.0524705,0,0.9
-0.045,-0.0254598,0,-0.06,0,0.899
-0.045,-0.0272854,0,-0.06,0,0.898
-0.045,-0.0291163,0,-0.06,0,0.897
-0.045,-0.0309289,0,-0.06,0,0.897
-0.0777947,-0.0540136,0,-0.06,0,0.897
-0.121363,-0.0875713,0,-0.06,0,0.898
-0.156406,-0.118728,0,-0.06,0,0.898
-0.149368,-0.119838,0,-0.06,0,0.898
-0.139513,-0.117256,0,-0.06,0,0.899
-0.124299,-0.10932,0,-0.06,0,0.899
-0.109266,-0.101493,0,-0.06,0,0.899
-0.0925793,-0.101119,0,-0.06,0,0.899
-0.0706253,-0.104821,0,-0.06,0,0.899
-0.0441343,-0.105438,0,-0.06,0,0.899
-0.0334132,-0.105833,0,-0.06,0,0.899
-0.0291553,-0.106119,0,-0.06,0,0.899
-0.0291553,-0.106119,0,-0.06,0,0.899
-0.0291553,-0.106119,0,0,0,0.899
-0.0291553,-0.106119,0,0,0,0.899
-0.0291553,-0.106119,0,0,0,0.899
-0.0291553,-0.106119,0,0,0,0.899
-0.0291553,-0.106119,0,0,0,0.899
-0.0291553,-0.106119,0,0,0,0.899
0,0,0.0983947,0,0,0.9
0,0,0.0983947,0,0,0.9
0,0,0.0983947,0,0,0.9
0,0,0.0983947,0,0,0.9
0,0,0.0983947,0,0,0.9
0,0,0.0983947,0,0,0.9
0,0,0.0983947,0,0,0.9
0,0,0.0983945,0,0,0.9
0,0,0.098058,0,0,0.9
0.0103528,0,0.0972492,-0.0550938,0,0.901
0.00326832,0,0.0956882,-0.0502272,0,0.9
-0.00975735,0,0.0930767,-0.0472609,0,0.9
-0.022214,0,0.0893768,-0.0451561,0,0.9
-0.0161173,0,0.0863937,-0.0461391,0,0.9
-0.00965352,0,0.0833953,-0.0470726,0,0.9
-0.0101761,0,0.0792443,-0.0460315,0,0.9
-0.0111746,0,0.0746126,-0.0455513,0,0.9
-0.0150538,0,0.068856,-0.0453915,0,0.9
-0.0126022,0,0.0644405,-0.0464655,0,0.9
-0.0107988,0,0.0598275,-0.0477027,0,0.9
-0.0136546,0,0.053371,-0.0479683,0,0.9
-0.0149159,0,0.0472555,-0.0489966,0,0.9
-0.0156017,0,0.041254,-0.0510961,0,0.9
-0.0117913,0,0.0376635,-0.0542227,0,0.9
-0.00728213,0,0.0349215,-0.0565678,0,0.9
-0.00414074,0,0.0318287,-0.0572392,0,0.9
-0.00549914,0,0.026041,-0.0558258,0,0.9
-0.00569734,0,0.0211739,-0.0550908,0,0.9
-0.00505402,0,0.0182754,-0.0554169,0,0.9
-0.00409675,0,0.0147909,-0.0545244,0,0.9
-0.00240474,0,0.0123185,-0.0535514,0,0.9
-0.00139677,0,0.00971006,-0.0505199,0,0.9
0.000934073,0,0.00877339,-0.0459791,0,0.9
0.00199184,0,0.00377896,-0.0378623,0,0.9
0.00213326,0,0.00174501,-0.0286048,0,0.9
0.00157557,0,0.000242243,-0.0197763,0,0.9
0.00108126,0,-0.000509679,-0.0123172,0,0.9
0.00124863,0,-0.000976605,-0.00756464,0,0.9
0.000563621,0,-0.000993293,-0.00191192,0,0.9
0.000563621,0,-0.000993293,0,0,0.9
0.000563621,0,-0.000993293,0,0,0.9
0.000563621,0,-0.000993293,0,0,0.9
0.000563621,0,-0.000993293,0,0,0.9
0.000563621,0,-0.000993293,0,0,0.9
0.000563621,0,-0.000993293,0,0,0.9
0,-0.0139747,0,0,0,0.9
0,-0.0139747,0,0,0,0.9
0,-0.0139747,0,0,0,0.9
0,-0.0139747,0,0,0,0.9
0,-0.0139747,0,0,0,0.9
0,-0.0139747,0,0,0,0.9
0,-0.0139747,0,0,0,0.9
0,-0.0139747,0,0,0,0.9
0,-0.0139472,0,0,0,0.9
-0.0163706,-0.0139987,0,0.00350976,0,0.902
-0.0199057,-0.0141171,0,0.000757778,0,0.901
-0.00699538,-0.0136719,0,-0.00229885,0,0.901
0.0191575,-0.0117238,0,-0.00414959,0,0.9
0.0235968,-0.0103339,0,-0.000323067,0,0.9
0.00886969,-0.0110057,0,0.0100983,0,0.9
0.026107,-0.00729357,0,0.0100983,0,0.9
0.0249752,-0.00592692,0,0.0160242,0,0.9
0.0105085,-0.00787061,0,0.0218787,0,0.9
0.00624286,-0.00804716,0,0.0243019,0,0.9
-0.000734301,-0.0094566,0,0.0243019,0,0.9
-0.00158879,-0.00914955,0,0.0222531,0,0.9
-0.000271662,-0.00796061,0,0.0201421,0,0.9
0.00343917,-0.00546364,0,0.0184,0,0.9
0.00135307,-0.00571738,0,0.0190763,0,0.9
0.00150963,-0.0048647,0,0.0181373,0,0.9
-0.000811107,-0.00558728,0,0.0177959,0,0.9
-0.00368479,-0.00692852,0,0.0159945,0,0.9
-0.00571347,-0.00793833,0,0.0120086,0,0.9
-0.0063036,-0.00803356,0,0.00599781,0,0.9
-0.00479901,-0.00648995,0,-0.000651974,0,0.9
-0.00351876,-0.00495156,0,-0.00645653,0,0.9
-0.00359929,-0.00467004,0,-0.00943572,0,0.9
-0.00406621,-0.00474963,0,-0.0120875,0,0.9
-0.00391,-0.00449711,0,-0.0160555,0,0.9
-0.00382932,-0.00429337,0,-0.0174891,0,0.9
-0.00426498,-0.00414284,0,-0.0213492,0,0.9
-0.00347118,-0.00406752,0,-0.0252909,0,0.9
-0.00275429,-0.00402075,0,-0.0290685,0,0.9
-0.00158479,-0.00401908,0,-0.030339,0,0.9
-0.00158479,-0.00401908,0,0,0,0.9
-0.00158479,-0.00401908,0,0,0,0.9
-0.00158479,-0.00401908,0,0,0,0.9
-0.00158479,-0.00401908,0,0,0,0.9
-0.00158479,-0.00401908,0,0,0,0.9
-0.00158479,-0.00401908,0,0,0,0.9
0,0,-0.00706405,0,0,0.9
0,0,-0.00706405,0,0,0.9
0,0,-0.00706405,0,0,0.9
0,0,-0.00706405,0,0,0.9
0,0,-0.00706405,0,0,0.9
0,0,-0.00706405,0,0,0.9
0,0,-0.00706405,0,0,0.9
0,0,-0.00706405,0,0,0.9
-0.0111408,0,-0.0070739,0,0,0.841
0.00434366,0,-0.00694897,-0.00405366,0,0.9
0.000397604,0,-0.00688491,-0.00324048,0,0.901
0.0044787,0,-0.00656334,-0.0029003,0,0.901
0.00925623,0,-0.00595876,-0.00219884,0,0.901
0.00951212,0,-0.00545778,-0.000236023,0,0.9
0.0112295,0,-0.00468649,0.00164501,0,0.9
0.00883503,0,-0.00441388,0.00378005,0,0.9
0.00554296,0,-0.00447224,0.00730412,0,0.9
0.000125853,0,-0.00527149,0.00730412,0,0.9
-0.00309927,0,-0.00589707,0.00697192,0,0.9
-0.00409542,0,-0.00605105,0.00571587,0,0.9
-0.00312154,0,-0.00552818,0.00372905,0,0.9
-0.000964833,0,-0.00438719,0.00223078,0,0.9
0.00113861,0,-0.00305499,0.00142671,0,0.9
-0.000257452,0,-0.00339723,0.00197991,0,0.9
-0.000408102,0,-0.00314812,0.00169691,0,0.9
-0.000925904,0,-0.00315303,0.00127235,0,0.9
-0.00184065,0,-0.00348725,0.000624922,0,0.9
-0.0019617,0,-0.00333584,-0.000804052,0,0.9
-0.00183626,0,-0.00301522,-0.00242877,0,0.9
-0.0015377,0,-0.00255613,-0.0039851,0,0.9
-0.00107103,0,-0.0019464,-0.00543881,0,0.9
-4.94751e-05,0,-0.000773388,-0.00616568,0,0.9
-0.00189875,0,-0.00225303,-0.00586137,0,0.9
-0.00230842,0,-0.00212134,-0.0079236,0,0.9
-0.00244976,0,-0.00201509,-0.00926635,0,0.9
-0.0030531,0,-0.00193658,-0.0120191,0,0.9
-0.00278312,0,-0.0018973,-0.0156874,0,0.9
-0.00259669,0,-0.00187291,-0.019334,0,0.9
-0.00119604,0,-0.00187204,-0.0227861,0,0.9
-0.00119604,0,-0.00187204,0,0,0.9
-0.00119604,0,-0.00187204,0,0,0.9
-0.00119604,0,-0.00187204,0,0,0.9
-0.00119604,0,-0.00187204,0,0,0.9
-0.00119604,0,-0.00187204,0,0,0.9
-0.00119604,0,-0.00187204,0,0,0.9
0,-0.00922341,0,0,0,0.9
0,-0.00922341,0,0,0,0.9
0,-0.00922341,0,0,0,0.9
0,-0.00922341,0,0,0,0.9
0,-0.00922341,0,0,0,0.9
0,-0.00922341,0,0,0,0.9
0,-0.00922341,0,0,0,0.9
0,-0.00922341,0,0,0,0.9
-0.0344961,-0.00928103,0,0,0,0.857
0.0132192,-0.00899701,0,-0.00813416,0,0.9
0.00561969,-0.00886705,0,-0.00571136,0,0.901
0.00931259,-0.00841933,0,-0.00434402,0,0.901
0.00989532,-0.00792859,0,-0.00262434,0,0.901
0.00818639,-0.00753636,0,-0.000499019,0,0.9
0.00655233,-0.00717308,0,0.000999426,0,0.9
-0.000801934,-0.00781966,0,0.00268965,0,0.9
-0.00294273,-0.00786678,0,0.00148453,0,0.9
-0.00534244,-0.00821291,0,0.00148453,0,0.9
-0.00841476,-0.00897604,0,9.70047e-05,0,0.9
-0.00532627,-0.00789357,0,-0.00192979,0,0.9
-0.00265785,-0.00666569,0,-0.00396149,0,0.9
-0.000362439,-0.00533445,0,-0.00499736,0,0.9
-0.00119786,-0.00530092,0,-0.00487812,0,0.9
-0.00077665,-0.00467301,0,-0.00504918,0,0.9
-0.001079,-0.00443176,0,-0.00514091,0,0.9
-0.00155745,-0.00433891,0,-0.00528599,0,0.9
-0.00171484,-0.0040818,0,-0.00598489,0,0.9
-0.00165141,-0.00369066,0,-0.00720567,0,0.9
-0.000900918,-0.00277778,0,-0.00791117,0,0.9
7.21612e-06,-0.00169385,0,-0.00819631,0,0.9
-0.000214097,-0.00153004,0,-0.00741167,0,0.9
-0.000582247,-0.00154401,0,-0.00670832,0,0.9
-0.00177292,-0.00237221,0,-0.0065905,0,0.9
-0.00248438,-0.00154877,0,-0.00837139,0,0.9
-0.00292696,-0.00137249,0,-0.0102376,0,0.9
-0.00336548,-0.00123866,0,-0.0146943,0,0.9
-0.0028322,-0.00115088,0,-0.0197595,0,0.9
-0.00267717,-0.00111277,0,-0.0230033,0,0.9
-0.00104369,-0.00111141,0,-0.0260606,0,0.9
-0.00104369,-0.00111141,0,0,0,0.9
-0.00104369,-0.00111141,0,0,0,0.9
-0.00104369,-0.00111141,0,0,0,0.9
-0.00104369,-0.00111141,0,0,0,0.9
-0.00104369,-0.00111141,0,0,0,0.9
-0.00104369,-0.00111141,0,0,0,0.9
0,0,-0.00998002,0,0,0.9
0,0,-0.00998002,0,0,0.9
0,0,-0.00998002,0,0,0.9
0,0,-0.00998002,0,0,0.9
0,0,-0.00998002,0,0,0.9
0,0,-0.00998002,0,0,0.9
0,0,-0.00998002,0,0,0.9
0,0,-0.00998002,0,0,0.9
-0.0303455,0,-0.0100345,0,0,0.814
0.00602417,0,-0.00981962,-0.0082546,0,0.902
0.00781869,0,-0.0095527,-0.00700942,0,0.901
0.00940251,0,-0.00913922,-0.00520696,0,0.901
0.014478,0,-0.00832361,-0.00361801,0,0.901
0.0120601,0,-0.00784429,-0.000634808,0,0.9
0.0116803,0,-0.00716489,0.00163497,0,0.9
0.00772536,0,-0.00702876,0.00440517,0,0.9
0.00367098,0,-0.00715947,0.00616313,0,0.9
-0.00166755,0,-0.00781569,0.0067506,0,0.9
-0.00692324,0,-0.00904494,0.00636407,0,0.9
-0.00498372,0,-0.00821532,0.00445242,0,0.9
-0.00230875,0,-0.00689755,0.00246478,0,0.9
-0.000429488,0,-0.00566969,0.00141706,0,0.9
0.00243044,0,-0.00375928,0.000900181,0,0.9
0.00147885,0,-0.00366424,0.0015968,0,0.9
0.00047699,0,-0.00369918,0.00242787,0,0.9
-0.000358084,0,-0.00373346,0.00252774,0,0.9
-0.00125686,0,-0.00390504,0.00253044,0,0.9
-0.00138814,0,-0.00360612,0.00123738,0,0.9
-0.00164908,0,-0.00343982,0.000165142,0,0.9
-0.00090181,0,-0.00248533,-0.00116251,0,0.9
-0.000300013,0,-0.00162649,-0.00222514,0,0.9
-0.000838503,0,-0.00178192,-0.00197959,0,0.9
-0.00146763,0,-0.00204093,-0.00302585,0,0.9
-0.00224153,0,-0.00182362,-0.00438768,0,0.9
-0.00294699,0,-0.00164828,-0.0057503,0,0.9
-0.00329345,0,-0.00151873,-0.00924736,0,0.9
-0.00320034,0,-0.00143878,-0.0138957,0,0.9
-0.00235732,0,-0.00141222,-0.0187744,0,0.9
-0.00235732,0,-0.00141222,-0.0214232,0,0.9
-0.00235732,0,-0.00141222,0,0,0.9
-0.00235732,0,-0.00141222,0,0,0.9
-0.00235732,0,-0.00141222,0,0,0.9
-0.00235732,0,-0.00141222,0,0,0.9
-0.00235732,0,-0.00141222,0,0,0.9
-0.00235732,0,-0.00141222,0,0,0.9
0,-0.00913473,0,0,0,0.9
0,-0.00913473,0,0,0,0.9
0,-0.00913473,0,0,0,0.9
0,-0.00913473,0,0,0,0.9
0,-0.00913473,0,0,0,0.9
0,-0.00913473,0,0,0,0.9
0,-0.00913473,0,0,0,0.9
0,-0.00913473,0,0,0,0.9
-0.0326016,-0.00919268,0,0,0,0.835
0.00381942,-0.00900405,0,-0.00814391,0,0.9
0.000152813,-0.00891175,0,-0.00712196,0,0.901
0.00738353,-0.00841818,0,-0.00661401,0,0.901
0.0101116,-0.00783127,0,-0.00510059,0,0.901
0.00896251,-0.00738107,0,-0.00269279,0,0.9
0.0100958,-0.0066354,0,-0.000975667,0,0.9
0.00215471,-0.00725293,0,0.0015878,0,0.9
-0.00110996,-0.00748496,0,0.00191015,0,0.9
-0.00369613,-0.0077788,0,0.00191015,0,0.9
-0.00739133,-0.00862158,0,0.000591343,0,0.9
-0.00864156,-0.00896644,0,-0.00162612,0,0.9
-0.00523792,-0.00761667,0,-0.00458993,0,0.9
-0.00188947,-0.00595488,0,-0.00654691,0,0.9
0.000636205,-0.00435918,0,-0.00725294,0,0.9
0.00115602,-0.00359094,0,-0.00653828,0,0.9
0.00102106,-0.00315972,0,-0.00553457,0,0.9
0.000170446,-0.00320578,0,-0.00440912,0,0.9
-0.000908195,-0.00350149,0,-0.00375806,0,0.9
-0.00153693,-0.00358313,0,-0.00395473,0,0.9
-0.000976268,-0.00281614,0,-0.00527721,0,0.9
-0.00188975,-0.00322489,0,-0.00543839,0,0.9
-0.000978984,-0.00217025,0,-0.00707824,0,0.9
-0.000751782,-0.00168481,0,-0.00739114,0,0.9
-0.00179229,-0.00227319,0,-0.0074644,0,0.9
-0.00251177,-0.00208536,0,-0.00908953,0,0.9
-0.00338382,-0.00193382,0,-0.00991955,0,0.9
-0.00391592,-0.00182186,0,-0.0140448,0,0.9
-0.00338692,-0.00175276,0,-0.0192113,0,0.9
-0.00275264,-0.00173105,0,-0.0235617,0,0.9
-0.00139383,-0.00172981,0,-0.0268395,0,0.9
-0.00139383,-0.00172981,0,0,0,0.9
-0.00139383,-0.00172981,0,0,0,0.9
-0.00139383,-0.00172981,0,0,0,0.9
-0.00139383,-0.00172981,0,0,0,0.9
-0.00139383,-0.00172981,0,0,0,0.9
-0.00139383,-0.00172981,0,0,0,0.9
0,0,-0.00917109,0,0,0.9
0,0,-0.00917109,0,0,0.9
0,0,-0.00917109,0,0,0.9
0,0,-0.00917109,0,0,0.9
0,0,-0.00917109,0,0,0.9
0,0,-0.00917109,0,0,0.9
0,0,-0.00917109,0,0,0.9
0,0,-0.00917109,0,0,0.9
-0.045,0,-0.00924496,0,0,0.886
0.000828781,0,-0.00907054,-0.00935969,0,0.901
0.00166734,0,-0.00891087,-0.00885063,0,0.901
0.00424639,0,-0.00858905,-0.0078814,0,0.901
0.0121837,0,-0.00772484,-0.00688317,0,0.901
0.00812911,0,-0.00749466,-0.00409214,0,0.9
0.00457614,0,-0.00738441,-0.00225758,0,0.9
0.00261557,0,-0.00720641,-0.00123933,0,0.9
-0.000508518,0,-0.00738124,-0.000200233,0,0.9
-0.00366032,0,-0.00773624,-0.000348304,0,0.9
-0.00602299,0,-0.00820808,-0.000990736,0,0.9
-0.00430349,0,-0.0075101,-0.0025215,0,0.9
-0.00154196,0,-0.00619904,-0.00406477,0,0.9
-0.000367598,0,-0.00530736,-0.00441542,0,0.9
0.00120399,0,-0.00410026,-0.00437393,0,0.9
0.00024784,0,-0.00409697,-0.00340858,0,0.9
-0.000169429,0,-0.00387509,-0.00297008,0,0.9
-0.00148933,0,-0.00427653,-0.0028319,0,0.9
-0.00102414,0,-0.00359234,-0.00344621,0,0.9
-0.00105705,0,-0.00324228,-0.00398037,0,0.9
-0.000597766,0,-0.00253119,-0.0046304,0,0.9
-0.000909618,0,-0.00243209,-0.00479926,0,0.9
-0.000324664,0,-0.00161682,-0.00535482,0,0.9
-0.000745316,0,-0.00168311,-0.00498268,0,0.9
-0.00255274,0,-0.00297558,-0.00533571,0,0.9
-0.00323619,0,-0.00280599,-0.00771166,0,0.9
-0.00374015,0,-0.00266916,-0.0100467,0,0.9
-0.00434825,0,-0.00256806,-0.0146633,0,0.9
-0.00407409,0,-0.00250567,-0.0200165,0,0.9
-0.00288507,0,-0.00248607,-0.0254903,0,0.9
-0.00151052,0,-0.00248494,-0.0284477,0,0.9
-0.00151052,0,-0.00248494,0,0,0.9
-0.00151052,0,-0.00248494,0,0,0.9
-0.00151052,0,-0.00248494,0,0,0.9
-0.00151052,0,-0.00248494,0,0,0.9
-0.00151052,0,-0.00248494,0,0,0.9
-0.00151052,0,-0.00248494,0,0,0.9
0,-0.00865702,0,0,0,0.9
0,-0.00865702,0,0,0,0.9
0,-0.00865702,0,0,0,0.9
0,-0.00865702,0,0,0,0.9
0,-0.00865702,0,0,0,0.9
0,-0.00865702,0,0,0,0.9
0,-0.00865702,0,0,0,0.9
0,-0.00865702,0,0,0,0.9
-0.0349111,-0.00872914,0,0,0,0.807
0.00939071,-0.00847614,0,-0.00990787,0,0.902
0.00523078,-0.0083236,0,-0.00802732,0,0.901
0.00786795,-0.00794018,0,-0.00659867,0,0.901
0.00973436,-0.00741147,0,-0.00498517,0,0.901
0.00757055,-0.00708454,0,-0.00261939,0,0.9
0.00650502,-0.00669243,0,-0.00120415,0,0.901
-0.00100847,-0.00731192,0,0.000519012,0,0.901
-0.00296518,-0.0074216,0,0.000508529,0,0.9
-0.00418688,-0.00749313,0,-0.000224602,0,0.9
-0.00724798,-0.00822599,0,-0.0012026,0,0.9
-0.00582362,-0.00765626,0,-0.00323635,0,0.9
-0.00400971,-0.00678964,0,-0.00496324,0,0.9
-0.00253464,-0.00589388,0,-0.00612664,0,0.9
-0.00187213,-0.00525609,0,-0.00697409,0,0.9
-0.00128044,-0.00459127,0,-0.00737052,0,0.9
-0.00179987,-0.00453837,0,-0.00749251,0,0.9
-0.00224531,-0.00449454,0,-0.00777843,0,0.9
-0.00243879,-0.00432652,0,-0.00842258,0,0.9
-0.00262147,-0.00417954,0,-0.00919985,0,0.9
-0.00153657,-0.00306711,0,-0.0106281,0,0.9
-0.00137222,-0.00264291,0,-0.0111321,0,0.9
-0.0015284,-0.00250525,0,-0.0116789,0,0.9
-0.00238879,-0.00304369,0,-0.0120497,0,0.901
-0.00350135,-0.00388923,0,-0.0132205,0,0.901
-0.0039488,-0.00218136,0,-0.0164556,0,0.901
-0.00427791,-0.00203667,0,-0.0185848,0,0.901
-0.00478472,-0.00193208,0,-0.0234466,0,0.901
-0.00397086,-0.00186556,0,-0.0277494,0,0.901
-0.00299586,-0.00184343,0,-0.0318697,0,0.901
-0.00299586,-0.00184343,0,-0.0335592,0,0.901
-0.00299586,-0.00184343,0,0,0,0.901
-0.00299586,-0.00184343,0,0,0,0.901
-0.00299586,-0.00184343,0,0,0,0.901
-0.00299586,-0.00184343,0,0,0,0.901
-0.00299586,-0.00184343,0,0,0,0.901
-0.00299586,-0.00184343,0,0,0,0.901
0,0,-0.00978651,0,0,0.9
0,0,-0.00978651,0,0,0.9
0,0,-0.00978651,0,0,0.9
0,0,-0.00978651,0,0,0.9
0,0,-0.00978651,0,0,0.9
0,0,-0.00978651,0,0,0.9
0,0,-0.00978651,0,0,0.9
0,0,-0.00978651,0,0,0.9
0,0,-0.00976964,0,0,0.9
-0.00542556,0,-0.00974505,-0.012067,0,0.901
-0.00339538,0,-0.00963838,-0.0123135,0,0.901
0.000749779,0,-0.00934095,-0.0121941,0,0.901
0.00875269,0,-0.00855558,-0.0115,0,0.901
0.011597,0,-0.00774754,-0.00928225,0,0.9
0.0102715,0,-0.00721462,-0.00615559,0,0.9
0.00912379,0,-0.00667064,-0.00379178,0,0.9
0.00660208,0,-0.00643419,-0.00107711,0,0.9
0.00284148,0,-0.00666585,0.000882409,0,0.9
-0.00101597,0,-0.00722519,0.0017853,0,0.9
-0.00160156,0,-0.00701303,0.00138005,0,0.9
-0.001537,0,-0.00659294,0.000573445,0,0.9
-0.00180808,0,-0.0063047,9.94003e-05,0,0.9
0.000777396,0,-0.0046498,-0.000827019,0,0.9
0.000319527,0,-0.00436743,-0.000377533,0,0.9
-0.00095355,0,-0.00461155,-9.5427e-05,0,0.9
-0.00162777,0,-0.00460774,-0.000691773,0,0.9
-0.00259186,0,-0.00487673,-0.00165749,0,0.9
-0.00299277,0,-0.00483771,-0.00330595,0,0.9
-0.00303357,0,-0.00457087,-0.00562642,0,0.9
-0.00224713,0,-0.00365156,-0.0081703,0,0.9
-0.00123521,0,-0.00242231,-0.0100729,0,0.9
-0.00201671,0,-0.002831,-0.0104746,0,0.9
-0.00283966,0,-0.00335908,-0.0113743,0,0.9
-0.00333921,0,-0.00318125,-0.0135369,0,0.9
-0.00358231,0,-0.00303731,-0.0157066,0,0.9
-0.00418009,0,-0.00293035,-0.0193318,0,0.9
-0.00422509,0,-0.00286344,-0.0233796,0,0.9
-0.00359605,0,-0.00283966,-0.0283453,0,0.9
-0.00359605,0,-0.00283966,0,0,0.9
-0.00359605,0,-0.00283966,0,0,0.9
-0.00359605,0,-0.00283966,0,0,0.9
-0.00359605,0,-0.00283966,0,0,0.9
-0.00359605,0,-0.00283966,0,0,0.9
-0.00359605,0,-0.00283966,0,0,0.9
-0.00359605,0,-0.00283966,0,0,0.9
0,-0.0073578,0,0,0,0.9
0,-0.0073578,0,0,0,0.9
0,-0.0073578,0,0,0,0.9
0,-0.0073578,0,0,0,0.9
0,-0.0073578,0,0,0,0.9
0,-0.0073578,0,0,0,0.9
0,-0.0073578,0,0,0,0.9
0,-0.0073578,0,0,0,0.9
0,-0.00734512,0,0,0,0.9
0.00769056,-0.00721473,0,-0.0128052,0,0.901
0.00516247,-0.0070676,0,-0.0110632,0,0.901
-7.64e-05,-0.00704988,0,-0.00927265,0,0.901
0.00363293,-0.00662806,0,-0.00888776,0,0.901
0.00410838,-0.00626447,0,-0.00758449,0,0.9
0.00517343,-0.00575101,0,-0.00617193,0,0.9
0.00399003,-0.00548801,0,-0.00464498,0,0.9
0.00298041,-0.0052431,0,-0.00338301,0,0.9
-0.000938608,-0.00577147,0,-0.00230991,0,0.9
-0.0037959,-0.0063176,0,-0.00222297,0,0.9
-0.00242771,-0.00568723,0,-0.00330453,0,0.9
-0.00129977,-0.0050126,0,-0.00416745,0,0.9
-0.00279909,-0.00536837,0,-0.00428674,0,0.9
-0.00149094,-0.00450503,0,-0.00525982,0,0.9
8.18611e-05,-0.00336849,0,-0.00582636,0,0.9
-0.00090706,-0.00357851,0,-0.00534032,0,0.9
-0.00143196,-0.00359637,0,-0.00535547,0,0.9
-0.00159289,-0.00342371,0,-0.00593829,0,0.9
-0.00293178,-0.00413373,0,-0.00650249,0,0.9
-0.00229549,-0.00344792,0,-0.00837481,0,0.9
-0.00114185,-0.00229975,0,-0.00998145,0,0.9
-0.0011315,-0.00205235,0,-0.0102785,0,0.9
-0.0019165,-0.0025311,0,-0.0103586,0,0.9
-0.00342365,-0.00371781,0,-0.011766,0,0.9
-0.00449113,-0.0036171,0,-0.0144526,0,0.9
-0.00554567,-0.00353559,0,-0.0172619,0,0.9
-0.00583677,-0.00347501,0,-0.0244322,0,0.9
-0.00492244,-0.00343712,0,-0.0314491,0,0.9
-0.00428261,-0.00342365,0,-0.0370075,0,0.9
-0.00428261,-0.00342365,0,-0.0398646,0,0.9
-0.00428261,-0.00342365,0,0,0,0.9
-0.00428261,-0.00342365,0,0,0,0.9
-0.00428261,-0.00342365,0,0,0,0.9
-0.00428261,-0.00342365,0,0,0,0.9
-0.00428261,-0.00342365,0,0,0,0.9
-0.00428261,-0.00342365,0,0,0,0.9
0,0,-0.00884005,0,0,0.9
0,0,-0.00884005,0,0,0.9
0,0,-0.00884005,0,0,0.9
0,0,-0.00884005,0,0,0.9
0,0,-0.00884005,0,0,0.9
0,0,-0.00884005,0,0,0.9
0,0,-0.00884005,0,0,0.9
0,0,-0.00884005,0,0,0.9
0,0,-0.00882481,0,0,0.9
0.00734508,0,-0.00868617,-0.0143107,0,0.901
0.0109431,0,-0.00838151,-0.0125627,0,0.901
0.00838121,0,-0.00811178,-0.00994188,0,0.901
0.0140448,0,-0.00732058,-0.0080797,0,0.901
0.0121922,0,-0.00683457,-0.00503814,0,0.9
0.00963612,0,-0.00647098,-0.00209149,0,0.9
0.00824566,0,-0.00602482,0.000207989,0,0.9
0.00530423,0,-0.0059468,0.00199819,0,0.9
-0.000459568,0,-0.00676904,0.00353003,0,0.9
-0.0028805,0,-0.00709964,0.00317915,0,0.9
-0.00336532,0,-0.00698492,0.00228837,0,0.9
-0.00441141,0,-0.00712563,0.000893431,0,0.9
-0.00196502,0,-0.00583976,-0.00103471,0,0.9
-0.000614551,0,-0.00484039,-0.00196894,0,0.9
-0.0010774,0,-0.00467755,-0.00205461,0,0.9
-0.00114507,0,-0.00433179,-0.0023941,0,0.9
-0.0013844,0,-0.00410756,-0.0029233,0,0.9
-0.00185677,0,-0.00407451,-0.00364495,0,0.9
-0.00204766,0,-0.00389223,-0.00478309,0,0.9
-0.00212409,0,-0.00365297,-0.00598225,0,0.9
-0.00120454,0,-0.00255134,-0.00759705,0,0.9
-2.89382e-05,0,-0.00125211,-0.00839261,0,0.9
-0.000464142,0,-0.00134195,-0.00777132,0,0.9
-0.00171041,0,-0.00224349,-0.00733184,0,0.9
-0.00223033,0,-0.00206099,-0.00806207,0,0.9
-0.00277142,0,-0.00191326,-0.0095794,0,0.9
-0.00369704,0,-0.00180348,-0.0123043,0,0.9
-0.00367588,0,-0.00173481,-0.0169444,0,0.9
-0.00250075,0,-0.00171041,-0.022122,0,0.9
-0.00250075,0,-0.00171041,-0.0250134,0,0.9
-0.00250075,0,-0.00171041,0,0,0.9
-0.00250075,0,-0.00171041,0,0,0.9
-0.00250075,0,-0.00171041,0,0,0.9
-0.00250075,0,-0.00171041,0,0,0.9
-0.00250075,0,-0.00171041,0,0,0.9
-0.00250075,0,-0.00171041,0,0,0.9
0,-0.00858508,0,0,0,0.9
0,-0.00858508,0,0,0,0.9
0,-0.00858508,0,0,0,0.9
0,-0.00858508,0,0,0,0.9
0,-0.00858508,0,0,0,0.9
0,-0.00858508,0,0,0,0.9
0,-0.00858508,0,0,0,0.9
0,-0.00858508,0,0,0,0.9
0,-0.00857029,0,0,0,0.9
0.00388527,-0.00846652,0,-0.0148227,0,0.901
-0.000842015,-0.00840561,0,-0.0134101,0,0.901
-0.00651931,-0.00849773,0,-0.012468,0,0.901
-0.00759688,-0.00851947,0,-0.0128319,0,0.901
-0.0119137,-0.00890248,0,-0.0131646,0,0.9
-0.0146233,-0.00935932,0,-0.0148179,0,0.9
-0.0207775,-0.010594,0,-0.0168057,0,0.9
-0.0248298,-0.011908,0,-0.0206193,0,0.9
-0.0315107,-0.0142505,0,-0.0259143,0,0.9
-0.0379815,-0.0171699,0,-0.033105,0,0.9
-0.0243745,-0.0141429,0,-0.0553331,0,0.9
-0.045,-0.0231279,0,-0.0553331,0,0.9
-0.045,-0.0250169,0,-0.06,0,0.899
-0.045,-0.0269298,0,-0.06,0,0.897
-0.045,-0.0288507,0,-0.06,0,0.896
-0.0568661,-0.0378549,0,-0.06,0,0.896
-0.102954,-0.0702588,0,-0.06,0,0.897
-0.151393,-0.108672,0,-0.06,0,0.897
-0.152193,-0.11592,0,-0.06,0,0.897
-0.142817,-0.114639,0,-0.06,0,0.898
-0.129343,-0.109038,0,-0.06,0,0.899
-0.115225,-0.100853,0,-0.06,0,0.899
-0.100267,-0.103767,0,-0.06,0,0.899
-0.0757512,-0.108338,0,-0.06,0,0.899
-0.0497557,-0.109174,0,-0.06,0,0.899
-0.0398282,-0.109792,0,-0.06,0,0.899
-0.0333512,-0.110208,0,-0.06,0,0.899
-0.0305517,-0.110509,0,-0.06,0,0.899
-0.0305517,-0.110509,0,-0.06,0,0.899
-0.0305517,-0.110509,0,0,0,0.899
-0.0305517,-0.110509,0,0,0,0.899
-0.0305517,-0.110509,0,0,0,0.899
-0.0305517,-0.110509,0,0,0,0.899
-0.0305517,-0.110509,0,0,0,0.899
-0.0305517,-0.110509,0,0,0,0.899
0,0,0.0990439,0,0,0.9
0,0,0.0990439,0,0,0.9
0,0,0.0990439,0,0,0.9
0,0,0.0990439,0,0,0.9
0,0,0.0990439,0,0,0.9
0,0,0.0990439,0,0,0.9
0,0,0.0990439,0,0,0.9
0,0,0.0990437,0,0,0.9
0,0,0.0987049,0,0,0.9
0.00317342,0,0.0977965,-0.0375733,0,0.901
-0.00624539,0,0.0960578,-0.0342615,0,0.901
-0.00876206,0,0.0944116,-0.0330037,0,0.9
-0.00974686,0,0.091676,-0.0330037,0,0.901
0.000594826,0,0.0895803,-0.0308924,0,0.9
0.000778142,0,0.0862726,-0.0308924,0,0.9
0.00121117,0,0.0827364,-0.0286428,0,0.9
-0.00163425,0,0.0782419,-0.0264102,0,0.9
-0.00142456,0,0.0739954,-0.0250837,0,0.9
-0.00037516,0,0.0697812,-0.0239227,0,0.9
-0.0014158,0,0.0647636,-0.0225915,0,0.9
-0.00206156,0,0.0596566,-0.0212847,0,0.9
-0.0055244,0,0.0531503,-0.0204519,0,0.9
-0.00817025,0,0.0466429,-0.0214305,0,0.9
-0.006927,0,0.0419557,-0.0234909,0,0.9
-0.00358487,0,0.0386637,-0.0257502,0,0.9
-0.00286196,0,0.0341128,-0.0260176,0,0.9
-0.00171783,0,0.0300458,-0.0257646,0,0.9
-0.00149022,0,0.0255851,-0.0247939,0,0.9
-0.00300977,0,0.020005,-0.0240317,0,0.9
-0.00236449,0,0.0163236,-0.023744,0,0.9
-0.00165368,0,0.0130547,-0.0238563,0,0.9
-0.000896388,0,0.00998158,-0.0232723,0,0.9
0.00164741,0,0.00863226,-0.0219816,0,0.9
0.00157608,0,0.00615739,-0.0166667,0,0.9
0.00211078,0,0.00416062,-0.013049,0,0.9
0.0011528,0,0.00268531,-0.00735545,0,0.9
0.000883715,0,0.00194714,-0.00221104,0,0.9
0.00195107,0,0.00148874,0.00020848,0,0.9
0.00102175,0,0.00147236,0.00555884,0,0.9
0.00102175,0,0.00147236,0,0,0.9
0.00102175,0,0.00147236,0,0,0.9
0.00102175,0,0.00147236,0,0,0.9
0.00102175,0,0.00147236,0,0,0.9
0.00102175,0,0.00147236,0,0,0.9
0.00102175,0,0.00147236,0,0,0.9
0,-0.0117344,0,0,0,0.9
0,-0.0117344,0,0,0,0.9
0,-0.0117344,0,0,0,0.9
0,-0.0117344,0,0,0,0.9
0,-0.0117344,0,0,0,0.9
0,-0.0117344,0,0,0,0.9
0,-0.0117344,0,0,0,0.9
0,-0.0117344,0,0,0,0.9
0,-0.0117113,0,0,0,0.9
0.00393915,-0.0115768,0,0.0059358,0,0.901
0.00318858,-0.0113823,0,0.00634261,0,0.901
0.00423377,-0.0110417,0,0.00634261,0,0.901
0.0122832,-0.0101027,0,0.00632003,0,0.9
0.0107921,-0.00955152,0,0.00844126,0,0.9
0.00729376,-0.00926136,0,0.0106863,0,0.9
0.00802421,-0.00844088,0,0.0114895,0,0.9
0.00377152,-0.00853058,0,0.0126475,0,0.9
0.00128219,-0.00848914,0,0.0130066,0,0.9
-0.00262848,-0.00905418,0,0.012549,0,0.9
-0.00407792,-0.00912174,0,0.0109608,0,0.9
-0.00233888,-0.00807422,0,0.00865937,0,0.9
-0.000224803,-0.00668299,0,0.00687125,0,0.9
0.00105132,-0.00548536,0,0.00624197,0,0.9
0.000650699,-0.00506235,0,0.00637512,0,0.9
-0.0013167,-0.00560529,0,0.00637943,0,0.9
-0.00289577,-0.00610271,0,0.00525833,0,0.9
-0.003102,-0.00582323,0,0.00278952,0,0.9
-0.00429477,-0.00629837,0,0.00043823,0,0.9
-0.00396683,-0.00571854,0,-0.00336839,0,0.9
-0.00160276,-0.00346987,0,-0.00729068,0,0.9
-0.00118097,-0.00272245,0,-0.00882858,0,0.9
-0.00165293,-0.00269335,0,-0.00911073,0,0.9
-0.00218584,-0.00289512,0,-0.00988956,0,0.9
-0.00308864,-0.00265316,0,-0.0117294,0,0.9
-0.00355819,-0.00245794,0,-0.0125781,0,0.9
-0.00354627,-0.0023137,0,-0.0176431,0,0.9
-0.00286284,-0.00224153,0,-0.019964,0,0.9
-0.00246684,-0.00219672,0,-0.0233444,0,0.9
-0.00137961,-0.00219512,0,-0.0250251,0,0.9
-0.00137961,-0.00219512,0,0,0,0.9
-0.00137961,-0.00219512,0,0,0,0.9
-0.00137961,-0.00219512,0,0,0,0.9
-0.00137961,-0.00219512,0,0,0,0.9
-0.00137961,-0.00219512,0,0,0,0.9
-0.00137961,-0.00219512,0,0,0,0.9
0,0,-0.00840745,0,0,0.9
0,0,-0.00840745,0,0,0.9
0,0,-0.00840745,0,0,0.9
0,0,-0.00840745,0,0,0.9
0,0,-0.00840745,0,0,0.9
0,0,-0.00840745,0,0,0.9
0,0,-0.00840745,0,0,0.9
0,0,-0.00840745,0,0,0.9
-0.0445719,0,-0.00848382,0,0,0.879
0.0022315,0,-0.00830048,-0.00914167,0,0.901
0.00231332,0,-0.00815006,-0.00842237,0,0.901
0.00597872,0,-0.00778339,-0.00741965,0,0.901
0.0118074,0,-0.0070384,-0.00617861,0,0.901
0.0100303,0,-0.0066208,-0.0034996,0,0.9
0.0065605,0,-0.00646212,-0.000671282,0,0.9
0.00180861,0,-0.00670457,0.0020617,0,0.9
0.000233001,0,-0.00662218,0.0020617,0,0.9
-0.00315778,0,-0.00709862,0.0021378,0,0.9
-0.00658804,0,-0.007853,-0.00061562,0,0.9
-0.00519094,0,-0.00727138,-0.00061562,0,0.9
-0.00316335,0,-0.00630671,-0.00354267,0,0.9
-0.000105354,0,-0.00466056,-0.00354267,0,0.9
0.000756493,0,-0.00381402,-0.00373325,0,0.9
-0.000129267,0,-0.00384476,-0.00256885,0,0.9
0.000209132,0,-0.00323203,-0.00256885,0,0.9
-0.00158577,0,-0.00397882,-0.00208967,0,0.9
-0.0021011,0,-0.00401558,-0.0025943,0,0.9
-0.00254274,0,-0.00405671,-0.00361726,0,0.9
-0.0024192,0,-0.00370638,-0.00510525,0,0.9
-0.00149687,0,-0.00270229,-0.0067495,0,0.9
-0.000195497,0,-0.0013208,-0.00780348,0,0.9
-0.000877037,0,-0.00165419,-0.00807741,0,0.9
-0.00165778,0,-0.00213077,-0.0078392,0,0.9
-0.00306529,0,-0.00195895,-0.00816718,0,0.9
-0.00356082,0,-0.00182033,-0.0104548,0,0.9
-0.00423688,0,-0.00171791,-0.0148645,0,0.9
-0.00454101,0,-0.0016547,-0.0204128,0,0.9
-0.00393946,0,-0.0016337,-0.0260086,0,0.9
-0.00393946,0,-0.0016337,-0.0312466,0,0.9
-0.00393946,0,-0.0016337,0,0,0.9
-0.00393946,0,-0.0016337,0,0,0.9
-0.00393946,0,-0.0016337,0,0,0.9
-0.00393946,0,-0.0016337,0,0,0.9
-0.00393946,0,-0.0016337,0,0,0.9
-0.00393946,0,-0.0016337,0,0,0.9
0,-0.00794083,0,0,0,0.9
0,-0.00794083,0,0,0,0.9
0,-0.00794083,0,0,0,0.9
0,-0.00794083,0,0,0,0.9
0,-0.00794083,0,0,0,0.9
0,-0.00794083,0,0,0,0.9
0,-0.00794083,0,0,0,0.9
0,-0.00794083,0,0,0,0.9
-0.0426895,-0.00801922,0,0,0,0.86
0.00154003,-0.00784551,0,-0.0098048,0,0.901
-0.00541165,-0.00788011,0,-0.00884979,0,0.901
0.00257741,-0.00748456,0,-0.00909144,0,0.901
0.00645967,-0.00696556,0,-0.00829012,0,0.901
0.00554333,-0.00663419,0,-0.00663809,0,0.9
0.0022724,-0.00661345,0,-0.00499523,0,0.9
-0.000904578,-0.00676798,0,-0.00381522,0,0.9
-0.00156358,-0.00662318,0,-0.00405129,0,0.9
-0.00328379,-0.00677976,0,-0.00418242,0,0.9
-0.0078967,-0.00792784,0,-0.004844,0,0.9
-0.00613389,-0.00732424,0,-0.00705911,0,0.9
-0.00388402,-0.00636044,0,-0.00896081,0,0.9
-0.00212987,-0.00539048,0,-0.0099883,0,0.9
-0.000961212,-0.00452954,0,-0.0101404,0,0.9
-0.000884766,-0.00413962,0,-0.0100676,0,0.9
-0.00193827,-0.00440931,0,-0.00952551,0,0.9
-0.00176423,-0.00400531,0,-0.00978241,0,0.9
-0.00160874,-0.00360484,0,-0.0100175,0,0.9
-0.00173829,-0.00340873,0,-0.0104609,0,0.9
-0.000437997,-0.00213001,0,-0.0109431,0,0.9
0.000151742,-0.0013396,0,-0.0105609,0,0.9
5.81033e-05,-0.00111026,0,-0.00919223,0,0.9
-0.000485856,-0.00125522,0,-0.00810574,0,0.9
-0.00145906,-0.00190372,0,-0.00748132,0,0.9
-0.00241352,-0.00173846,0,-0.00832655,0,0.9
-0.00286953,-0.00160513,0,-0.00926959,0,0.9
-0.0032766,-0.00150662,0,-0.0130653,0,0.9
-0.00259116,-0.00144582,0,-0.0171377,0,0.9
-0.0020758,-0.00142672,0,-0.0197485,0,0.9
-0.000787461,-0.00142562,0,-0.0215021,0,0.9
-0.000787461,-0.00142562,0,0,0,0.9
-0.000787461,-0.00142562,0,0,0,0.9
-0.000787461,-0.00142562,0,0,0,0.9
-0.000787461,-0.00142562,0,0,0,0.9
-0.000787461,-0.00142562,0,0,0,0.9
-0.000787461,-0.00142562,0,0,0,0.9
0,0,-0.00892755,0,0,0.9
0,0,-0.00892755,0,0,0.9
0,0,-0.00892755,0,0,0.9
0,0,-0.00892755,0,0,0.9
0,0,-0.00892755,0,0,0.9
0,0,-0.00892755,0,0,0.9
0,0,-0.00892755,0,0,0.9
0,0,-0.00892755,0,0,0.9
-0.0407345,0,-0.00900552,0,0,0.837
0.00282315,0,-0.00880901,-0.0100015,0,0.9
0.00208889,0,-0.00866306,-0.00896928,0,0.901
0.00766641,0,-0.00820772,-0.00805885,0,0.901
0.0131704,0,-0.00743097,-0.00642497,0,0.901
0.0120616,0,-0.00689366,-0.00340866,0,0.9
0.0109903,0,-0.00633889,-0.000919011,0,0.9
0.0050946,0,-0.00659024,0.00193419,0,0.9
0.00109853,0,-0.00685598,0.00335306,0,0.9
-0.00406098,0,-0.00766043,0.00337252,0,0.9
-0.00780363,0,-0.00858374,0.00266087,0,0.9
-0.00527992,0,-0.00763921,4.01856e-05,0,0.9
-0.00319044,0,-0.00662226,-0.0016112,0,0.9
-0.00111589,0,-0.005402,-0.00263964,0,0.9
0.00117075,0,-0.00386578,-0.00326297,0,0.9
-0.000785497,0,-0.00443989,-0.00261868,0,0.9
-0.00159738,0,-0.00452479,-0.00237195,0,0.9
-0.00235823,0,-0.00466275,-0.00318375,0,0.9
-0.00302659,0,-0.00481801,-0.00378269,0,0.9
-0.00293093,0,-0.00447895,-0.00558722,0,0.9
-0.00256083,0,-0.00392936,-0.00753637,0,0.9
-0.00153653,0,-0.00282575,-0.00906693,0,0.9
-0.00076907,0,-0.00189434,-0.0100386,0,0.9
-0.00117509,0,-0.00199128,-0.00912715,0,0.901
-0.00169237,0,-0.0022367,-0.00999741,0,0.901
-0.00286382,0,-0.00167083,-0.0105103,0,0.901
-0.0038439,0,-0.00150868,-0.0124186,0,0.901
-0.00429259,0,-0.00139148,-0.0166812,0,0.901
-0.0038873,0,-0.00131694,-0.0216729,0,0.901
-0.00282224,0,-0.00129215,-0.0266186,0,0.901
-0.00282224,0,-0.00129214,-0.0287049,0,0.901
-0.00282224,0,-0.00129214,0,0,0.901
-0.00282224,0,-0.00129214,0,0,0.901
-0.00282224,0,-0.00129214,0,0,0.901
-0.00282224,0,-0.00129214,0,0,0.901
-0.00282224,0,-0.00129214,0,0,0.901
-0.00282224,0,-0.00129214,0,0,0.901
0,-0.00776758,0,0,0,0.9
0,-0.00776758,0,0,0,0.9
0,-0.00776758,0,0,0,0.9
0,-0.00776758,0,0,0,0.9
0,-0.00776758,0,0,0,0.9
0,-0.00776758,0,0,0,0.9
0,-0.00776758,0,0,0,0.9
0,-0.00776758,0,0,0,0.9
0,-0.00775419,0,0,0,0.9
-0.000655455,-0.00769996,0,-0.00759575,0,0.901
-0.00497625,-0.00770288,0,-0.00726142,0,0.901
-0.00130929,-0.00749446,0,-0.00744346,0,0.901
0.00450394,-0.00695024,0,-0.00741004,0,0.9
0.00383605,-0.00666114,0,-0.00617849,0,0.9
0.00730985,-0.0058343,0,-0.00508343,0,0.9
0.0023399,-0.00610216,0,-0.00296829,0,0.9
0.00322258,-0.00551951,0,-0.00211415,0,0.9
0.00197365,-0.0053603,0,-0.00126902,0,0.9
-0.000487178,-0.00564143,0,-0.000642087,0,0.9
-0.00161803,-0.00568379,0,-0.000571022,0,0.9
-0.000526695,-0.00496447,0,-0.00132606,0,0.9
-0.00258115,-0.0055042,0,-0.00125866,0,0.9
-0.000800525,-0.00437984,0,-0.00256489,0,0.9
-0.00271132,-0.0050563,0,-0.00266526,0,0.9
-0.0021295,-0.0044644,0,-0.00391736,0,0.9
-0.00274059,-0.00457669,0,-0.00483828,0,0.9
-0.00333817,-0.00474486,0,-0.00612638,0,0.9
-0.00316766,-0.00441683,0,-0.00821288,0,0.9
-0.00224948,-0.00350567,0,-0.0103455,0,0.9
-0.00261615,-0.00357575,0,-0.0115642,0,0.9
-0.00239757,-0.00319178,0,-0.0131997,0,0.9
-0.00220544,-0.00283369,0,-0.0145782,0,0.9
-0.00265502,-0.00303728,0,-0.0161311,0,0.9
-0.00258153,-0.00290641,0,-0.0177249,0,0.9
-0.00306272,-0.00280048,0,-0.0180554,0,0.9
-0.00300221,-0.00273876,0,-0.0207345,0,0.9
-0.0031101,-0.00268194,0,-0.0230915,0,0.9
-0.00346166,-0.0026563,0,-0.0266443,0,0.9
-0.00203952,-0.00265502,0,0,0,0.9
-0.00203952,-0.00265502,0,0,0,0.9
-0.00203952,-0.00265502,0,0,0,0.9
-0.00203952,-0.00265502,0,0,0,0.9
-0.00203952,-0.00265502,0,0,0,0.9
-0.00203952,-0.00265502,0,0,0,0.9
-0.00203952,-0.00265502,0,0,0,0.9
0,0,-0.00900887,0,0,0.9
0,0,-0.00900887,0,0,0.9
0,0,-0.00900887,0,0,0.9
0,0,-0.00900887,0,0,0.9
0,0,-0.00900887,0,0,0.9
0,0,-0.00900887,0,0,0.9
0,0,-0.00900887,0,0,0.9
0,0,-0.00900887,0,0,0.9
0,0,-0.00899334,0,0,0.9
0.00318334,0,-0.00889333,-0.0131858,0,0.902
0.00553054,0,-0.00867187,-0.0121414,0,0.901
0.00403598,0,-0.00845722,-0.0104601,0,0.901
0.0153004,0,-0.00738976,-0.00916275,0,0.9
0.00963546,0,-0.00723108,-0.00559654,0,0.9
0.00915619,0,-0.00667969,-0.00318526,0,0.9
0.00885918,0,-0.00606473,-0.00116345,0,0.9
0.002826,0,-0.00658802,0.00149615,0,0.9
0.000157694,0,-0.00674361,0.00218088,0,0.9
-0.0011154,0,-0.00670368,0.00221026,0,0.9
-0.00188294,0,-0.00659424,0.0016389,0,0.9
-0.00227929,0,-0.0064037,0.000819885,0,0.9
-0.00104134,0,-0.00553181,-7.47055e-05,0,0.9
0.000512902,0,-0.00437889,-0.000626762,0,0.9
0.000341903,0,-0.00399478,-0.000336301,0,0.9
0.000148582,0,-0.0036438,-0.000143377,0,0.9
-0.000588673,0,-0.00366414,-7.05823e-05,0,0.9
-0.00108137,0,-0.00359898,-0.000222077,0,0.9
-0.00162096,0,-0.00362725,-0.000855146,0,0.9
-0.00183684,0,-0.00346955,-0.00220426,0,0.9
-0.0011505,0,-0.00261435,-0.00379494,0,0.9
-0.000165483,0,-0.0014734,-0.00501937,0,0.9
-0.00104174,0,-0.0018767,-0.00442514,0,0.9
-0.00180205,0,-0.0023409,-0.00500116,0,0.9
-0.00217054,0,-0.00215642,-0.0065834,0,0.9
-0.00285959,0,-0.00200709,-0.0083789,0,0.9
-0.00379712,0,-0.00189612,-0.0116327,0,0.9
-0.00376448,0,-0.00182671,-0.0166662,0,0.9
-0.00266449,0,-0.00180385,-0.0220355,0,0.9
-0.00136436,0,-0.00180205,-0.0251783,0,0.9
-0.00136436,0,-0.00180205,0,0,0.9
-0.00136436,0,-0.00180205,0,0,0.9
-0.00136436,0,-0.00180205,0,0,0.9
-0.00136436,0,-0.00180205,0,0,0.9
-0.00136436,0,-0.00180205,0,0,0.9
-0.00136436,0,-0.00180205,0,0,0.9
0,-0.00880621,0,0,0,0.9
0,-0.00880621,0,0,0,0.9
0,-0.00880621,0,0,0,0.9
0,-0.00880621,0,0,0,0.9
0,-0.00880621,0,0,0,0.9
0,-0.00880621,0,0,0,0.9
0,-0.00880621,0,0,0,0.9
0,-0.00880621,0,0,0,0.9
0,-0.00879103,0,0,0,0.9
0.00853781,-0.00864131,0,-0.0111441,0,0.901
0.00509128,-0.00848409,0,-0.00927356,0,0.901
0.00334388,-0.00829239,0,-0.0076781,0,0.901
0.00468546,-0.00791041,0,-0.0068466,0,0.901
0.00106532,-0.00786493,0,-0.00529333,0,0.9
0.00482354,-0.00705856,0,-0.00480012,0,0.9
-0.00169579,-0.00763462,0,-0.00330959,0,0.9
-0.00275224,-0.00756785,0,-0.00334743,0,0.9
-0.00313331,-0.00740431,0,-0.00398786,0,0.9
-0.00610269,-0.00801668,0,-0.00441762,0,0.9
-0.00541041,-0.00765553,0,-0.00616595,0,0.9
-0.00415326,-0.00700495,0,-0.00791921,0,0.9
-0.0017868,-0.00574291,0,-0.00894348,0,0.9
-0.00169687,-0.00534928,0,-0.00909518,0,0.9
0.000531557,-0.00379909,0,-0.00947123,0,0.9
0.000242963,-0.00350457,0,-0.00857462,0,0.9
-0.000581367,-0.00358548,0,-0.00759924,0,0.9
-0.000256893,-0.00297197,0,-0.00752409,0,0.9
-0.00155959,-0.00352751,0,-0.00694076,0,0.9
-0.00165397,-0.00328217,0,-0.00755785,0,0.9
-0.0014475,-0.00281828,0,-0.00852186,0,0.9
-0.00107677,-0.00221994,0,-0.0093372,0,0.9
-0.00139415,-0.00223134,0,-0.00948436,0,0.9
-0.00252694,-0.00304108,0,-0.0104177,0,0.9
-0.00292382,-0.00212122,0,-0.0126364,0,0.9
-0.00379439,-0.0019657,0,-0.0147451,0,0.9
-0.00424896,-0.00184705,0,-0.0200044,0,0.9
-0.00369581,-0.00176841,0,-0.0252486,0,0.9
-0.00325231,-0.00173293,0,-0.0298469,0,0.9
-0.00183468,-0.00173116,0,-0.0326781,0,0.9
-0.00183468,-0.00173116,0,0,0,0.9
-0.00183468,-0.00173116,0,0,0,0.9
-0.00183468,-0.00173116,0,0,0,0.9
-0.00183468,-0.00173116,0,0,0,0.9
-0.00183468,-0.00173116,0,0,0,0.9
-0.00183468,-0.00173116,0,0,0,0.9
0,0,-0.0103959,0,0,0.9
0,0,-0.0103959,0,0,0.9
0,0,-0.0103959,0,0,0.9
0,0,-0.0103959,0,0,0.9
0,0,-0.0103959,0,0,0.9
0,0,-0.0103959,0,0,0.9
0,0,-0.0103959,0,0,0.9
0,0,-0.0103959,0,0,0.9
0,0,-0.0103779,0,0,0.9
0.00110953,0,-0.0102868,-0.0161813,0,0.902
0.000432969,0,-0.0101449,-0.0150599,0,0.901
0.00108376,0,-0.00991041,-0.0140276,0,0.901
0.00938643,0,-0.00908239,-0.0131997,0,0.901
0.00938651,0,-0.00850956,-0.0106429,0,0.9
0.0103196,0,-0.00773966,-0.00802756,0,0.9
0.00926104,0,-0.00715698,-0.00521271,0,0.9
0.00391331,0,-0.00746889,-0.00278375,0,0.9
2.36882e-05,0,-0.00782096,-0.00137367,0,0.9
-0.0030689,0,-0.00825612,-0.00124843,0,0.9
-0.00600892,0,-0.00890934,-0.00174081,0,0.9
-0.00632159,0,-0.00881862,-0.00385375,0,0.9
-0.00298952,0,-0.00716371,-0.00606336,0,0.9
-0.00140339,0,-0.00602326,-0.00701262,0,0.9
-0.00118361,0,-0.00545605,-0.00713021,0,0.9
-0.000963989,0,-0.00487001,-0.00726226,0,0.9
-0.00147981,0,-0.00473639,-0.00728803,0,0.9
-0.00187271,0,-0.00457948,-0.00773285,0,0.9
-0.00225679,0,-0.00446707,-0.00850242,0,0.9
-0.00233105,0,-0.004167,-0.00951313,0,0.9
-0.00249237,0,-0.00388644,-0.0108853,0,0.9
-0.00166997,0,-0.00288131,-0.0122854,0,0.9
-0.00181084,0,-0.00271056,-0.0128561,0,0.9
-0.00240708,0,-0.00300441,-0.0135307,0,0.9
-0.00293903,0,-0.00279991,-0.014627,0,0.9
-0.00343289,0,-0.00263438,-0.0161044,0,0.9
-0.00389895,0,-0.00251137,-0.0193301,0,0.9
-0.00394881,0,-0.00243442,-0.0232949,0,0.9
-0.00318782,0,-0.0024071,-0.0275944,0,0.9
-0.00318782,0,-0.00240708,-0.0306138,0,0.9
-0.00318782,0,-0.00240708,0,0,0.9
-0.00318782,0,-0.00240708,0,0,0.9
-0.00318782,0,-0.00240708,0,0,0.9
-0.00318782,0,-0.00240708,0,0,0.9
-0.00318782,0,-0.00240708,0,0,0.9
-0.00318782,0,-0.00240708,0,0,0.9
0,-0.00743287,0,0,0,0.9
0,-0.00743287,0,0,0,0.9
0,-0.00743287,0,0,0,0.9
0,-0.00743287,0,0,0,0.9
0,-0.00743287,0,0,0,0.9
0,-0.00743287,0,0,0,0.9
0,-0.00743287,0,0,0,0.9
0,-0.00743287,0,0,0,0.9
0,-0.00742006,0,0,0,0.9
-0.00382817,-0.0073986,0,-0.016403,0,0.901
-0.00581155,-0.0073953,0,-0.0161709,0,0.901
-0.00955255,-0.00752251,0,-0.0158765,0,0.901
-0.0096495,-0.00758005,0,-0.0165254,0,0.901
-0.0140604,-0.00806483,0,-0.0172035,0,0.9
-0.0205327,-0.00911258,0,-0.0189126,0,0.9
-0.0251415,-0.0103507,0,-0.0219923,0,0.9
-0.03552,-0.013195,0,-0.0266457,0,0.899
-0.045,-0.0167433,0,-0.0340099,0,0.899
-0.045,-0.0188695,0,-0.0451189,0,0.899
-0.045,-0.0206926,0,-0.0578068,0,0.899
-0.045,-0.0226026,0,-0.06,0,0.897
-0.045,-0.0246528,0,-0.06,0,0.894
-0.045,-0.0265965,0,-0.06,0,0.893
-0.0960569,-0.0568819,0,-0.06,0,0.894
-0.140708,-0.0884175,0,-0.06,0,0.895
-0.154653,-0.104429,0,-0.06,0,0.895
-0.146429,-0.105584,0,-0.06,0,0.895
-0.139474,-0.106997,0,-0.06,0,0.897
-0.132006,-0.108663,0,-0.06,0,0.898
-0.116502,-0.100873,0,-0.06,0,0.898
-0.0958258,-0.0846876,0,-0.06,0,0.899
-0.0810252,-0.073348,0,-0.06,0,0.899
-0.0682289,-0.0707079,0,-0.06,0,0.899
-0.0539568,-0.0738048,0,-0.06,0,0.899
-0.0464685,-0.0747348,0,-0.06,0,0.899
-0.0452701,-0.0752568,0,-0.06,0,0.899
-0.0467573,-0.0755851,0,-0.06,0,0.899
-0.0453042,-0.075787,0,-0.06,0,0.899
-0.0453042,-0.075787,0,-0.06,0,0.899
-0.0453042,-0.075787,0,0,0,0.899
-0.0453042,-0.075787,0,0,0,0.899
-0.0453042,-0.075787,0,0,0,0.899
-0.0453042,-0.075787,0,0,0,0.899
-0.0453042,-0.075787,0,0,0,0.899
-0.0453042,-0.075787,0,0,0,0.899
0,0,0.0692462,0,0,0.9
0,0,0.0692462,0,0,0.9
0,0,0.0692462,0,0,0.9
0,0,0.0692462,0,0,0.9
0,0,0.0692462,0,0,0.9
0,0,0.0692462,0,0,0.9
0,0,0.0692462,0,0,0.9
0,0,0.0692462,0,0,0.9
0,0,0.0690206,-0.06,0,0.9
-0.045,0,0.0677402,-0.06,0,0.897
-0.045,0,0.0660163,-0.06,0,0.897
-0.045,0,0.0636415,-0.06,0,0.897
-0.045,0,0.0607304,-0.06,0,0.898
-0.045,0,0.0572542,-0.06,0,0.897
-0.045,0,0.0532415,-0.06,0,0.897
-0.045,0,0.0487921,-0.06,0,0.895
-0.045,0,0.0439353,-0.06,0,0.893
-0.045,0,0.0388088,-0.06,0,0.892
-0.045,0,0.0336051,-0.06,0,0.893
-0.045,0,0.028114,-0.06,0,0.893
-0.045,0,0.0227248,-0.06,0,0.895
-0.045,0,0.0172924,-0.06,0,0.896
-0.045,0,0.0114055,-0.06,0,0.897
-0.0602227,0,-0.00424734,-0.06,0,0.897
-0.0879123,0,-0.0277083,-0.06,0,0.898
-0.115421,0,-0.0536032,-0.06,0,0.898
-0.145687,0,-0.0837294,-0.06,0,0.899
-0.156594,0,-0.102841,-0.06,0,0.899
-0.14629,0,-0.105059,-0.06,0,0.9
-0.126665,0,-0.0967854,-0.06,0,0.9
-0.109704,0,-0.0876846,-0.06,0,0.9
-0.0909755,0,-0.0758214,-0.06,0,0.9
-0.0802697,0,-0.0783428,-0.06,0,0.9
-0.0144551,0,-0.0826732,-0.06,0,0.9
-0.00952441,0,-0.0851975,-0.06,0,0.9
-0.00533329,0,-0.0874506,-0.06,0,0.9
0.0029044,0,-0.0886201,-0.06,0,0.9
0.00624636,0,-0.0888743,-0.06,0,0.9
0.00624636,0,-0.0888743,-0.06,0,0.9
0.00624636,0,-0.0888743,0,0,0.9
0.00624636,0,-0.0888743,0,0,0.9
0.00624636,0,-0.0888743,0,0,0.9
0.00624636,0,-0.0888743,0,0,0.9
0.00624636,0,-0.0888743,0,0,0.9
0.00624636,0,-0.0888743,0,0,0.9
0,0.0811552,0,0,0,0.9
0,0.0811552,0,0,0,0.9
0,0.0811552,0,0,0,0.9
0,0.0811552,0,0,0,0.9
0,0.0811552,0,0,0,0.9
0,0.0811552,0,0,0,0.9
0,0.0811552,0,0,0,0.9
0,0.081155,0,0,0,0.9
0,0.0808774,0,0,0,0.9
0.0227095,0.0805656,0,0.00983136,0,0.9
0.00947428,0.0794342,0,0.0126806,0,0.901
0.0168593,0.0783661,0,0.013481,0,0.901
0.00895568,0.0762655,0,0.0158923,0,0.901
-0.00159307,0.0731367,0,0.0165185,0,0.9
-0.000523821,0.0705396,0,0.0151593,0,0.9
-0.000979346,0.0674644,0,0.014239,0,0.9
0.00560884,0.0655459,0,0.0133784,0,0.9
0.0110207,0.0636695,0,0.0135929,0,0.9
0.00773088,0.0595437,0,0.0160716,0,0.9
0.00684119,0.0557967,0,0.0174796,0,0.9
0.00119865,0.0500068,0,0.0190352,0,0.9
0.000498217,0.045756,0,0.0182893,0,0.9
-0.00100188,0.0411035,0,0.0154778,0,0.9
-0.000578622,0.0371239,0,0.0154778,0,0.9
-0.000360256,0.0331967,0,0.0137011,0,0.9
0.000104631,0.0295124,0,0.0125863,0,0.9
-0.00136128,0.0246508,0,0.0113885,0,0.9
-0.000828116,0.0212512,0,0.00831831,0,0.9
-0.000901172,0.0176039,0,0.00723174,0,0.9
-0.000879534,0.0142383,0,0.00569382,0,0.9
-0.00106391,0.0102028,0,0.00340388,0,0.9
-0.00253951,0.00609788,0,0.00232556,0,0.9
-0.00416261,0.00217544,0,0.000207003,0,0.9
-0.00528039,1.34988e-05,0,-0.00569053,0,0.9
-0.00675826,-0.00173079,0,-0.00941441,0,0.9
-0.00597148,-0.00301956,0,-0.0193604,0,0.9
-0.00466513,-0.00375866,0,-0.0282848,0,0.9
-0.00177967,-0.00406483,0,-0.0346878,0,0.9
-0.000936681,-0.00407914,0,-0.0333211,0,0.9
-0.000936681,-0.00407914,0,0,0,0.9
-0.000936681,-0.00407914,0,0,0,0.9
-0.000936681,-0.00407914,0,0,0,0.9
-0.000936681,-0.00407914,0,0,0,0.9
-0.000936681,-0.00407914,0,0,0,0.9
-0.000936681,-0.00407914,0,0,0,0.9
0,0,-0.0125284,0,0,0.9
0,0,-0.0125284,0,0,0.9
0,0,-0.0125284,0,0,0.9
0,0,-0.0125284,0,0,0.9
0,0,-0.0125284,0,0,0.9
0,0,-0.0125284,0,0,0.9
0,0,-0.0125284,0,0,0.9
0,0,-0.0125284,0,0,0.9
0,0,-0.0125038,0,0,0.9
0.00967947,0,-0.0123051,-0.00987737,0,0.901
0.00975612,0,-0.0119934,-0.00814034,0,0.901
0.00749315,0,-0.0116599,-0.00576366,0,0.901
0.0144614,0,-0.0107006,-0.00432043,0,0.901
0.0113747,0,-0.0102122,-0.00136563,0,0.9
0.0136706,0,-0.00912343,0.00100257,0,0.9
0.0170277,0,-0.00760182,0.00372371,0,0.9
0.0156972,0,-0.0066965,0.00810281,0,0.9
0.00950839,0,-0.00705849,0.0139987,0,0.9
0.00505941,0,-0.00735169,0.0139987,0,0.9
-0.000243506,0,-0.0083364,0.0149676,0,0.9
-0.00331312,0,-0.00893846,0.0139867,0,0.9
-0.00249219,0,-0.00812367,0.011729,0,0.9
-0.000384002,0,-0.00659284,0.00968173,0,0.9
-0.000179967,0,-0.00587613,0.00874605,0,0.9
-0.000953856,0,-0.0057187,0.00771207,0,0.9
-0.00371989,0,-0.00680994,0.00670203,0,0.9
-0.00440147,0,-0.00686866,0.00427686,0,0.9
-0.00504115,0,-0.00697398,0.001356,0,0.9
-0.00400055,0,-0.00583363,-0.00256767,0,0.9
-0.00309148,0,-0.00473758,-0.00588785,0,0.9
-0.00193246,0,-0.00338445,-0.00854406,0,0.9
-0.00132518,0,-0.00248137,-0.00994316,0,0.9
-0.00203558,0,-0.0028065,-0.0101171,0,0.9
-0.00220244,0,-0.00254037,-0.0117016,0,0.9
-0.00248487,0,-0.00232566,-0.0118774,0,0.9
-0.00305052,0,-0.00216702,-0.0142429,0,0.9
-0.00308151,0,-0.00206912,-0.017112,0,0.9
-0.0021947,0,-0.00203836,-0.0208427,0,0.9
-0.0011897,0,-0.00203659,-0.0225721,0,0.9
-0.0011897,0,-0.00203659,0,0,0.9
-0.0011897,0,-0.00203659,0,0,0.9
-0.0011897,0,-0.00203659,0,0,0.9
-0.0011897,0,-0.00203659,0,0,0.9
-0.0011897,0,-0.00203659,0,0,0.9
-0.0011897,0,-0.00203659,0,0,0.9
0,-0.00822609,0,0,0,0.9
0,-0.00822609,0,0,0,0.9
0,-0.00822609,0,0,0,0.9
0,-0.00822609,0,0,0,0.9
0,-0.00822609,0,0,0,0.9
0,-0.00822609,0,0,0,0.9
0,-0.00822609,0,0,0,0.9
0,-0.00822609,0,0,0,0.9
0,-0.0082099,0,0,0,0.9
0.00965872,-0.00804625,0,-0.0043708,0,0.901
0.00695407,-0.00786163,0,-0.00279529,0,0.901
0.00688698,-0.00757049,0,-0.00136066,0,0.901
0.00948735,-0.00702644,0,-0.000356212,0,0.901
0.0051473,-0.00693018,0,0.00156326,0,0.9
0.00705117,-0.00624055,0,0.00253211,0,0.9
0.00199731,-0.00652198,0,0.00380726,0,0.9
0.000236888,-0.00647748,0,0.00415396,0,0.9
-0.00216235,-0.0067143,0,0.0040697,0,0.9
-0.00366375,-0.00688322,0,0.00319774,0,0.9
-0.00471931,-0.00702945,0,0.00184286,0,0.9
-0.00345332,-0.00636678,0,-0.00019899,0,0.9
-0.0010401,-0.00507226,0,-0.0015537,0,0.9
-0.000890159,-0.00464065,0,-0.00203315,0,0.9
-0.000334913,-0.00397499,0,-0.0022574,0,0.9
0.000582708,-0.00304356,0,-0.00230107,0,0.9
-0.000124793,-0.00306421,0,-0.00169977,0,0.9
0.000452401,-0.00228336,0,-0.00165477,0,0.9
-0.00048105,-0.0025669,0,-0.00101691,0,0.9
-0.00109691,-0.00262933,0,-0.00146665,0,0.9
-0.00158968,-0.00274727,0,-0.00190477,0,0.9
-0.00144529,-0.00237448,0,-0.003337,0,0.9
-0.00229854,-0.00291027,0,-0.00462875,0,0.9
-0.00354974,-0.00381861,0,-0.0059887,0,0.9
-0.00385675,-0.00369797,0,-0.0103733,0,0.9
-0.00397981,-0.00360062,0,-0.0120995,0,0.9
-0.00434315,-0.00352871,0,-0.0171069,0,0.9
-0.00418509,-0.00348432,0,-0.0227479,0,0.9
-0.00339944,-0.00346957,0,-0.0268615,0,0.9
-0.00339944,-0.00346957,0,-0.0309936,0,0.9
-0.00339944,-0.00346957,0,0,0,0.9
-0.00339944,-0.00346957,0,0,0,0.9
-0.00339944,-0.00346957,0,0,0,0.9
-0.00339944,-0.00346957,0,0,0,0.9
-0.00339944,-0.00346957,0,0,0,0.9
-0.00339944,-0.00346957,0,0,0,0.9
0,0,-0.00828478,0,0,0.9
0,0,-0.00828478,0,0,0.9
0,0,-0.00828478,0,0,0.9
0,0,-0.00828478,0,0,0.9
0,0,-0.00828478,0,0,0.9
0,0,-0.00828478,0,0,0.9
0,0,-0.00828478,0,0,0.9
0,0,-0.00828478,0,0,0.9
-0.0380311,0,-0.00835638,0,0,0.842
0.004999,0,-0.00815078,-0.00976705,0,0.9
-0.00123658,0,-0.00811557,-0.00829909,0,0.901
0.00358986,0,-0.00776967,-0.00796523,0,0.901
0.00945506,0,-0.00708336,-0.00712314,0,0.901
0.00694501,0,-0.00680899,-0.00489575,0,0.9
0.00919414,0,-0.0060131,-0.00309141,0,0.9
0.008617,0,-0.00546748,-0.000793238,0,0.9
0.00378847,0,-0.00579023,0.00122731,0,0.9
-0.000583073,0,-0.00636462,0.00228485,0,0.9
-0.00421097,0,-0.00708571,0.00207009,0,0.9
-0.00442564,0,-0.00696791,0.000888685,0,0.9
-0.00336744,0,-0.0063089,-0.000924434,0,0.9
-0.000908676,0,-0.00495581,-0.00213746,0,0.9
0.000472469,0,-0.00389521,-0.00266951,0,0.9
-0.000426493,0,-0.00395353,-0.00225955,0,0.9
-0.00111368,0,-0.00397757,-0.0021654,0,0.9
-0.00224735,0,-0.00436529,-0.0024836,0,0.9
-0.00289001,0,-0.00452776,-0.0035593,0,0.9
-0.0036649,0,-0.00485752,-0.00506709,0,0.9
-0.00318624,0,-0.00428217,-0.00730655,0,0.9
-0.0023374,0,-0.0033748,-0.00955255,0,0.9
-0.00121529,0,-0.00218404,-0.0109887,0,0.9
-0.000782763,0,-0.00155698,-0.0113766,0,0.9
-0.00171305,0,-0.00218972,-0.011175,0,0.9
-0.00292859,0,-0.00202288,-0.0111127,0,0.9
-0.00319034,0,-0.00188827,-0.0130955,0,0.9
-0.00424945,0,-0.00178881,-0.0160642,0,0.9
-0.00438198,0,-0.00172743,-0.0206754,0,0.9
-0.00344435,0,-0.00170704,-0.0265339,0,0.9
-0.00344435,0,-0.00170704,-0.0301091,0,0.9
-0.00344435,0,-0.00170704,0,0,0.9
-0.00344435,0,-0.00170704,0,0,0.9
-0.00344435,0,-0.00170704,0,0,0.9
-0.00344435,0,-0.00170704,0,0,0.9
-0.00344435,0,-0.00170704,0,0,0.9
-0.00344435,0,-0.00170704,0,0,0.9
0,-0.00772379,0,0,0,0.9
0,-0.00772379,0,0,0,0.9
0,-0.00772379,0,0,0,0.9
0,-0.00772379,0,0,0,0.9
0,-0.00772379,0,0,0,0.9
0,-0.00772379,0,0,0,0.9
0,-0.00772379,0,0,0,0.9
0,-0.00772379,0,0,0,0.9
0,-0.0077086,0,0,0,0.9
0.00141389,-0.00763192,0,-0.00540185,0,0.901
-0.00481904,-0.00765406,0,-0.00491376,0,0.901
0.00266475,-0.00727315,0,-0.00529944,0,0.901
0.00556606,-0.00682374,0,-0.0047365,0,0.901
0.00842568,-0.00615888,0,-0.00332679,0,0.9
0.00570092,-0.00597903,0,-0.00125316,0,0.9
0.00673339,-0.00531397,0,0.000455798,0,0.9
0.0027231,-0.00556527,0,0.00183772,0,0.9
-0.0011091,-0.00607464,0,0.00264812,0,0.9
-0.00636959,-0.0073252,0,0.00207802,0,0.9
-0.00756255,-0.00766877,0,-5.42613e-05,0,0.9
-0.00586526,-0.00699977,0,-0.00277688,0,0.9
-0.0056418,-0.00681004,0,-0.00473778,0,0.9
-0.00260801,-0.00522345,0,-0.00701339,0,0.9
-0.00187591,-0.00457345,0,-0.0081741,0,0.9
-0.00309098,-0.00499814,0,-0.00838665,0,0.9
-0.00292709,-0.00466749,0,-0.00955359,0,0.9
-0.00291602,-0.0044316,0,-0.0105992,0,0.9
-0.00436527,-0.00526977,0,-0.0118381,0,0.9
-0.00395401,-0.00480416,0,-0.01464,0,0.9
-0.00385013,-0.00456399,0,-0.0170253,0,0.9
-0.00378327,-0.00432325,0,-0.0195645,0,0.9
-0.0030908,-0.00356893,0,-0.0212411,0,0.9
-0.00300167,-0.00317479,0,-0.0235902,0,0.9
-0.00337292,-0.00305027,0,-0.0242613,0,0.9
-0.00418507,-0.0029498,0,-0.0236824,0,0.9
-0.00482901,-0.00287557,0,-0.0270021,0,0.9
-0.00458254,-0.00282976,0,-0.0304185,0,0.9
-0.00350676,-0.00281537,0,-0.035287,0,0.9
-0.00202289,-0.00281454,0,-0.0376062,0,0.9
-0.00202289,-0.00281454,0,0,0,0.9
-0.00202289,-0.00281454,0,0,0,0.9
-0.00202289,-0.00281454,0,0,0,0.9
-0.00202289,-0.00281454,0,0,0,0.9
-0.00202289,-0.00281454,0,0,0,0.9
-0.00202289,-0.00281454,0,0,0,0.9
0,0,-0.00941759,0,0,0.9
0,0,-0.00941759,0,0,0.9
0,0,-0.00941759,0,0,0.9
0,0,-0.00941759,0,0,0.9
0,0,-0.00941759,0,0,0.9
0,0,-0.00941759,0,0,0.9
0,0,-0.00941759,0,0,0.9
0,0,-0.00941759,0,0,0.9
-0.0321651,0,-0.00946449,0,0,0.886
0.00585063,0,-0.00926406,-0.0074915,0,0.901
-5.84638e-05,0,-0.00919289,-0.0063001,0,0.901
0.00629937,0,-0.0087358,-0.00561089,0,0.901
0.00952435,0,-0.00813475,-0.00439455,0,0.901
0.00992108,0,-0.00739087,-0.00220367,0,0.9
0.00995596,0,-0.00672812,-0.000587769,0,0.9
0.00550181,0,-0.00678601,0.00130518,0,0.9
0.00124649,0,-0.00710294,0.00259765,0,0.9
-0.00237556,0,-0.00758405,0.0029441,0,0.9
-0.0047779,0,-0.0079983,0.00237041,0,0.9
-0.00453888,0,-0.00769442,0.000999166,0,0.9
-0.00248149,0,-0.00663052,-0.000614662,0,0.9
0.000512459,0,-0.00493597,-0.00163842,0,0.9
0.00192463,0,-0.0037323,-0.00159671,0,0.9
0.00046714,0,-0.00396942,-0.000643723,0,0.9
-0.000352648,0,-0.00397287,-0.000161755,0,0.9
-0.00159036,0,-0.00433616,-0.00033371,0,0.9
-0.00254918,0,-0.0046343,-0.000980015,0,0.9
-0.00255187,0,-0.00432425,-0.00235436,0,0.9
-0.00219601,0,-0.0037483,-0.00411596,0,0.9
-0.00184388,0,-0.00316497,-0.00563172,0,0.9
-0.000577076,0,-0.00180062,-0.00714031,0,0.901
-0.000713278,0,-0.00161157,-0.00756685,0,0.9
-0.00147345,0,-0.00205878,-0.00721141,0,0.9
-0.00218569,0,-0.00185735,-0.00838942,0,0.9
-0.00351311,0,-0.00169483,-0.00922093,0,0.9
-0.00393885,0,-0.00157475,-0.0135544,0,0.9
-0.00358298,0,-0.00149941,-0.0186883,0,0.9
-0.00277199,0,-0.00147602,-0.0233006,0,0.9
-0.00277199,0,-0.00147602,-0.0262218,0,0.9
-0.00277199,0,-0.00147602,0,0,0.9
-0.00277199,0,-0.00147602,0,0,0.9
-0.00277199,0,-0.00147602,0,0,0.9
-0.00277199,0,-0.00147602,0,0,0.9
-0.00277199,0,-0.00147602,0,0,0.9
-0.00277199,0,-0.00147602,0,0,0.9
0,-0.00678858,0,0,0,0.9
0,-0.00678858,0,0,0,0.9
0,-0.00678858,0,0,0,0.9
0,-0.00678858,0,0,0,0.9
0,-0.00678858,0,0,0,0.9
0,-0.00678858,0,0,0,0.9
0,-0.00678858,0,0,0,0.9
0,-0.00678858,0,0,0,0.9
0,-0.00677523,0,0,0,0.9
-0.00263366,-0.00674681,0,-0.00805457,0,0.901
-0.00729664,-0.00680078,0,-0.00795994,0,0.901
0.000628892,-0.00646682,0,-0.0085718,0,0.901
0.00404439,-0.00605492,0,-0.00814635,0,0.901
0.00612579,-0.00553715,0,-0.00682195,0,0.9
0.000243797,-0.00587461,0,-0.00502935,0,0.9
-0.000768265,-0.00578508,0,-0.00475209,0,0.9
-0.00293339,-0.00599203,0,-0.00489927,0,0.9
-0.00561207,-0.00649526,0,-0.00527687,0,0.9
-0.00989559,-0.00770309,0,-0.00621335,0,0.9
-0.00513055,-0.00622281,0,-0.00914362,0,0.9
-0.00117512,-0.00460177,0,-0.0105861,0,0.9
-0.00165437,-0.00453525,0,-0.010556,0,0.9
-0.00122167,-0.00406775,0,-0.0105852,0,0.9
0.0013626,-0.00239741,0,-0.0106663,0,0.9
0.000878914,-0.00227752,0,-0.00912588,0,0.9
0.000694739,-0.00202046,0,-0.00775531,0,0.9
-3.74335e-05,-0.00216563,0,-0.00699428,0,0.9
-0.00153208,-0.00294774,0,-0.00580066,0,0.9
-0.00145891,-0.00266084,0,-0.00663985,0,0.9
-0.00166057,-0.00260559,0,-0.00726521,0,0.9
-0.000276935,-0.00122806,0,-0.00879993,0,0.9
-0.000900677,-0.001556,0,-0.00770048,0,0.9
-0.00149991,-0.00185648,0,-0.00825044,0,0.9
-0.00263519,-0.00172148,0,-0.00885573,0,0.9
-0.00384985,-0.00161255,0,-0.010365,0,0.9
-0.00460336,-0.00153207,0,-0.0152382,0,0.9
-0.00397889,-0.0014918,0,-0.0208704,0,0.9
-0.00357027,-0.00146679,0,-0.026866,0,0.9
-0.00208731,-0.0014659,0,-0.031048,0,0.9
-0.00208731,-0.0014659,0,0,0,0.9
-0.00208731,-0.0014659,0,0,0,0.9
-0.00208731,-0.0014659,0,0,0,0.9
-0.00208731,-0.0014659,0,0,0,0.9
-0.00208731,-0.0014659,0,0,0,0.9
-0.00208731,-0.0014659,0,0,0,0.9
0,0,-0.0110477,0,0,0.9
0,0,-0.0110477,0,0,0.9
0,0,-0.0110477,0,0,0.9
0,0,-0.0110477,0,0,0.9
0,0,-0.0110477,0,0,0.9
0,0,-0.0110477,0,0,0.9
0,0,-0.0110477,0,0,0.9
0,0,-0.0110477,0,0,0.9
-0.045,0,-0.0111189,0,0,0.881
0.00602117,0,-0.0108761,-0.0150878,0,0.901
0.00316973,0,-0.0107064,-0.0134209,0,0.901
0.00636776,0,-0.0102923,-0.0122022,0,0.901
0.0121049,0,-0.00947974,-0.0104769,0,0.901
0.00871432,0,-0.00897666,-0.00742458,0,0.9
0.0119774,0,-0.00785136,-0.00548108,0,0.9
0.0111415,0,-0.00713387,-0.00309643,0,0.9
0.00496423,0,-0.00757233,-0.000498167,0,0.9
0.000481312,0,-0.00804591,0.000979511,0,0.9
-0.00467845,0,-0.00909936,0.00144224,0,0.9
-0.0057901,0,-0.00919074,0.000560832,0,0.9
-0.0039753,0,-0.00820589,-0.00146652,0,0.9
-0.00225423,0,-0.00707907,-0.00289821,0,0.9
-0.000834409,0,-0.00605597,-0.00373361,0,0.9
-0.00104901,0,-0.00566127,-0.00394262,0,0.9
-0.00207374,0,-0.00576802,-0.00425332,0,0.9
-0.00311361,0,-0.00599238,-0.00504504,0,0.9
-0.00291923,0,-0.00548162,-0.00687039,0,0.9
-0.00285202,0,-0.00505925,-0.00841652,0,0.9
-0.00257615,0,-0.00448664,-0.0103319,0,0.9
-0.00217913,0,-0.00381349,-0.0117884,0,0.9
-0.00159442,0,-0.00297522,-0.0129723,0,0.9
-0.00164856,0,-0.00269469,-0.0134652,0,0.9
-0.00144639,0,-0.00221868,-0.0139181,0,0.9
-0.00246598,0,-0.00165797,-0.0140268,0,0.9
-0.00294292,0,-0.00144228,-0.0154018,0,0.9
-0.00307346,0,-0.00127854,-0.0186016,0,0.9
-0.00320572,0,-0.00117115,-0.0225715,0,0.9
-0.00255447,0,-0.00112453,-0.0259947,0,0.9
-0.00160898,0,-0.00112286,-0.0271992,0,0.9
-0.00160898,0,-0.00112286,0,0,0.9
-0.00160898,0,-0.00112286,0,0,0.9
-0.00160898,0,-0.00112286,0,0,0.9
-0.00160898,0,-0.00112286,0,0,0.9
-0.00160898,0,-0.00112286,0,0,0.9
-0.00160898,0,-0.00112286,0,0,0.9
0,-0.00840329,0,0,0,0.9
0,-0.00840329,0,0,0,0.9
0,-0.00840329,0,0,0,0.9
0,-0.00840329,0,0,0,0.9
0,-0.00840329,0,0,0,0.9
0,-0.00840329,0,0,0,0.9
0,-0.00840329,0,0,0,0.9
0,-0.00840329,0,0,0,0.9
0,-0.00838676,0,0,0,0.9
0,-0.00831852,0,-0.00891898,0,0.9
0,-0.00820089,0,-0.0074306,0,0.9
0,-0.00803761,0,-0.00647775,0,0.9
0,-0.0078324,0,-0.00570387,0,0.9
0,-0.007589,0,-0.0041776,0,0.9
0,-0.00731115,0,-0.00319999,0,0.9
0,-0.00700257,0,-0.00145112,0,0.9
0,-0.00666702,0,-0.000887646,0,0.9
0,-0.00630822,0,0.000203666,0,0.9
0,-0.0059299,0,7.09551e-06,0,0.9
0,-0.0055358,0,-0.000798154,0,0.9
0,-0.00512966,0,-0.00265103,0,0.9
0,-0.0047152,0,-0.00479536,0,0.9
0,-0.00429618,0,-0.00650871,0,0.9
0,-0.00387631,0,-0.00891764,0,0.9
0,-0.00345934,0,-0.0098647,0,0.9
0,-0.00304899,0,-0.0105784,0,0.9
0,-0.00264901,0,-0.0114538,0,0.9
0,-0.00226313,0,-0.0122032,0,0.9
0,-0.00189508,0,-0.0125482,0,0.9
0,-0.00146579,0,-0.0136066,0,0.9
0,-0.00115153,0,-0.0162077,0,0.9
0,-0.000867231,0,-0.0162077,0,0.9
0,-0.000616642,0,-0.0231962,0,0.9
0,-0.000403495,0,-0.0265091,0,0.9
0,-0.000231525,0,-0.0265091,0,0.9
0,-0.000104465,0,-0.0297334,0,0.9
0,-2.6051e-05,0,-0.0322057,0,0.9
0,-1.41097e-06,0,-0.0327058,0,0.9
0,0,0,-0.0327058,0,0.9
0,0,0,0,0,0.9
0,0,0,0,0,0.9
0,0,0,0,0,0.9
0,0,0,0,0,0.9
0,0,0,0,0,0.9
0,0,0,0,0,0.9
0,0,0,0,0,0.9
0,0,0,0,0,0.9
0,0,0,0,0,0.9
0,0,0,0,0,0.9
0,0,0,0,0,0.9
0,0,0,0,0,0.9
0,0,0,0,0,0.9
0,0,0,0,0,0.9
0,0,0,0,0,0.9
0,0,0,0,0,0.9
0,0,0,0,0,0.9
0,0,0,0,0,0.9
0,0,0,0,0,0.9
0,0,0,0,0,0.9
0,0,0,0,0,0.9
0,0,0,0,0,0.9
0,0,0,0,0,0.9
0,0,0,0,0,0.9
0,0,0,0,0,0.9
0,0,0,0,0,0.9
0,0,0,0,0,0.9
0,0,0,0,0,0.9
0,0,0,0,0,0.9
0,0,0,0,0,0.9
0,0,0,0,0,0.9
0,0,0,0,0,0.9
0,0,0,0,0,0.9
0,0,0,0,0,0.9
0,0,0,0,0,0.9
0,0,0,0,0,0.9
0,0,0,0,0,0.9
0,0,0,0,0,0.9
0,0,0,0,0,0.9
0,0,0,0,0,0.9
0,0,0,0,0,0.9
0,0,0,0,0,0.9
0,0,0,0,0,0.9
0,0,0,0,0,0.9
0,0,0,0,0,0.9
0,0,0,0,0,0.9
0,0,0,0,0,0.9
0,0,0,0,0,0.9
0,0,0,0,0,0.9
0,0,0,0,0,0.9
0,0,0,0,0,0.9
0,0,0,0,0,0.9
0,0,0,0,0,0.9
0,0,0,0,0,0.9
0,0,0,0,0,0.9
0,0,0,0,0,0.9
0,0,0,0,0,0.9
