-0.215,0,-0.205,0,0
-0.215,0,-0.205,0,0
-0.215,0,-0.205,0,0
-0.215,0,-0.205,0,0
-0.215,0,-0.205,0,0
-0.215,0,-0.205,0,0
-0.215,0,-0.205,0,0
-0.215,0,-0.205,0,0
-0.215,0,-0.205,0,0
-0.215,0,-0.205,0,0
-0.215,0,-0.205,0,0
-0.215,0,-0.205,0,0
-0.215,0,-0.205,0,0
-0.215,0,-0.205,0,0
-0.215,0,-0.205,0,0
-0.215,0,-0.205,0,0
-0.215,0,-0.205,0,0
-0.215,0,-0.205,0,0
-0.215,0,-0.205,0,0
-0.215,0,-0.205,0,0
-0.215,0,-0.205,0,0
-0.215,0,-0.205,0,0
-0.215,0,-0.205,0,0
-0.215,0,-0.205,0,0
-0.215,0,-0.205,0,0
-0.215,0,-0.205,0,0
-0.215,0,-0.205,0,0
-0.215,0,-0.205,0,0
-0.215,0,-0.205,0,0
-0.215,0,-0.205,0,0
-0.215,0,-0.205,0,0
-0.215,0,-0.205,0,0
-0.215,0,-0.205,0,0
-0.215,0,-0.205,0,0
-0.215,0,-0.205,0,0
-0.215,0,-0.205,0,0
-0.215,0,-0.205,0,0
-0.215,0,-0.205,0,0
-0.215,0,-0.205,0,0
-0.215,0,-0.205,0,0
-0.215,0,-0.205,0,0
-0.215,0,-0.205,0,0
-0.215,0,-0.205,0,0
-0.215,0,-0.205,0,0
-0.215,0,-0.205,0,0
-0.215,0,-0.205,0,0
-0.215,0,-0.205,0,0
-0.215,0,-0.205,0,0
-0.215,0,-0.205,0,0
-0.215,0,-0.205,0,0
-0.215,0,-0.205,0,0
-0.215,0,-0.205,0,0
-0.215,0,-0.205,0,0
-0.215,0,-0.205,0,0
-0.215,0,-0.205,0,0
-0.215,0,-0.205,0,0
-0.215,0,-0.205,0,0
-0.215,0,-0.205,0,0
-0.215,0,-0.205,0,0
-0.215,0,-0.205,0,0
-0.215,0,-0.205,0,0
-0.215,0,-0.205,0,0
-0.215,0,-0.205,0,0
-0.215,0,-0.205,0,0
-0.215,0,-0.205,0,0
-0.215,0,-0.205,0,0
-0.215,0,-0.205,0,0
-0.215,0,-0.205,0,0
-0.215,0,-0.205,0,0
-0.215,0,-0.205,0,0
-0.215,0,-0.205,0,0
-0.215,0,-0.205,0,0
-0.215,0,-0.205,0,0
-0.215,0,-0.205,0,0
-0.215,0,-0.205,0,0
-0.215,0,-0.205,0,0
-0.215,0,-0.205,0,0
-0.215,0,-0.205,0,0
-0.215,0,-0.205,0,0
-0.215,0,-0.205,0,0
-0.215,0,-0.205,0,0
-0.215,0,-0.205,0,0
-0.215,0,-0.205,0,0
-0.215,0,-0.205,0,0
-0.215,0,-0.205,0,0
-0.215,0,-0.205,0,0
-0.215,0,-0.205,0,0
-0.215,0,-0.205,0,0
-0.215,0,-0.205,0,0
-0.215,0,-0.205,0,0
-0.215,0,-0.205,0,0
-0.215,0,-0.205,0,0
-0.215,0,-0.205,0,0
-0.215,0,-0.205,0,0
-0.215,0,-0.205,0,0
-0.215,0,-0.205,0,0
-0.215,0,-0.205,0,0
-0.215,0,-0.205,0,0
-0.215,0,-0.205,0,0
-0.215,0,-0.205,0,0
-0.215,0,-0.205,0,0
-0.215,0,-0.205,0,0
-0.215,0,-0.205,0,0
-0.215,0,-0.205,0,0
-0.215,0,-0.205,0,0
-0.215,0,-0.205,0,0
-0.215,0,-0.205,0,0
-0.215,0,-0.205031,0,0
-0.215,0,-0.205124,0,0
-0.215,0,-0.205276,0,0
-0.215,0,-0.20548,0,0
-0.215,0,-0.205734,0,0
-0.215,0,-0.206032,0,0
-0.215,0,-0.20637,0,0
-0.215,0,-0.206744,0,0
-0.215,0,-0.20715,0,0
-0.215,0,-0.207582,0,0
-0.215,0,-0.208036,0,0
-0.215,0,-0.208508,0,0
-0.215,0,-0.208994,0,0
-0.215,0,-0.209488,0,0
-0.215,0,-0.209987,0,0
-0.215,0,-0.210487,0,0
-0.215,0,-0.210982,0,0
-0.215,0,-0.211468,0,0
-0.215,0,-0.211941,0,0
-0.215,0,-0.212396,0,0
-0.215,0,-0.212829,0,0
-0.215,0,-0.213236,0,0
-0.215,0,-0.213611,0,0
-0.215,0,-0.213952,0,0
-0.215,0,-0.214252,0,0
-0.215,0,-0.214508,0,0
-0.215,0,-0.214715,0,0
-0.215,0,-0.214869,0,0
-0.215,0,-0.214965,0,0
-0.215,0,-0.215,0,0
-0.215,0,-0.215,0,0
-0.215,0,-0.215,0,0
-0.215,0,-0.215,0,0
-0.215,0,-0.215,0,0
-0.215,0,-0.215,0,0
-0.215,0,-0.215,0,0
-0.215,0,-0.215,0,0
0.235,0.20636,0,0,0
0.235,0.20636,0,0,0
0.235,0.20636,0,0,0
0.235,0.20636,0,0,0
0.235,0.20636,0,0,0
0.235,0.20636,0,0,0
0.235,0.20636,0,0,0
0.277,0.20636,0,0,0
0.297128,0.206669,0,0,0
0.224027,0.206579,0,0.006327,0
0.231925,0.207062,0,0.00274984,0
0.235049,0.207733,0,-0.000755946,0
0.240119,0.208837,0,-0.00287336,0
0.251297,0.210997,0,-0.00509131,0
0.248827,0.212179,0,-0.00457771,0
0.252613,0.214428,0,-0.00435603,0
0.249946,0.215729,0,-0.00308576,0
0.245524,0.21647,0,-0.00200265,0
0.241729,0.217097,0,-0.00176675,0
0.239489,0.217982,0,-0.00210066,0
0.238376,0.219146,0,-0.00273312,0
0.237303,0.219863,0,-0.00312759,0
0.236083,0.220813,0,-0.00345941,0
0.235605,0.222042,0,-0.0044314,0
0.234673,0.222947,0,-0.00576014,0
0.23329,0.223454,0,-0.00764594,0
0.232722,0.22435,0,-0.0105142,0
0.232178,0.225166,0,-0.0139699,0
0.23249,0.226541,0,-0.0179796,0
0.233096,0.228116,0,-0.0219607,0
0.23309,0.229136,0,-0.0254603,0
0.232712,0.229736,0,-0.0289119,0
0.233422,0.231206,0,-0.03246,0
0.233934,0.233692,0,-0.0347607,0
0.234619,0.234328,0,-0.0359841,0
0.235131,0.234813,0,-0.0349553,0
0.235221,0.235135,0,-0.0315794,0
0.235849,0.23528,0,-0.0272512,0
0.236825,0.235287,0,-0.0198137,0
0.236825,0.235287,0,0,0
0.236825,0.235287,0,0,0
0.236825,0.235287,0,0,0
0.236825,0.235287,0,0,0
0.236825,0.235287,0,0,0
0.236825,0.235287,0,0,0
-0.245,0,-0.22552,0,0
-0.245,0,-0.22552,0,0
-0.245,0,-0.22552,0,0
-0.245,0,-0.22552,0,0
-0.245,0,-0.22552,0,0
-0.245,0,-0.22552,0,0
-0.245,0,-0.22552,0,0
-0.245,0,-0.22552,0,0
-0.245,0,-0.225554,0,0
-0.203374,0,-0.225309,0.00184075,0
-0.225302,0,-0.225515,0.00832373,0
-0.235255,0,-0.225933,0.0122413,0
-0.231665,0,-0.225928,0.0135184,0
-0.241277,0,-0.227022,0.0162155,0
-0.241862,0,-0.227615,0.0167924,0
-0.243669,0,-0.22851,0.0178694,0
-0.241968,0,-0.228884,0.0178694,0
-0.241387,0,-0.229441,0.018525,0
-0.242854,0,-0.230582,0.0196129,0
-0.243701,0,-0.231681,0.020358,0
-0.243506,0,-0.232483,0.0208964,0
-0.245519,0,-0.234247,0.021793,0
-0.246553,0,-0.235747,0.021955,0
-0.245856,0,-0.236425,0.0214545,0
-0.245687,0,-0.237335,0.0213184,0
-0.245291,0,-0.238069,0.021591,0
-0.245467,0,-0.239132,0.0222004,0
-0.245199,0,-0.239855,0.0227856,0
-0.244298,0,-0.240023,0.0236302,0
-0.24365,0,-0.240273,0.0253768,0
-0.242789,0,-0.240235,0.027738,0
-0.241681,0,-0.239855,0.0313879,0
-0.242396,0,-0.241014,0.0368854,0
-0.24286,0,-0.243695,0.0404172,0
-0.243265,0,-0.244118,0.0426542,0
-0.243321,0,-0.244441,0.0434406,0
-0.243535,0,-0.244655,0.0425204,0
-0.244836,0,-0.244751,0.041194,0
-0.246487,0,-0.244756,0.0339255,0
-0.246487,0,-0.244756,0,0
-0.246487,0,-0.244756,0,0
-0.246487,0,-0.244756,0,0
-0.246487,0,-0.244756,0,0
-0.246487,0,-0.244756,0,0
-0.246487,0,-0.244756,0,0
0.245,0.235892,0,0,0
0.245,0.235892,0,0,0
0.245,0.235892,0,0,0
0.245,0.235892,0,0,0
0.245,0.235892,0,0,0
0.245,0.235892,0,0,0
0.245,0.235892,0,0,0
0.245,0.235892,0,0,0
0.245,0.235908,0,0,0
0.204539,0.235594,0,0.00184315,0
0.222334,0.235578,0,-0.0046742,0
0.233287,0.235782,0,-0.00926723,0
0.230997,0.235567,0,-0.0111544,0
0.243555,0.236623,0,-0.0142114,0
0.242031,0.23668,0,-0.01439,0
0.242821,0.237034,0,-0.0150058,0
0.242966,0.237339,0,-0.0156107,0
0.242123,0.237432,0,-0.0161566,0
0.243199,0.238026,0,-0.0171345,0
0.243763,0.23856,0,-0.0178945,0
0.244827,0.239351,0,-0.0185422,0
0.245857,0.240241,0,-0.0189329,0
0.247615,0.241592,0,-0.019022,0
0.246989,0.241842,0,-0.0182061,0
0.246577,0.242152,0,-0.0178426,0
0.244813,0.241555,0,-0.0178403,0
0.245229,0.242264,0,-0.0191791,0
0.244684,0.242297,0,-0.0202927,0
0.243805,0.242004,0,-0.0217797,0
0.242338,0.241137,0,-0.0242005,0
0.241385,0.240573,0,-0.0281416,0
0.24072,0.240175,0,-0.0333957,0
0.241458,0.241003,0,-0.0401032,0
0.241751,0.243833,0,-0.0448559,0
0.242433,0.244018,0,-0.0480099,0
0.242577,0.244158,0,-0.0498736,0
0.242654,0.244252,0,-0.0497927,0
0.244062,0.244294,0,-0.0489134,0
0.246063,0.244296,0,-0.0421541,0
0.246063,0.244296,0,0,0
0.246063,0.244296,0,0,0
0.246063,0.244296,0,0,0
0.246063,0.244296,0,0,0
0.246063,0.244296,0,0,0
0.246063,0.244296,0,0,0
-0.245,0,-0.235749,0,0
-0.245,0,-0.235749,0,0
-0.245,0,-0.235749,0,0
-0.245,0,-0.235749,0,0
-0.245,0,-0.235749,0,0
-0.245,0,-0.235749,0,0
-0.245,0,-0.235749,0,0
-0.245,0,-0.235749,0,0
-0.245,0,-0.235765,0,0
-0.203,0,-0.235437,0.000101595,0
-0.224342,0,-0.235489,0.0114026,0
-0.230993,0,-0.235548,0.0114026,0
-0.226972,0,-0.235166,0.0132886,0
-0.240954,0,-0.236245,0.0171421,0
-0.24116,0,-0.236443,0.0176749,0
-0.243021,0,-0.236947,0.0182711,0
-0.243313,0,-0.237296,0.0186685,0
-0.240655,0,-0.236956,0.0203255,0
-0.244204,0,-0.238218,0.0203255,0
-0.2449,0,-0.23885,0.0204776,0
-0.245953,0,-0.239699,0.0206104,0
-0.246987,0,-0.240653,0.0203978,0
-0.247508,0,-0.241467,0.0198169,0
-0.246841,0,-0.241697,0.0190088,0
-0.246221,0,-0.241884,0.0186281,0
-0.245552,0,-0.241971,0.0187297,0
-0.245098,0,-0.242129,0.0193659,0
-0.244489,0,-0.242116,0.0204397,0
-0.244007,0,-0.242127,0.0221182,0
-0.24304,0,-0.241682,0.0244033,0
-0.240874,0,-0.240116,0.0276638,0
-0.240714,0,-0.240153,0.0336397,0
-0.241422,0,-0.240957,0.0402935,0
-0.241789,0,-0.243945,0.0453192,0
-0.242533,0,-0.244136,0.0482037,0
-0.242737,0,-0.244281,0.0496927,0
-0.242565,0,-0.244378,0.0496446,0
-0.243943,0,-0.244421,0.0481709,0
-0.246114,0,-0.244424,0.041685,0
-0.246114,0,-0.244424,0,0
-0.246114,0,-0.244424,0,0
-0.246114,0,-0.244424,0,0
-0.246114,0,-0.244424,0,0
-0.246114,0,-0.244424,0,0
-0.246114,0,-0.244424,0,0
0.245,0.235512,0,0,0
0.245,0.235512,0,0,0
0.245,0.235512,0,0,0
0.245,0.235512,0,0,0
0.245,0.235512,0,0,0
0.245,0.235512,0,0,0
0.245,0.235512,0,0,0
0.245,0.235512,0,0,0
0.245,0.235528,0,0,0
0.203,0.235203,0,0.00189514,0
0.219916,0.235151,0,-0.00543021,0
0.228833,0.23523,0,-0.0102366,0
0.226894,0.23494,0,-0.0126969,0
0.240448,0.235983,0,-0.016476,0
0.241951,0.236338,0,-0.0172837,0
0.243863,0.236888,0,-0.0177732,0
0.245007,0.237454,0,-0.0179278,0
0.244696,0.237782,0,-0.017803,0
0.245745,0.238501,0,-0.0179102,0
0.245191,0.238803,0,-0.0177169,0
0.244598,0.239152,0,-0.0177411,0
0.245476,0.240008,0,-0.0181582,0
0.246411,0.240989,0,-0.0185205,0
0.245579,0.241088,0,-0.018122,0
0.244415,0.240897,0,-0.0176021,0
0.243442,0.240685,0,-0.0179797,0
0.242444,0.240352,0,-0.0188881,0
0.241312,0.239826,0,-0.0208451,0
0.240085,0.23912,0,-0.023434,0
0.240111,0.239324,0,-0.0274375,0
0.239324,0.238827,0,-0.031417,0
0.237153,0.237025,0,-0.0364393,0
0.236787,0.239891,0,-0.0414191,0
0.232171,0.240068,0,-0.0436994,0
0.234627,0.240098,0,-0.0392872,0
0.240468,0.240116,0,-0.0392872,0
0.244182,0.24013,0,-0.0383424,0
0.244182,0.24013,0,-0.0383424,0
0.244182,0.24013,0,0,0
0.244182,0.24013,0,0,0
0.244182,0.24013,0,0,0
0.244182,0.24013,0,0,0
0.244182,0.24013,0,0,0
0.244182,0.24013,0,0,0
-0.245,0,-0.232672,0,0
-0.245,0,-0.232672,0,0
-0.245,0,-0.232672,0,0
-0.245,0,-0.232672,0,0
-0.245,0,-0.232672,0,0
-0.245,0,-0.232672,0,0
-0.245,0,-0.232672,0,0
-0.245,0,-0.232672,0,0
-0.245,0,-0.232714,0,0
-0.218362,0,-0.232486,-0.0118036,0
-0.237375,0,-0.232806,-0.00745228,0
-0.240738,0,-0.233068,-0.00478657,0
-0.238467,0,-0.233105,-0.00389313,0
-0.242986,0,-0.233753,-0.00149269,0
-0.242774,0,-0.234074,-0.000651444,0
-0.249069,0,-0.235564,0.000686851,0
-0.25058,0,-0.236559,0.000612922,0
-0.251397,0,-0.237547,0.000157208,0
-0.249934,0,-0.237952,-0.000619152,0
-0.25032,0,-0.238905,-0.000993574,0
-0.251628,0,-0.240289,-0.00136003,0
-0.249526,0,-0.240279,-0.00195149,0
-0.247799,0,-0.240254,-0.00225815,0
-0.24508,0,-0.239511,-0.00201335,0
-0.242688,0,-0.238688,-0.000556766,0
-0.241882,0,-0.238651,0.00218774,0
-0.24106,0,-0.238513,0.00586747,0
-0.240236,0,-0.238283,0.0100459,0
-0.240469,0,-0.23871,0.015188,0
-0.239255,0,-0.238042,0.0209994,0
-0.23936,0,-0.238383,0.0286457,0
-0.238375,0,-0.23774,0.0362217,0
-0.239224,0,-0.238697,0.0444178,0
-0.238593,0,-0.242449,0.0506517,0
-0.240172,0,-0.242659,0.0548422,0
-0.241585,0,-0.242814,0.0581,0
-0.243003,0,-0.242892,0.0583356,0
-0.241328,0,-0.24294,0.0513663,0
-0.244214,0,-0.242942,0.049802,0
-0.244214,0,-0.242942,0,0
-0.244214,0,-0.242942,0,0
-0.244214,0,-0.242942,0,0
-0.244214,0,-0.242942,0,0
-0.244214,0,-0.242942,0,0
-0.244214,0,-0.242942,0,0
0.245,0.23191,0,0,0
0.245,0.23191,0,0,0
0.245,0.23191,0,0,0
0.245,0.23191,0,0,0
0.245,0.23191,0,0,0
0.245,0.23191,0,0,0
0.245,0.23191,0,0,0
0.245,0.23191,0,0,0
0.245,0.231936,0,0,0
0.203,0.23162,0,0.00725542,0
0.20901,0.23136,0,-0.00207358,0
0.224418,0.231585,0,-0.00883567,0
0.23069,0.231827,0,-0.0123767,0
0.243521,0.233035,0,-0.0152596,0
0.244234,0.233512,0,-0.0155882,0
0.243902,0.233909,0,-0.0155882,0
0.242198,0.234036,0,-0.0157421,0
0.241436,0.234285,0,-0.0162539,0
0.243777,0.235403,0,-0.0185209,0
0.241568,0.235206,0,-0.0185209,0
0.239676,0.234935,0,-0.0197974,0
0.242012,0.236344,0,-0.0221749,0
0.243251,0.237453,0,-0.0234634,0
0.242737,0.237743,0,-0.0242907,0
0.242375,0.238067,0,-0.025428,0
0.242164,0.238444,0,-0.0273258,0
0.241422,0.238423,0,-0.0293002,0
0.242143,0.239387,0,-0.0320426,0
0.241658,0.23946,0,-0.0344466,0
0.241161,0.239456,0,-0.0371724,0
0.239261,0.238253,0,-0.0405264,0
0.238847,0.238131,0,-0.0448191,0
0.238815,0.238508,0,-0.0498019,0
0.239647,0.238689,0,-0.0538326,0
0.241225,0.238834,0,-0.0553408,0
0.241524,0.238942,0,-0.0576796,0
0.242682,0.238996,0,-0.0565534,0
0.243393,0.239029,0,-0.0527435,0
0.245363,0.239031,0,-0.0454276,0
0.245363,0.239031,0,0,0
0.245363,0.239031,0,0,0
0.245363,0.239031,0,0,0
0.245363,0.239031,0,0,0
0.245363,0.239031,0,0,0
0.245363,0.239031,0,0,0
-0.245,0,-0.230104,0,0
-0.245,0,-0.230104,0,0
-0.245,0,-0.230104,0,0
-0.245,0,-0.230104,0,0
-0.245,0,-0.230104,0,0
-0.245,0,-0.230104,0,0
-0.245,0,-0.230104,0,0
-0.245,0,-0.230104,0,0
-0.287,0,-0.230241,0,0
-0.228841,0,-0.230091,0.00491992,0
-0.22723,0,-0.230035,0.0104505,0
-0.23227,0,-0.230198,0.0137519,0
-0.229737,0,-0.230079,0.0153358,0
-0.240267,0,-0.231088,0.0181997,0
-0.23798,0,-0.231127,0.0187105,0
-0.238671,0,-0.231532,0.0199339,0
-0.242345,0,-0.232633,0.0221237,0
-0.24026,0,-0.232636,0.0221237,0
-0.241877,0,-0.233569,0.0232384,0
-0.24226,0,-0.234252,0.0238852,0
-0.242597,0,-0.23497,0.0245481,0
-0.242553,0,-0.235568,0.0251532,0
-0.242677,0,-0.236249,0.0259965,0
-0.243333,0,-0.23723,0.0269971,0
-0.243388,0,-0.237919,0.027802,0
-0.243086,0,-0.238375,0.0287003,0
-0.243214,0,-0.239081,0.029964,0
-0.242876,0,-0.239436,0.0313692,0
-0.241926,0,-0.239259,0.0330555,0
-0.240925,0,-0.238931,0.0357844,0
-0.240343,0,-0.238848,0.0397272,0
-0.237635,0,-0.236858,0.0440473,0
-0.238578,0,-0.238163,0.0495622,0
-0.23924,0,-0.238384,0.0538978,0
-0.239955,0,-0.238562,0.0553228,0
-0.240554,0,-0.238693,0.0586122,0
-0.241529,0,-0.238759,0.0607801,0
-0.242022,0,-0.2388,0.0586606,0
-0.244826,0,-0.238802,0.0540737,0
-0.244826,0,-0.238802,0,0
-0.244826,0,-0.238802,0,0
-0.244826,0,-0.238802,0,0
-0.244826,0,-0.238802,0,0
-0.244826,0,-0.238802,0,0
-0.244826,0,-0.238802,0,0
0.245,0.230189,0,0,0
0.245,0.230189,0,0,0
0.245,0.230189,0,0,0
0.245,0.230189,0,0,0
0.245,0.230189,0,0,0
0.245,0.230189,0,0,0
0.245,0.230189,0,0,0
0.245,0.230189,0,0,0
0.287,0.230319,0,0,0
0.22815,0.230169,0,-0.00531171,0
0.217984,0.229896,0,-0.0108905,0
0.2297,0.230168,0,-0.0156199,0
0.229637,0.230152,0,-0.0175122,0
0.240327,0.231172,0,-0.0204638,0
0.234742,0.230781,0,-0.0208319,0
0.237908,0.231476,0,-0.0226118,0
0.241749,0.232699,0,-0.0245973,0
0.241993,0.233263,0,-0.0245973,0
0.244678,0.234622,0,-0.0251193,0
0.245954,0.235569,0,-0.0249194,0
0.246384,0.236498,0,-0.0241511,0
0.246746,0.237456,0,-0.0232969,0
0.2463,0.238064,0,-0.0223613,0
0.246214,0.238822,0,-0.0216967,0
0.246107,0.239554,0,-0.0213754,0
0.245863,0.240176,0,-0.0211057,0
0.24507,0.240379,0,-0.0209818,0
0.243607,0.239994,0,-0.0212259,0
0.242661,0.239848,0,-0.0232671,0
0.24186,0.239709,0,-0.0262147,0
0.240497,0.238992,0,-0.0303148,0
0.240375,0.239242,0,-0.0359293,0
0.239828,0.239053,0,-0.0418939,0
0.240001,0.242754,0,-0.0483936,0
0.241378,0.243043,0,-0.0528824,0
0.241456,0.243262,0,-0.0551236,0
0.241425,0.243406,0,-0.0557701,0
0.242202,0.243468,0,-0.0551717,0
0.245385,0.24347,0,-0.0508216,0
0.245385,0.24347,0,0,0
0.245385,0.24347,0,0,0
0.245385,0.24347,0,0,0
0.245385,0.24347,0,0,0
0.245385,0.24347,0,0,0
0.245385,0.24347,0,0,0
-0.245,0,-0.235112,0,0
-0.245,0,-0.235112,0,0
-0.245,0,-0.235112,0,0
-0.245,0,-0.235112,0,0
-0.245,0,-0.235112,0,0
-0.245,0,-0.235112,0,0
-0.245,0,-0.235112,0,0
-0.245,0,-0.235112,0,0
-0.287,0,-0.235251,0,0
-0.203,0,-0.23479,0.00200774,0
-0.222598,0,-0.234812,0.00958947,0
-0.228307,0,-0.234817,0.0137168,0
-0.22725,0,-0.23458,0.0158776,0
-0.239369,0,-0.235524,0.0195866,0
-0.237134,0,-0.235375,0.020257,0
-0.237135,0,-0.235449,0.02145,0
-0.237287,0,-0.235562,0.0228959,0
-0.237758,0,-0.235801,0.0244325,0
-0.238748,0,-0.236224,0.0259421,0
-0.239493,0,-0.236659,0.0271963,0
-0.240596,0,-0.237315,0.0285361,0
-0.240442,0,-0.237517,0.0296096,0
-0.241244,0,-0.238186,0.0309303,0
-0.24182,0,-0.238809,0.0321663,0
-0.241735,0,-0.23909,0.0331593,0
-0.241778,0,-0.239439,0.0344252,0
-0.241589,0,-0.239622,0.0357852,0
-0.241341,0,-0.239733,0.0373832,0
-0.240734,0,-0.239526,0.0393059,0
-0.239806,0,-0.238988,0.0417008,0
-0.238524,0,-0.238057,0.0449246,0
-0.237641,0,-0.23738,0.0491366,0
-0.237893,0,-0.237835,0.0539059,0
-0.238621,0,-0.237909,0.0583443,0
-0.238847,0,-0.237969,0.0594895,0
-0.239246,0,-0.238014,0.0625284,0
-0.239861,0,-0.238041,0.0652459,0
-0.240455,0,-0.23805,0.0673621,0
-0.240455,0,-0.23805,0.068231,0
-0.240455,0,-0.23805,0,0
-0.240455,0,-0.23805,0,0
-0.240455,0,-0.23805,0,0
-0.240455,0,-0.23805,0,0
-0.240455,0,-0.23805,0,0
-0.240455,0,-0.23805,0,0
0.245,0.229864,0,0,0
0.245,0.229864,0,0,0
0.245,0.229864,0,0,0
0.245,0.229864,0,0,0
0.245,0.229864,0,0,0
0.245,0.229864,0,0,0
0.245,0.229864,0,0,0
0.245,0.229864,0,0,0
0.287,0.230005,0,0,0
0.236407,0.22993,0,-0.00352928,0
0.223652,0.229715,0,-0.00797764,0
0.230955,0.229911,0,-0.0119188,0
0.230595,0.229914,0,-0.0139497,0
0.237975,0.23065,0,-0.0166468,0
0.235147,0.230551,0,-0.0177865,0
0.236281,0.230934,0,-0.019664,0
0.242086,0.232389,0,-0.0226514,0
0.239862,0.232357,0,-0.0226514,0
0.241726,0.233356,0,-0.023797,0
0.242207,0.234076,0,-0.0244574,0
0.243166,0.235046,0,-0.025095,0
0.24473,0.236389,0,-0.0255937,0
0.246262,0.237879,0,-0.0254121,0
0.245946,0.238528,0,-0.0246945,0
0.24551,0.239069,0,-0.0242043,0
0.244997,0.239506,0,-0.0240875,0
0.244063,0.239587,0,-0.024384,0
0.24256,0.239141,0,-0.0254764,0
0.24164,0.238984,0,-0.0273882,0
0.240389,0.238449,0,-0.0310811,0
0.239517,0.238107,0,-0.0362245,0
0.238586,0.237616,0,-0.0425246,0
0.238095,0.23755,0,-0.048801,0
0.238671,0.237761,0,-0.054089,0
0.238949,0.237931,0,-0.0557805,0
0.239778,0.238056,0,-0.0596746,0
0.24026,0.238133,0,-0.062754,0
0.241706,0.238158,0,-0.0644385,0
0.244585,0.238159,0,-0.0597043,0
0.244585,0.238159,0,0,0
0.244585,0.238159,0,0,0
0.244585,0.238159,0,0,0
0.244585,0.238159,0,0,0
0.244585,0.238159,0,0,0
0.244585,0.238159,0,0,0
-0.245,0,-0.230988,0,0
-0.245,0,-0.230988,0,0
-0.245,0,-0.230988,0,0
-0.245,0,-0.230988,0,0
-0.245,0,-0.230988,0,0
-0.245,0,-0.230988,0,0
-0.245,0,-0.230988,0,0
-0.245,0,-0.230988,0,0
-0.287,0,-0.231103,0,0
-0.208594,0,-0.230763,0.00628826,0
-0.226016,0,-0.230868,0.0125611,0
-0.229739,0,-0.230934,0.015897,0
-0.229129,0,-0.230862,0.0178964,0
-0.23823,0,-0.23169,0.0207217,0
-0.237707,0,-0.231861,0.0215745,0
-0.238885,0,-0.232304,0.0226309,0
-0.239637,0,-0.232775,0.0236337,0
-0.242014,0,-0.233859,0.0245446,0
-0.243422,0,-0.234792,0.0251128,0
-0.24324,0,-0.235169,0.0250851,0
-0.243198,0,-0.235745,0.0252851,0
-0.242687,0,-0.236122,0.0256074,0
-0.243051,0,-0.236884,0.0264471,0
-0.2438,0,-0.23789,0.0272482,0
-0.244034,0,-0.238664,0.0278023,0
-0.244292,0,-0.239465,0.0282369,0
-0.244268,0,-0.240081,0.0288356,0
-0.24344,0,-0.240087,0.029365,0
-0.242505,0,-0.239908,0.0307321,0
-0.241471,0,-0.239539,0.0331147,0
-0.240339,0,-0.238973,0.0366935,0
-0.238981,0,-0.238091,0.0418184,0
-0.237973,0,-0.237682,0.0478712,0
-0.238683,0,-0.237865,0.0532597,0
-0.239212,0,-0.238013,0.055248,0
-0.240347,0,-0.238122,0.0591964,0
-0.24057,0,-0.23819,0.0619877,0
-0.242264,0,-0.238211,0.0607231,0
-0.244883,0,-0.238212,0.0550737,0
-0.244883,0,-0.238212,0,0
-0.244883,0,-0.238212,0,0
-0.244883,0,-0.238212,0,0
-0.244883,0,-0.238212,0,0
-0.244883,0,-0.238212,0,0
-0.244883,0,-0.238212,0,0
0.245,0.229725,0,0,0
0.245,0.229725,0,0,0
0.245,0.229725,0,0,0
0.245,0.229725,0,0,0
0.245,0.229725,0,0,0
0.245,0.229725,0,0,0
0.245,0.229725,0,0,0
0.245,0.229725,0,0,0
0.287,0.229882,0,0,0
0.203,0.229457,0,-0.00118779,0
0.214607,0.229362,0,-0.00845143,0
0.224453,0.229496,0,-0.0139224,0
0.22624,0.229489,0,-0.0169694,0
0.236894,0.23042,0,-0.0204373,0
0.231943,0.230012,0,-0.0215812,0
0.2338,0.230441,0,-0.0239436,0
0.238256,0.231577,0,-0.0260401,0
0.239931,0.232382,0,-0.0269781,0
0.240853,0.233129,0,-0.027789,0
0.241489,0.23388,0,-0.0283533,0
0.242801,0.234979,0,-0.0290437,0
0.24213,0.235323,0,-0.0293243,0
0.240769,0.23526,0,-0.0298864,0
0.24023,0.235515,0,-0.0310729,0
0.239984,0.235887,0,-0.0329067,0
0.240627,0.236802,0,-0.0350505,0
0.23981,0.236749,0,-0.0372385,0
0.238729,0.236405,0,-0.0397114,0
0.238241,0.23641,0,-0.0430911,0
0.237921,0.236492,0,-0.04689,0
0.236996,0.236,0,-0.0507871,0
0.235471,0.234871,0,-0.0549923,0
0.23558,0.235139,0,-0.0600249,0
0.237415,0.2408,0,-0.0643085,0
0.239857,0.241047,0,-0.0665798,0
0.239788,0.241226,0,-0.0679758,0
0.239726,0.24134,0,-0.0687559,0
0.240578,0.241378,0,-0.0698615,0
0.240578,0.241378,0,-0.0700037,0
0.240578,0.241378,0,0,0
0.240578,0.241378,0,0,0
0.240578,0.241378,0,0,0
0.240578,0.241378,0,0,0
0.240578,0.241378,0,0,0
0.240578,0.241378,0,0,0
-0.245,0,-0.231692,0,0
-0.245,0,-0.231692,0,0
-0.245,0,-0.231692,0,0
-0.245,0,-0.231692,0,0
-0.245,0,-0.231692,0,0
-0.245,0,-0.231692,0,0
-0.245,0,-0.231692,0,0
-0.245,0,-0.231692,0,0
-0.245,0,-0.231715,0,0
-0.203,0,-0.231419,-0.0117417,0
-0.219741,0,-0.231415,-0.0041638,0
-0.228239,0,-0.231546,0.0012915,0
-0.227334,0,-0.231403,0.00451335,0
-0.23879,0,-0.232369,0.00864854,0
-0.239003,0,-0.232629,0.0100931,0
-0.242516,0,-0.233475,0.0119349,0
-0.243635,0,-0.234135,0.0128285,0
-0.239919,0,-0.233725,0.0132497,0
-0.241822,0,-0.23465,0.0151344,0
-0.24285,0,-0.235473,0.016559,0
-0.24328,0,-0.236178,0.017652,0
-0.242975,0,-0.236616,0.0187179,0
-0.243116,0,-0.237247,0.0200272,0
-0.243161,0,-0.237842,0.021363,0
-0.243178,0,-0.238421,0.0229133,0
-0.243134,0,-0.238955,0.0246178,0
-0.242364,0,-0.238975,0.0264113,0
-0.241847,0,-0.239089,0.0290525,0
-0.241238,0,-0.239065,0.0322709,0
-0.240705,0,-0.239026,0.0363201,0
-0.23824,0,-0.237331,0.0407171,0
-0.237166,0,-0.236592,0.0460634,0
-0.237279,0,-0.236862,0.0521195,0
-0.238342,0,-0.237005,0.0577375,0
-0.238851,0,-0.23712,0.0611328,0
-0.239793,0,-0.237206,0.0645612,0
-0.240372,0,-0.23726,0.066413,0
-0.2409,0,-0.237279,0.0679745,0
-0.2409,0,-0.237279,0,0
-0.2409,0,-0.237279,0,0
-0.2409,0,-0.237279,0,0
-0.2409,0,-0.237279,0,0
-0.2409,0,-0.237279,0,0
-0.2409,0,-0.237279,0,0
-0.2409,0,-0.237279,0,0
0.245,0.229237,0,0,0
0.245,0.229237,0,0,0
0.245,0.229237,0,0,0
0.245,0.229237,0,0,0
0.245,0.229237,0,0,0
0.245,0.229237,0,0,0
0.245,0.229237,0,0,0
0.245,0.229237,0,0,0
0.245,0.229264,0,0,0
0.203,0.228988,0,0.00706601,0
0.213252,0.228867,0,2.52879e-05,0
0.221696,0.228918,0,-0.00623399,0
0.220566,0.228662,0,-0.0102599,0
0.238321,0.230103,0,-0.0154437,0
0.240916,0.230735,0,-0.0168004,0
0.241776,0.231303,0,-0.0174999,0
0.243825,0.232221,0,-0.0182348,0
0.244077,0.232904,0,-0.0183817,0
0.245213,0.233903,0,-0.0185935,0
0.247221,0.235331,0,-0.018709,0
0.248086,0.236534,0,-0.018092,0
0.247696,0.237293,0,-0.0172031,0
0.247234,0.237988,0,-0.0164841,0
0.246849,0.238681,0,-0.0159688,0
0.246425,0.239307,0,-0.0159961,0
0.245902,0.239815,0,-0.0163119,0
0.244069,0.239358,0,-0.0167079,0
0.242695,0.23904,0,-0.0187617,0
0.241602,0.238787,0,-0.0221035,0
0.240741,0.238598,0,-0.0267774,0
0.240334,0.238692,0,-0.0324029,0
0.238849,0.237763,0,-0.0385782,0
0.236947,0.23637,0,-0.0464942,0
0.237376,0.236568,0,-0.053793,0
0.238048,0.236727,0,-0.0585175,0
0.239582,0.236846,0,-0.0631247,0
0.24046,0.23692,0,-0.0658392,0
0.240715,0.236947,0,-0.0675032,0
0.240715,0.236947,0,-0.0693322,0
0.240715,0.236947,0,0,0
0.240715,0.236947,0,0,0
0.240715,0.236947,0,0,0
0.240715,0.236947,0,0,0
0.240715,0.236947,0,0,0
0.240715,0.236947,0,0,0
-0.245,0,-0.22954,0,0
-0.245,0,-0.22954,0,0
-0.245,0,-0.22954,0,0
-0.245,0,-0.22954,0,0
-0.245,0,-0.22954,0,0
-0.245,0,-0.22954,0,0
-0.245,0,-0.22954,0,0
-0.245,0,-0.22954,0,0
-0.245,0,-0.229567,0,0
-0.203,0,-0.229288,-0.0085753,0
-0.212712,0,-0.22915,-0.000659341,0
-0.222255,0,-0.229232,0.00571832,0
-0.224101,0,-0.229179,0.00978185,0
-0.238852,0,-0.230428,0.0143904,0
-0.239905,0,-0.230869,0.0155078,0
-0.245114,0,-0.232106,0.0166733,0
-0.24567,0,-0.23284,0.0167498,0
-0.242881,0,-0.232837,0.0163609,0
-0.243234,0,-0.233539,0.0171405,0
-0.243904,0,-0.234407,0.0178727,0
-0.244641,0,-0.235386,0.0185036,0
-0.245101,0,-0.236331,0.0189065,0
-0.244467,0,-0.236798,0.019293,0
-0.243493,0,-0.237022,0.0199801,0
-0.243111,0,-0.237491,0.0213662,0
-0.242288,0,-0.237632,0.0232388,0
-0.241722,0,-0.237854,0.0257395,0
-0.240279,0,-0.237363,0.0289088,0
-0.240362,0,-0.237898,0.0336316,0
-0.239388,0,-0.237651,0.0383442,0
-0.238237,0,-0.23703,0.0428021,0
-0.237489,0,-0.236656,0.0475524,0
-0.237986,0,-0.237354,0.0532041,0
-0.238742,0,-0.237571,0.0581876,0
-0.239266,0,-0.237746,0.0613561,0
-0.239984,0,-0.237876,0.0643625,0
-0.240873,0,-0.237957,0.0662814,0
-0.242376,0,-0.237986,0.0677741,0
-0.242376,0,-0.237986,0.0685947,0
-0.242376,0,-0.237986,0,0
-0.242376,0,-0.237986,0,0
-0.242376,0,-0.237986,0,0
-0.242376,0,-0.237986,0,0
-0.242376,0,-0.237986,0,0
-0.242376,0,-0.237986,0,0
0.245,0.228701,0,0,0
0.245,0.228701,0,0,0
0.245,0.228701,0,0,0
0.245,0.228701,0,0,0
0.245,0.228701,0,0,0
0.245,0.228701,0,0,0
0.245,0.228701,0,0,0
0.245,0.228701,0,0,0
0.245,0.228729,0,0,0
0.203896,0.228465,0,0.00441366,0
0.218181,0.228457,0,-0.00219408,0
0.225134,0.22855,0,-0.0074578,0
0.225415,0.228482,0,-0.0107771,0
0.239836,0.229762,0,-0.0149412,0
0.239811,0.230125,0,-0.0159828,0
0.239157,0.230424,0,-0.0169126,0
0.242072,0.231436,0,-0.0183462,0
0.242887,0.232206,0,-0.0189938,0
0.244252,0.233242,0,-0.0195987,0
0.245371,0.234569,0,-0.0195925,0
0.245925,0.23558,0,-0.0195925,0
0.246408,0.236691,0,-0.0194847,0
0.246102,0.237467,0,-0.0192585,0
0.245937,0.238293,0,-0.0188081,0
0.24569,0.239,0,-0.0180776,0
0.244447,0.238991,0,-0.0175561,0
0.242243,0.238191,0,-0.0177697,0
0.240341,0.237401,0,-0.0195144,0
0.238892,0.236752,0,-0.0225285,0
0.238563,0.236905,0,-0.027428,0
0.238741,0.237388,0,-0.0328196,0
0.233742,0.234543,0,-0.0387225,0
0.228847,0.234823,0,-0.0440149,0
0.237158,0.234874,0,-0.0468774,0
0.243911,0.234912,0,-0.0470415,0
0.239489,0.234938,0,-0.0486535,0
0.24258,0.234956,0,-0.0540505,0
0.24258,0.234956,0,-0.049877,0
0.24258,0.234956,0,0,0
0.24258,0.234956,0,0,0
0.24258,0.234956,0,0,0
0.24258,0.234956,0,0,0
0.24258,0.234956,0,0,0
0.24258,0.234956,0,0,0
-0.245,0,-0.228583,0,0
-0.245,0,-0.228583,0,0
-0.245,0,-0.228583,0,0
-0.245,0,-0.228583,0,0
-0.245,0,-0.228583,0,0
-0.245,0,-0.228583,0,0
-0.245,0,-0.228583,0,0
-0.245,0,-0.228583,0,0
-0.245,0,-0.228639,0,0
-0.209578,0,-0.228335,-0.00754172,0
-0.227843,0,-0.228562,-0.00244498,0
-0.244678,0,-0.229283,0.00275237,0
-0.234432,0,-0.228979,0.00275237,0
-0.239204,0,-0.229604,0.00699647,0
-0.239946,0,-0.23006,0.00699647,0
-0.244062,0,-0.231163,0.00857898,0
-0.2472,0,-0.232429,0.00913566,0
-0.248169,0,-0.233466,0.00896478,0
-0.248016,0,-0.234303,0.00842495,0
-0.247394,0,-0.235002,0.00790211,0
-0.246828,0,-0.23569,0.00776304,0
-0.24702,0,-0.236675,0.00791825,0
-0.246783,0,-0.237478,0.00792329,0
-0.24612,0,-0.238031,0.00829116,0
-0.244394,0,-0.237885,0.00887967,0
-0.241329,0,-0.236704,0.0105073,0
-0.240177,0,-0.236522,0.0146102,0
-0.239242,0,-0.236371,0.0194401,0
-0.238747,0,-0.236455,0.0256126,0
-0.239083,0,-0.237148,0.0321226,0
-0.238631,0,-0.237163,0.0386305,0
-0.238565,0,-0.237479,0.0452212,0
-0.239746,0,-0.239014,0.0507891,0
-0.239439,0,-0.2393,0.0539205,0
-0.239704,0,-0.23953,0.0556787,0
-0.240642,0,-0.2397,0.059027,0
-0.242413,0,-0.239785,0.0613152,0
-0.24456,0,-0.239838,0.057203,0
-0.245972,0,-0.23984,0.0471721,0
-0.245972,0,-0.23984,0,0
-0.245972,0,-0.23984,0,0
-0.245972,0,-0.23984,0,0
-0.245972,0,-0.23984,0,0
-0.245972,0,-0.23984,0,0
-0.245972,0,-0.23984,0,0
0.245,0.228232,0,0,0
0.245,0.228232,0,0,0
0.245,0.228232,0,0,0
0.245,0.228232,0,0,0
0.245,0.228232,0,0,0
0.245,0.228232,0,0,0
0.245,0.228232,0,0,0
0.245,0.228232,0,0,0
0.245,0.228265,0,0,0
0.208262,0.228031,0,0.00235475,0
0.224123,0.228135,0,-0.00779512,0
0.232116,0.228401,0,-0.00779512,0
0.233073,0.228561,0,-0.009999,0
0.242095,0.229575,0,-0.0125191,0
0.237621,0.229452,0,-0.0126034,0
0.240044,0.230201,0,-0.0143613,0
0.239107,0.230479,0,-0.0155346,0
0.239348,0.231004,0,-0.0170615,0
0.239712,0.231611,0,-0.0186763,0
0.240261,0.232337,0,-0.0203288,0
0.241804,0.233519,0,-0.021944,0
0.24227,0.234393,0,-0.0231489,0
0.242862,0.235382,0,-0.0243002,0
0.2419,0.235595,0,-0.0252785,0
0.242163,0.236428,0,-0.0270146,0
0.242358,0.237233,0,-0.0288165,0
0.242775,0.23819,0,-0.030582,0
0.242346,0.238545,0,-0.0323117,0
0.241736,0.23869,0,-0.034388,0
0.241895,0.239377,0,-0.0373388,0
0.24016,0.238418,0,-0.0399422,0
0.238353,0.237308,0,-0.0443177,0
0.238783,0.238204,0,-0.0495614,0
0.239735,0.238476,0,-0.0538963,0
0.241023,0.238697,0,-0.0552158,0
0.242003,0.238859,0,-0.0578352,0
0.243311,0.238941,0,-0.0563308,0
0.243492,0.238991,0,-0.0505724,0
0.24559,0.238993,0,-0.043583,0
0.24559,0.238993,0,0,0
0.24559,0.238993,0,0,0
0.24559,0.238993,0,0,0
0.24559,0.238993,0,0,0
0.24559,0.238993,0,0,0
0.24559,0.238993,0,0,0
-0.245,0,-0.230046,0,0
-0.245,0,-0.230046,0,0
-0.245,0,-0.230046,0,0
-0.245,0,-0.230046,0,0
-0.245,0,-0.230046,0,0
-0.245,0,-0.230046,0,0
-0.245,0,-0.230046,0,0
-0.245,0,-0.230046,0,0
-0.287,0,-0.230167,0,0
-0.220475,0,-0.22995,0.00625888,0
-0.226213,0,-0.229954,0.0125752,0
-0.232229,0,-0.230141,0.0158933,0
-0.229973,0,-0.230041,0.0174765,0
-0.241562,0,-0.231162,0.0202046,0
-0.237445,0,-0.231008,0.0199914,0
-0.242058,0,-0.232048,0.0223194,0
-0.238139,0,-0.231718,0.0223194,0
-0.238359,0,-0.232119,0.0235915,0
-0.241404,0,-0.233521,0.0263843,0
-0.238715,0,-0.233108,0.0263843,0
-0.239578,0,-0.233865,0.0294693,0
-0.23983,0,-0.234462,0.0294693,0
-0.241122,0,-0.235598,0.0309684,0
-0.243304,0,-0.237353,0.0333775,0
-0.242142,0,-0.237311,0.0333775,0
-0.242242,0,-0.237964,0.0344333,0
-0.242081,0,-0.238428,0.035549,0
-0.241655,0,-0.238658,0.0369475,0
-0.240721,0,-0.238427,0.0386573,0
-0.239878,0,-0.238163,0.0411516,0
-0.238514,0,-0.237353,0.0443758,0
-0.237306,0,-0.236556,0.0483237,0
-0.237435,0,-0.237098,0.0536898,0
-0.238509,0,-0.237292,0.058567,0
-0.239219,0,-0.237447,0.0597305,0
-0.240033,0,-0.237562,0.0626729,0
-0.239977,0,-0.237633,0.0647442,0
-0.24044,0,-0.237657,0.0668837,0
-0.24044,0,-0.237657,0.0668061,0
-0.24044,0,-0.237657,0,0
-0.24044,0,-0.237657,0,0
-0.24044,0,-0.237657,0,0
-0.24044,0,-0.237657,0,0
-0.24044,0,-0.237657,0,0
-0.24044,0,-0.237657,0,0
0.245,0.229389,0,0,0
0.245,0.229389,0,0,0
0.245,0.229389,0,0,0
0.245,0.229389,0,0,0
0.245,0.229389,0,0,0
0.245,0.229389,0,0,0
0.245,0.229389,0,0,0
0.245,0.229389,0,0,0
0.287,0.229519,0,0,0
0.227464,0.229369,0,-0.00467807,0
0.222318,0.229219,0,-0.00968847,0
0.231436,0.229477,0,-0.0138988,0
0.229632,0.229405,0,-0.0156493,0
0.238108,0.230234,0,-0.0187392,0
0.236595,0.230325,0,-0.0196676,0
0.238846,0.230965,0,-0.0211136,0
0.244414,0.232493,0,-0.022264,0
0.245107,0.233307,0,-0.0219265,0
0.246322,0.234373,0,-0.0214989,0
0.246217,0.235131,0,-0.0207692,0
0.246358,0.235999,0,-0.0201584,0
0.245927,0.236647,0,-0.0196093,0
0.245134,0.237084,0,-0.0192426,0
0.245092,0.237849,0,-0.0194181,0
0.244524,0.238293,0,-0.0196479,0
0.244681,0.239132,0,-0.0206795,0
0.243237,0.238871,0,-0.021493,0
0.24078,0.237712,0,-0.0234195,0
0.241175,0.238517,0,-0.0279294,0
0.240342,0.238324,0,-0.0319885,0
0.239382,0.237922,0,-0.0370538,0
0.237449,0.236617,0,-0.0431422,0
0.237184,0.236902,0,-0.0490846,0
0.237804,0.237108,0,-0.055091,0
0.239227,0.237274,0,-0.057469,0
0.239879,0.237397,0,-0.0607559,0
0.240363,0.237472,0,-0.0635176,0
0.241182,0.237496,0,-0.0653653,0
0.2447,0.237497,0,-0.0616716,0
0.2447,0.237497,0,0,0
0.2447,0.237497,0,0,0
0.2447,0.237497,0,0,0
0.2447,0.237497,0,0,0
0.2447,0.237497,0,0,0
0.2447,0.237497,0,0,0
-0.245,0,-0.229949,0,0
-0.245,0,-0.229949,0,0
-0.245,0,-0.229949,0,0
-0.245,0,-0.229949,0,0
-0.245,0,-0.229949,0,0
-0.245,0,-0.229949,0,0
-0.245,0,-0.229949,0,0
-0.245,0,-0.229949,0,0
-0.287,0,-0.230089,0,0
-0.231645,0,-0.229966,0.00398911,0
-0.22284,0,-0.229778,0.00986941,0
-0.228862,0,-0.229902,0.0139556,0
-0.228408,0,-0.229845,0.0160972,0
-0.237489,0,-0.23068,0.0191332,0
-0.234941,0,-0.230598,0.0201884,0
-0.23624,0,-0.230997,0.0218928,0
-0.238164,0,-0.231646,0.0235823,0
-0.237968,0,-0.232037,0.0248263,0
-0.238803,0,-0.232657,0.0261822,0
-0.238767,0,-0.233063,0.0273345,0
-0.236599,0,-0.232621,0.0287998,0
-0.23877,0,-0.23393,0.0314758,0
-0.240094,0,-0.235034,0.0334055,0
-0.239909,0,-0.235439,0.0348534,0
-0.239497,0,-0.235684,0.0364246,0
-0.239818,0,-0.236356,0.0385505,0
-0.239211,0,-0.236399,0.0407328,0
-0.238685,0,-0.23643,0.0433521,0
-0.237739,0,-0.236065,0.0461994,0
-0.237562,0,-0.236234,0.0499547,0
-0.237192,0,-0.236193,0.0538413,0
-0.236018,0,-0.235379,0.057594,0
-0.236345,0,-0.235863,0.061716,0
-0.237466,0,-0.241135,0.065308,0
-0.238728,0,-0.241385,0.0670749,0
-0.238797,0,-0.241565,0.0686765,0
-0.238888,0,-0.24168,0.0695291,0
-0.240149,0,-0.241718,0.0700045,0
-0.240149,0,-0.241718,0.0700077,0
-0.240149,0,-0.241718,0,0
-0.240149,0,-0.241718,0,0
-0.240149,0,-0.241718,0,0
-0.240149,0,-0.241718,0,0
-0.240149,0,-0.241718,0,0
-0.240149,0,-0.241718,0,0
0.245,0.231763,0,0,0
0.245,0.231763,0,0,0
0.245,0.231763,0,0,0
0.245,0.231763,0,0,0
0.245,0.231763,0,0,0
0.245,0.231763,0,0,0
0.245,0.231763,0,0,0
0.245,0.231763,0,0,0
0.245,0.231786,0,0,0
0.203,0.23149,0,0.0102616,0
0.221257,0.231519,0,0.00261587,0
0.232831,0.231808,0,-0.0024504,0
0.23425,0.231929,0,-0.00487231,0
0.243996,0.232929,0,-0.00756651,0
0.242315,0.233116,0,-0.00806967,0
0.243191,0.233646,0,-0.00893421,0
0.244541,0.234377,0,-0.00991102,0
0.244032,0.234795,0,-0.0103723,0
0.246541,0.236079,0,-0.011253,0
0.247293,0.237025,0,-0.0113173,0
0.246403,0.23743,0,-0.0111023,0
0.244653,0.237388,0,-0.0113004,0
0.243811,0.237621,0,-0.01231,0
0.244359,0.238517,0,-0.0139654,0
0.24433,0.239125,0,-0.0153833,0
0.242834,0.23879,0,-0.016948,0
0.242156,0.238855,0,-0.0198552,0
0.241823,0.239091,0,-0.0231637,0
0.24133,0.239152,0,-0.0269988,0
0.24145,0.239646,0,-0.0315088,0
0.240863,0.239518,0,-0.0359469,0
0.240648,0.239644,0,-0.0410684,0
0.240288,0.23965,0,-0.0461604,0
0.241049,0.239869,0,-0.0501045,0
0.241848,0.240045,0,-0.0534129,0
0.243508,0.240148,0,-0.054511,0
0.244167,0.240243,0,-0.0517535,0
0.244738,0.240286,0,-0.0460694,0
0.246552,0.240288,0,0,0
0.246552,0.240288,0,0,0
0.246552,0.240288,0,0,0
0.246552,0.240288,0,0,0
0.246552,0.240288,0,0,0
0.246552,0.240288,0,0,0
0.246552,0.240288,0,0,0
-0.245,0,-0.231944,0,0
-0.245,0,-0.231944,0,0
-0.245,0,-0.231944,0,0
-0.245,0,-0.231944,0,0
-0.245,0,-0.231944,0,0
-0.245,0,-0.231944,0,0
-0.245,0,-0.231944,0,0
-0.245,0,-0.231944,0,0
-0.245,0,-0.231966,0,0
-0.203,0,-0.231669,-0.00175431,0
-0.219608,0,-0.231658,0.00578052,0
-0.231845,0,-0.23194,0.0107821,0
-0.232535,0,-0.231983,0.0127577,0
-0.246451,0,-0.233327,0.0156648,0
-0.246625,0,-0.233826,0.0150493,0
-0.248787,0,-0.234719,0.0148069,0
-0.243054,0,-0.234216,0.0137574,0
-0.242335,0,-0.234512,0.014377,0
-0.243668,0,-0.235368,0.0154705,0
-0.244631,0,-0.236243,0.0161552,0
-0.245349,0,-0.237133,0.0166338,0
-0.245126,0,-0.237697,0.0169225,0
-0.244134,0,-0.237871,0.0173382,0
-0.243372,0,-0.238072,0.0184086,0
-0.242656,0,-0.23822,0.0199356,0
-0.242795,0,-0.238832,0.022171,0
-0.242592,0,-0.239211,0.0245037,0
-0.242448,0,-0.239596,0.0271081,0
-0.242049,0,-0.239749,0.0300383,0
-0.241442,0,-0.239673,0.0335059,0
-0.239404,0,-0.238301,0.0373272,0
-0.238638,0,-0.237936,0.0440144,0
-0.2388,0,-0.238288,0.0495383,0
-0.239172,0,-0.238463,0.0540239,0
-0.239882,0,-0.238605,0.0575979,0
-0.240527,0,-0.238711,0.0608119,0
-0.241255,0,-0.238777,0.0634648,0
-0.242296,0,-0.238798,0.0648751,0
-0.24523,0,-0.2388,0.0599078,0
-0.24523,0,-0.2388,0,0
-0.24523,0,-0.2388,0,0
-0.24523,0,-0.2388,0,0
-0.24523,0,-0.2388,0,0
-0.24523,0,-0.2388,0,0
-0.24523,0,-0.2388,0,0
0.245,0.230135,0,0,0
0.245,0.230135,0,0,0
0.245,0.230135,0,0,0
0.245,0.230135,0,0,0
0.245,0.230135,0,0,0
0.245,0.230135,0,0,0
0.245,0.230135,0,0,0
0.245,0.230135,0,0,0
0.245,0.23016,0,0,0
0.204708,0.229893,0,0.00188235,0
0.21822,0.229858,0,-0.00454925,0
0.228068,0.230047,0,-0.00976888,0
0.227361,0.22995,0,-0.0125437,0
0.240583,0.231131,0,-0.0162009,0
0.240699,0.231489,0,-0.016935,0
0.240252,0.231802,0,-0.0176449,0
0.23935,0.232019,0,-0.0186469,0
0.2406,0.232721,0,-0.0200861,0
0.242447,0.23373,0,-0.0212986,0
0.243708,0.234734,0,-0.0221579,0
0.245107,0.235931,0,-0.0225688,0
0.246435,0.237248,0,-0.0226237,0
0.246781,0.238229,0,-0.0221503,0
0.245254,0.238242,0,-0.0214986,0
0.244348,0.238462,0,-0.0217732,0
0.244544,0.239281,0,-0.0228762,0
0.24439,0.239863,0,-0.0238328,0
0.243612,0.239952,0,-0.025119,0
0.242805,0.23992,0,-0.0271171,0
0.241551,0.239425,0,-0.0299733,0
0.241178,0.239544,0,-0.0343054,0
0.241202,0.239952,0,-0.0392687,0
0.241289,0.240376,0,-0.044256,0
0.24161,0.243235,0,-0.0487274,0
0.242102,0.24354,0,-0.0512225,0
0.241969,0.243772,0,-0.0532468,0
0.242966,0.243926,0,-0.0537381,0
0.243511,0.243996,0,-0.0508852,0
0.246151,0.243999,0,-0.0451138,0
0.246151,0.243999,0,0,0
0.246151,0.243999,0,0,0
0.246151,0.243999,0,0,0
0.246151,0.243999,0,0,0
0.246151,0.243999,0,0,0
0.246151,0.243999,0,0,0
-0.245,0,-0.235565,0,0
-0.245,0,-0.235565,0,0
-0.245,0,-0.235565,0,0
-0.245,0,-0.235565,0,0
-0.245,0,-0.235565,0,0
-0.245,0,-0.235565,0,0
-0.245,0,-0.235565,0,0
-0.245,0,-0.235565,0,0
-0.245,0,-0.235581,0,0
-0.203,0,-0.235257,-0.00165987,0
-0.217892,0,-0.235156,0.00626246,0
-0.224061,0,-0.235079,0.0113716,0
-0.227153,0,-0.235007,0.014733,0
-0.240948,0,-0.236078,0.0185769,0
-0.239839,0,-0.236113,0.0189156,0
-0.243356,0,-0.236849,0.0197571,0
-0.242194,0,-0.236921,0.0200181,0
-0.240866,0,-0.236875,0.0204014,0
-0.242739,0,-0.23766,0.0216303,0
-0.242168,0,-0.237803,0.0221558,0
-0.243539,0,-0.238652,0.0231355,0
-0.245527,0,-0.239912,0.0238844,0
-0.245003,0,-0.240154,0.0236887,0
-0.243973,0,-0.240073,0.0238761,0
-0.242906,0,-0.239866,0.0247031,0
-0.242631,0,-0.24005,0.0264302,0
-0.242096,0,-0.240022,0.0284842,0
-0.240877,0,-0.239435,0.0311516,0
-0.241478,0,-0.240132,0.0352441,0
-0.23995,0,-0.239177,0.0386291,0
-0.238959,0,-0.238488,0.0424823,0
-0.238622,0,-0.238301,0.0471085,0
-0.238698,0,-0.238464,0.0519621,0
-0.239218,0,-0.238544,0.0566386,0
-0.23945,0,-0.238609,0.0593625,0
-0.240305,0,-0.238657,0.062628,0
-0.240748,0,-0.238687,0.0648304,0
-0.241737,0,-0.238698,0.0669483,0
-0.241737,0,-0.238698,0.0655606,0
-0.241737,0,-0.238698,0,0
-0.241737,0,-0.238698,0,0
-0.241737,0,-0.238698,0,0
-0.241737,0,-0.238698,0,0
-0.241737,0,-0.238698,0,0
-0.241737,0,-0.238698,0,0
0.245,0.230072,0,0,0
0.245,0.230072,0,0,0
0.245,0.230072,0,0,0
0.245,0.230072,0,0,0
0.245,0.230072,0,0,0
0.245,0.230072,0,0,0
0.245,0.230072,0,0,0
0.245,0.230072,0,0,0
0.245,0.230098,0,0,0
0.203,0.229815,0,0.00355687,0
0.217951,0.229791,0,-0.00332599,0
0.229576,0.230051,0,-0.00874252,0
0.227892,0.229927,0,-0.0111986,0
0.243211,0.231325,0,-0.0149206,0
0.243493,0.231793,0,-0.0152821,0
0.244761,0.232492,0,-0.0154475,0
0.250031,0.234167,0,-0.0157379,0
0.249731,0.234944,0,-0.0143249,0
0.251494,0.236594,0,-0.0116869,0
0.250653,0.237337,0,-0.0116869,0
0.248846,0.237653,0,-0.0101602,0
0.247999,0.23829,0,-0.00918009,0
0.248073,0.239255,0,-0.00807427,0
0.249933,0.241154,0,-0.00709562,0
0.249032,0.241593,0,-0.00526004,0
0.244972,0.239889,0,-0.00322025,0
0.242428,0.238797,0,-0.00330725,0
0.241137,0.238416,0,-0.00538777,0
0.239812,0.237987,0,-0.00862413,0
0.236692,0.235744,0,-0.0126293,0
0.236684,0.23585,0,-0.0167741,0
0.243367,0.241991,0,-0.0322881,0
0.243671,0.238987,0,-0.0391012,0
0.234876,0.239416,0,-0.0391012,0
0.237014,0.239547,0,-0.0437421,0
0.238274,0.239621,0,-0.0468745,0
0.24135,0.239667,0,-0.049664,0
0.245425,0.239696,0,-0.0511996,0
0.245425,0.239696,0,-0.0422406,0
0.245425,0.239696,0,0,0
0.245425,0.239696,0,0,0
0.245425,0.239696,0,0,0
0.245425,0.239696,0,0,0
0.245425,0.239696,0,0,0
0.245425,0.239696,0,0,0
-0.245,0,-0.231632,0,0
-0.245,0,-0.231632,0,0
-0.245,0,-0.231632,0,0
-0.245,0,-0.231632,0,0
-0.245,0,-0.231632,0,0
-0.245,0,-0.231632,0,0
-0.245,0,-0.231632,0,0
-0.245,0,-0.231632,0,0
-0.245,0,-0.231676,0.00201656,0
-0.215883,0,-0.231425,0.00201656,0
-0.233656,0,-0.231689,0.00576886,0
-0.239388,0,-0.232013,0.00818414,0
-0.236117,0,-0.231966,0.00839859,0
-0.237763,0,-0.232276,0.0101247,0
-0.236974,0,-0.23238,0.0112137,0
-0.239664,0,-0.23307,0.0125602,0
-0.241079,0,-0.233725,0.0136546,0
-0.240099,0,-0.233888,0.0141067,0
-0.236717,0,-0.233218,0.0145494,0
-0.232941,0,-0.232103,0.015867,0
-0.232062,0,-0.231807,0.0186033,0
-0.233651,0,-0.23255,0.02245,0
-0.235309,0,-0.233493,0.0262188,0
-0.236238,0,-0.234247,0.0296903,0
-0.236458,0,-0.234609,0.0323599,0
-0.235779,0,-0.234391,0.035267,0
-0.235127,0,-0.23412,0.0385506,0
-0.234825,0,-0.234065,0.0422983,0
-0.234243,0,-0.233744,0.0466677,0
-0.232717,0,-0.232552,0.0506789,0
-0.231642,0,-0.231641,0.0546883,0
-0.231575,0,-0.231581,0.0597129,0
-0.23297,0,-0.234442,0.0643929,0
-0.234335,0,-0.234524,0.0676944,0
-0.236373,0,-0.234572,0.0684749,0
-0.237536,0,-0.234615,0.0695658,0
-0.240431,0,-0.234637,0.0700156,0
-0.243188,0,-0.234642,0.0700183,0
-0.243188,0,-0.234642,0.0700205,0
-0.243188,0,-0.234642,0,0
-0.243188,0,-0.234642,0,0
-0.243188,0,-0.234642,0,0
-0.243188,0,-0.234642,0,0
-0.243188,0,-0.234642,0,0
-0.243188,0,-0.234642,0,0
0.245,0.228945,0,0,0
0.245,0.228945,0,0,0
0.245,0.228945,0,0,0
0.245,0.228945,0,0,0
0.245,0.228945,0,0,0
0.245,0.228945,0,0,0
0.245,0.228945,0,0,0
0.245,0.228946,0,0,0
0.245,0.229,0,0,0
0.218865,0.228844,0,0.03292,0
0.227623,0.228914,0,0.0267965,0
0.223311,0.228701,0,0.0215905,0
0.223566,0.228581,0,0.0161933,0
0.234504,0.229484,0,0.0100541,0
0.238112,0.230137,0,0.0064456,0
0.248183,0.232152,0,0.0032213,0
0.250183,0.233334,0,0.00234713,0
0.246976,0.233441,0,0.00275937,0
0.247584,0.234431,0,0.00215931,0
0.245159,0.234478,0,0.00181665,0
0.245369,0.235344,0,0.000560509,0
0.242306,0.234809,0,-0.000889727,0
0.246175,0.237366,0,-0.00645454,0
0.241715,0.235825,0,-0.00645454,0
0.240978,0.236025,0,-0.0100541,0
0.240997,0.236624,0,-0.0136908,0
0.239592,0.236236,0,-0.0176728,0
0.239274,0.236492,0,-0.0228915,0
0.239175,0.236868,0,-0.0287098,0
0.23815,0.236454,0,-0.0347248,0
0.237096,0.235979,0,-0.0415253,0
0.238681,0.237677,0,-0.0477309,0
0.239891,0.239253,0,-0.052448,0
0.240125,0.239535,0,-0.0553781,0
0.240145,0.239762,0,-0.0564391,0
0.240497,0.239931,0,-0.0592681,0
0.241642,0.240027,0,-0.0621274,0
0.242741,0.240067,0,-0.0599619,0
0.244622,0.240069,0,-0.0529903,0
0.244622,0.240069,0,0,0
0.244622,0.240069,0,0,0
0.244622,0.240069,0,0,0
0.244622,0.240069,0,0,0
0.244622,0.240069,0,0,0
0.244622,0.240069,0,0,0
-0.245,0,-0.22926,0,0
-0.245,0,-0.22926,0,0
-0.245,0,-0.22926,0,0
-0.245,0,-0.22926,0,0
-0.245,0,-0.22926,0,0
-0.245,0,-0.22926,0,0
-0.245,0,-0.22926,0,0
-0.245,0,-0.22926,0,0
-0.245,0,-0.229291,0,0
-0.203,0,-0.228995,-0.0099973,0
-0.205727,0,-0.228695,-0.00173381,0
-0.220582,0,-0.228883,0.0054514,0
-0.22078,0,-0.228685,0.00967254,0
-0.235532,0,-0.229867,0.0146445,0
-0.239295,0,-0.230564,0.0164313,0
-0.244854,0,-0.231859,0.0176947,0
-0.243959,0,-0.232297,0.0173282,0
-0.242256,0,-0.232486,0.0180887,0
-0.241875,0,-0.232973,0.0180887,0
-0.241094,0,-0.233298,0.0188933,0
-0.240786,0,-0.23375,0.0201915,0
-0.241105,0,-0.234458,0.0219893,0
-0.238779,0,-0.233912,0.0237362,0
-0.238378,0,-0.234172,0.0256704,0
-0.239839,0,-0.235484,0.0294069,0
-0.239425,0,-0.235859,0.0324624,0
-0.239277,0,-0.236236,0.035251,0
-0.239322,0,-0.236724,0.0382052,0
-0.239551,0,-0.237339,0.0414822,0
-0.239351,0,-0.23759,0.0447894,0
-0.239231,0,-0.237864,0.0479123,0
-0.239233,0,-0.238204,0.0514446,0
-0.239389,0,-0.238824,0.0547931,0
-0.240074,0,-0.239086,0.057784,0
-0.240534,0,-0.239297,0.0584667,0
-0.24057,0,-0.239453,0.0605257,0
-0.241183,0,-0.23955,0.0629917,0
-0.242367,0,-0.23958,0.062553,0
-0.244864,0,-0.239582,0.0562387,0
-0.244864,0,-0.239582,0,0
-0.244864,0,-0.239582,0,0
-0.244864,0,-0.239582,0,0
-0.244864,0,-0.239582,0,0
-0.244864,0,-0.239582,0,0
-0.244864,0,-0.239582,0,0
0.245,0.230155,0,0,0
0.245,0.230155,0,0,0
0.245,0.230155,0,0,0
0.245,0.230155,0,0,0
0.245,0.230155,0,0,0
0.245,0.230155,0,0,0
0.245,0.230155,0,0,0
0.245,0.230155,0,0,0
0.245,0.230184,0,0,0
0.203,0.229882,0,0.00129628,0
0.218163,0.229867,0,-0.00563143,0
0.228222,0.230071,0,-0.010713,0
0.2284,0.230036,0,-0.0134157,0
0.239242,0.231036,0,-0.0167613,0
0.237161,0.231066,0,-0.0175152,0
0.238614,0.231565,0,-0.0190578,0
0.240245,0.23224,0,-0.0204241,0
0.240031,0.232617,0,-0.0213272,0
0.24003,0.233061,0,-0.0224747,0
0.23935,0.233293,0,-0.0236736,0
0.241759,0.234675,0,-0.0253942,0
0.244454,0.236431,0,-0.0266934,0
0.244282,0.23706,0,-0.0266212,0
0.242213,0.236651,0,-0.0265231,0
0.241856,0.237039,0,-0.0280206,0
0.241745,0.23754,0,-0.0298,0
0.24196,0.238239,0,-0.0320968,0
0.240198,0.237493,0,-0.0342462,0
0.238522,0.236724,0,-0.0368238,0
0.238713,0.237221,0,-0.0415207,0
0.238079,0.236993,0,-0.0457199,0
0.237308,0.23657,0,-0.0502246,0
0.236935,0.236677,0,-0.0549915,0
0.237926,0.236855,0,-0.0598842,0
0.238264,0.236999,0,-0.0612269,0
0.239173,0.237106,0,-0.0646156,0
0.240007,0.237171,0,-0.0667701,0
0.240451,0.237193,0,-0.0680064,0
0.240451,0.237193,0,-0.069967,0
0.240451,0.237193,0,0,0
0.240451,0.237193,0,0,0
0.240451,0.237193,0,0,0
0.240451,0.237193,0,0,0
0.240451,0.237193,0,0,0
0.240451,0.237193,0,0,0
-0.245,0,-0.229559,0,0
-0.245,0,-0.229559,0,0
-0.245,0,-0.229559,0,0
-0.245,0,-0.229559,0,0
-0.245,0,-0.229559,0,0
-0.245,0,-0.229559,0,0
-0.245,0,-0.229559,0,0
-0.245,0,-0.229559,0,0
-0.287,0,-0.229698,0,0
-0.228557,0,-0.229549,0.00332853,0
-0.224804,0,-0.229445,0.00919983,0
-0.230866,0,-0.229616,0.0129359,0
-0.232586,0,-0.229764,0.0149238,0
-0.239813,0,-0.230553,0.0176764,0
-0.236096,0,-0.230409,0.0180964,0
-0.236703,0,-0.23075,0.0196558,0
-0.237767,0,-0.231255,0.0214908,0
-0.23839,0,-0.231761,0.0229274,0
-0.240343,0,-0.232733,0.0245235,0
-0.240066,0,-0.233145,0.0256741,0
-0.237575,0,-0.23278,0.0269571,0
-0.24026,0,-0.234389,0.029575,0
-0.241023,0,-0.235306,0.0307996,0
-0.241289,0,-0.236025,0.0321036,0
-0.241038,0,-0.236454,0.0333433,0
-0.240698,0,-0.236791,0.0349131,0
-0.240496,0,-0.237176,0.0367889,0
-0.240379,0,-0.237586,0.0390338,0
-0.239979,0,-0.237739,0.0415344,0
-0.239305,0,-0.237605,0.0442392,0
-0.238319,0,-0.237118,0.0476737,0
-0.237633,0,-0.2368,0.0515506,0
-0.237384,0,-0.237008,0.0559116,0
-0.237706,0,-0.237212,0.0598371,0
-0.23874,0,-0.237376,0.0616016,0
-0.239422,0,-0.237498,0.0646753,0
-0.239683,0,-0.237573,0.0664671,0
-0.240465,0,-0.237598,0.068053,0
-0.240465,0,-0.237598,0.0700395,0
-0.240465,0,-0.237598,0,0
-0.240465,0,-0.237598,0,0
-0.240465,0,-0.237598,0,0
-0.240465,0,-0.237598,0,0
-0.240465,0,-0.237598,0,0
-0.240465,0,-0.237598,0,0
0.245,0.229511,0,0,0
0.245,0.229511,0,0,0
0.245,0.229511,0,0,0
0.245,0.229511,0,0,0
0.245,0.229511,0,0,0
0.245,0.229511,0,0,0
0.245,0.229511,0,0,0
0.245,0.229511,0,0,0
0.245,0.229541,0,0,0
0.206967,0.229284,0,0.00174789,0
0.223823,0.229374,0,-0.00438871,0
0.23173,0.229607,0,-0.00862336,0
0.230132,0.229553,0,-0.010635,0
0.237534,0.230288,0,-0.0136211,0
0.234187,0.230119,0,-0.0149044,0
0.238068,0.230937,0,-0.0171999,0
0.242372,0.232168,0,-0.0189107,0
0.242609,0.232776,0,-0.0193491,0
0.242677,0.233386,0,-0.0198874,0
0.242397,0.233908,0,-0.0204419,0
0.243873,0.235106,0,-0.0213191,0
0.242795,0.235341,0,-0.0216993,0
0.242843,0.236027,0,-0.0227031,0
0.242666,0.236598,0,-0.0238264,0
0.242272,0.237019,0,-0.02512,0
0.242259,0.237634,0,-0.0269448,0
0.24205,0.238097,0,-0.0289195,0
0.241639,0.238373,0,-0.0312233,0
0.24133,0.238665,0,-0.0340609,0
0.240586,0.238545,0,-0.0373069,0
0.238783,0.237513,0,-0.0413334,0
0.237873,0.23701,0,-0.0458003,0
0.238293,0.237698,0,-0.0508323,0
0.239195,0.237922,0,-0.055671,0
0.239779,0.238103,0,-0.0570075,0
0.240431,0.238237,0,-0.0598582,0
0.240836,0.238319,0,-0.0624501,0
0.242013,0.238345,0,-0.0611906,0
0.245051,0.238346,0,-0.0570799,0
0.245051,0.238346,0,0,0
0.245051,0.238346,0,0,0
0.245051,0.238346,0,0,0
0.245051,0.238346,0,0,0
0.245051,0.238346,0,0,0
0.245051,0.238346,0,0,0
-0.245,0,-0.230635,0,0
-0.245,0,-0.230635,0,0
-0.245,0,-0.230635,0,0
-0.245,0,-0.230635,0,0
-0.245,0,-0.230635,0,0
-0.245,0,-0.230635,0,0
-0.245,0,-0.230635,0,0
-0.245,0,-0.230635,0,0
-0.287,0,-0.230752,0,0
-0.212128,0,-0.230449,0.00600208,0
-0.215167,0,-0.230264,0.0131106,0
-0.225902,0,-0.23043,0.0182012,0
-0.227311,0,-0.23041,0.0206904,0
-0.237998,0,-0.231407,0.0236387,0
-0.23758,0,-0.231599,0.0243278,0
-0.237006,0,-0.231759,0.0250149,0
-0.238117,0,-0.232259,0.0262584,0
-0.237093,0,-0.232317,0.0271571,0
-0.237572,0,-0.232757,0.0283174,0
-0.238902,0,-0.233555,0.0299314,0
-0.239772,0,-0.234307,0.0312244,0
-0.240153,0,-0.234931,0.0324834,0
-0.241307,0,-0.235984,0.033641,0
-0.242371,0,-0.237104,0.0347886,0
-0.242498,0,-0.237761,0.0354366,0
-0.241795,0,-0.23788,0.0360888,0
-0.240814,0,-0.237724,0.0370894,0
-0.239972,0,-0.237561,0.0390984,0
-0.239094,0,-0.237276,0.0416792,0
-0.238234,0,-0.236909,0.0450751,0
-0.236205,0,-0.235434,0.0489417,0
-0.236431,0,-0.235833,0.0542568,0
-0.237087,0,-0.236846,0.0591143,0
-0.237713,0,-0.237016,0.06288,0
-0.238106,0,-0.237154,0.0638552,0
-0.239313,0,-0.237255,0.066528,0
-0.240057,0,-0.237319,0.0683478,0
-0.240574,0,-0.237338,0.0692404,0
-0.240574,0,-0.237338,0.0700025,0
-0.240574,0,-0.237338,0,0
-0.240574,0,-0.237338,0,0
-0.240574,0,-0.237338,0,0
-0.240574,0,-0.237338,0,0
-0.240574,0,-0.237338,0,0
-0.240574,0,-0.237338,0,0
0.245,0.228531,0,0,0
0.245,0.228531,0,0,0
0.245,0.228531,0,0,0
0.245,0.228531,0,0,0
0.245,0.228531,0,0,0
0.245,0.228531,0,0,0
0.245,0.228531,0,0,0
0.245,0.228531,0,0,0
0.245,0.228563,0,0,0
0.204551,0.22829,0,0.00173299,0
0.22762,0.228509,0,-0.00498346,0
0.232601,0.228707,0,-0.00847747,0
0.233072,0.228838,0,-0.0108169,0
0.239213,0.229566,0,-0.0132411,0
0.235946,0.229494,0,-0.0142107,0
0.238916,0.230262,0,-0.0162747,0
0.243753,0.231676,0,-0.0178492,0
0.242181,0.231934,0,-0.0179476,0
0.244356,0.233189,0,-0.0188499,0
0.24567,0.234379,0,-0.0188903,0
0.246039,0.235351,0,-0.0186855,0
0.244691,0.235623,0,-0.0184143,0
0.244583,0.236376,0,-0.0187744,0
0.243368,0.236524,0,-0.0192246,0
0.243364,0.237258,0,-0.0205647,0
0.243889,0.238317,0,-0.02215,0
0.242986,0.238429,0,-0.0231686,0
0.242071,0.238424,0,-0.0252694,0
0.241084,0.238253,0,-0.0281867,0
0.240551,0.238336,0,-0.0322953,0
0.240053,0.23837,0,-0.0371416,0
0.239768,0.238517,0,-0.0426623,0
0.238899,0.238353,0,-0.0478353,0
0.239125,0.238622,0,-0.0520608,0
0.239789,0.238839,0,-0.054159,0
0.240453,0.238999,0,-0.0578591,0
0.241926,0.23908,0,-0.0595223,0
0.241988,0.239129,0,-0.0568366,0
0.2449,0.239131,0,-0.052577,0
0.2449,0.239131,0,0,0
0.2449,0.239131,0,0,0
0.2449,0.239131,0,0,0
0.2449,0.239131,0,0,0
0.2449,0.239131,0,0,0
0.2449,0.239131,0,0,0
-0.245,0,-0.23089,0,0
-0.245,0,-0.23089,0,0
-0.245,0,-0.23089,0,0
-0.245,0,-0.23089,0,0
-0.245,0,-0.23089,0,0
-0.245,0,-0.23089,0,0
-0.245,0,-0.23089,0,0
-0.245,0,-0.23089,0,0
-0.287,0,-0.231007,0,0
-0.204261,0,-0.230622,0.00724421,0
-0.216523,0,-0.230545,0.0140346,0
-0.225601,0,-0.23066,0.0189865,0
-0.227828,0,-0.230682,0.0215251,0
-0.239601,0,-0.231803,0.0246959,0
-0.238227,0,-0.231908,0.0248333,0
-0.238443,0,-0.232222,0.0254179,0
-0.239197,0,-0.232693,0.026182,0
-0.240959,0,-0.233511,0.0269518,0
-0.242505,0,-0.234443,0.0276229,0
-0.242809,0,-0.235099,0.0278171,0
-0.244261,0,-0.236263,0.0279923,0
-0.244727,0,-0.237135,0.0280764,0
-0.24466,0,-0.23762,0.0276668,0
-0.245161,0,-0.238578,0.0275786,0
-0.245147,0,-0.239278,0.0272922,0
-0.245486,0,-0.24019,0.0272365,0
-0.245198,0,-0.240688,0.0269775,0
-0.242998,0,-0.239737,0.0269807,0
-0.242064,0,-0.239544,0.0277618,0
-0.242278,0,-0.24018,0.0312065,0
-0.241403,0,-0.239867,0.0342488,0
-0.240407,0,-0.239348,0.038164,0
-0.240625,0,-0.239842,0.0438061,0
-0.241436,0,-0.243043,0.0490949,0
-0.242015,0,-0.243322,0.0512268,0
-0.242575,0,-0.243534,0.052571,0
-0.243367,0,-0.243673,0.0521384,0
-0.244547,0,-0.243733,0.0472023,0
-0.246232,0,-0.243736,0.0383441,0
-0.246232,0,-0.243736,0,0
-0.246232,0,-0.243736,0,0
-0.246232,0,-0.243736,0,0
-0.246232,0,-0.243736,0,0
-0.246232,0,-0.243736,0,0
-0.246232,0,-0.243736,0,0
0.245,0.235147,0,0,0
0.245,0.235147,0,0,0
0.245,0.235147,0,0,0
0.245,0.235147,0,0,0
0.245,0.235147,0,0,0
0.245,0.235147,0,0,0
0.245,0.235147,0,0,0
0.245,0.235147,0,0,0
0.245,0.235167,0,0,0
0.245,0.235247,0,0.00569355,0
0.245,0.235385,0,-0.000739428,0
0.245,0.235576,0,-0.004311,0
0.245,0.235817,0,-0.00624198,0
0.245,0.236102,0,-0.00989864,0
0.245,0.236428,0,-0.0108535,0
0.245,0.23679,0,-0.0126314,0
0.245,0.237183,0,-0.0139734,0
0.245,0.237604,0,-0.0149938,0
0.245,0.238047,0,-0.0161603,0
0.245,0.238509,0,-0.0168377,0
0.245,0.238986,0,-0.0175682,0
0.245,0.239472,0,-0.0192425,0
0.245,0.239963,0,-0.0207239,0
0.245,0.240455,0,-0.0222676,0
0.245,0.240944,0,-0.0239966,0
0.245,0.241425,0,-0.0258397,0
0.245,0.241894,0,-0.0282339,0
0.245,0.242347,0,-0.0310846,0
0.245,0.242778,0,-0.0345624,0
0.245,0.243281,0,-0.0383806,0
0.245,0.24365,0,-0.0463779,0
0.245,0.243983,0,-0.0463779,0
0.245,0.244277,0,-0.0541789,0
0.245,0.244527,0,-0.0578612,0
0.245,0.244729,0,-0.0578612,0
0.245,0.244878,0,-0.0601973,0
0.245,0.244969,0,-0.0632351,0
0.245,0.244998,0,-0.0630182,0
0.245,0.245,0,-0.0630182,0
0.245,0.245,0,0,0
0.245,0.245,0,0,0
0.245,0.245,0,0,0
0.245,0.245,0,0,0
0.245,0.245,0,0,0
0.245,0.245,0,0,0
0.245,0.245,0,0,0
0.245,0.245,0,0,0
0.245,0.245,0,0,0
0.245,0.245,0,0,0
0.245,0.245,0,0,0
0.245,0.245,0,0,0
0.245,0.245,0,0,0
0.245,0.245,0,0,0
0.245,0.245,0,0,0
0.245,0.245,0,0,0
0.245,0.245,0,0,0
0.245,0.245,0,0,0
0.245,0.245,0,0,0
0.245,0.245,0,0,0
0.245,0.245,0,0,0
0.245,0.245,0,0,0
0.245,0.245,0,0,0
0.245,0.245,0,0,0
0.245,0.245,0,0,0
0.245,0.245,0,0,0
0.245,0.245,0,0,0
0.245,0.245,0,0,0
0.245,0.245,0,0,0
0.245,0.245,0,0,0
0.245,0.245,0,0,0
0.245,0.245,0,0,0
0.245,0.245,0,0,0
0.245,0.245,0,0,0
0.245,0.245,0,0,0
0.245,0.245,0,0,0
0.245,0.245,0,0,0
0.245,0.245,0,0,0
0.245,0.245,0,0,0
0.245,0.245,0,0,0
0.245,0.245,0,0,0
0.245,0.245,0,0,0
0.245,0.245,0,0,0
0.245,0.245,0,0,0
0.245,0.245,0,0,0
0.245,0.245,0,0,0
0.245,0.245,0,0,0
0.245,0.245,0,0,0
0.245,0.245,0,0,0
0.245,0.245,0,0,0
0.245,0.245,0,0,0
0.245,0.245,0,0,0
0.245,0.245,0,0,0
0.245,0.245,0,0,0
0.245,0.245,0,0,0
0.245,0.245,0,0,0
0.245,0.245,0,0,0
