-8.2243,-2.6248,226.425,-0.5711,2.38524,-0.05463
-8.2507,-2.5235,226.304,-0.57149,2.38849,-0.05623
-8.2108,-2.5108,226.354,-0.57321,2.38276,-0.0631
-8.2907,-2.3008,226.28,-0.57191,2.3918,-0.06045
-8.2684,-2.1864,226.405,-0.56411,2.38626,-0.05938
-8.2778,-2.0775,226.365,-0.55626,2.39107,-0.05835
-8.2952,-1.8814,226.507,-0.54049,2.39251,-0.05817
-8.1226,-1.9483,226.83,-0.5324,2.38306,-0.057
-8.0421,-1.7065,226.696,-0.51688,2.3888,-0.05444
-8.0797,-1.6575,226.848,-0.51003,2.38404,-0.0517
-8.215,-1.4423,226.819,-0.50048,2.39087,-0.04973
-8.257,-1.4887,227.034,-0.49741,2.38424,-0.04873
-8.1901,-1.5574,227.103,-0.49289,2.38148,-0.04922
-8.2639,-1.4359,227.073,-0.48134,2.38235,-0.0473
-8.3518,-1.3967,227.356,-0.47195,2.38832,-0.04462
-8.3435,-1.3859,227.636,-0.4654,2.39112,-0.04121
-8.2767,-1.533,227.908,-0.46184,2.39235,-0.03982
-8.3022,-1.514,227.95,-0.45572,2.39819,-0.03911
-8.2716,-1.2923,227.984,-0.44072,2.39872,-0.047
-8.0369,-1.4398,228.089,-0.44244,2.39186,-0.05193
-8.0452,-1.1528,228.141,-0.43392,2.40359,-0.05824
-7.8665,-1.1641,228.218,-0.43435,2.39729,-0.06651
-7.7479,-0.8216,228.377,-0.41979,2.40254,-0.07462
-7.6795,-0.7626,228.475,-0.4127,2.40054,-0.07082
-7.8505,-0.6053,228.23,-0.4142,2.40312,-0.0647
-7.7119,-0.7781,228.378,-0.42582,2.38594,-0.06654
-7.5835,-0.8298,228.325,-0.43168,2.38761,-0.0697
-7.5244,-0.7364,228.361,-0.42906,2.38486,-0.07055
-7.427,-0.7466,228.437,-0.42737,2.37657,-0.07278
-7.4361,-0.7902,228.408,-0.4235,2.3837,-0.07092
-7.4088,-0.7538,228.342,-0.43232,2.38086,-0.06925
-7.2721,-0.7805,228.333,-0.43155,2.37679,-0.07018
-7.1127,-0.9054,228.413,-0.43697,2.36737,-0.07367
-7.0851,-0.8133,228.205,-0.43752,2.37343,-0.07397
-7.003,-0.8042,228.188,-0.43962,2.37728,-0.07324
-6.8183,-0.9628,228.189,-0.44245,2.3762,-0.07285
-6.7007,-0.8506,228.364,-0.43696,2.36981,-0.07481
-6.7263,-0.8897,228.256,-0.43901,2.37527,-0.07347
-6.7274,-1.0855,228.139,-0.4523,2.37292,-0.07171
-6.7332,-1.0217,228.07,-0.45563,2.37705,-0.07118
-6.7091,-0.9184,227.897,-0.45052,2.37568,-0.07304
-6.807,-0.889,227.864,-0.45231,2.36816,-0.07899
-7.0905,-0.998,227.627,-0.46183,2.36896,-0.0821
-7.4373,-1.1293,227.283,-0.48032,2.38999,-0.08142
-7.8473,-1.3203,227.176,-0.49039,2.39201,-0.07874
-8.1692,-1.7253,226.982,-0.50874,2.39562,-0.0724
-8.5452,-2.0198,226.709,-0.53124,2.40434,-0.06287
-8.8529,-2.108,226.537,-0.53689,2.41314,-0.05876
-8.9605,-2.2643,226.627,-0.54019,2.41386,-0.05636
-9.0685,-2.2294,226.767,-0.53279,2.41586,-0.05551
-9.1813,-2.2293,226.674,-0.5375,2.4246,-0.05431
-9.1007,-2.1911,226.612,-0.54523,2.41871,-0.05714
-8.9795,-2.0566,226.622,-0.53962,2.42054,-0.06258
-8.8418,-2.0566,226.607,-0.54032,2.41978,-0.06521
-8.7474,-1.8293,226.67,-0.53436,2.41618,-0.06942
-8.5941,-1.9049,226.681,-0.54008,2.40531,-0.07189
-8.4489,-1.6594,226.575,-0.53791,2.41141,-0.07358
-8.3328,-1.4531,226.671,-0.53442,2.40353,-0.07578
-8.2099,-1.4672,226.664,-0.53719,2.39314,-0.07779
-8.2307,-1.3044,226.682,-0.53669,2.39804,-0.07817
-8.2635,-1.3694,226.657,-0.53564,2.39892,-0.0748
-8.1993,-1.5014,226.836,-0.54126,2.39692,-0.07383
-8.252,-1.5849,226.875,-0.53896,2.39568,-0.07371
-8.3754,-1.5716,226.782,-0.54805,2.4034,-0.06852
-8.5185,-1.6232,226.877,-0.55853,2.41391,-0.06282
-8.5259,-1.9215,227.154,-0.5694,2.40591,-0.05674
-8.5996,-1.8245,227.159,-0.56899,2.41971,-0.05013
-8.4196,-1.9068,227.224,-0.56431,2.41387,-0.04791
-8.2336,-1.9853,227.171,-0.55592,2.40061,-0.05155
-8.1943,-1.8876,226.909,-0.54763,2.39077,-0.05127
-8.0596,-1.8197,226.951,-0.54574,2.38227,-0.05021
-7.8188,-1.5372,226.897,-0.53364,2.37657,-0.04962
-7.6208,-1.2966,226.839,-0.52068,2.36434,-0.05227
-7.5875,-1.1073,226.834,-0.51867,2.36409,-0.05232
-7.464,-1.1849,226.944,-0.52015,2.3572,-0.0526
-7.3884,-1.2811,226.998,-0.51641,2.34897,-0.05293
-7.4075,-1.3742,227.111,-0.51486,2.34553,-0.05167
-7.3944,-1.343,227.176,-0.50663,2.34877,-0.05201
-7.3755,-1.4952,227.033,-0.51638,2.34433,-0.05016
-7.4196,-1.4257,226.94,-0.51483,2.34981,-0.05019
-7.3425,-1.5293,226.745,-0.52172,2.35116,-0.05011
-7.3292,-1.6469,226.863,-0.52788,2.34117,-0.04983
-7.324,-1.7143,226.893,-0.52653,2.34044,-0.04956
-7.4195,-1.6288,226.747,-0.52834,2.34723,-0.04644
-7.3327,-1.6225,226.907,-0.52633,2.34384,-0.04672
-7.4004,-1.5635,226.76,-0.52581,2.34886,-0.04384
-7.4133,-1.6407,226.856,-0.52786,2.35083,-0.04387
-7.3493,-1.6759,226.865,-0.52492,2.35061,-0.04341
-7.1778,-1.7645,226.922,-0.53119,2.34128,-0.0458
-7.2501,-1.59,226.686,-0.53026,2.3474,-0.04445
-7.1969,-1.52,226.637,-0.5299,2.34881,-0.04591
-7.0715,-1.5362,226.872,-0.52283,2.34095,-0.05067
-7.1209,-1.4279,226.745,-0.52278,2.34844,-0.05031
-7.0241,-1.6633,226.936,-0.53245,2.34502,-0.05415
-7.0578,-1.4384,226.71,-0.51936,2.34493,-0.05563
-7.1562,-1.4383,226.575,-0.5284,2.34851,-0.05349
-7.2032,-1.5025,226.525,-0.52717,2.35004,-0.05271
-7.2311,-1.5767,226.484,-0.52811,2.35176,-0.05302
-7.1889,-1.6038,226.607,-0.53645,2.34826,-0.05368
-7.1935,-1.7697,226.52,-0.54445,2.35162,-0.0525
-7.158,-1.5998,226.572,-0.54188,2.34919,-0.05346
-7.0415,-1.6837,226.738,-0.54077,2.34247,-0.05454
-7.1463,-1.5556,226.556,-0.54019,2.34844,-0.05294
-7.2186,-1.5075,226.421,-0.53809,2.35349,-0.05429
-7.1157,-1.608,226.525,-0.54159,2.34796,-0.05598
-7.2709,-1.4419,226.286,-0.54362,2.35582,-0.05373
-7.2383,-1.5309,226.343,-0.54764,2.3558,-0.05301
-7.1606,-1.6272,226.458,-0.5489,2.34768,-0.05326
-7.1015,-1.7358,226.515,-0.54935,2.34533,-0.05535
-7.2135,-1.509,226.331,-0.54519,2.34788,-0.05454
-7.2026,-1.5976,226.383,-0.54802,2.34611,-0.05645
-7.1932,-1.5377,226.404,-0.54724,2.34471,-0.05552
-7.2245,-1.5936,226.293,-0.5535,2.34712,-0.05445
-7.328,-1.4332,226.15,-0.54593,2.35853,-0.05382
-7.241,-1.5979,226.238,-0.5482,2.34566,-0.05511
-7.3106,-1.5639,226.184,-0.55099,2.35214,-0.05525
-7.3224,-1.4695,226.101,-0.54938,2.35323,-0.05522
-7.2619,-1.6594,226.328,-0.55201,2.34501,-0.05488
-7.3593,-1.505,226.289,-0.5561,2.35224,-0.05297
-7.3221,-1.4535,226.087,-0.54907,2.35178,-0.05262
-7.2558,-1.4905,226.178,-0.55425,2.34713,-0.05363
-7.2594,-1.4862,226.12,-0.5543,2.3496,-0.05495
-7.2405,-1.3648,226.2,-0.54755,2.35308,-0.05441
-7.2607,-1.5195,226.207,-0.55542,2.35182,-0.05364
-7.2135,-1.5609,226.453,-0.55543,2.33954,-0.05411
-7.2461,-1.4819,226.259,-0.55104,2.34174,-0.05257
-7.3619,-1.3977,226.174,-0.55477,2.35094,-0.05072
-7.3213,-1.5028,226.25,-0.55453,2.34872,-0.0508
-7.4071,-1.5711,226.253,-0.56103,2.35431,-0.04965
-7.2883,-1.6239,226.383,-0.5593,2.34502,-0.04989
-7.3311,-1.6469,226.258,-0.55876,2.35153,-0.04882
-7.3377,-1.6242,226.233,-0.55862,2.34946,-0.05172
-7.41,-1.6398,226.144,-0.55851,2.35282,-0.05203
-7.5087,-1.5086,226.263,-0.5521,2.35892,-0.05486
-7.5506,-1.7128,226.317,-0.55518,2.35569,-0.05734
-7.8522,-1.6369,226.125,-0.55962,2.3688,-0.05689
-8.0204,-1.6996,226.237,-0.56202,2.37265,-0.05641
-8.1345,-1.8907,226.411,-0.56759,2.37232,-0.0525
-8.2793,-1.7505,226.34,-0.56842,2.37937,-0.04817
-8.1976,-1.8044,226.239,-0.56756,2.37398,-0.04225
-8.0997,-1.722,226.519,-0.55419,2.37256,-0.04657
-8.0693,-1.7714,226.606,-0.55815,2.37278,-0.04875
-8.0337,-1.6583,226.384,-0.55898,2.37391,-0.04777
-7.963,-1.6303,226.434,-0.55179,2.37346,-0.04944
-7.8914,-1.5998,226.7,-0.53477,2.36335,-0.0546
-7.9843,-1.7052,226.875,-0.52234,2.36191,-0.05023
-8.0361,-1.8082,227.113,-0.52214,2.36477,-0.04735
-7.9932,-1.8739,227.066,-0.52525,2.36568,-0.04385
-7.8249,-1.8139,227.001,-0.52569,2.36511,-0.04349
-7.5254,-1.8618,227.214,-0.52944,2.35907,-0.04494
-7.2431,-1.9305,227.39,-0.53018,2.35243,-0.04752
-7.2601,-1.7408,227.235,-0.52311,2.35648,-0.04712
-7.3172,-1.4902,226.969,-0.51144,2.3543,-0.04924
-7.2983,-1.6643,227.257,-0.5139,2.34254,-0.04959
-7.4377,-1.6525,227.235,-0.51946,2.35046,-0.04699
-7.5506,-1.4938,227.023,-0.5113,2.3609,-0.04544
-7.4882,-1.6019,227.149,-0.50856,2.35335,-0.04714
-7.3985,-1.7571,227.29,-0.51553,2.34457,-0.04744
-7.4757,-1.6101,227.142,-0.51275,2.35524,-0.04745
-7.4853,-1.6325,227.02,-0.51694,2.35624,-0.04694
-7.4473,-1.6357,227.111,-0.51439,2.34773,-0.04971
-7.4708,-1.5667,226.999,-0.50973,2.34862,-0.04925
-7.4423,-1.6285,226.97,-0.51,2.34323,-0.04988
-7.4182,-1.7462,227.024,-0.51664,2.33906,-0.05025
-7.5387,-1.6503,226.772,-0.51562,2.34677,-0.04946
-7.541,-1.678,226.74,-0.51965,2.34872,-0.04885
-7.4738,-1.7083,226.825,-0.51879,2.34377,-0.05297
-7.3979,-1.7025,226.904,-0.50959,2.33841,-0.05767
-7.4215,-1.6613,226.851,-0.51658,2.34132,-0.05675
-7.5225,-1.6147,226.694,-0.51911,2.34985,-0.05495
-7.4328,-1.8245,226.869,-0.52417,2.33849,-0.05658
-7.4681,-1.8608,226.775,-0.52813,2.3385,-0.05581
-7.6152,-1.5404,226.68,-0.51862,2.34711,-0.05626
-7.4508,-1.6738,226.758,-0.51715,2.33687,-0.0601
-7.5184,-1.5829,226.567,-0.52014,2.34422,-0.05727
-7.4635,-1.543,226.555,-0.51596,2.33874,-0.05709
-7.41,-1.6529,226.532,-0.52903,2.33739,-0.05583
-7.409,-1.5879,226.377,-0.52878,2.34121,-0.05579
-7.4128,-1.6083,226.503,-0.53357,2.33925,-0.05569
-7.378,-1.5177,226.466,-0.52998,2.33419,-0.05824
-7.3632,-1.5119,226.599,-0.52502,2.33699,-0.05853
-7.4564,-1.4374,226.463,-0.52412,2.34891,-0.05437
-7.3913,-1.5723,226.572,-0.53054,2.34203,-0.05398
-7.4568,-1.408,226.635,-0.52388,2.34605,-0.05397
-7.4531,-1.487,226.551,-0.52699,2.34338,-0.05216
-7.4422,-1.5369,226.656,-0.52405,2.3407,-0.05424
-7.4329,-1.4886,226.698,-0.51683,2.34236,-0.05248
-7.458,-1.4354,226.673,-0.51589,2.34472,-0.05233
-7.4968,-1.2553,226.475,-0.51443,2.35229,-0.05103
-7.4849,-1.3997,226.599,-0.51806,2.34582,-0.05104
-7.5708,-1.4094,226.661,-0.51683,2.35224,-0.05068
-7.5606,-1.6126,226.71,-0.52552,2.34676,-0.04968
-7.6397,-1.5306,226.727,-0.51825,2.3493,-0.05098
-7.7408,-1.3278,226.513,-0.51356,2.3575,-0.04903
-7.8367,-1.3253,226.46,-0.51044,2.36211,-0.048
-7.815,-1.497,226.545,-0.51748,2.36228,-0.04652
-7.8002,-1.617,226.803,-0.52142,2.36009,-0.04688
-7.8359,-1.5347,226.626,-0.52013,2.3602,-0.04459
-7.7916,-1.5282,226.741,-0.51614,2.36185,-0.04744
-7.7683,-1.5725,226.782,-0.51285,2.35572,-0.04887
-7.8324,-1.5271,226.776,-0.51527,2.36085,-0.04922
-7.7902,-1.3978,226.683,-0.5087,2.36646,-0.04913
-7.6781,-1.609,226.779,-0.51599,2.35959,-0.04933
-7.7414,-1.3531,226.639,-0.50893,2.36836,-0.04951
-7.7428,-1.4027,226.602,-0.51872,2.37165,-0.04783
-7.7249,-1.4083,226.713,-0.5158,2.36798,-0.04891
-7.7235,-1.5348,226.726,-0.52848,2.3688,-0.04903
-7.741,-1.3879,226.719,-0.51969,2.37255,-0.04891
-7.6334,-1.449,226.835,-0.51484,2.36221,-0.05075
-7.7141,-1.3722,226.636,-0.52647,2.37292,-0.04689
-7.7136,-1.3289,226.694,-0.51851,2.36898,-0.048
-7.782,-1.2349,226.648,-0.51624,2.37545,-0.04931
-7.7605,-1.2848,226.745,-0.51478,2.36915,-0.05003
-7.7255,-1.3001,226.638,-0.5189,2.365,-0.04925
-7.7727,-1.2532,226.659,-0.52383,2.36516,-0.04802
-7.6839,-1.3339,226.881,-0.51411,2.35943,-0.05193
-7.6635,-1.2349,226.679,-0.51268,2.36011,-0.05079
-7.5754,-1.2651,226.666,-0.50855,2.36066,-0.05145
-7.4307,-1.3531,226.97,-0.50767,2.34654,-0.05405
-7.4156,-1.346,227.006,-0.51065,2.34634,-0.05247
-7.4558,-1.2568,226.721,-0.50864,2.35059,-0.04859
-7.4321,-1.283,226.81,-0.5116,2.35444,-0.05298
-7.3383,-1.1579,226.93,-0.49758,2.35456,-0.05656
-7.2981,-1.2927,226.877,-0.51306,2.3544,-0.05517
-7.2904,-1.25,226.833,-0.51583,2.35597,-0.05615
-7.1812,-1.3184,226.944,-0.51585,2.35211,-0.05718
-7.1488,-1.2379,226.765,-0.51422,2.35521,-0.05513
-7.104,-1.18,226.716,-0.51011,2.35633,-0.05401
-7.0026,-1.3417,226.887,-0.51142,2.34697,-0.05629
-7.0546,-1.3015,226.796,-0.51392,2.35089,-0.056
-7.1838,-1.1429,226.827,-0.50913,2.35701,-0.05659
-7.112,-1.2651,227.084,-0.50631,2.34586,-0.06057
-7.0348,-1.3358,227.158,-0.50279,2.34301,-0.06173
-7.1909,-1.1247,226.993,-0.50856,2.35039,-0.05913
-7.1993,-1.1823,226.877,-0.5094,2.34873,-0.05883
-7.2189,-1.2005,226.802,-0.50856,2.35122,-0.06111
-7.2216,-1.1326,226.837,-0.50604,2.35245,-0.06192
-7.1966,-1.275,226.844,-0.51637,2.35111,-0.06113
-7.1294,-1.2128,226.961,-0.51158,2.34329,-0.06359
-7.1093,-1.2005,226.815,-0.51277,2.34088,-0.06416
-7.1062,-1.1068,226.882,-0.5054,2.34047,-0.06709
-7.1096,-1.1394,226.939,-0.50716,2.3415,-0.06781
-7.1592,-1.2273,226.899,-0.50969,2.34046,-0.0679
-7.2542,-1.0145,226.826,-0.50308,2.35011,-0.06736
-7.2085,-1.2103,227.027,-0.51131,2.34303,-0.06875
-7.2807,-1.1195,226.905,-0.50702,2.34899,-0.06805
-7.2334,-1.2125,226.922,-0.5071,2.34006,-0.06879
-7.3322,-1.2641,226.797,-0.51303,2.33966,-0.0676
-7.3756,-1.3055,226.883,-0.51231,2.3381,-0.06882
-7.4831,-1.1335,226.68,-0.50492,2.34456,-0.06576
-7.441,-1.1279,226.758,-0.50089,2.34648,-0.06733
-7.4551,-1.3422,226.654,-0.51487,2.34415,-0.06579
-7.6333,-1.2402,226.587,-0.50938,2.35194,-0.06387
-7.6745,-1.3192,226.8,-0.51304,2.34847,-0.06687
-7.8586,-1.2402,226.716,-0.51301,2.36285,-0.06601
-7.7725,-1.2516,226.867,-0.50412,2.35427,-0.06942
-7.8235,-1.205,226.66,-0.5083,2.36014,-0.06466
-7.7717,-1.3071,226.825,-0.51347,2.35588,-0.06495
-7.7615,-1.3077,226.831,-0.51011,2.35733,-0.0656
-7.7754,-1.2122,226.72,-0.50954,2.36043,-0.06619
-7.7247,-1.3134,226.699,-0.51267,2.35693,-0.06656
-7.7542,-1.1734,226.734,-0.51178,2.35895,-0.06656
-7.6884,-1.1105,226.72,-0.50051,2.35906,-0.06812
-7.7387,-1.0777,226.643,-0.50514,2.36288,-0.0666
-7.6194,-1.197,226.744,-0.50514,2.35452,-0.06808
-7.6582,-1.2416,226.846,-0.50797,2.35823,-0.06926
-7.79,-1.192,226.601,-0.51238,2.36976,-0.0675
-7.7946,-1.1552,226.885,-0.50818,2.36142,-0.06816
-7.7686,-1.2855,227.065,-0.51373,2.35794,-0.06855
-7.9106,-1.0906,226.764,-0.51141,2.37204,-0.06365
-7.9121,-1.1718,226.912,-0.51067,2.3686,-0.06514
-7.9431,-1.2343,226.921,-0.50907,2.37269,-0.06561
-8.0485,-1.0383,226.684,-0.50934,2.37841,-0.06321
-8.0695,-1.0451,226.783,-0.50249,2.38191,-0.06252
-7.9917,-1.1284,226.85,-0.50404,2.37419,-0.06203
-8.1099,-1.1308,226.862,-0.50325,2.37984,-0.05922
-8.0963,-1.1495,226.803,-0.50507,2.38204,-0.05717
-8.0435,-1.3329,226.77,-0.50647,2.37712,-0.05573
-8.0508,-1.3201,226.706,-0.5081,2.37493,-0.05617
-8.0575,-1.3145,226.784,-0.50767,2.37212,-0.05867
-7.9556,-1.3804,226.97,-0.51214,2.36646,-0.06041
-8.032,-1.2442,226.936,-0.50858,2.36955,-0.05976
-8.082,-1.1851,226.878,-0.50986,2.37404,-0.05885
-7.9906,-1.1777,226.868,-0.50301,2.37464,-0.05781
-7.9403,-1.2026,226.858,-0.50584,2.37122,-0.05711
-7.9616,-1.2518,226.951,-0.51078,2.375,-0.05674
-8.0997,-1.0363,226.702,-0.50593,2.386,-0.05606
-8.0145,-1.1424,226.958,-0.50217,2.37459,-0.06001
-8.0322,-1.1361,227.008,-0.50383,2.37606,-0.06136
-8.0181,-1.2469,226.996,-0.50517,2.37723,-0.06034
-7.9673,-1.1919,227.069,-0.50268,2.38462,-0.05994
-7.8726,-1.1741,227.114,-0.49832,2.37658,-0.06127
-7.8295,-1.1822,227.203,-0.4968,2.37583,-0.06045
-7.713,-1.1854,227.291,-0.49682,2.37061,-0.06009
-7.6388,-1.2857,227.277,-0.50162,2.37431,-0.05781
-7.5862,-1.2024,227.179,-0.49755,2.3765,-0.05799
-7.4668,-1.2917,227.223,-0.51344,2.36415,-0.05636
-7.3112,-1.4158,227.075,-0.51899,2.35849,-0.05753
-7.3677,-1.2671,226.949,-0.51585,2.36071,-0.05909
-7.4241,-1.1165,226.844,-0.51101,2.36668,-0.05762
-7.2687,-1.1308,227.012,-0.50848,2.35972,-0.05755
-7.1566,-1.0697,226.961,-0.50496,2.35286,-0.0588
-7.1569,-0.9157,226.712,-0.50149,2.36601,-0.05706
-7.088,-0.963,226.952,-0.49557,2.35806,-0.06043
-7.0555,-1.2177,227.095,-0.50749,2.35431,-0.05849
-7.0939,-1.1719,226.973,-0.50613,2.36573,-0.05589
-7.0545,-1.0746,227.059,-0.50011,2.36208,-0.05749
-7.0952,-1.0539,226.932,-0.50148,2.36702,-0.05705
-7.133,-0.9692,226.867,-0.49723,2.36624,-0.05595
-7.1415,-1.0305,226.988,-0.49676,2.36294,-0.05631
-7.0836,-0.9386,227.344,-0.48373,2.35473,-0.06171
-7.102,-1.1387,227.268,-0.49546,2.35963,-0.06092
-7.2553,-1.0497,227.218,-0.49933,2.36899,-0.05729
-7.1708,-1.1637,227.237,-0.50306,2.35475,-0.05779
-7.205,-1.1923,227.18,-0.50411,2.35604,-0.05807
-7.3315,-1.2036,227.173,-0.50787,2.36127,-0.05774
-7.3966,-1.0836,227.161,-0.50014,2.35932,-0.05792
-7.4055,-1.1687,227.122,-0.49785,2.36213,-0.05779
-7.4495,-1.2147,227.133,-0.50304,2.36781,-0.05708
-7.4161,-1.2832,227.117,-0.50186,2.35836,-0.05905
-7.4481,-1.347,227.226,-0.50944,2.35557,-0.05817
-7.5422,-1.4042,227.018,-0.51559,2.36302,-0.05387
-7.6513,-1.3845,227.072,-0.51307,2.36388,-0.0532
-7.8053,-1.2682,227.124,-0.50587,2.37184,-0.05136
-7.7993,-1.4539,227.383,-0.51473,2.36544,-0.05235
-7.6566,-1.3565,227.103,-0.51462,2.3665,-0.05566
-7.6442,-1.4006,227.108,-0.51606,2.36531,-0.0589
-7.6255,-1.3627,226.958,-0.51833,2.36471,-0.06098
-7.6511,-1.4073,226.995,-0.51173,2.36088,-0.06686
-7.7248,-1.4678,226.982,-0.50833,2.36073,-0.0666
-7.4723,-2.289,219.265,-0.60633,2.36392,-0.05284
-6.854,-3.3118,210.065,-0.64269,2.34718,-0.04645
-7.7699,-3.0814,215.015,-0.63538,2.36921,-0.05078
-9.3221,-2.515,217.649,-0.61089,2.42055,-0.05278
-10.9766,-2.1233,215.482,-0.59307,2.49647,-0.04427
-12.6531,-1.862,209.278,-0.55733,2.5757,-0.04771
-14.9135,-1.8152,198.394,-0.55055,2.67833,-0.05373
-16.8432,-1.6581,185.169,-0.57059,2.7743,-0.05071
-17.408,0.4421,166.031,-0.60582,2.85918,-0.03591
-16.1062,2.6454,136.369,-0.8202,2.92415,-0.0014
-12.2796,5.4346,84.8652,-1.44825,3.02283,0.14328
-10.9879,9.3826,53.6909,-1.97583,3.07171,0.30691
-12.8305,22.8813,37.9124,-4.08941,3.12589,0.52768
-12.3739,45.1068,37.2417,-4.67568,2.71122,0.29349
-18.3641,24.8116,80.7572,-2.0487,2.92741,0.25191
-20.9553,15.6683,123.545,-1.19452,2.92739,0.19002
-19.0468,7.2506,168.419,-0.63915,2.79976,0.03849
-15.1143,1.1148,204.04,-0.48063,2.61142,-0.10202
-12.2804,0.3891,221.05,-0.3875,2.51764,-0.13257
-11.4644,-0.2069,225.519,-0.3854,2.4954,-0.114
-11.5805,-0.71,226.486,-0.42582,2.50722,-0.07154
-11.3648,-1.1445,226.998,-0.47483,2.51141,-0.03653
-11.0372,-1.2925,226.947,-0.50234,2.50547,-0.0181
-10.8085,-1.4645,226.696,-0.52357,2.49549,-0.01104
-10.4632,-1.6102,225.866,-0.54752,2.495,-0.00633
-9.8965,-1.6704,224.93,-0.5631,2.46713,-0.01206
-9.5231,-1.7291,224.645,-0.57025,2.45885,-0.01067
-8.6653,-2.3243,224.638,-0.60003,2.43129,-0.01287
-8.6094,-2.1185,224.742,-0.59259,2.43413,-0.01995
-8.7748,-2.051,224.84,-0.59692,2.44514,-0.01997
-8.9134,-1.8889,225.167,-0.59767,2.46553,-0.02113
-8.7465,-1.5164,225.455,-0.58078,2.47253,-0.03695
-8.6083,-1.2871,225.447,-0.56905,2.47027,-0.04401
-8.4147,-1.0136,225.517,-0.54444,2.46321,-0.05131
-7.8755,-1.1209,225.466,-0.53837,2.43805,-0.05084
-7.4016,-1.1375,225.649,-0.52868,2.42734,-0.05704
-7.064,-1.3358,225.876,-0.52991,2.41063,-0.06124
-7.025,-1.3494,225.975,-0.52177,2.4092,-0.05676
-7.1609,-1.3534,225.922,-0.5262,2.39267,-0.0437
-7.2973,-1.4246,225.947,-0.53478,2.3792,-0.03375
-7.2225,-1.3604,226.075,-0.52227,2.42351,-0.03903
-7.1148,-1.4025,226.514,-0.50856,2.44337,-0.0519
-7.4091,-1.47,226.362,-0.51755,2.43774,-0.04865
-7.6911,-1.4038,226.496,-0.51466,2.44246,-0.04185
-7.8198,-1.3307,226.443,-0.51418,2.44877,-0.04016
-7.8513,-1.4159,226.606,-0.51029,2.45329,-0.04244
-7.9158,-1.3155,226.484,-0.51051,2.4651,-0.04344
-7.8099,-1.3631,226.528,-0.50198,2.4658,-0.04643
-7.9464,-1.4771,226.615,-0.51139,2.46134,-0.04619
-8.1339,-1.5121,226.536,-0.51486,2.46683,-0.04185
-8.3006,-1.4786,226.602,-0.51572,2.4742,-0.03744
-8.1633,-1.4498,226.722,-0.50625,2.47312,-0.0407
-8.1524,-1.4851,226.726,-0.50691,2.47401,-0.0412
-8.1958,-1.5367,226.853,-0.50743,2.47479,-0.04198
-8.2461,-1.5725,226.917,-0.50495,2.47687,-0.04041
-8.2464,-1.5592,226.893,-0.50551,2.48022,-0.0392
-8.2066,-1.6709,226.851,-0.51127,2.4785,-0.03755
-8.1797,-1.8068,227.116,-0.51135,2.47039,-0.03764
-8.3169,-1.6809,226.874,-0.50692,2.47547,-0.03486
-8.4293,-1.6535,226.861,-0.51471,2.47442,-0.03199
-8.3955,-1.6702,226.821,-0.51082,2.47399,-0.03115
-8.4199,-1.7501,227.007,-0.50659,2.4749,-0.03289
-8.4805,-1.771,226.989,-0.50801,2.47877,-0.03033
-8.4733,-1.8162,226.999,-0.51039,2.47653,-0.02847
-8.5171,-1.6525,227.011,-0.50265,2.48422,-0.02949
-8.4532,-1.8147,227.148,-0.50614,2.48268,-0.03
-8.515,-1.7822,227.106,-0.5107,2.48862,-0.02845
-8.5341,-1.7485,227.064,-0.50786,2.49492,-0.02673
-8.5375,-1.8373,227.169,-0.50987,2.49767,-0.02677
-8.5742,-1.8292,227.119,-0.51381,2.49762,-0.02408
-8.5541,-1.7168,227.048,-0.50628,2.50231,-0.02308
-8.6183,-1.6241,227.001,-0.50885,2.50975,-0.0232
-8.6034,-1.8065,227.06,-0.51734,2.50694,-0.02087
-8.6275,-1.7731,227.042,-0.51525,2.50636,-0.01812
-8.702,-1.7425,227.075,-0.51625,2.50772,-0.01777
-8.681,-1.7505,227.085,-0.51821,2.5069,-0.01728
-8.6749,-1.6978,227.026,-0.51119,2.51207,-0.01781
-8.6661,-1.6489,226.937,-0.51082,2.51613,-0.01618
-8.6804,-1.6545,226.986,-0.50824,2.5231,-0.01518
-8.6232,-1.7126,227.147,-0.50444,2.51742,-0.01654
-8.683,-1.6463,227.007,-0.51075,2.51938,-0.01562
-8.692,-1.7218,226.949,-0.51545,2.51215,-0.01472
-8.7258,-1.7179,226.878,-0.51986,2.50367,-0.01272
-8.6956,-1.7831,226.923,-0.51944,2.4927,-0.01245
-8.68,-1.739,226.807,-0.52301,2.48821,-0.01104
-8.6386,-1.7881,226.932,-0.52487,2.48524,-0.01139
-8.5702,-1.7599,226.784,-0.52536,2.48442,-0.01011
-8.5515,-1.7663,226.895,-0.52974,2.47916,-0.00977
-8.6053,-1.6875,226.748,-0.52821,2.47973,-0.00849
-8.54,-1.7225,226.933,-0.52537,2.47043,-0.00865
-8.531,-1.6133,226.895,-0.51477,2.48316,-0.00755
-8.6223,-1.6229,226.851,-0.51941,2.49368,-0.00642
-8.7022,-1.6542,227.104,-0.51874,2.49829,-0.00971
-8.8286,-1.7723,227.119,-0.52947,2.50327,-0.01207
-8.8326,-1.6867,227.115,-0.52069,2.50614,-0.01743
-8.7487,-1.5056,227.211,-0.50226,2.50576,-0.02277
-8.5429,-1.5675,227.242,-0.49827,2.49348,-0.02382
-8.4192,-1.5071,227.074,-0.48852,2.486,-0.02577
-8.3875,-1.5944,227.12,-0.49274,2.48222,-0.02864
-8.3196,-1.5414,227.17,-0.48522,2.47083,-0.03232
-8.357,-1.4651,227.242,-0.4831,2.46205,-0.03353
-8.3834,-1.5115,227.179,-0.48702,2.4644,-0.03121
-8.3976,-1.4852,227.248,-0.4849,2.46216,-0.03149
-8.3036,-1.6364,227.385,-0.4863,2.45723,-0.03342
-8.3361,-1.4983,227.362,-0.48589,2.46191,-0.03196
-8.2723,-1.5744,227.329,-0.48456,2.45687,-0.03145
-8.231,-1.6154,227.376,-0.48569,2.45717,-0.03336
-8.2123,-1.5397,227.237,-0.47839,2.45399,-0.03274
-8.215,-1.5246,227.319,-0.47689,2.45671,-0.03192
-8.2112,-1.5597,227.479,-0.47372,2.45436,-0.03137
-8.2346,-1.6201,227.514,-0.47479,2.45173,-0.02839
-8.38,-1.5952,227.459,-0.47533,2.45667,-0.02426
-8.4382,-1.4558,227.324,-0.47651,2.46371,-0.02094
-8.4585,-1.5279,227.34,-0.47603,2.4616,-0.01962
-8.4327,-1.5129,227.185,-0.47821,2.45995,-0.01814
-8.4209,-1.6161,227.369,-0.47994,2.455,-0.01866
-8.5281,-1.4248,227.237,-0.47158,2.46566,-0.01722
-8.5394,-1.5865,227.344,-0.4761,2.46495,-0.01904
-8.5697,-1.5776,227.258,-0.47977,2.46402,-0.01651
-8.5256,-1.6029,227.304,-0.48304,2.462,-0.0161
-8.6167,-1.5711,227.35,-0.47965,2.46492,-0.01579
-8.6191,-1.5786,227.32,-0.47592,2.47174,-0.01463
-8.5841,-1.6974,227.448,-0.47544,2.48201,-0.01404
-8.6221,-1.6482,227.572,-0.47776,2.48486,-0.01663
-8.5477,-1.7249,227.548,-0.47313,2.48002,-0.01654
-8.6177,-1.679,227.548,-0.46986,2.4869,-0.01772
-8.616,-1.6783,227.43,-0.46856,2.48588,-0.01894
-8.6222,-1.5955,227.515,-0.46498,2.48893,-0.02125
-8.6486,-1.5602,227.559,-0.46402,2.48887,-0.02255
-8.6922,-1.4376,227.431,-0.45917,2.4932,-0.02201
-8.6771,-1.3667,227.469,-0.45462,2.49309,-0.0239
-8.685,-1.4733,227.537,-0.45589,2.49136,-0.02487
-8.7621,-1.5564,227.625,-0.45986,2.48564,-0.02506
-8.7788,-1.544,227.527,-0.46209,2.48831,-0.02465
-8.7444,-1.5044,227.501,-0.45878,2.48323,-0.02503
-8.8021,-1.5238,227.436,-0.45848,2.48424,-0.0234
-8.8184,-1.4174,227.379,-0.45421,2.48014,-0.02216
-8.8214,-1.4642,227.367,-0.45777,2.47785,-0.02083
-8.8739,-1.3729,227.283,-0.46078,2.4788,-0.02127
-8.8131,-1.4453,227.515,-0.45709,2.46885,-0.02292
-8.809,-1.511,227.65,-0.45679,2.46687,-0.02447
-8.7792,-1.4715,227.606,-0.45641,2.46452,-0.02406
-8.862,-1.3895,227.667,-0.45252,2.47376,-0.02487
-8.8185,-1.454,227.751,-0.45594,2.46574,-0.02505
-8.8935,-1.4201,227.501,-0.46389,2.47648,-0.02102
-8.8941,-1.4061,227.542,-0.45857,2.47198,-0.02399
-8.8594,-1.4312,227.635,-0.45589,2.46655,-0.02446
-8.8967,-1.3706,227.588,-0.45582,2.46798,-0.02323
-8.8702,-1.4762,227.678,-0.45855,2.46447,-0.02458
-8.8943,-1.3906,227.425,-0.45901,2.46601,-0.02307
-8.9523,-1.3477,227.474,-0.46333,2.46605,-0.0225
-8.8847,-1.4638,227.647,-0.46482,2.46125,-0.0236
-8.9223,-1.4467,227.472,-0.46773,2.46232,-0.02118
-8.9353,-1.4413,227.428,-0.46756,2.46316,-0.01986
-8.8954,-1.3646,227.398,-0.46983,2.46656,-0.02044
-8.9097,-1.2356,227.429,-0.46405,2.46926,-0.02094
-8.8477,-1.4298,227.511,-0.47122,2.4634,-0.01996
-8.8478,-1.3446,227.541,-0.47029,2.4688,-0.01962
-8.874,-1.3353,227.479,-0.47151,2.47001,-0.01762
-8.8393,-1.3252,227.542,-0.47479,2.46545,-0.01844
-8.7953,-1.3716,227.526,-0.47446,2.45985,-0.01827
-8.8684,-1.3276,227.485,-0.48197,2.46266,-0.01779
-8.8803,-1.3008,227.564,-0.48468,2.46034,-0.01416
-8.701,-1.3607,227.663,-0.48662,2.45615,-0.00883
-8.7548,-1.338,227.573,-0.49047,2.45798,-0.00456
-8.7194,-1.3294,227.664,-0.48765,2.46183,-0.00391
-8.7732,-1.1293,227.609,-0.48031,2.46786,-0.00343
-8.6902,-1.1111,227.801,-0.47596,2.46738,-0.00763
-8.7632,-1.0778,227.745,-0.47505,2.47559,-0.01197
-8.9068,-1.1643,227.691,-0.47271,2.48951,-0.01616
-8.8966,-1.3278,227.895,-0.46775,2.48683,-0.02077
-8.9288,-1.2729,227.772,-0.46639,2.4856,-0.0216
-8.8481,-1.4814,227.87,-0.4663,2.47966,-0.02295
-8.8577,-1.5163,227.703,-0.46777,2.48318,-0.02121
-8.9359,-1.3959,227.598,-0.46365,2.49065,-0.02099
-8.9257,-1.373,227.718,-0.4595,2.48872,-0.02168
-8.9133,-1.4347,227.664,-0.46193,2.48656,-0.02239
-8.8964,-1.4486,227.671,-0.46037,2.49053,-0.02126
-8.8677,-1.4952,227.707,-0.46,2.48533,-0.02048
-8.8795,-1.4697,227.634,-0.46452,2.49107,-0.01991
-8.8603,-1.3865,227.657,-0.45551,2.49059,-0.02003
-8.8806,-1.3307,227.447,-0.45938,2.49883,-0.01851
-8.9,-1.3639,227.505,-0.46348,2.49451,-0.01717
-8.8216,-1.4177,227.607,-0.46703,2.49697,-0.01852
-8.8372,-1.3507,227.562,-0.46491,2.49438,-0.01979
-8.7935,-1.3975,227.792,-0.46565,2.49309,-0.02099
-8.7739,-1.4493,227.92,-0.46522,2.48267,-0.02065
-8.8826,-1.4161,227.718,-0.47521,2.49203,-0.01664
-8.8961,-1.3179,227.66,-0.47271,2.49546,-0.01515
-8.8861,-1.3517,227.831,-0.47165,2.4903,-0.01601
-8.8708,-1.3382,227.666,-0.47326,2.48961,-0.01288
-8.8968,-1.3226,227.676,-0.47141,2.4933,-0.01216
-8.9371,-1.2455,227.747,-0.46837,2.49331,-0.01388
-8.9678,-1.2658,227.658,-0.46913,2.49949,-0.0132
-8.9335,-1.2699,227.641,-0.46684,2.50199,-0.01524
-8.8866,-1.3949,227.737,-0.4695,2.49218,-0.01619
-8.903,-1.3029,227.724,-0.46269,2.49632,-0.01793
-8.8635,-1.3568,227.799,-0.46311,2.48904,-0.01824
-8.9301,-1.2888,227.792,-0.46109,2.49662,-0.01832
-8.9429,-1.2796,227.692,-0.4625,2.49883,-0.01897
-8.9323,-1.4337,227.822,-0.47033,2.49418,-0.01648
-8.9437,-1.2929,227.61,-0.46303,2.49835,-0.01606
-8.9098,-1.3194,227.759,-0.46266,2.49176,-0.01627
-8.9627,-1.3015,227.736,-0.4655,2.4976,-0.01626
-8.9373,-1.3302,227.729,-0.46612,2.48874,-0.0152
-8.9337,-1.2951,227.761,-0.46844,2.48993,-0.01557
-8.9038,-1.4025,227.882,-0.47671,2.48662,-0.01451
-8.9568,-1.3475,227.696,-0.47888,2.48912,-0.01313
-8.9754,-1.2629,227.613,-0.47079,2.49066,-0.01282
-8.9552,-1.278,227.911,-0.46498,2.48543,-0.01399
-8.9084,-1.4033,227.839,-0.47296,2.48605,-0.01406
-8.8911,-1.3847,227.789,-0.47459,2.4853,-0.01354
-8.842,-1.3771,227.877,-0.46643,2.48482,-0.01685
-8.9438,-1.2451,227.587,-0.46779,2.4962,-0.01413
-8.9617,-1.263,227.686,-0.4673,2.48823,-0.01535
-8.9694,-1.2375,227.565,-0.46698,2.49387,-0.01423
-8.8847,-1.4171,227.653,-0.47449,2.48653,-0.01448
-8.976,-1.2835,227.577,-0.47325,2.4932,-0.01308
-8.9084,-1.3932,227.621,-0.47266,2.48956,-0.01466
-8.9434,-1.3242,227.658,-0.47283,2.49068,-0.01543
-8.9655,-1.274,227.584,-0.47123,2.49194,-0.01459
-8.8471,-1.4906,227.791,-0.47143,2.47595,-0.01566
-8.8831,-1.4464,227.889,-0.47307,2.48096,-0.01578
-8.9596,-1.3165,227.649,-0.46779,2.4872,-0.01555
-9.0181,-1.2598,227.627,-0.47074,2.4888,-0.01426
-8.8992,-1.3575,227.883,-0.46356,2.47688,-0.01759
-8.9221,-1.3751,227.777,-0.4738,2.48148,-0.0144
-8.9379,-1.3974,227.842,-0.47701,2.4859,-0.01554
-8.9406,-1.3076,227.772,-0.46939,2.48973,-0.01695
-8.9479,-1.3182,227.797,-0.47465,2.4927,-0.01555
-8.8604,-1.3048,227.791,-0.46911,2.48384,-0.01884
-8.7852,-1.4254,228.083,-0.46839,2.47992,-0.02062
-8.8954,-1.2291,227.917,-0.46516,2.49429,-0.01708
-8.8251,-1.3091,227.995,-0.46649,2.48804,-0.01807
-8.7943,-1.2435,228.103,-0.46354,2.49141,-0.01535
-8.7841,-1.2425,228.216,-0.46663,2.49986,-0.01425
-8.8085,-1.1691,228.18,-0.46829,2.50391,-0.00995
-8.7417,-1.0789,227.835,-0.46479,2.50247,-0.00735
-8.6898,-1.2385,227.8,-0.46304,2.49367,-0.00861
-8.5367,-1.1462,227.94,-0.45826,2.49204,-0.0103
-8.4742,-1.0242,227.826,-0.45407,2.4898,-0.01039
-8.3319,-1.0001,228.017,-0.44802,2.47504,-0.01641
-8.2862,-0.8325,227.901,-0.44613,2.47155,-0.01955
-8.1505,-0.8167,227.825,-0.44316,2.46269,-0.0251
-8.1418,-0.8133,227.989,-0.43888,2.46053,-0.03032
-8.1507,-0.9282,227.959,-0.43777,2.4593,-0.03571
-8.3631,-0.8261,227.955,-0.43186,2.47087,-0.04105
-8.4759,-0.767,227.892,-0.42536,2.47041,-0.04786
-8.4712,-0.9653,227.994,-0.43148,2.46258,-0.05085
-8.433,-0.9397,227.959,-0.42526,2.4546,-0.05514
-8.5455,-0.9421,227.783,-0.43103,2.45918,-0.05483
-8.5476,-1.0283,227.773,-0.43303,2.45608,-0.05924
-8.6003,-0.9663,227.73,-0.42889,2.46018,-0.06309
-8.6927,-0.9124,227.594,-0.42614,2.45796,-0.06414
-8.7015,-1.0401,227.414,-0.44113,2.45057,-0.06101
-8.7335,-1.0957,227.524,-0.43692,2.44219,-0.05858
-8.7925,-1.1782,227.291,-0.44691,2.44666,-0.05126
-8.8435,-1.2537,227.303,-0.45273,2.43769,-0.04741
-8.9689,-1.3895,227.371,-0.45872,2.44155,-0.043
-9.0606,-1.2154,227.143,-0.4555,2.44974,-0.03919
-8.9009,-1.4531,227.401,-0.45941,2.43856,-0.03938
-8.9247,-1.4696,227.243,-0.472,2.44185,-0.03425
-8.9681,-1.4847,227.322,-0.47292,2.44558,-0.03181
-8.9237,-1.4372,227.514,-0.47614,2.44762,-0.02894
-8.8518,-1.4483,227.631,-0.47408,2.44516,-0.03005
-8.8456,-1.3806,227.577,-0.47959,2.45091,-0.02901
-8.8772,-1.1495,227.359,-0.47048,2.46079,-0.02942
-8.8128,-1.3264,227.636,-0.47084,2.45537,-0.03087
-8.8625,-1.2405,227.564,-0.47203,2.45573,-0.02977
-8.9634,-1.2084,227.568,-0.47202,2.4662,-0.02901
-8.9992,-1.3661,227.788,-0.47275,2.46952,-0.0284
-9.0136,-1.3406,227.942,-0.47065,2.47849,-0.02601
-9.007,-1.3984,227.899,-0.47552,2.48603,-0.02442
-8.8705,-1.4094,227.97,-0.47474,2.4866,-0.02447
-8.8787,-1.2094,227.873,-0.46197,2.50324,-0.02267
-8.7879,-1.2757,228.131,-0.45961,2.50322,-0.02296
-8.7975,-1.1486,228.151,-0.45289,2.51467,-0.02367
-8.7198,-1.1874,228.286,-0.44541,2.51804,-0.02651
-8.7008,-1.3135,228.187,-0.45495,2.51636,-0.02433
-8.8094,-1.3391,228.107,-0.46017,2.52358,-0.0245
-8.4344,-0.9258,228.297,-0.44583,2.49922,-0.02465
-7.6376,0.2953,228.823,-0.42128,2.48762,-0.02579
-8.2098,0.0772,228.023,-0.42859,2.48855,-0.02645
-8.7515,-1.038,227.776,-0.46142,2.48286,-0.02816
-8.9823,-1.3002,227.626,-0.46532,2.48681,-0.03007
-8.9499,-1.4913,227.492,-0.47129,2.47697,-0.02973
-9.0021,-1.4591,227.563,-0.4648,2.4765,-0.03007
-8.9296,-1.4742,227.676,-0.46089,2.48324,-0.02748
-9.0051,-1.2784,227.727,-0.44598,2.49124,-0.02774
-8.9729,-1.3799,227.71,-0.45178,2.48874,-0.02662
-9.0389,-1.3434,227.613,-0.45284,2.4882,-0.02288
-9.0125,-1.353,227.663,-0.4554,2.48888,-0.0201
-9.0828,-1.2988,227.677,-0.45685,2.49287,-0.01849
-9.0306,-1.4347,227.79,-0.46265,2.489,-0.01824
-9.0197,-1.448,227.784,-0.46186,2.48736,-0.01826
-9.0326,-1.3483,227.678,-0.45772,2.48931,-0.01604
-9.0291,-1.3825,227.817,-0.46174,2.49059,-0.01403
-9.0151,-1.3754,227.845,-0.46499,2.49614,-0.0114
-8.9594,-1.4297,227.884,-0.46881,2.49146,-0.00953
-8.9246,-1.5997,227.834,-0.47834,2.48447,-0.00853
-8.8601,-1.626,227.816,-0.4731,2.47842,-0.01034
-8.9349,-1.4946,227.716,-0.47263,2.48545,-0.00875
-8.9422,-1.4408,227.794,-0.46808,2.48442,-0.00954
-8.8519,-1.4453,227.823,-0.46825,2.48211,-0.00894
-8.8329,-1.4606,227.815,-0.47427,2.47337,-0.00691
-8.8869,-1.2963,227.963,-0.46542,2.47811,-0.00535
-8.8508,-1.206,227.778,-0.46467,2.48319,-0.00296
-8.827,-1.1668,227.821,-0.46161,2.4766,-0.00754
-8.9373,-0.9382,227.742,-0.45655,2.47906,-0.0154
-8.922,-1.0009,227.846,-0.45416,2.48068,-0.01885
-8.9115,-1.0133,227.816,-0.45198,2.47993,-0.02236
-8.9024,-0.9609,227.815,-0.44952,2.4829,-0.02505
-8.8941,-0.8787,227.784,-0.44669,2.48054,-0.02696
-8.8138,-0.9437,227.862,-0.44392,2.47716,-0.02974
-8.8008,-0.9634,227.84,-0.44354,2.47243,-0.03146
-8.8308,-1.0541,227.857,-0.44853,2.47676,-0.03205
-8.7385,-1.1861,227.935,-0.45284,2.47271,-0.0318
-8.596,-1.1847,227.964,-0.45066,2.47306,-0.02812
-8.431,-1.2253,227.991,-0.45631,2.46314,-0.02609
-8.2646,-1.2188,228,-0.4538,2.46257,-0.02522
-7.9413,-1.3839,228.162,-0.46174,2.44811,-0.02631
-7.738,-1.3735,228.088,-0.46142,2.44294,-0.02673
-7.6581,-1.1966,228.141,-0.45208,2.44038,-0.02787
-7.5344,-1.1626,228.151,-0.4474,2.43311,-0.03387
-7.5675,-1.1962,228.294,-0.44805,2.43077,-0.04168
-7.6979,-1.1647,228.19,-0.44759,2.43224,-0.04417
-7.7055,-1.3353,228.389,-0.45167,2.42634,-0.0471
-7.8096,-1.1859,228.056,-0.45196,2.42539,-0.04493
-7.7499,-1.1602,228.021,-0.45803,2.42164,-0.04625
-7.6586,-1.1611,228.004,-0.45873,2.42146,-0.04908
-7.5801,-1.0808,227.85,-0.45784,2.41641,-0.05285
-7.5014,-1.1431,227.609,-0.46811,2.41567,-0.05422
-7.4192,-1.2347,227.551,-0.4749,2.41015,-0.05611
-7.4003,-1.3258,227.432,-0.4874,2.40132,-0.05851
-7.5041,-1.1245,227.289,-0.48606,2.40834,-0.05982
-7.4894,-1.0808,227.258,-0.48595,2.40453,-0.0622
-7.5387,-1.2675,227.328,-0.4996,2.39353,-0.06122
-7.7064,-1.1433,227.16,-0.50056,2.39686,-0.05683
-7.7738,-1.2015,226.955,-0.51263,2.39505,-0.05073
-7.7991,-1.2167,227.02,-0.51762,2.39202,-0.05228
-7.6831,-1.3042,227.134,-0.52137,2.3847,-0.05538
-7.7614,-1.0933,226.911,-0.51867,2.39926,-0.05554
-7.6364,-1.1191,227.035,-0.51974,2.39645,-0.05617
-7.5607,-1.2176,227.033,-0.52807,2.39924,-0.05554
-7.4523,-1.2018,227.093,-0.52708,2.40189,-0.05564
-7.5245,-1.0519,226.876,-0.52554,2.40686,-0.0534
-7.4135,-1.1584,227.006,-0.5352,2.40194,-0.05246
-7.3234,-1.0819,226.915,-0.52954,2.39766,-0.04802
-7.4101,-1.2067,226.745,-0.54036,2.39609,-0.04306
-7.4934,-1.2227,226.812,-0.54627,2.40076,-0.04148
-7.6653,-1.5072,227.376,-0.56009,2.42431,-0.03745
-7.6709,-1.6677,227.67,-0.56578,2.42148,-0.03626
-7.6303,-1.5226,227.421,-0.54771,2.4119,-0.03357
-7.7904,-1.2885,227.039,-0.53605,2.40506,-0.03212
-7.7684,-1.2319,227.021,-0.53545,2.39579,-0.0366
-7.7605,-1.1687,226.862,-0.53801,2.39256,-0.04266
-7.7108,-1.1643,226.676,-0.53627,2.38683,-0.05106
-7.7816,-1.1,226.675,-0.53148,2.39182,-0.05646
-7.7383,-1.2097,226.669,-0.53101,2.39037,-0.05843
-7.7129,-1.1767,226.681,-0.52801,2.38793,-0.06038
-7.8217,-1.092,226.58,-0.534,2.40439,-0.06828
-7.8892,-0.9585,226.576,-0.53104,2.41185,-0.07999
-7.8358,-1.1144,226.581,-0.5351,2.4025,-0.09006
-7.902,-1.0231,226.296,-0.52722,2.39542,-0.09262
-7.7866,-0.9192,226.161,-0.52258,2.38734,-0.09016
-7.5056,-1.0883,226.345,-0.52184,2.37234,-0.09043
-7.2474,-1.0055,226.158,-0.52023,2.3666,-0.09196
-7.1208,-0.8098,225.956,-0.5149,2.35999,-0.0929
-6.9688,-0.8596,226.356,-0.52002,2.35152,-0.09143
-7.1641,-0.7337,226.538,-0.51717,2.36672,-0.08943
-7.2545,-0.6415,226.309,-0.52173,2.36956,-0.08447
-7.1273,-0.8006,226.35,-0.52012,2.35955,-0.08214
-7.1412,-0.8981,226.484,-0.51518,2.36025,-0.07628
-7.3301,-0.9912,226.36,-0.52146,2.36937,-0.06655
-7.3889,-1.1995,226.582,-0.52406,2.36489,-0.06295
-7.5412,-1.4797,226.81,-0.52356,2.36259,-0.06157
-7.8212,-1.4757,226.842,-0.52459,2.37331,-0.05545
-8.1136,-1.5048,227.033,-0.52557,2.37837,-0.04985
-8.4037,-1.6766,227.293,-0.52773,2.38873,-0.04429
-8.6837,-1.7389,227.33,-0.53734,2.40309,-0.04016
-9.016,-1.6373,227.266,-0.53789,2.42551,-0.03478
-9.1027,-1.9395,227.567,-0.54777,2.42011,-0.03176
-9.2525,-1.8907,227.644,-0.54016,2.41685,-0.03014
-9.4575,-1.7027,227.546,-0.52751,2.42192,-0.02811
-9.3925,-1.8248,227.522,-0.52496,2.40817,-0.02874
-9.3881,-1.5894,227.458,-0.51531,2.40958,-0.02618
-9.152,-1.4856,227.346,-0.51168,2.40518,-0.02608
-8.776,-1.5242,227.292,-0.51588,2.39443,-0.02682
-8.5098,-1.5696,227.509,-0.5167,2.38367,-0.0299
-8.3529,-1.5622,227.222,-0.52372,2.39196,-0.02829
-8.1835,-1.5247,227.362,-0.52196,2.38402,-0.03025
-8.0263,-1.587,227.474,-0.52597,2.37948,-0.03186
-8.0744,-1.3991,227.335,-0.5159,2.37466,-0.03363
-8.1136,-1.2871,227.332,-0.50877,2.38053,-0.03297
-7.9927,-1.5124,227.34,-0.50485,2.372,-0.03243
-8.0291,-1.6572,227.511,-0.50672,2.37058,-0.0306
-8.1115,-1.71,227.278,-0.51556,2.37966,-0.02536
-8.1036,-1.6061,227.36,-0.50345,2.37931,-0.02715
-7.9745,-1.6474,227.38,-0.50461,2.3682,-0.02955
-7.9978,-1.6717,227.296,-0.50733,2.37116,-0.02802
-8.0461,-1.6226,227.269,-0.50467,2.3711,-0.02837
-8.0278,-1.609,227.159,-0.50771,2.3717,-0.02707
-8.0552,-1.5865,227.082,-0.50659,2.37291,-0.02584
-8.0301,-1.7812,227.009,-0.51387,2.3728,-0.02381
-8.0559,-2.0787,227.144,-0.52721,2.36552,-0.02224
-8.181,-2.1911,227.06,-0.52855,2.36884,-0.01584
-8.2562,-2.3059,227.102,-0.52472,2.36956,-0.01062
-8.2888,-2.3039,227.131,-0.52678,2.37713,-0.00527
-8.21,-2.3689,227.172,-0.52875,2.37457,-0.00364
-8.1619,-2.245,227.2,-0.52668,2.38333,-0.0041
-8.062,-2.2717,227.308,-0.52669,2.37764,-0.00682
-8.0543,-2.1958,227.331,-0.52611,2.3811,-0.0066
-8.0004,-2.179,227.513,-0.5219,2.38016,-0.00891
-8.1167,-2.0591,227.492,-0.51858,2.3876,-0.01025
-8.2578,-1.7829,227.568,-0.50429,2.39424,-0.01461
-8.2742,-1.6743,227.608,-0.50303,2.39818,-0.02024
-8.1751,-1.6223,228.238,-0.48883,2.39779,-0.03142
-8.0294,-1.6917,228.373,-0.48812,2.39505,-0.03217
-8.1192,-1.6708,227.947,-0.49957,2.3964,-0.03076
-8.106,-1.7344,227.806,-0.50501,2.3907,-0.03263
-8.1967,-1.6119,227.733,-0.50458,2.40237,-0.02796
-8.1713,-1.7206,228.026,-0.4962,2.39359,-0.02815
-8.2621,-1.7503,227.922,-0.4946,2.39679,-0.02882
-8.449,-1.7159,227.903,-0.49738,2.4006,-0.0284
-8.556,-1.7688,227.773,-0.49951,2.40893,-0.02675
-8.6136,-1.9313,227.776,-0.51029,2.40772,-0.02485
-8.6827,-2.1256,227.659,-0.52417,2.41292,-0.0202
-8.8756,-2.5126,227.645,-0.54475,2.41721,-0.01728
-9.1162,-2.7143,227.58,-0.54931,2.41719,-0.01318
-9.1134,-2.5943,227.515,-0.53992,2.42518,-0.00725
-9.0336,-2.7553,227.698,-0.55225,2.42203,-0.00259
-8.9962,-2.7177,227.658,-0.55047,2.41747,-0.00149
-9.0462,-2.5709,227.653,-0.55006,2.42054,-0.00257
-9.0421,-2.4117,227.503,-0.54212,2.41943,-0.00676
-8.9693,-2.2395,227.557,-0.53807,2.41454,-0.01119
-9.1259,-1.9631,227.388,-0.52652,2.42113,-0.01685
-9.1984,-1.7567,227.38,-0.51339,2.42813,-0.02485
-9.1385,-1.9049,227.68,-0.52171,2.42114,-0.02831
-9.1242,-1.7363,227.754,-0.50664,2.42224,-0.03057
-9.1582,-1.7351,227.688,-0.51379,2.42005,-0.02673
-9.1106,-1.6033,227.826,-0.50533,2.42075,-0.02669
-9.0396,-1.5981,227.783,-0.50916,2.41304,-0.0266
-9.0581,-1.4105,227.786,-0.49984,2.4118,-0.02748
-9.0793,-1.4476,227.987,-0.50354,2.41017,-0.03169
-9.3667,-1.3342,227.815,-0.51294,2.43223,-0.03104
-9.3234,-1.2894,227.701,-0.51117,2.43019,-0.03243
-9.2619,-1.4728,227.812,-0.51758,2.42608,-0.03354
-9.0695,-1.6897,227.975,-0.5212,2.41211,-0.0367
-9.1555,-1.4335,227.743,-0.51646,2.42415,-0.03466
-9.0732,-1.3998,227.631,-0.51889,2.42296,-0.03368
-8.8446,-1.6951,227.725,-0.52491,2.41264,-0.0316
-8.759,-1.8345,227.685,-0.52612,2.41503,-0.02951
-8.7241,-1.8235,227.781,-0.53436,2.40988,-0.03038
-8.6809,-1.7275,227.495,-0.52941,2.41085,-0.02997
-8.6435,-1.8397,227.595,-0.53296,2.40809,-0.03075
-8.6989,-1.95,227.257,-0.54575,2.41138,-0.02854
-8.5599,-1.917,227.284,-0.53757,2.40718,-0.03107
-8.4907,-2.0638,227.289,-0.54539,2.39758,-0.02921
-8.5641,-1.9878,227.305,-0.54226,2.40085,-0.0277
-8.646,-2.1248,227.304,-0.5475,2.40024,-0.02505
-8.6037,-2.0874,227.319,-0.54104,2.39422,-0.02736
-8.5123,-2.0643,227.503,-0.53815,2.38648,-0.02845
-8.6204,-1.9262,227.361,-0.52422,2.38917,-0.02757
-8.8446,-1.9172,227.328,-0.52234,2.39358,-0.02521
-8.9652,-2.0481,227.369,-0.52485,2.39816,-0.02383
-9.1082,-2.0149,227.253,-0.51872,2.40552,-0.02002
-9.209,-2.0042,227.363,-0.51137,2.40863,-0.02095
-9.2542,-2.1477,227.495,-0.51286,2.40303,-0.022
-9.4816,-1.8765,227.394,-0.49998,2.41777,-0.0171
-9.8052,-1.759,227.353,-0.49278,2.42719,-0.01409
-9.8241,-2.1016,227.616,-0.50121,2.42102,-0.01472
-9.8249,-2.027,227.769,-0.48816,2.42303,-0.02465
-9.9242,-1.6022,227.61,-0.47815,2.43355,-0.03019
-9.7424,-1.4442,228.022,-0.45869,2.43136,-0.04167
-9.7051,-1.106,228.063,-0.44685,2.43266,-0.05005
-9.6247,-0.9845,227.994,-0.44435,2.43184,-0.04434
-9.543,-1.2133,227.983,-0.45534,2.42626,-0.04517
-9.2936,-1.3136,228.088,-0.46463,2.41753,-0.04305
-8.9447,-1.4272,228.069,-0.471,2.40721,-0.03808
-8.639,-1.5224,227.979,-0.48183,2.39734,-0.04093
-8.3179,-1.5704,228.044,-0.48545,2.38779,-0.04297
-8.1764,-1.5263,227.996,-0.49076,2.38984,-0.04208
-8.0526,-1.6043,227.871,-0.49673,2.38667,-0.03742
-8.1715,-1.8151,227.703,-0.51225,2.39168,-0.03281
-8.274,-1.4957,227.574,-0.50148,2.40016,-0.03329
-8.4128,-1.3592,227.278,-0.49889,2.40899,-0.04068
-8.1678,-1.3545,227.571,-0.48818,2.39492,-0.05285
-8.0643,-1.1741,227.529,-0.48398,2.39536,-0.05544
-8.1054,-1.0894,227.499,-0.48638,2.38863,-0.05564
-8.2716,-1.1358,227.553,-0.48011,2.39501,-0.05286
-8.3228,-1.1367,227.628,-0.48008,2.39714,-0.05202
-8.4434,-1.0954,227.493,-0.48493,2.40283,-0.04985
-8.5721,-1.1154,227.508,-0.48595,2.40702,-0.04698
-8.5884,-1.386,227.65,-0.50011,2.40922,-0.04462
-8.528,-1.5672,227.762,-0.50677,2.40404,-0.04479
-8.6003,-1.4416,227.45,-0.50496,2.41284,-0.04132
-8.5726,-1.7587,227.576,-0.51557,2.40601,-0.04023
-8.6095,-1.7916,227.585,-0.51891,2.40683,-0.03575
-8.6546,-1.7599,227.414,-0.52423,2.4169,-0.03034
-8.524,-2.0508,227.643,-0.52783,2.40364,-0.02993
-8.4675,-2.2238,227.695,-0.53574,2.39824,-0.02505
-8.4336,-2.1528,227.783,-0.53694,2.40427,-0.02265
-8.2187,-2.2275,227.996,-0.53913,2.40403,-0.01899
-8.1248,-2.1918,228.108,-0.53193,2.3993,-0.0218
-8.2291,-1.9844,227.873,-0.52503,2.40317,-0.02361
-8.2587,-2.2047,227.904,-0.52922,2.40307,-0.02743
-8.2663,-2.029,227.773,-0.52583,2.40707,-0.0304
-8.2765,-1.9209,227.799,-0.51969,2.40832,-0.03549
-8.3103,-1.743,227.936,-0.50727,2.40733,-0.04153
-8.4754,-1.5168,227.972,-0.4978,2.41024,-0.04754
-8.5836,-1.3173,227.903,-0.49389,2.41712,-0.04837
-8.674,-1.1578,228.11,-0.48066,2.41667,-0.05429
-8.7277,-1.0365,228.061,-0.47603,2.42067,-0.05611
-8.6377,-1.0056,228.09,-0.47166,2.41026,-0.0602
-8.7562,-0.9358,228.023,-0.47504,2.41704,-0.05753
-8.6493,-1.1367,227.971,-0.48865,2.4128,-0.05283
-8.45,-1.3824,227.904,-0.50016,2.40229,-0.04702
-8.3367,-1.4144,227.839,-0.50455,2.40479,-0.03829
-8.3202,-1.6699,227.696,-0.51594,2.39527,-0.03553
-8.3536,-1.7817,227.501,-0.52842,2.4026,-0.03189
-8.2274,-1.88,227.567,-0.5363,2.406,-0.03006
-7.987,-2.0294,227.65,-0.54371,2.39875,-0.02851
-7.9388,-1.9071,227.56,-0.53273,2.39552,-0.03051
-8.1771,-1.6923,227.39,-0.52827,2.40049,-0.03893
-8.4129,-1.3726,227.391,-0.50914,2.40994,-0.04315
-8.3557,-1.5701,227.654,-0.50773,2.40488,-0.04766
-8.3712,-1.613,227.84,-0.50854,2.40575,-0.04707
-8.3337,-1.4639,227.696,-0.49525,2.40447,-0.04842
-8.3503,-1.6471,227.869,-0.50674,2.40181,-0.04868
-8.332,-1.6584,227.788,-0.50851,2.40923,-0.04945
-8.4641,-1.8203,227.791,-0.51689,2.4137,-0.0483
-8.5069,-1.7496,227.826,-0.51921,2.41391,-0.04316
-8.3466,-1.7446,227.795,-0.5208,2.40988,-0.03989
-8.2834,-1.8869,227.916,-0.52318,2.39423,-0.0411
-8.7638,-1.8533,227.591,-0.5226,2.411,-0.03818
-8.8123,-1.935,227.597,-0.52478,2.40701,-0.03716
-8.8716,-1.8967,227.52,-0.52102,2.40863,-0.03776
-8.3906,-1.1398,223.392,-0.52599,2.40782,-0.02983
-7.7707,-0.0528,212.046,-0.53654,2.44495,-0.03
-7.6178,0.2334,210.017,-0.5204,2.44074,-0.02914
-8.962,-0.0374,212.464,-0.52206,2.46846,-0.0235
-10.8951,0.2071,212.721,-0.51758,2.54441,-0.00793
-12.1077,1.0607,209.982,-0.46952,2.61321,-0.00121
-13.1567,1.907,204.303,-0.43394,2.69416,-0.00151
-14.318,2.806,195.994,-0.40925,2.80667,0.00484
-14.8933,3.7793,187.049,-0.41373,2.88379,0.03214
-15.0407,5.5117,178.595,-0.41998,2.95837,0.07709
-14.4567,6.9307,165.746,-0.49296,3.02944,0.12484
-14.6531,6.6442,133.769,-0.88422,3.25985,0.22091
-14.4608,7.4816,102.98,-1.29421,3.4754,0.32347
-13.3527,12.091,71.3192,-1.61416,3.60006,0.41983
-15.6901,16.9123,51.0301,-1.77705,3.72677,0.5127
-20.0085,21.3693,45.0316,-2.72243,3.854,0.63487
-17.6237,24.9858,54.6491,-2.77789,3.61408,0.55976
-16.2577,16.6336,99.2665,-1.58014,3.30214,0.36719
-16.4849,8.3971,160.309,-0.78599,3.00365,0.14962
-15.9178,1.3904,207.036,-0.44817,2.73987,-0.05431
-14.477,-0.0323,223.714,-0.31904,2.64442,-0.09265
-14.1538,-0.6827,227.496,-0.32416,2.62895,-0.05819
-13.582,-1.4055,227.505,-0.40905,2.59367,-0.01514
-12.9757,-1.8401,226.395,-0.49912,2.57509,0.01933
-12.2126,-2.5705,225.327,-0.59045,2.53886,0.04651
-12.1643,-3.1984,224.117,-0.63979,2.52565,0.06617
-12.2321,-3.7356,223.187,-0.66626,2.53314,0.07196
-12.1669,-3.3299,223.038,-0.64443,2.54242,0.01503
-11.186,-2.3862,225.325,-0.55916,2.52979,-0.04455
-11.2796,-2.3312,225.665,-0.54979,2.53648,-0.04882
-11.3547,-2.4084,226.153,-0.53864,2.5451,-0.05312
-11.3115,-2.5636,226.484,-0.53455,2.54174,-0.0564
-11.2065,-2.5076,226.617,-0.52187,2.53911,-0.06215
-11.1136,-2.617,226.944,-0.52954,2.54213,-0.06203
-11.2575,-2.6951,227.127,-0.54064,2.5659,-0.05692
-11.5308,-2.6072,227.243,-0.53619,2.57812,-0.06463
-11.7518,-2.4146,227.079,-0.53808,2.58993,-0.07211
-11.6042,-2.2052,226.568,-0.52667,2.57019,-0.08168
-11.4748,-1.7864,225.777,-0.50159,2.55421,-0.08771
-11.3664,-1.7871,225.748,-0.51161,2.54959,-0.07909
-11.2309,-2.0167,226.287,-0.53604,2.54342,-0.06713
-11.1046,-2.0871,226.285,-0.54435,2.54205,-0.06247
-11.0509,-2.1086,226.458,-0.54528,2.53238,-0.06443
-11.1228,-2.0204,226.337,-0.53665,2.52912,-0.06726
-11.0559,-2.1864,226.179,-0.53354,2.52498,-0.06725
-11.1605,-2.0674,225.963,-0.531,2.53896,-0.06561
-11.1352,-2.2668,226.051,-0.53755,2.53889,-0.06639
-11.1115,-2.4084,226.121,-0.53956,2.54155,-0.06345
-11.0777,-2.566,225.996,-0.54453,2.53936,-0.06079
-11.0529,-2.5223,226.008,-0.53638,2.53774,-0.06051
-10.9325,-2.6911,226.043,-0.53514,2.52509,-0.06011
-10.8793,-2.706,226.155,-0.53499,2.5262,-0.06079
-10.822,-2.7239,226.075,-0.53647,2.52407,-0.05862
-10.7717,-2.8127,226.298,-0.53673,2.52231,-0.05829
-10.8165,-2.6668,226.292,-0.54001,2.53227,-0.05581
-10.8818,-2.5378,226.483,-0.54288,2.54261,-0.05517
-10.867,-2.6921,226.641,-0.55173,2.54184,-0.05164
-10.7905,-2.7443,226.86,-0.55822,2.53705,-0.05196
-10.8159,-2.6176,226.827,-0.55491,2.54187,-0.0485
-10.7704,-2.752,227.092,-0.55843,2.5414,-0.04963
-10.8799,-2.6861,226.942,-0.56119,2.54406,-0.0464
-10.8818,-2.7193,226.847,-0.56492,2.54143,-0.04557
-10.9649,-2.7786,226.857,-0.56667,2.54501,-0.04458
-11.0905,-2.8005,226.87,-0.56588,2.54632,-0.04427
-11.0757,-3.0049,226.86,-0.57087,2.5467,-0.0451
-11.1939,-2.8146,226.845,-0.56576,2.55043,-0.04556
-11.2915,-2.8225,226.758,-0.56565,2.56009,-0.04472
-11.3143,-2.8403,226.796,-0.56744,2.56075,-0.04412
-11.3676,-2.8866,226.844,-0.56954,2.56487,-0.04471
-11.3287,-3.0608,226.957,-0.57104,2.56369,-0.04488
-11.2927,-3.1683,226.979,-0.5702,2.56067,-0.04724
-11.4554,-3.0972,226.946,-0.57218,2.56491,-0.04701
-11.5905,-3.1616,226.938,-0.57605,2.57432,-0.04643
-11.6234,-3.2987,227.046,-0.57313,2.57644,-0.04817
-11.6805,-3.4111,227.108,-0.57824,2.57574,-0.05091
-11.7266,-3.4438,227.119,-0.58188,2.58082,-0.05135
-11.7831,-3.4517,227.194,-0.57969,2.58357,-0.05208
-11.8584,-3.4536,227.071,-0.58714,2.58507,-0.04986
-11.8901,-3.4157,227.066,-0.59044,2.5909,-0.05023
-11.8283,-3.5942,227.184,-0.59534,2.58349,-0.0503
-11.8073,-3.4471,227.154,-0.59422,2.58493,-0.0492
-11.8075,-3.2904,227.074,-0.59228,2.58265,-0.04872
-11.7398,-3.2902,227.088,-0.58726,2.58007,-0.04879
-11.7692,-3.2046,227.161,-0.5851,2.5794,-0.04815
-11.6391,-3.1415,227.151,-0.57628,2.57543,-0.04927
-11.6089,-3.0198,226.967,-0.57989,2.56967,-0.0474
-11.6369,-2.9842,227.051,-0.57868,2.56845,-0.04829
-11.6045,-2.8699,226.965,-0.57492,2.57368,-0.04901
-11.5169,-2.9068,227.095,-0.56841,2.55994,-0.05377
-11.5364,-2.8218,227.067,-0.56545,2.56698,-0.05489
-11.5611,-2.7616,226.97,-0.56528,2.56886,-0.056
-11.535,-2.7303,226.97,-0.56868,2.56937,-0.05808
-11.3909,-2.5917,226.978,-0.55925,2.56129,-0.06173
-11.2306,-2.5785,226.971,-0.55964,2.55463,-0.0635
-11.1294,-2.397,226.835,-0.5569,2.55311,-0.06383
-10.8694,-2.2145,227.027,-0.54305,2.54041,-0.06843
-10.5835,-2.0836,226.965,-0.5435,2.53129,-0.06802
-10.2438,-1.8884,226.838,-0.52917,2.5218,-0.06662
-9.7304,-1.8594,226.883,-0.52654,2.50133,-0.06398
-9.2471,-1.8658,226.949,-0.51972,2.48304,-0.05979
-9.0371,-1.7993,226.837,-0.52592,2.47783,-0.05368
-8.7465,-1.8119,226.889,-0.52215,2.4647,-0.05265
-8.4971,-1.7105,226.856,-0.51345,2.45827,-0.04855
-8.3753,-1.5263,226.794,-0.50184,2.46002,-0.04426
-8.291,-1.4861,226.658,-0.50216,2.45701,-0.04441
-8.1462,-1.5478,226.877,-0.50057,2.45382,-0.04817
-8.0662,-1.5019,226.835,-0.49628,2.45084,-0.04921
-7.994,-1.6024,226.968,-0.49679,2.44774,-0.05005
-7.9871,-1.3943,226.847,-0.48857,2.44984,-0.04845
-7.857,-1.5714,227.066,-0.49355,2.44564,-0.04921
-7.8653,-1.4601,226.98,-0.49079,2.45326,-0.04801
-7.8901,-1.4727,226.925,-0.49168,2.45946,-0.04718
-7.7248,-1.6195,227.124,-0.48465,2.44907,-0.04917
-7.7853,-1.586,227.09,-0.48251,2.45143,-0.04701
-7.708,-1.7386,227.221,-0.49372,2.44388,-0.04494
-7.7481,-1.5826,227.086,-0.48872,2.4458,-0.04406
-7.7641,-1.5627,226.996,-0.48529,2.45625,-0.048
-7.6428,-1.8196,227.125,-0.49519,2.44518,-0.05147
-7.8128,-1.6254,227.03,-0.48602,2.4546,-0.05477
-7.8993,-1.6031,226.856,-0.48549,2.45502,-0.05517
-8.0024,-1.6727,227.032,-0.48832,2.45378,-0.05681
-8.2592,-1.4601,226.746,-0.48748,2.46901,-0.05409
-8.3211,-1.4925,226.808,-0.48458,2.46552,-0.05447
-8.427,-1.5914,226.817,-0.49386,2.45834,-0.0519
-8.6302,-1.4035,226.704,-0.48784,2.46766,-0.04948
-8.7645,-1.3211,226.748,-0.47974,2.46646,-0.04539
-8.7708,-1.5588,226.908,-0.49531,2.46202,-0.04299
-8.8172,-1.454,226.928,-0.4882,2.4743,-0.04382
-8.762,-1.4355,227.058,-0.48582,2.4806,-0.04545
-8.7511,-1.3608,227.074,-0.48412,2.47781,-0.04471
-8.7436,-1.5464,227.097,-0.49154,2.47677,-0.03812
-8.7966,-1.5179,227.124,-0.48911,2.48014,-0.03489
-8.7937,-1.6177,227.123,-0.49457,2.47803,-0.03171
-8.7944,-1.6645,227.274,-0.49866,2.47438,-0.02513
-8.9007,-1.519,227.032,-0.50239,2.48353,-0.01552
-8.8474,-1.421,226.977,-0.50215,2.47398,-0.01486
-8.7836,-1.3785,227.018,-0.50582,2.47473,-0.0147
-8.8035,-1.2308,227.083,-0.504,2.48085,-0.01826
-8.8029,-1.2939,227.133,-0.49623,2.47597,-0.02664
-8.889,-1.254,227.163,-0.48763,2.48732,-0.02755
-8.8679,-1.3915,227.318,-0.47797,2.49893,-0.03255
-8.8666,-1.5514,227.291,-0.47424,2.50704,-0.03649
-8.8935,-1.4353,227.381,-0.46443,2.50801,-0.03861
-8.9763,-1.3527,227.381,-0.46083,2.51008,-0.04065
-9.0071,-1.2982,227.568,-0.45315,2.50892,-0.0434
-8.9709,-1.3831,227.439,-0.45712,2.49855,-0.04474
-8.9957,-1.3688,227.295,-0.46494,2.49651,-0.04424
-9.0134,-1.3816,227.266,-0.47232,2.49315,-0.04082
-9.0155,-1.3948,227.292,-0.4691,2.48733,-0.0379
-8.9949,-1.5306,227.217,-0.48219,2.48048,-0.03285
-8.9796,-1.5765,227.155,-0.47908,2.47298,-0.03298
-9.1315,-1.3659,226.851,-0.48005,2.4792,-0.02972
-9.1337,-1.474,227.016,-0.48421,2.47142,-0.02965
-9.1701,-1.48,226.886,-0.48645,2.47326,-0.02854
-9.2486,-1.3586,226.902,-0.48021,2.47253,-0.02892
-9.3338,-1.3128,226.759,-0.482,2.4793,-0.02776
-9.3012,-1.4017,226.943,-0.48535,2.47234,-0.02799
-9.2661,-1.5178,226.986,-0.49182,2.46677,-0.0276
-9.2295,-1.5087,227.207,-0.49242,2.46296,-0.02526
-9.2915,-1.4351,226.98,-0.49686,2.47354,-0.0223
-9.2579,-1.4463,226.991,-0.50357,2.46911,-0.01969
-9.2681,-1.4956,226.931,-0.50652,2.47104,-0.01781
-9.2389,-1.581,226.981,-0.51383,2.4681,-0.01699
-9.2628,-1.5187,226.964,-0.50591,2.47042,-0.01611
-9.3742,-1.4092,226.907,-0.50564,2.47718,-0.01559
-9.4099,-1.3741,226.931,-0.50493,2.48044,-0.0151
-9.3801,-1.4945,226.889,-0.50597,2.47603,-0.01508
-9.4082,-1.4592,226.934,-0.50674,2.4775,-0.01523
-9.4768,-1.39,226.824,-0.5021,2.48136,-0.01669
-9.476,-1.4345,226.968,-0.5014,2.47448,-0.02102
-9.4694,-1.5609,226.845,-0.50324,2.47911,-0.01954
-9.4492,-1.5249,226.891,-0.4977,2.47554,-0.02212
-9.4943,-1.331,226.732,-0.48898,2.48173,-0.02279
-9.4932,-1.3611,226.958,-0.48552,2.47884,-0.02475
-9.4558,-1.4549,227.048,-0.48853,2.48017,-0.02597
-9.5218,-1.5089,227.046,-0.49294,2.48458,-0.02707
-9.4852,-1.4664,227.056,-0.48716,2.48671,-0.02746
-9.483,-1.4516,226.898,-0.48946,2.48701,-0.02704
-9.463,-1.4452,226.82,-0.4876,2.48736,-0.02571
-9.4855,-1.2961,226.777,-0.47822,2.49204,-0.02678
-9.3894,-1.5497,227.098,-0.4891,2.48107,-0.02877
-9.4138,-1.386,227.042,-0.48678,2.48919,-0.02762
-9.4869,-1.3387,226.842,-0.48687,2.49455,-0.0253
-9.4403,-1.3667,227.019,-0.48517,2.48839,-0.02653
-9.3613,-1.4963,227.107,-0.48527,2.48278,-0.02569
-9.4062,-1.5229,227.108,-0.49473,2.48602,-0.02569
-9.3635,-1.4803,227.114,-0.48898,2.48704,-0.02753
-9.2976,-1.322,227.363,-0.47641,2.49304,-0.03116
-9.1272,-1.3873,227.333,-0.48168,2.49666,-0.03104
-9.0091,-1.3955,227.439,-0.47956,2.50039,-0.03171
-8.8414,-1.3779,227.668,-0.47459,2.5083,-0.03366
-8.7276,-1.3998,227.592,-0.47572,2.50895,-0.033
-8.5243,-1.3103,227.599,-0.46989,2.49836,-0.03074
-8.4008,-1.3231,227.585,-0.47685,2.49458,-0.02777
-8.1637,-1.421,227.714,-0.47637,2.4879,-0.02806
-7.9941,-1.4617,227.928,-0.47578,2.47589,-0.03189
-7.8838,-1.4769,227.921,-0.4745,2.47126,-0.03417
-7.9134,-1.4144,227.859,-0.47252,2.46868,-0.03491
-7.915,-1.4818,227.861,-0.47439,2.46231,-0.03693
-7.9208,-1.3826,227.709,-0.47192,2.45899,-0.03822
-7.8942,-1.3973,227.783,-0.47319,2.44688,-0.0391
-7.7743,-1.4417,227.71,-0.47593,2.43977,-0.04133
-7.6971,-1.4201,227.504,-0.48012,2.43657,-0.04225
-7.5761,-1.489,227.498,-0.48495,2.42593,-0.04591
-7.5627,-1.593,227.555,-0.49025,2.42149,-0.04751
-7.6558,-1.5775,227.369,-0.49405,2.41898,-0.04684
-7.6673,-1.5171,227.232,-0.49109,2.41738,-0.04935
-7.6229,-1.4208,227.097,-0.4923,2.41486,-0.05222
-7.7607,-1.5291,227.067,-0.50746,2.4161,-0.05163
-7.8409,-1.5068,227.053,-0.50559,2.41407,-0.05089
-7.7788,-1.6055,227.053,-0.51709,2.40664,-0.04794
-7.6988,-1.3783,226.929,-0.51232,2.40508,-0.04787
-7.6746,-1.3604,226.682,-0.51609,2.41121,-0.04679
-7.5042,-1.546,226.991,-0.51841,2.40279,-0.05123
-7.5145,-1.5416,226.965,-0.51939,2.3996,-0.05285
-7.5631,-1.4646,226.813,-0.52356,2.39833,-0.05099
-7.6288,-1.2507,226.635,-0.52556,2.40407,-0.05293
-7.5568,-1.6961,226.706,-0.53561,2.3887,-0.03479
-7.7315,-1.8675,226.537,-0.54636,2.39632,-0.02084
-7.967,-2.1232,226.475,-0.55437,2.40729,-0.00179
-8.2406,-2.1403,226.741,-0.54535,2.42477,0.00964
-8.2542,-2.103,226.807,-0.54474,2.42436,0.00756
-7.9108,-1.892,226.764,-0.54316,2.40863,-0.00668
-7.9247,-1.4055,226.557,-0.53924,2.39737,-0.02391
-7.6918,-1.5494,226.505,-0.55389,2.38026,-0.04087
-7.669,-1.3031,226.22,-0.54409,2.37977,-0.05059
-7.6645,-1.4208,226.184,-0.54928,2.37277,-0.05334
-7.5486,-1.5923,226.059,-0.55387,2.36489,-0.05335
-7.4423,-1.5695,226.002,-0.55309,2.35739,-0.05426
-7.5838,-1.4111,225.991,-0.55489,2.36815,-0.05062
-7.3632,-1.3237,226.011,-0.54729,2.36166,-0.05582
-7.1319,-1.2086,226.031,-0.54426,2.35858,-0.06316
-6.951,-1.0593,226.076,-0.53897,2.35641,-0.06835
-6.8875,-0.9505,226.121,-0.53551,2.35507,-0.0698
-6.7322,-0.9569,226.279,-0.53892,2.3508,-0.07092
-6.8428,-0.8246,226.107,-0.53484,2.36111,-0.06779
-6.8386,-0.9951,226.174,-0.54122,2.3578,-0.06694
-6.9221,-0.9341,226.073,-0.53731,2.35967,-0.06636
-6.9646,-1.0624,226.096,-0.53907,2.36047,-0.06523
-7.1157,-0.9787,226.092,-0.53743,2.36373,-0.06321
-7.1778,-1.1397,226.3,-0.53722,2.36439,-0.06245
-7.4019,-1.0719,226.284,-0.53517,2.37382,-0.06575
-7.5295,-1.0814,226.354,-0.53154,2.37831,-0.06803
-7.6453,-1.4285,226.719,-0.5441,2.3809,-0.06621
-7.9903,-1.4787,226.718,-0.55336,2.39403,-0.05744
-8.2947,-1.3915,226.783,-0.54559,2.41209,-0.05573
-8.3809,-1.5957,227.027,-0.56043,2.41341,-0.05564
-8.5177,-1.754,227.217,-0.55781,2.41855,-0.05808
-8.6251,-1.858,227.301,-0.56364,2.42288,-0.05551
-8.4449,-1.9696,227.204,-0.57251,2.41675,-0.05006
-8.2691,-1.9295,227.279,-0.57315,2.42126,-0.04672
-8.0002,-1.8736,227.178,-0.56519,2.41704,-0.04422
-7.8746,-1.824,227.399,-0.56376,2.41376,-0.04305
-7.7874,-2.0529,227.4,-0.57222,2.41378,-0.0392
-7.8022,-2.1035,227.471,-0.57291,2.415,-0.0384
-7.8787,-1.7495,227.326,-0.55816,2.42504,-0.03694
-7.8118,-1.6927,227.355,-0.55896,2.4119,-0.03914
-7.8382,-1.6494,227.249,-0.55582,2.41086,-0.04021
-8.0218,-1.5528,227.016,-0.554,2.42577,-0.03969
-8.0301,-1.7518,227.039,-0.56047,2.41557,-0.04038
-8.036,-1.965,227.212,-0.5701,2.41715,-0.04075
-8.1118,-1.9027,227.157,-0.56847,2.41819,-0.04057
-8.2314,-2.019,226.991,-0.5697,2.42137,-0.03838
-8.3227,-2.053,227.065,-0.56716,2.41865,-0.04113
-8.5306,-1.8894,226.945,-0.5595,2.42415,-0.0422
-8.7039,-1.8825,226.847,-0.56316,2.43152,-0.04228
-8.8048,-1.9372,226.918,-0.57048,2.42878,-0.04146
-8.8165,-1.8403,226.834,-0.56935,2.42803,-0.04134
-8.8516,-1.8132,226.841,-0.566,2.43063,-0.04265
-8.7548,-1.6632,227.079,-0.55422,2.42052,-0.04686
-8.6637,-1.7482,227.107,-0.55622,2.42103,-0.04713
-8.6748,-1.6322,227.075,-0.5507,2.4274,-0.04655
-8.6395,-1.5545,227.135,-0.54368,2.42641,-0.0486
-8.4734,-1.6688,227.325,-0.5459,2.42203,-0.04967
-8.5095,-1.3686,227.263,-0.53826,2.42279,-0.04707
-8.5567,-1.3649,227.28,-0.52941,2.42236,-0.04767
-8.5306,-1.3636,227.392,-0.52986,2.42258,-0.04826
-8.6052,-1.167,227.283,-0.52093,2.42206,-0.04623
-8.507,-1.1776,227.329,-0.51748,2.4196,-0.046
-8.5235,-1.0824,227.425,-0.51528,2.42602,-0.05093
-8.4179,-1.1379,227.369,-0.51975,2.4241,-0.05346
-8.4086,-1.1422,227.337,-0.52361,2.42565,-0.04917
-8.4046,-1.397,227.394,-0.52783,2.419,-0.04592
-8.4897,-1.4044,227.446,-0.52317,2.41704,-0.04291
-8.5794,-1.2583,227.508,-0.51872,2.42185,-0.03696
-8.625,-1.3886,227.809,-0.51714,2.42166,-0.03453
-8.578,-1.2728,227.857,-0.50735,2.41583,-0.03942
-8.4375,-1.407,227.655,-0.50847,2.40969,-0.04089
-8.4392,-1.2655,227.478,-0.50099,2.41236,-0.04036
-8.3,-1.4875,227.729,-0.50569,2.40411,-0.04135
-8.3045,-1.4882,227.635,-0.50934,2.40457,-0.03976
-8.2666,-1.465,227.606,-0.5119,2.39369,-0.03944
-8.1,-1.4113,227.605,-0.50275,2.38735,-0.03724
-7.8178,-1.5138,227.4,-0.51179,2.37739,-0.03708
-7.8742,-1.3226,226.914,-0.5193,2.3835,-0.0364
-7.6029,-1.2649,226.726,-0.52746,2.36953,-0.04207
-7.2784,-1.1971,226.721,-0.52568,2.35748,-0.05555
-7.3204,-0.737,226.456,-0.51764,2.36593,-0.05766
-7.127,-1.0152,226.511,-0.521,2.36057,-0.05982
-7.1353,-1.0777,226.47,-0.5257,2.36491,-0.05674
-7.1622,-0.9658,226.384,-0.52304,2.35972,-0.05359
-7.2358,-0.8642,226.423,-0.52886,2.36681,-0.04839
-7.2881,-0.881,226.552,-0.514,2.36436,-0.04922
-7.2664,-1.0857,226.78,-0.52459,2.3618,-0.04819
-7.3856,-0.9515,226.612,-0.52079,2.3627,-0.04599
-7.4553,-0.9174,226.719,-0.5132,2.3639,-0.04648
-7.6018,-0.8826,226.61,-0.5145,2.37234,-0.04373
-7.6654,-0.9455,226.507,-0.52147,2.38144,-0.04229
-7.6269,-1.0447,226.634,-0.51613,2.37198,-0.04238
-7.6988,-1.0593,226.691,-0.52211,2.37717,-0.04196
-7.6747,-1.0307,226.675,-0.52426,2.37869,-0.04297
-7.4167,-1.1491,226.691,-0.52107,2.36746,-0.04669
-7.4219,-1.0529,226.655,-0.5155,2.37177,-0.04831
-7.4529,-0.9688,226.616,-0.51462,2.37413,-0.04713
-7.4857,-0.9711,226.584,-0.51707,2.37475,-0.04783
-7.4524,-1.148,226.813,-0.51838,2.37418,-0.04966
-7.5131,-1.0954,226.75,-0.5165,2.37289,-0.05271
-7.6195,-0.9408,226.386,-0.51939,2.38157,-0.04922
-7.5386,-1.0515,226.744,-0.51676,2.36911,-0.05145
-7.4947,-1.0636,226.785,-0.51837,2.37122,-0.05102
-7.5486,-0.9861,226.671,-0.52054,2.37359,-0.04639
-7.4498,-1.0984,226.818,-0.5203,2.36183,-0.04769
-7.4381,-1.1448,227.036,-0.5182,2.36191,-0.04896
-7.5515,-0.9343,226.718,-0.51443,2.37363,-0.04478
-7.5686,-0.9487,226.85,-0.51464,2.37696,-0.04631
-7.536,-1.0319,226.957,-0.51308,2.36956,-0.04625
-7.6808,-0.9573,226.767,-0.51984,2.38167,-0.04219
-7.6469,-1.0529,226.859,-0.52156,2.37677,-0.04175
-7.6593,-1.0025,226.861,-0.51694,2.37376,-0.04253
-7.7217,-0.9866,226.766,-0.51926,2.37617,-0.04242
-7.7438,-1.0191,226.747,-0.51917,2.37708,-0.04287
-7.7796,-1.0411,226.822,-0.52376,2.38494,-0.04104
-7.7359,-1.0843,226.838,-0.52213,2.38185,-0.04481
-7.6726,-1.0574,226.779,-0.52067,2.37779,-0.0461
-7.6962,-1.012,226.77,-0.51682,2.37582,-0.04643
-7.7227,-1.028,226.67,-0.51926,2.37976,-0.04556
-7.7616,-1.1247,226.763,-0.52768,2.38093,-0.04486
-7.7728,-1.0242,226.725,-0.52346,2.38313,-0.04517
-7.7606,-1.0453,226.691,-0.52233,2.38245,-0.04477
-7.7747,-1.163,226.753,-0.52807,2.38423,-0.04581
-7.8748,-1.0684,226.633,-0.52755,2.38651,-0.04225
-7.8031,-1.1737,226.92,-0.5293,2.38199,-0.04448
-7.8306,-1.0692,226.892,-0.52259,2.38409,-0.0442
-7.7689,-1.1161,226.861,-0.52314,2.38662,-0.04502
-7.741,-1.1352,226.861,-0.52305,2.38283,-0.04715
-7.6851,-1.2057,227.079,-0.5245,2.37456,-0.04722
-7.7626,-1.0803,226.981,-0.51905,2.38723,-0.04608
-7.7959,-1.1172,226.908,-0.528,2.38908,-0.04381
-7.818,-1.2167,226.997,-0.52698,2.39057,-0.04539
-7.8593,-1.1503,227.006,-0.52797,2.38838,-0.04563
-7.8004,-1.2586,227.133,-0.52558,2.38769,-0.0477
-7.8308,-1.2658,227.05,-0.52985,2.38737,-0.0471
-7.9915,-1.1583,226.971,-0.52706,2.40235,-0.04434
-7.9731,-1.2216,226.939,-0.52831,2.39741,-0.0454
-8.0513,-1.3073,227.083,-0.53089,2.39505,-0.04754
-8.0528,-1.349,227.023,-0.53184,2.39546,-0.04591
-8.1294,-1.4256,227.106,-0.53481,2.39485,-0.04534
-8.1457,-1.3578,226.985,-0.52827,2.39628,-0.04542
-8.212,-1.2649,226.938,-0.52821,2.40163,-0.04482
-8.1791,-1.2259,226.91,-0.51937,2.39938,-0.04703
-8.283,-1.3673,226.915,-0.53271,2.3997,-0.04602
-8.2036,-1.4199,227.033,-0.52849,2.39052,-0.04897
-8.1906,-1.5326,227.082,-0.53098,2.38503,-0.04947
-8.2521,-1.3834,227.144,-0.52073,2.38207,-0.04981
-8.2607,-1.3392,227.214,-0.52156,2.38586,-0.04854
-8.2513,-1.1407,227.328,-0.50583,2.38265,-0.05096
-8.3693,-1.008,227.246,-0.50569,2.39448,-0.04524
-8.5368,-1.1066,227.024,-0.51102,2.4012,-0.04306
-8.5705,-1.2129,226.872,-0.51649,2.40257,-0.04167
-8.583,-1.2345,226.862,-0.5119,2.40257,-0.0415
-8.5201,-1.3087,227.043,-0.5087,2.39842,-0.04259
-8.4862,-1.4495,227.201,-0.51377,2.39116,-0.04092
-8.5325,-1.3094,227.126,-0.51582,2.39668,-0.03772
-8.5369,-1.3415,227.204,-0.51731,2.39282,-0.03817
-8.5288,-1.2855,227.013,-0.51386,2.39211,-0.03617
-8.4777,-1.4463,227.216,-0.51435,2.385,-0.03788
-8.6701,-1.2258,227.006,-0.51198,2.39601,-0.03682
-8.6197,-1.2855,227.486,-0.49898,2.3918,-0.03739
-8.723,-1.3809,227.623,-0.50442,2.3979,-0.03358
-8.9928,-1.2334,227.465,-0.50263,2.41535,-0.0287
-9.1443,-1.3595,227.451,-0.50603,2.4159,-0.02944
-9.2757,-1.4437,227.334,-0.5087,2.42553,-0.03148
-9.3401,-1.4698,227.152,-0.50673,2.42287,-0.03449
-9.3005,-1.5083,227.432,-0.50339,2.42266,-0.03872
-9.2829,-1.4528,227.755,-0.5026,2.42431,-0.03572
-9.2071,-1.4724,227.994,-0.50375,2.41922,-0.03447
-9.2045,-1.2868,227.697,-0.49618,2.41938,-0.03871
-9.0802,-1.2698,227.932,-0.4854,2.41127,-0.04415
-9.1203,-1.1616,227.702,-0.47825,2.41608,-0.04249
-9.1987,-0.8835,227.723,-0.46671,2.42661,-0.04698
-9.0606,-1.0107,228.032,-0.46652,2.4229,-0.04743
-8.914,-1.0769,228.115,-0.46663,2.41435,-0.04973
-8.8822,-0.9387,227.825,-0.47045,2.42387,-0.04685
-8.7564,-0.9479,228.038,-0.46919,2.41311,-0.0455
-8.6857,-0.9523,228.006,-0.46579,2.41215,-0.04265
-8.6127,-0.983,228.071,-0.46835,2.41293,-0.04402
-8.4638,-1.0339,228.099,-0.46763,2.40328,-0.04691
-8.2761,-1.1699,227.936,-0.47637,2.39649,-0.04871
-8.1456,-1.1429,227.863,-0.48122,2.40032,-0.049
-8.014,-1.0929,227.764,-0.48443,2.39835,-0.04875
-7.9408,-1.2155,227.732,-0.49565,2.39679,-0.04594
-8.0002,-1.4865,227.606,-0.51921,2.40215,-0.03644
-8.1339,-1.3995,227.425,-0.5165,2.39951,-0.03558
-8.1165,-1.4473,227.389,-0.50797,2.38987,-0.04065
-8.297,-1.2496,227.235,-0.50414,2.40303,-0.04803
-8.358,-0.9091,227.398,-0.48404,2.41213,-0.05756
-8.2409,-0.9322,227.481,-0.47834,2.40252,-0.06173
-8.2452,-0.9546,227.58,-0.48052,2.401,-0.06226
-8.3113,-0.7635,227.594,-0.47291,2.40819,-0.06213
-8.4007,-0.793,227.563,-0.47309,2.40858,-0.06066
-8.4208,-1.129,227.681,-0.4877,2.40198,-0.06072
-8.4871,-1.0641,227.737,-0.48423,2.40489,-0.05937
-8.5957,-0.9226,227.707,-0.47924,2.41265,-0.05678
-8.6809,-0.9919,227.597,-0.48456,2.41941,-0.05001
-8.654,-0.9349,227.674,-0.4785,2.41608,-0.05036
-8.6362,-1.1482,227.75,-0.48712,2.41315,-0.04738
-8.6033,-1.1989,227.737,-0.48965,2.41268,-0.04442
-8.6024,-1.1952,227.826,-0.49078,2.41326,-0.04369
-8.5725,-1.2653,227.707,-0.50477,2.41372,-0.0407
-8.5532,-1.3249,227.613,-0.50734,2.41654,-0.04065
-8.535,-1.2325,227.601,-0.50356,2.41675,-0.04217
-8.4603,-1.3517,227.639,-0.51171,2.41177,-0.0419
-8.4976,-1.387,227.553,-0.51254,2.41838,-0.04175
-8.5025,-1.4073,227.627,-0.51485,2.41817,-0.04271
-8.4898,-1.3283,227.549,-0.50883,2.42148,-0.04478
-8.529,-1.2768,227.62,-0.51084,2.4239,-0.04302
-8.4915,-1.3769,227.623,-0.51624,2.4179,-0.04277
-8.557,-1.2592,227.549,-0.50713,2.42485,-0.04274
-8.5881,-1.3957,227.61,-0.51229,2.42597,-0.04087
-8.6578,-1.5091,227.78,-0.51293,2.41889,-0.0379
-8.6781,-1.527,227.909,-0.51397,2.42109,-0.03662
-8.7438,-1.4595,227.921,-0.50953,2.42008,-0.03601
-8.7667,-1.4217,228.021,-0.50273,2.41733,-0.03752
-8.7495,-1.598,228.009,-0.51543,2.41639,-0.0349
-8.7882,-1.5741,228.02,-0.51435,2.41887,-0.03501
-8.7426,-1.5694,228.044,-0.51012,2.42568,-0.03608
-8.6142,-1.7048,228.118,-0.51577,2.41601,-0.03669
-8.635,-1.7389,228.084,-0.51654,2.41276,-0.03767
-8.6627,-1.661,227.941,-0.51497,2.42166,-0.0378
-8.5903,-1.8082,227.985,-0.51796,2.41719,-0.03973
-8.6194,-1.7834,227.879,-0.51806,2.4238,-0.03848
-8.6347,-1.8708,227.898,-0.52667,2.42318,-0.03625
-8.7263,-1.7563,227.906,-0.52255,2.42585,-0.03708
-8.7505,-1.7817,227.794,-0.52229,2.42648,-0.03623
-8.8121,-1.7426,227.715,-0.52778,2.43054,-0.03435
-8.6627,-1.7608,227.757,-0.52107,2.4197,-0.0384
-8.6237,-1.8113,227.742,-0.52684,2.41852,-0.03847
-8.6699,-1.806,227.669,-0.52716,2.42197,-0.03728
-8.7783,-1.6667,227.315,-0.52284,2.42532,-0.03641
-8.9081,-1.6865,226.971,-0.51859,2.42005,-0.03847
-9.7289,-1.3927,219.251,-0.5668,2.52709,-0.03712
-8.6995,-0.7167,191.982,-0.65687,2.70504,-0.03867
-10.0311,0.2868,190.647,-0.55291,2.73767,-0.05878
-12.7689,-1.0324,194.082,-0.59176,2.82414,-0.04602
-13.8372,-1.1646,196.201,-0.58306,2.87938,-0.0168
-14.1766,-1.1684,196.996,-0.57854,2.91604,-0.00076
-13.7785,-1.0867,192.147,-0.59937,2.9874,0.00929
-11.8403,-0.2468,183.537,-0.59263,3.01591,0.02845
-9.9603,1.7345,166.547,-0.5801,3.15976,0.06134
-6.0624,1.4645,128.673,-0.71289,3.50287,0.07179
-2.3831,0.0998,85.4502,-0.80339,3.89281,0.06278
-3.2845,-0.6409,51.9033,-0.7481,4.32921,0.04615
-5.6783,-0.865,33.887,-0.58209,4.59146,0.01185
-11.5745,-3.7245,30.8906,-0.35611,4.75328,-0.10233
-15.9751,-8.4605,48.8198,-0.4778,4.66818,-0.1772
-16.2026,-9.1566,97.3107,-0.76546,4.10439,-0.12547
-15.4188,-8.0333,168.874,-0.78149,3.22129,-0.05063
-15.3394,-6.4112,210.868,-0.5864,2.78724,-0.04241
-14.7204,-4.433,222.279,-0.43104,2.67444,-0.07024
-14.0526,-3.0215,225.104,-0.37889,2.63865,-0.07783
-13.3623,-2.4988,225.839,-0.41716,2.60849,-0.04048
-13.2593,-2.66,224.937,-0.49968,2.59756,0.00576
-13.7477,-3.6906,223.166,-0.60879,2.59303,0.05276
-14.0914,-4.7178,220.997,-0.69987,2.58965,0.08062
-13.2444,-4.6013,221.672,-0.6951,2.57495,0.05857
-12.6852,-4.3114,222.346,-0.6692,2.56565,0.03825
-11.8168,-3.5786,223.035,-0.61588,2.55029,0.00568
-10.9396,-2.6035,223.934,-0.5484,2.52429,-0.03542
-11.0981,-2.2906,225.799,-0.50057,2.53114,-0.07153
-11.4223,-2.3385,226.689,-0.49719,2.54165,-0.07383
-11.5453,-2.5085,227.147,-0.50244,2.5462,-0.0766
-11.6246,-2.5657,227.193,-0.5091,2.55123,-0.07468
-11.8498,-2.8286,226.946,-0.52088,2.56988,-0.06665
-12.0163,-3.1394,226.736,-0.53352,2.57637,-0.0634
-12.091,-3.1152,226.49,-0.53291,2.58281,-0.06794
-12.0847,-2.7747,226.172,-0.51755,2.58794,-0.07024
-11.9959,-2.3411,226.297,-0.48829,2.58686,-0.07937
-12.0069,-2.0621,226.214,-0.48469,2.58961,-0.08294
-12.0749,-2.2318,226.289,-0.49641,2.58008,-0.08321
-12.1009,-2.3146,226.011,-0.50797,2.58141,-0.07445
-11.8852,-2.5417,225.842,-0.5204,2.56847,-0.07205
-11.8594,-2.4442,225.847,-0.51925,2.56566,-0.07181
-11.8101,-2.4912,225.845,-0.52086,2.5586,-0.0693
-11.7832,-2.4437,225.909,-0.51572,2.55349,-0.06778
-11.7596,-2.5645,225.946,-0.52623,2.55536,-0.06185
-11.7156,-2.6371,225.967,-0.52915,2.55248,-0.05663
-11.7326,-2.5172,226.051,-0.52404,2.55352,-0.05484
-11.7257,-2.4484,226.058,-0.52732,2.56165,-0.05397
-11.7754,-2.458,226.056,-0.52979,2.56395,-0.05692
-11.8155,-2.3141,226.01,-0.52043,2.56671,-0.05955
-11.9256,-2.1726,225.85,-0.5185,2.5815,-0.05795
-11.9833,-2.234,225.896,-0.51868,2.57888,-0.05926
-12.0467,-2.1871,225.779,-0.51482,2.56873,-0.05935
-12.041,-2.2365,225.786,-0.51485,2.57079,-0.05886
-11.9898,-2.5343,225.744,-0.52979,2.5613,-0.05362
-12.0636,-2.6507,225.68,-0.53228,2.56411,-0.05089
-12.2352,-2.5458,225.442,-0.53568,2.57204,-0.04965
-12.2502,-2.5182,225.605,-0.53152,2.57127,-0.05007
-12.3367,-2.5115,225.595,-0.5398,2.5789,-0.04754
-12.2859,-2.6396,225.608,-0.55632,2.57823,-0.04178
-12.1672,-2.6139,225.805,-0.55472,2.58184,-0.03676
-11.8915,-2.8973,226.03,-0.56636,2.57005,-0.03436
-11.8202,-2.8851,225.95,-0.56924,2.5729,-0.03333
-11.5899,-2.5828,226.228,-0.55356,2.58003,-0.03796
-11.0127,-2.3032,226.451,-0.53868,2.56404,-0.04382
-10.589,-2.0301,226.605,-0.52594,2.55433,-0.04779
-10.1336,-2.0785,226.607,-0.52477,2.52874,-0.04758
-9.9102,-1.8943,226.422,-0.52219,2.52828,-0.03857
-9.6113,-2.1015,226.595,-0.53285,2.52073,-0.0327
-9.4037,-2.0613,226.523,-0.53232,2.52127,-0.03265
-9.1741,-2.1227,226.675,-0.5348,2.51537,-0.03237
-9.0182,-2.2042,226.587,-0.54363,2.5038,-0.02975
-8.9326,-2.2679,226.696,-0.54609,2.4921,-0.02781
-8.8897,-2.2701,226.64,-0.54787,2.48914,-0.02599
-8.7273,-2.2378,226.689,-0.54955,2.48347,-0.02663
-8.5347,-2.1463,226.697,-0.54496,2.48371,-0.02683
-8.4816,-2.0684,226.609,-0.54249,2.48121,-0.02674
-8.331,-1.9394,226.674,-0.52942,2.47374,-0.0307
-8.3517,-1.6977,226.444,-0.52255,2.4718,-0.03147
-8.1726,-1.7811,226.518,-0.52072,2.4567,-0.03404
-8.127,-1.8144,226.421,-0.51901,2.46135,-0.03005
-8.0779,-1.7888,226.442,-0.51191,2.4545,-0.03096
-7.9961,-1.8738,226.532,-0.5101,2.45934,-0.03205
-7.9118,-1.9287,226.494,-0.50787,2.45787,-0.03175
-7.8589,-2.0496,226.489,-0.51404,2.4511,-0.03266
-7.8691,-1.9325,226.577,-0.50617,2.45332,-0.03222
-7.8161,-2.0245,226.563,-0.50519,2.44947,-0.0326
-7.8391,-1.9803,226.654,-0.50081,2.45256,-0.03501
-7.8923,-1.9718,226.649,-0.49915,2.45635,-0.03533
-7.9893,-1.8616,226.672,-0.49048,2.45882,-0.03844
-7.977,-1.9285,226.57,-0.49634,2.45847,-0.04009
-7.9876,-1.874,226.57,-0.4998,2.45816,-0.04232
-8.0314,-1.8655,226.573,-0.49747,2.45581,-0.04438
-8.3365,-1.6885,226.322,-0.49744,2.45078,-0.03799
-8.3716,-1.6586,226.494,-0.48844,2.46692,-0.03918
-8.3557,-1.7672,226.786,-0.48515,2.47654,-0.04234
-8.4491,-1.7253,226.672,-0.49515,2.47163,-0.03822
-8.5497,-1.6155,226.687,-0.49084,2.48062,-0.04149
-8.5714,-1.7911,226.875,-0.48836,2.47648,-0.0419
-8.7091,-1.6371,226.858,-0.47204,2.50355,-0.04362
-8.7866,-1.812,226.989,-0.47656,2.51234,-0.04164
-8.7811,-1.9043,226.93,-0.47978,2.51469,-0.03924
-8.7511,-1.9516,226.959,-0.48511,2.50741,-0.03879
-8.7054,-1.9512,227.058,-0.47913,2.50173,-0.03844
-8.9418,-1.721,227.114,-0.46751,2.51998,-0.04142
-9.0354,-1.8799,227.182,-0.47281,2.52468,-0.04123
-8.9984,-1.9333,227.423,-0.46161,2.52623,-0.04605
-9.0843,-1.9627,227.377,-0.46501,2.53697,-0.04748
-9.1146,-2.0432,227.402,-0.47367,2.53087,-0.04808
-9.2179,-1.929,227.282,-0.46677,2.52486,-0.04868
-9.2562,-1.8816,227.318,-0.46385,2.52961,-0.0525
-9.2613,-2.0971,227.323,-0.47359,2.52934,-0.05196
-9.409,-1.8975,227.031,-0.46698,2.53765,-0.05248
-9.3853,-1.8454,227.004,-0.46301,2.53687,-0.05868
-9.3568,-1.745,227.061,-0.46033,2.53747,-0.06442
-9.3411,-1.5404,227.019,-0.44636,2.54338,-0.06973
-9.3518,-1.6689,227.025,-0.45397,2.54131,-0.06855
-9.4098,-1.6755,226.937,-0.46292,2.53747,-0.06464
-9.4529,-1.5932,226.75,-0.45709,2.53737,-0.06217
-9.3361,-1.5981,226.895,-0.45781,2.52361,-0.06127
-9.3406,-1.6452,226.791,-0.46075,2.52183,-0.05963
-9.3239,-1.5173,226.706,-0.46066,2.51989,-0.0579
-9.2542,-1.6136,226.696,-0.46269,2.51994,-0.05673
-9.2836,-1.6095,226.796,-0.46566,2.51036,-0.05552
-9.252,-1.6194,226.965,-0.46404,2.50632,-0.05519
-9.3553,-1.5882,227.044,-0.46339,2.51175,-0.05317
-9.4453,-1.4223,227.033,-0.45366,2.52235,-0.0551
-9.3439,-1.5,227.109,-0.45051,2.52135,-0.05693
-9.1928,-1.6372,227.312,-0.45718,2.50935,-0.05582
-9.1916,-1.5147,227.046,-0.45967,2.50348,-0.04979
-9.1633,-1.585,226.739,-0.47135,2.48355,-0.04223
-9.1245,-1.6299,226.812,-0.47649,2.47945,-0.04046
-9.0661,-1.6395,226.884,-0.47796,2.47408,-0.04022
-9.1019,-1.5068,227.049,-0.46605,2.47581,-0.03929
-9.0528,-1.6625,227.19,-0.47133,2.47656,-0.03952
-8.9733,-1.7521,227.07,-0.47581,2.47931,-0.04039
-9,-1.4869,226.803,-0.47284,2.48442,-0.03824
-8.8572,-1.6111,226.668,-0.48425,2.47327,-0.03729
-8.8326,-1.6804,226.699,-0.49242,2.47418,-0.03453
-8.87,-1.4711,226.555,-0.48243,2.4817,-0.03328
-8.8721,-1.5813,226.804,-0.49348,2.47944,-0.03445
-8.8734,-1.6086,226.867,-0.49207,2.48082,-0.03389
-8.9753,-1.6274,226.791,-0.49422,2.48509,-0.03305
-9.0627,-1.5462,226.748,-0.4967,2.4924,-0.02668
-9.0366,-1.422,226.738,-0.50102,2.49159,-0.02273
-8.869,-1.3012,226.853,-0.50221,2.48546,-0.02
-8.8829,-0.8971,226.62,-0.48747,2.50115,-0.01996
-8.862,-1.0425,226.886,-0.47918,2.50546,-0.02444
-8.8638,-1.1683,227.098,-0.47741,2.51425,-0.02909
-8.8933,-1.2364,227.178,-0.46469,2.51538,-0.0335
-8.9645,-1.2136,227.071,-0.46656,2.51322,-0.03417
-8.8544,-1.5089,227.082,-0.47372,2.50939,-0.03489
-8.9167,-1.3329,227.179,-0.46617,2.51555,-0.03414
-8.8456,-1.4684,227.17,-0.47172,2.51107,-0.03121
-8.7459,-1.4941,227.288,-0.46838,2.50329,-0.03051
-8.6319,-1.4735,227.358,-0.46913,2.49753,-0.02741
-8.5694,-1.2246,227.192,-0.47097,2.4954,-0.02338
-8.4017,-1.1662,227.358,-0.46252,2.48398,-0.02405
-8.4629,-1.0486,227.262,-0.45676,2.48683,-0.02325
-8.5246,-1.1137,227.299,-0.45811,2.48734,-0.02242
-8.5419,-1.349,227.219,-0.46704,2.47932,-0.02231
-8.5988,-1.2927,227.225,-0.45677,2.48654,-0.02281
-8.6524,-1.3746,227.307,-0.46457,2.48446,-0.02116
-8.6496,-1.4955,227.33,-0.46705,2.47576,-0.02036
-8.7188,-1.3772,227.101,-0.46006,2.48548,-0.01901
-8.6889,-1.4566,227.222,-0.46321,2.47522,-0.0183
-8.7098,-1.4345,227.284,-0.46516,2.4776,-0.01697
-8.7517,-1.3457,227.164,-0.46059,2.48347,-0.01538
-8.7515,-1.3021,227.364,-0.45556,2.48691,-0.01773
-8.7554,-1.2489,227.351,-0.45158,2.48982,-0.01665
-8.6981,-1.274,227.424,-0.44689,2.4912,-0.01894
-8.7369,-1.3456,227.416,-0.45783,2.49927,-0.01601
-8.6922,-1.2096,227.392,-0.44665,2.50134,-0.01693
-8.6244,-1.2953,227.536,-0.45024,2.49173,-0.01895
-8.6234,-1.3419,227.531,-0.46187,2.48007,-0.01658
-8.6082,-1.2133,227.413,-0.45389,2.47769,-0.01913
-8.6614,-1.1951,227.219,-0.45775,2.484,-0.01937
-8.6761,-1.1414,227.267,-0.45061,2.48735,-0.02143
-8.7527,-1.1918,227.222,-0.45014,2.48169,-0.02154
-8.7403,-1.41,227.375,-0.45505,2.48236,-0.02212
-8.844,-1.2813,227.323,-0.45156,2.49357,-0.02244
-8.8275,-1.3765,227.264,-0.45237,2.49689,-0.02192
-8.8401,-1.3474,227.347,-0.45358,2.49779,-0.022
-8.854,-1.4515,227.486,-0.4552,2.49752,-0.02222
-8.8165,-1.397,227.426,-0.45307,2.4962,-0.02143
-8.9214,-1.3393,227.167,-0.46053,2.50699,-0.01682
-8.8426,-1.3456,227.423,-0.44737,2.50176,-0.0195
-8.8118,-1.3974,227.618,-0.45694,2.4976,-0.01837
-8.8235,-1.3895,227.646,-0.44987,2.50271,-0.01829
-8.8489,-1.2882,227.45,-0.45129,2.50315,-0.01605
-8.8137,-1.4396,227.536,-0.46126,2.50399,-0.01469
-8.8451,-1.2716,227.409,-0.45413,2.50666,-0.01513
-8.8797,-1.1346,227.337,-0.44639,2.51032,-0.01599
-8.8128,-1.2461,227.382,-0.44563,2.50588,-0.01687
-8.7742,-1.4016,227.595,-0.45768,2.50468,-0.01842
-8.7931,-1.4319,227.542,-0.45849,2.49969,-0.01879
-8.8407,-1.3527,227.442,-0.45388,2.50348,-0.01866
-8.8766,-1.3184,227.317,-0.45902,2.50509,-0.01671
-8.9184,-1.2562,227.241,-0.45643,2.5087,-0.01533
-8.826,-1.3091,227.404,-0.45002,2.49803,-0.01723
-8.9131,-1.2069,227.237,-0.44907,2.5013,-0.01618
-8.8693,-1.3552,227.378,-0.46067,2.49464,-0.01486
-8.8978,-1.3662,227.401,-0.45642,2.49755,-0.01582
-8.9197,-1.3113,227.333,-0.4549,2.4995,-0.01639
-8.7938,-1.4367,227.531,-0.45651,2.49538,-0.01719
-8.8141,-1.4297,227.555,-0.45547,2.49434,-0.01783
-8.9217,-1.2249,227.381,-0.44791,2.50541,-0.01715
-8.815,-1.3733,227.555,-0.44736,2.50051,-0.0188
-8.8731,-1.4443,227.583,-0.45408,2.50082,-0.01862
-8.8776,-1.3468,227.512,-0.44856,2.50797,-0.01959
-8.7918,-1.4455,227.601,-0.4518,2.49789,-0.02062
-8.9511,-1.2097,227.251,-0.44589,2.50791,-0.02009
-8.8598,-1.3585,227.423,-0.44952,2.49708,-0.02205
-8.9004,-1.3728,227.333,-0.45508,2.49979,-0.01944
-8.8634,-1.3956,227.286,-0.45936,2.49869,-0.0186
-8.8606,-1.2178,227.231,-0.44829,2.4982,-0.01912
-8.8319,-1.3471,227.449,-0.45153,2.49415,-0.02017
-8.8319,-1.2861,227.304,-0.45559,2.49411,-0.0193
-8.8036,-1.3203,227.343,-0.45452,2.48983,-0.01877
-8.7864,-1.2648,227.604,-0.44519,2.4876,-0.01975
-8.8942,-1.2016,227.398,-0.45431,2.49955,-0.01642
-8.8175,-1.276,227.474,-0.45173,2.49429,-0.01788
-8.8376,-1.1874,227.444,-0.45235,2.50078,-0.01536
-8.8274,-1.2692,227.439,-0.46068,2.49338,-0.01476
-8.8419,-1.1241,227.275,-0.45708,2.49653,-0.01338
-8.812,-1.0676,227.36,-0.44862,2.4874,-0.01597
-8.7945,-1.1705,227.457,-0.45186,2.48373,-0.01694
-8.8605,-1.0363,227.54,-0.44684,2.48534,-0.01853
-8.885,-1.1217,227.284,-0.4504,2.49144,-0.01738
-8.8446,-1.2609,227.359,-0.45447,2.48331,-0.01705
-8.8688,-1.1419,227.381,-0.44741,2.48977,-0.01718
-8.8907,-1.2673,227.313,-0.45118,2.49269,-0.01638
-8.8536,-1.311,227.42,-0.44721,2.49285,-0.01883
-8.8683,-1.3115,227.433,-0.44504,2.4991,-0.0195
-8.8377,-1.344,227.492,-0.4454,2.50081,-0.02096
-8.8834,-1.2604,227.371,-0.44817,2.50608,-0.01907
-8.8395,-1.2032,227.407,-0.44619,2.50086,-0.01984
-8.7671,-1.2163,227.38,-0.44416,2.5003,-0.02078
-8.754,-1.1413,227.393,-0.44261,2.50148,-0.02246
-8.8126,-1.0224,227.302,-0.44159,2.50351,-0.02172
-8.8161,-1.2195,227.311,-0.45209,2.50246,-0.02168
-8.8508,-1.1165,227.285,-0.4491,2.50531,-0.02105
-8.8087,-1.1489,227.325,-0.44859,2.50553,-0.02121
-8.8059,-1.1014,227.303,-0.45012,2.50979,-0.0193
-8.7835,-1.2507,227.468,-0.45646,2.5001,-0.01983
-8.7789,-1.0702,227.602,-0.44201,2.50228,-0.01949
-8.7249,-1.2354,227.53,-0.44796,2.5057,-0.01709
-8.764,-1.2243,227.725,-0.45022,2.50537,-0.01627
-8.8273,-1.1616,227.581,-0.45155,2.51166,-0.01377
-8.7017,-1.3636,227.668,-0.46011,2.50033,-0.01455
-8.7333,-1.2434,227.575,-0.46078,2.50613,-0.01397
-8.7506,-1.221,227.466,-0.46872,2.50568,-0.01239
-8.6766,-1.3398,227.666,-0.47275,2.49746,-0.01024
-8.7602,-1.2658,227.601,-0.46718,2.50234,-0.01145
-8.8149,-1.2918,227.585,-0.4645,2.50627,-0.00975
-8.7522,-1.4357,227.827,-0.46386,2.49988,-0.01396
-8.8189,-1.3477,227.72,-0.46229,2.5051,-0.0146
-8.8707,-1.313,227.649,-0.46056,2.50175,-0.01342
-8.9683,-1.2938,227.494,-0.46007,2.51154,-0.01315
-8.9521,-1.3798,227.55,-0.46478,2.50982,-0.01311
-8.9055,-1.3941,227.475,-0.46077,2.50563,-0.01423
-8.8535,-1.3082,227.457,-0.4514,2.50609,-0.01515
-8.7791,-1.3853,227.49,-0.44874,2.50005,-0.01586
-8.7614,-1.4828,227.569,-0.45323,2.49843,-0.01594
-8.7383,-1.5057,227.593,-0.45401,2.50192,-0.01496
-8.6977,-1.4364,227.608,-0.44866,2.50047,-0.01456
-8.7667,-1.337,227.456,-0.45161,2.50821,-0.01256
-8.7976,-1.3634,227.519,-0.45033,2.50516,-0.01263
-8.7244,-1.3996,227.466,-0.45118,2.5058,-0.0126
-8.7725,-1.4308,227.373,-0.46143,2.50524,-0.01103
-8.765,-1.3395,227.504,-0.45447,2.50281,-0.01338
-8.7931,-1.2789,227.392,-0.44766,2.507,-0.01287
-8.7823,-1.296,227.443,-0.45986,2.50683,-0.01172
-8.6963,-1.4121,227.506,-0.4565,2.49562,-0.0135
-8.7654,-1.3045,227.4,-0.45634,2.50047,-0.01102
-8.7319,-1.2877,227.6,-0.45344,2.49505,-0.01334
-8.7572,-1.2814,227.558,-0.45142,2.49683,-0.01149
-8.7071,-1.3804,227.522,-0.45637,2.4935,-0.01197
-8.7121,-1.2485,227.61,-0.44453,2.49099,-0.01352
-8.6975,-1.3888,227.587,-0.45533,2.48942,-0.01199
-8.8265,-1.2246,227.578,-0.45823,2.49636,-0.011
-8.7385,-1.4524,227.622,-0.46113,2.49194,-0.01134
-8.7696,-1.3081,227.495,-0.4534,2.49752,-0.0117
-8.7295,-1.4507,227.627,-0.45788,2.4906,-0.0128
-8.8714,-1.2815,227.437,-0.45322,2.50006,-0.01168
-8.7593,-1.4921,227.59,-0.45711,2.49146,-0.012
-8.8269,-1.3199,227.409,-0.4559,2.49959,-0.01279
-8.7691,-1.3968,227.551,-0.45054,2.49469,-0.01353
-8.7639,-1.3395,227.581,-0.44665,2.49334,-0.01472
-8.9003,-1.1578,227.35,-0.44398,2.50157,-0.01221
-8.7873,-1.4367,227.633,-0.45349,2.49034,-0.01295
-8.8022,-1.3244,227.535,-0.44816,2.49035,-0.0137
-8.846,-1.2101,227.519,-0.44532,2.49994,-0.01327
-8.8367,-1.3143,227.635,-0.44894,2.49331,-0.01518
-8.8706,-1.3225,227.574,-0.45491,2.497,-0.01211
-8.8205,-1.2979,227.481,-0.45239,2.49415,-0.01227
-8.8126,-1.3558,227.688,-0.45213,2.49533,-0.01294
-8.8092,-1.4616,227.65,-0.4611,2.49249,-0.01198
-8.8196,-1.4714,227.521,-0.46162,2.50081,-0.01085
-8.8283,-1.3896,227.557,-0.46149,2.49572,-0.01066
-8.8027,-1.3737,227.484,-0.45909,2.49726,-0.01257
-8.8988,-1.2565,227.493,-0.45062,2.50147,-0.0121
-8.8117,-1.4395,227.651,-0.46244,2.49935,-0.01188
-8.8486,-1.3335,227.647,-0.45139,2.50608,-0.0132
-8.8387,-1.2549,227.622,-0.44941,2.50439,-0.01421
-8.8146,-1.4389,227.555,-0.46119,2.50183,-0.01264
-8.7115,-1.4374,227.836,-0.45234,2.49973,-0.01629
-8.753,-1.452,227.677,-0.4597,2.4978,-0.01316
-8.7147,-1.4931,227.802,-0.45928,2.49328,-0.01598
-8.6815,-1.4751,227.647,-0.45855,2.49497,-0.01544
-8.6989,-1.4734,227.669,-0.46244,2.4909,-0.01394
-8.759,-1.4095,227.571,-0.45759,2.49546,-0.0136
-8.7854,-1.3574,227.644,-0.45894,2.49622,-0.01357
-8.6812,-1.5,227.747,-0.45745,2.48109,-0.01526
-8.7874,-1.4545,227.545,-0.46887,2.48825,-0.01168
-8.7844,-1.3609,227.535,-0.4594,2.49156,-0.01
-8.8174,-1.3282,227.408,-0.45733,2.49112,-0.01154
-8.8655,-1.367,227.501,-0.4579,2.48939,-0.01313
-8.842,-1.433,227.615,-0.45996,2.48495,-0.01364
-8.909,-1.3039,227.561,-0.45347,2.48793,-0.01317
-8.8615,-1.3395,227.63,-0.45213,2.48443,-0.01556
-8.8907,-1.3016,227.457,-0.45327,2.48375,-0.01484
-8.9247,-1.3151,227.616,-0.45388,2.48678,-0.01637
-8.8529,-1.4213,227.481,-0.45994,2.48531,-0.01595
-8.874,-1.4052,227.616,-0.45617,2.48423,-0.01562
-8.9034,-1.3744,227.462,-0.46357,2.49364,-0.01251
-8.8355,-1.44,227.666,-0.45772,2.48392,-0.01306
-8.8367,-1.3851,227.575,-0.45717,2.49367,-0.0111
-8.7274,-1.386,227.619,-0.45392,2.49156,-0.01139
-8.8218,-1.2509,227.524,-0.45349,2.49695,-0.01006
-8.8047,-1.3314,227.454,-0.4613,2.4934,-0.00871
-8.7632,-1.3192,227.616,-0.45416,2.48819,-0.01155
-8.75,-1.3143,227.475,-0.45395,2.491,-0.01291
-8.7832,-1.3863,227.567,-0.46116,2.49264,-0.01133
-8.7868,-1.4083,227.623,-0.46074,2.48932,-0.0126
-8.7569,-1.4882,227.701,-0.46202,2.49366,-0.01347
-8.8574,-1.3295,227.567,-0.45037,2.49732,-0.01363
-8.8269,-1.4023,227.547,-0.45704,2.49723,-0.01431
-8.7699,-1.3618,227.575,-0.45277,2.49326,-0.01438
-8.8001,-1.2579,227.576,-0.44972,2.50199,-0.01351
-8.7467,-1.4338,227.577,-0.45684,2.49878,-0.01243
-8.7096,-1.4017,227.519,-0.45626,2.49856,-0.01194
-8.7575,-1.4072,227.481,-0.46296,2.49842,-0.00885
-8.6943,-1.4248,227.633,-0.45717,2.49819,-0.01115
-8.715,-1.3966,227.638,-0.45357,2.49826,-0.01256
-8.7596,-1.3338,227.606,-0.44945,2.49755,-0.01229
-8.6954,-1.4717,227.71,-0.46025,2.49767,-0.01202
-8.8668,-1.2837,227.492,-0.46054,2.50656,-0.00979
-8.7928,-1.2737,227.521,-0.45617,2.49472,-0.01074
-8.7194,-1.4161,227.587,-0.45881,2.4958,-0.01096
-8.7859,-1.3748,227.728,-0.45778,2.49416,-0.00969
-8.8245,-1.2783,227.56,-0.45803,2.49726,-0.00943
-8.8301,-1.385,227.403,-0.4617,2.49848,-0.00723
-8.752,-1.4542,227.533,-0.46531,2.49181,-0.00894
-8.7999,-1.3953,227.647,-0.46128,2.4861,-0.00914
-8.866,-1.3478,227.525,-0.46362,2.49728,-0.00855
-8.8077,-1.4257,227.614,-0.46126,2.49029,-0.00959
-8.8777,-1.3239,227.468,-0.46461,2.49746,-0.00813
-8.8772,-1.3441,227.606,-0.46262,2.49283,-0.00943
-8.8924,-1.2769,227.657,-0.45443,2.4917,-0.01117
-8.9111,-1.3017,227.541,-0.45958,2.49888,-0.00881
-8.7889,-1.4761,227.687,-0.46281,2.49127,-0.0107
-8.78,-1.4702,227.711,-0.46076,2.48666,-0.01089
-8.8397,-1.3329,227.653,-0.45797,2.49027,-0.00953
-8.8225,-1.371,227.593,-0.45612,2.49388,-0.0093
-8.8359,-1.331,227.673,-0.45415,2.50023,-0.01007
-8.8761,-1.2536,227.581,-0.45107,2.5025,-0.0096
-8.872,-1.327,227.645,-0.45392,2.50191,-0.01038
-8.7491,-1.4543,227.749,-0.45495,2.49464,-0.01229
-8.7976,-1.3327,227.638,-0.45213,2.49446,-0.01226
-8.8576,-1.2686,227.627,-0.44894,2.49684,-0.01265
-8.8288,-1.2931,227.593,-0.45118,2.497,-0.01202
-8.7725,-1.3652,227.708,-0.45347,2.4926,-0.01325
-8.8101,-1.3152,227.495,-0.45423,2.49919,-0.01138
-8.8351,-1.1717,227.521,-0.45049,2.5037,-0.01072
-8.7973,-1.218,227.626,-0.45158,2.49688,-0.01155
-8.8538,-1.3052,227.573,-0.45591,2.50096,-0.01002
-8.8579,-1.2865,227.644,-0.45363,2.49811,-0.01059
-8.7989,-1.3966,227.589,-0.45879,2.49856,-0.01018
-8.8425,-1.2446,227.567,-0.45214,2.50098,-0.01077
-8.747,-1.4542,227.622,-0.46066,2.49409,-0.01074
-8.8991,-1.2188,227.466,-0.45423,2.50761,-0.009
-8.8301,-1.4708,227.689,-0.46482,2.49129,-0.00981
-8.8563,-1.315,227.539,-0.45517,2.49466,-0.01045
-8.7519,-1.4697,227.624,-0.45931,2.49382,-0.011
-8.8518,-1.3466,227.623,-0.45438,2.49712,-0.01051
-8.8929,-1.2879,227.639,-0.45463,2.504,-0.00922
-8.7969,-1.4296,227.631,-0.45738,2.49514,-0.00972
-8.8522,-1.3158,227.497,-0.45312,2.49533,-0.00971
-8.8396,-1.3278,227.581,-0.45439,2.49812,-0.01051
-8.8622,-1.3726,227.603,-0.46269,2.49989,-0.00944
-8.8964,-1.3888,227.514,-0.46347,2.50096,-0.00832
-8.8293,-1.383,227.66,-0.46096,2.49637,-0.01002
-8.811,-1.3997,227.744,-0.45672,2.49702,-0.01089
-8.8768,-1.307,227.514,-0.45938,2.5022,-0.00936
-8.9257,-1.2646,227.47,-0.45792,2.50494,-0.00851
-8.8638,-1.3435,227.487,-0.45769,2.50226,-0.00925
-8.7973,-1.3664,227.614,-0.45657,2.49768,-0.01177
-8.8334,-1.4,227.622,-0.45626,2.4988,-0.00999
-8.8627,-1.3665,227.549,-0.45856,2.49999,-0.00931
-8.864,-1.326,227.571,-0.459,2.49811,-0.00866
-8.857,-1.3623,227.631,-0.45821,2.4953,-0.00884
-8.8851,-1.3372,227.548,-0.45843,2.50442,-0.00908
-8.862,-1.259,227.494,-0.45728,2.50195,-0.00957
-8.8518,-1.3852,227.709,-0.46043,2.49654,-0.01049
-8.7276,-1.4825,227.678,-0.46031,2.4966,-0.00918
-8.8221,-1.2923,227.55,-0.45546,2.50216,-0.0095
-8.8081,-1.3072,227.623,-0.45352,2.49905,-0.0107
-8.8428,-1.4033,227.602,-0.45966,2.49972,-0.0099
-8.7708,-1.5269,227.639,-0.4618,2.49526,-0.00995
-8.8374,-1.2503,227.607,-0.44731,2.5011,-0.01171
-8.834,-1.323,227.616,-0.45468,2.50376,-0.01055
-8.8373,-1.3614,227.571,-0.4546,2.49935,-0.00995
-8.8517,-1.4017,227.654,-0.45914,2.50113,-0.01006
-8.854,-1.32,227.563,-0.45408,2.50093,-0.01097
-8.8906,-1.4064,227.573,-0.46112,2.50584,-0.01061
-8.8637,-1.3867,227.702,-0.45983,2.49838,-0.01094
-8.913,-1.3135,227.496,-0.45648,2.5056,-0.00943
-8.821,-1.3772,227.638,-0.45536,2.49805,-0.01014
-8.8151,-1.2938,227.593,-0.45022,2.49624,-0.01116
-8.8497,-1.3353,227.611,-0.45182,2.50442,-0.00985
-8.9653,-1.1944,227.478,-0.45764,2.50903,-0.00881
-8.8908,-1.2799,227.47,-0.45699,2.50559,-0.00917
-8.833,-1.3172,227.661,-0.45657,2.50009,-0.01101
-8.9581,-1.1449,227.485,-0.45157,2.51085,-0.00874
-8.7789,-1.3785,227.684,-0.45442,2.49601,-0.01159
-8.7897,-1.4421,227.78,-0.45906,2.49651,-0.00994
-8.8918,-1.3399,227.547,-0.45707,2.50595,-0.00876
-8.8492,-1.2834,227.528,-0.45362,2.50198,-0.0087
-8.8756,-1.2916,227.577,-0.4561,2.50487,-0.00897
-8.8607,-1.2253,227.545,-0.45348,2.50371,-0.01018
-8.8629,-1.325,227.514,-0.4564,2.50465,-0.00919
-8.8616,-1.3095,227.546,-0.4534,2.50135,-0.01011
-8.8019,-1.3895,227.616,-0.45951,2.49537,-0.01019
-8.8089,-1.41,227.543,-0.45697,2.49647,-0.01014
-8.8023,-1.4201,227.574,-0.45522,2.49759,-0.00985
-8.7521,-1.4891,227.655,-0.45798,2.49384,-0.00988
-8.8301,-1.3518,227.683,-0.45335,2.4972,-0.01094
-8.831,-1.4714,227.601,-0.46276,2.49329,-0.00935
-8.8704,-1.283,227.408,-0.45273,2.50285,-0.00849
-8.8616,-1.3424,227.441,-0.45935,2.50025,-0.00813
-8.8235,-1.4225,227.755,-0.45694,2.49393,-0.01063
-8.7898,-1.4231,227.621,-0.45998,2.49551,-0.00902
-8.8499,-1.3544,227.629,-0.46045,2.50014,-0.0096
-8.8679,-1.3789,227.556,-0.4635,2.49991,-0.00809
-8.8792,-1.2984,227.384,-0.45648,2.49971,-0.00802
-8.8367,-1.3509,227.423,-0.45882,2.49936,-0.00822
-8.8651,-1.358,227.575,-0.46164,2.49831,-0.00746
-8.877,-1.3091,227.381,-0.46295,2.49576,-0.00758
-8.8518,-1.3019,227.428,-0.46148,2.49882,-0.00799
-8.8382,-1.2604,227.511,-0.45758,2.49628,-0.00936
-8.8269,-1.2559,227.639,-0.45198,2.49611,-0.01017
-8.8483,-1.398,227.616,-0.46333,2.4957,-0.01038
-8.8668,-1.3125,227.559,-0.46022,2.49697,-0.00892
-8.8265,-1.4919,227.609,-0.46551,2.496,-0.00788
-8.8441,-1.3319,227.656,-0.45396,2.4983,-0.0103
-8.8349,-1.3521,227.556,-0.45186,2.50301,-0.01049
-8.8685,-1.2935,227.453,-0.45699,2.50293,-0.00891
-8.8305,-1.3135,227.511,-0.45602,2.50255,-0.00858
-8.8065,-1.3092,227.484,-0.45432,2.49988,-0.00834
-8.9262,-1.2188,227.429,-0.458,2.50453,-0.00787
-8.8687,-1.3987,227.449,-0.46176,2.50065,-0.00824
-8.769,-1.2654,227.638,-0.4493,2.49202,-0.01162
-8.884,-1.3054,227.479,-0.46009,2.4994,-0.00904
-8.8068,-1.4274,227.66,-0.46215,2.49516,-0.01001
-8.8398,-1.3087,227.638,-0.45708,2.49953,-0.00935
-8.7779,-1.419,227.672,-0.45746,2.49473,-0.00973
-8.9381,-1.2089,227.348,-0.45872,2.506,-0.00713
-8.8927,-1.3442,227.539,-0.46615,2.50234,-0.00798
-8.9226,-1.1905,227.392,-0.45613,2.50435,-0.00879
-8.8211,-1.384,227.603,-0.45533,2.49902,-0.01171
-8.8969,-1.2345,227.44,-0.45487,2.50428,-0.00934
-8.8469,-1.2874,227.474,-0.45804,2.49603,-0.00848
-8.8987,-1.1334,227.311,-0.45393,2.50522,-0.00854
-8.8608,-1.3042,227.636,-0.45511,2.49798,-0.00982
-8.8662,-1.3381,227.686,-0.45619,2.498,-0.00961
-8.8064,-1.503,227.616,-0.46384,2.49976,-0.00878
-8.8053,-1.4968,227.558,-0.46329,2.49806,-0.00916
-8.8702,-1.3088,227.456,-0.45589,2.50578,-0.00985
-8.8141,-1.3558,227.635,-0.45556,2.49845,-0.01183
-8.8982,-1.2439,227.325,-0.45901,2.50655,-0.00821
-8.851,-1.2164,227.511,-0.45169,2.50255,-0.01047
-8.8557,-1.2343,227.523,-0.45213,2.50488,-0.00917
-8.8488,-1.2646,227.569,-0.44977,2.50251,-0.01023
-8.9244,-1.1842,227.381,-0.45542,2.50684,-0.00817
-8.8706,-1.3488,227.488,-0.46214,2.50351,-0.00762
-8.8329,-1.4231,227.657,-0.46356,2.4994,-0.00934
-8.8499,-1.3641,227.517,-0.45891,2.4987,-0.00917
-8.7484,-1.4385,227.642,-0.45833,2.492,-0.01081
-8.862,-1.3752,227.532,-0.46289,2.49871,-0.00791
-8.8333,-1.3187,227.549,-0.45623,2.49494,-0.00916
-8.7989,-1.3628,227.563,-0.45548,2.49602,-0.0087
-8.8529,-1.3935,227.638,-0.45926,2.4968,-0.00873
-8.8345,-1.3828,227.503,-0.46144,2.49937,-0.00848
-8.8373,-1.3602,227.571,-0.45906,2.49403,-0.0093
-8.8125,-1.4817,227.543,-0.46491,2.49233,-0.00842
-8.8858,-1.3716,227.423,-0.46341,2.49942,-0.00701
-8.8624,-1.2841,227.602,-0.45302,2.49701,-0.00978
-8.8962,-1.3445,227.53,-0.46112,2.5017,-0.00754
-8.8883,-1.2646,227.557,-0.45582,2.50252,-0.00825
-8.86,-1.3726,227.642,-0.45947,2.49788,-0.00862
-8.9321,-1.2036,227.499,-0.45734,2.505,-0.00802
-8.8691,-1.3114,227.625,-0.45492,2.49932,-0.01086
-8.9002,-1.3196,227.493,-0.45707,2.50355,-0.00789
-8.8251,-1.4593,227.552,-0.4631,2.50235,-0.00781
-8.7834,-1.4033,227.631,-0.45706,2.49765,-0.00987
-8.8232,-1.3923,227.509,-0.46213,2.50058,-0.00745
-8.8884,-1.3192,227.499,-0.46488,2.5017,-0.00853
-8.8784,-1.2769,227.536,-0.45723,2.49789,-0.00874
-8.8517,-1.3593,227.584,-0.45722,2.49539,-0.00916
-8.8493,-1.2472,227.524,-0.45511,2.49864,-0.00941
-8.8836,-1.3516,227.568,-0.45827,2.49942,-0.00798
-8.8807,-1.2515,227.536,-0.45438,2.49938,-0.00895
-8.8579,-1.3267,227.642,-0.45694,2.50253,-0.01125
-8.832,-1.398,227.613,-0.45937,2.49791,-0.00938
-8.8935,-1.2449,227.423,-0.4546,2.5066,-0.00813
-8.847,-1.3635,227.572,-0.45887,2.49893,-0.00922
-8.8544,-1.3796,227.581,-0.45963,2.50374,-0.00783
-8.8669,-1.3583,227.665,-0.4553,2.50234,-0.00894
-8.7965,-1.4646,227.602,-0.45961,2.49865,-0.00901
-8.8638,-1.3763,227.564,-0.4593,2.5062,-0.00841
-8.834,-1.276,227.639,-0.45127,2.50208,-0.01027
-8.8716,-1.2405,227.508,-0.45066,2.50133,-0.00874
-8.7689,-1.5,227.639,-0.45713,2.49477,-0.00965
-8.8068,-1.438,227.616,-0.45723,2.49415,-0.01036
-8.8279,-1.3985,227.546,-0.45418,2.49607,-0.0101
-8.8409,-1.4544,227.467,-0.46451,2.50262,-0.00813
-8.912,-1.2237,227.503,-0.44948,2.50472,-0.01048
-8.8022,-1.4789,227.686,-0.45782,2.49526,-0.01061
-8.8316,-1.3934,227.573,-0.45778,2.49361,-0.01012
-8.8242,-1.3757,227.555,-0.45854,2.49731,-0.00933
-8.8492,-1.3234,227.532,-0.45283,2.4996,-0.00937
-8.815,-1.3295,227.558,-0.45385,2.49625,-0.00995
-8.8604,-1.2382,227.555,-0.4499,2.49989,-0.01132
-8.7907,-1.4366,227.563,-0.4587,2.49694,-0.01021
-8.818,-1.3663,227.641,-0.44936,2.49686,-0.01221
-8.8001,-1.4298,227.64,-0.45792,2.4955,-0.01073
-8.8993,-1.2544,227.52,-0.45293,2.50825,-0.00849
-8.7892,-1.3287,227.711,-0.45118,2.49215,-0.01181
-8.7954,-1.4649,227.785,-0.46193,2.49491,-0.01191
-8.8308,-1.3915,227.732,-0.45523,2.49832,-0.01169
