-0.000173607,0,-0.000162361,0,0,0.9
-0.000173607,0,-0.000162361,0,0,0.9
-0.000173607,0,-0.000162361,0,0,0.9
-0.000173607,0,-0.000162361,0,0,0.9
-0.000173607,0,-0.000162361,0,0,0.9
-0.000173607,0,-0.000162361,0,0,0.9
-0.000173607,0,-0.000162361,0,0,0.9
-0.000173607,0,-0.000162361,0,0,0.9
-0.000173607,0,-0.000162361,0,0,0.9
-0.000173607,0,-0.000162361,0,0,0.9
-0.000173607,0,-0.000162361,0,0,0.9
-0.000173607,0,-0.000162361,0,0,0.9
-0.000173607,0,-0.000162361,0,0,0.9
-0.000173607,0,-0.000162361,0,0,0.9
-0.000173607,0,-0.000162361,0,0,0.9
-0.000173607,0,-0.000162361,0,0,0.9
-0.000173607,0,-0.000162361,0,0,0.9
-0.000173607,0,-0.000162361,0,0,0.9
-0.000173607,0,-0.000162361,0,0,0.9
-0.000173607,0,-0.000162361,0,0,0.9
-0.000173607,0,-0.000162361,0,0,0.9
-0.000173607,0,-0.000162361,0,0,0.9
-0.000173607,0,-0.000162361,0,0,0.9
-0.000173607,0,-0.000162361,0,0,0.9
-0.000173607,0,-0.000162361,0,0,0.9
-0.000173607,0,-0.000162361,0,0,0.9
-0.000173607,0,-0.000162361,0,0,0.9
-0.000173607,0,-0.000162361,0,0,0.9
-0.000173607,0,-0.000162361,0,0,0.9
-0.000173607,0,-0.000162361,0,0,0.9
-0.000173607,0,-0.000162361,0,0,0.9
-0.000173607,0,-0.000162361,0,0,0.9
-0.000173607,0,-0.000162361,0,0,0.9
-0.000173607,0,-0.000162361,0,0,0.9
-0.000173607,0,-0.000162361,0,0,0.9
-0.000173607,0,-0.000162361,0,0,0.9
-0.000173607,0,-0.000162361,0,0,0.9
-0.000173607,0,-0.000162361,0,0,0.9
-0.000173607,0,-0.000162361,0,0,0.9
-0.000173607,0,-0.000162361,0,0,0.9
-0.000173607,0,-0.000162361,0,0,0.9
-0.000173607,0,-0.000162361,0,0,0.9
-0.000173607,0,-0.000162361,0,0,0.9
-0.000173607,0,-0.000162361,0,0,0.9
-0.000173607,0,-0.000162361,0,0,0.9
-0.000173607,0,-0.000162361,0,0,0.9
-0.000173607,0,-0.000162361,0,0,0.9
-0.000173607,0,-0.000162361,0,0,0.9
-0.000173607,0,-0.000162361,0,0,0.9
-0.000173607,0,-0.000162361,0,0,0.9
-0.000173607,0,-0.000162361,0,0,0.9
-0.000173607,0,-0.000162361,0,0,0.9
-0.000173607,0,-0.000162361,0,0,0.9
-0.000173607,0,-0.000162361,0,0,0.9
-0.000173607,0,-0.000162361,0,0,0.9
-0.000173607,0,-0.000162361,0,0,0.9
-0.000173607,0,-0.000162361,0,0,0.9
-0.000173607,0,-0.000162361,0,0,0.9
-0.000173607,0,-0.000162361,0,0,0.9
-0.000173607,0,-0.000162361,0,0,0.9
-0.000173607,0,-0.000162361,0,0,0.9
-0.000173607,0,-0.000162361,0,0,0.9
-0.000173607,0,-0.000162361,0,0,0.9
-0.000173607,0,-0.000162361,0,0,0.9
-0.000173607,0,-0.000162361,0,0,0.9
-0.000173607,0,-0.000162361,0,0,0.9
-0.000173607,0,-0.000162361,0,0,0.9
-0.000173607,0,-0.000162361,0,0,0.9
-0.000173607,0,-0.000162361,0,0,0.9
-0.000173607,0,-0.000162361,0,0,0.9
-0.000173607,0,-0.000162361,0,0,0.9
-0.000173607,0,-0.000162361,0,0,0.9
-0.000173607,0,-0.000162361,0,0,0.9
-0.000173607,0,-0.000162361,0,0,0.9
-0.000173607,0,-0.000162361,0,0,0.9
-0.000173607,0,-0.000162361,0,0,0.9
-0.000173607,0,-0.000162361,0,0,0.9
-0.000173607,0,-0.000162361,0,0,0.9
-0.000173607,0,-0.000162361,0,0,0.9
-0.000173607,0,-0.000162361,0,0,0.9
-0.000173607,0,-0.000162361,0,0,0.9
-0.000173607,0,-0.000162361,0,0,0.9
-0.000173607,0,-0.000162361,0,0,0.9
-0.000173607,0,-0.000162361,0,0,0.9
-0.000173607,0,-0.000162361,0,0,0.9
-0.000173607,0,-0.000162361,0,0,0.9
-0.000173607,0,-0.000162361,0,0,0.9
-0.000173607,0,-0.000162361,0,0,0.9
-0.000173607,0,-0.000162361,0,0,0.9
-0.000173607,0,-0.000162361,0,0,0.9
-0.000173607,0,-0.000162361,0,0,0.9
-0.000173607,0,-0.000162361,0,0,0.9
-0.000173607,0,-0.000162361,0,0,0.9
-0.000173607,0,-0.000162361,0,0,0.9
-0.000173607,0,-0.000162361,0,0,0.9
-0.000173607,0,-0.000162361,0,0,0.9
-0.000173607,0,-0.000162361,0,0,0.9
-0.000173607,0,-0.000162361,0,0,0.9
-0.000173607,0,-0.000162361,0,0,0.9
-0.000173607,0,-0.000162361,0,0,0.9
-0.000173607,0,-0.000162361,0,0,0.9
-0.000173607,0,-0.000162361,0,0,0.9
-0.000173607,0,-0.000162361,0,0,0.9
-0.000173607,0,-0.000162361,0,0,0.9
-0.000173607,0,-0.000162361,0,0,0.9
-0.000173607,0,-0.000162361,0,0,0.9
-0.000173607,0,-0.000162361,0,0,0.9
-0.000173607,0,-0.000162396,0,0,0.9
-0.000173607,0,-0.000162501,0,0,0.9
-0.000173607,0,-0.000162671,0,0,0.9
-0.000173607,0,-0.000162901,0,0,0.9
-0.000173607,0,-0.000163187,0,0,0.9
-0.000173607,0,-0.000163522,0,0,0.9
-0.000173607,0,-0.000163902,0,0,0.9
-0.000173607,0,-0.000164323,0,0,0.9
-0.000173607,0,-0.000164779,0,0,0.9
-0.000173607,0,-0.000165265,0,0,0.9
-0.000173607,0,-0.000165775,0,0,0.9
-0.000173607,0,-0.000166306,0,0,0.9
-0.000173607,0,-0.000166853,0,0,0.9
-0.000173607,0,-0.000167409,0,0,0.9
-0.000173607,0,-0.00016797,0,0,0.9
-0.000173607,0,-0.000168532,0,0,0.9
-0.000173607,0,-0.000169089,0,0,0.9
-0.000173607,0,-0.000169635,0,0,0.9
-0.000173607,0,-0.000170167,0,0,0.9
-0.000173607,0,-0.000170679,0,0,0.9
-0.000173607,0,-0.000171166,0,0,0.9
-0.000173607,0,-0.000171624,0,0,0.9
-0.000173607,0,-0.000172046,0,0,0.9
-0.000173607,0,-0.000172429,0,0,0.9
-0.000173607,0,-0.000172767,0,0,0.9
-0.000173607,0,-0.000173054,0,0,0.9
-0.000173607,0,-0.000173288,0,0,0.9
-0.000173607,0,-0.000173461,0,0,0.9
-0.000173607,0,-0.000173569,0,0,0.9
-0.000173607,0,-0.000173607,0,0,0.9
-0.000173607,0,-0.000173607,0,0,0.9
-0.000173607,0,-0.000173607,0,0,0.9
-0.000173607,0,-0.000173607,0,0,0.9
-0.000173607,0,-0.000173607,0,0,0.9
-0.000173607,0,-0.000173607,0,0,0.9
-0.000173607,0,-0.000173607,0,0,0.9
-0.000173607,0,-0.000173607,0,0,0.9
0,-0.00924112,0,0,0,0.9
0,-0.00924112,0,0,0,0.9
0,-0.00924112,0,0,0,0.9
0,-0.00924112,0,0,0,0.9
0,-0.00924112,0,0,0,0.9
0,-0.00924112,0,0,0,0.9
0,-0.00924112,0,0,0,0.9
-0.0431732,-0.00924112,0,0,0,0.7
-0.045,-0.00944378,0,0,0,0.742
0.0107758,-0.00897435,0,-0.0161389,0,0.879
-0.00585979,-0.00914885,0,-0.0131568,0,0.903
-0.00181634,-0.00889019,0,-0.0129634,0,0.905
0.00820265,-0.00796904,0,-0.013321,0,0.902
0.0101268,-0.00723616,0,-0.0113775,0,0.899
0.0122052,-0.0062754,0,-0.00929397,0,0.897
0.0103194,-0.0057882,0,-0.00657469,0,0.896
0.00306883,-0.00657957,0,-0.00384349,0,0.898
0.0014791,-0.0064737,0,-0.00248962,0,0.9
-0.00390187,-0.00762023,0,-0.00179454,0,0.9
-0.00305561,-0.00706531,0,-0.00235307,0,0.899
-0.00262255,-0.00659085,0,-0.00349762,0,0.899
-0.00301063,-0.00651502,0,-0.00400111,0,0.899
-0.000656094,-0.00506664,0,-0.00498234,0,0.9
0.000130901,-0.00421564,0,-0.00493318,0,0.9
-0.00162126,-0.00477687,0,-0.00446058,0,0.9
-0.00197955,-0.00463183,0,-0.00509258,0,0.9
-0.00289473,-0.00491949,0,-0.00588927,0,0.901
-0.00362748,-0.00516024,0,-0.00771295,0,0.901
-0.00404784,-0.00523774,0,-0.00996465,0,0.901
-0.00313676,-0.0042827,0,-0.0130132,0,0.901
-0.00177826,-0.00289239,0,-0.0152893,0,0.901
-0.00279106,-0.00353649,0,-0.015853,0,0.902
-0.00295871,-0.00348816,0,-0.0172618,0,0.902
-0.00294192,-0.00244227,0,-0.0195327,0,0.9
-0.00335016,-0.0022841,0,-0.0223105,0,0.9
-0.00332464,-0.00216343,0,-0.0251779,0,0.9
-0.00403317,-0.00208345,0,-0.0282166,0,0.9
-0.00363438,-0.00204737,0,-0.0329092,0,0.9
-0.00208648,-0.00204556,0,-0.036052,0,0.9
-0.00208648,-0.00204556,0,0,0,0.9
-0.00208648,-0.00204556,0,0,0,0.9
-0.00208648,-0.00204556,0,0,0,0.9
-0.00208648,-0.00204556,0,0,0,0.9
-0.00208648,-0.00204556,0,0,0,0.9
-0.00208648,-0.00204556,0,0,0,0.9
0,0,-0.00922778,0,0,0.9
0,0,-0.00922778,0,0,0.9
0,0,-0.00922778,0,0,0.9
0,0,-0.00922778,0,0,0.9
0,0,-0.00922778,0,0,0.9
0,0,-0.00922778,0,0,0.9
0,0,-0.00922778,0,0,0.9
0,0,-0.00922778,0,0,0.9
-0.0298211,0,-0.009307,0,0,0.7
0.0131959,0,-0.00900963,-0.0149666,0,0.894
0.00374942,0,-0.00893271,-0.0117447,0,0.907
0.00367714,0,-0.00868891,-0.0104257,0,0.905
0.00973032,0,-0.00798466,-0.00933785,0,0.905
0.00848116,0,-0.00754439,-0.0070298,0,0.901
0.00669423,0,-0.0071924,-0.00474428,0,0.901
0.00393182,0,-0.00705945,-0.0028198,0,0.9
0.00296814,0,-0.00672574,-0.00183783,0,0.899
-0.00175929,0,-0.00738214,-0.000595552,0,0.9
-0.00387036,0,-0.00766321,-0.00107443,0,0.9
-0.00603613,0,-0.00814628,-0.00199575,0,0.9
-0.00687534,0,-0.00831709,-0.00404252,0,0.9
-0.00469143,0,-0.0072481,-0.00663569,0,0.9
-0.00394648,0,-0.00666621,-0.00810787,0,0.901
-0.00258314,0,-0.00567345,-0.0095364,0,0.901
-0.00162474,0,-0.00478383,-0.0103628,0,0.901
-0.00180055,0,-0.00452393,-0.0105239,0,0.901
-0.00224871,0,-0.00447532,-0.0109265,0,0.901
-0.00198023,0,-0.00396982,-0.0118094,0,0.902
-0.00194535,0,-0.00362465,-0.0124314,0,0.902
-0.00168649,0,-0.00311307,-0.0131645,0,0.902
-0.00116362,0,-0.00231634,-0.0137867,0,0.903
-0.0016772,0,-0.00249763,-0.0135786,0,0.903
-0.00248692,0,-0.00301452,-0.0139556,0,0.903
-0.00342687,0,-0.00221989,-0.0149832,0,0.901
-0.00318207,0,-0.00206562,-0.0171032,0,0.901
-0.0037817,0,-0.00195034,-0.019932,0,0.901
-0.00383378,0,-0.00187731,-0.0237049,0,0.901
-0.00292461,0,-0.00185223,-0.02772,0,0.901
-0.00147787,0,-0.00184966,-0.0302717,0,0.901
-0.00147787,0,-0.00184966,0,0,0.901
-0.00147787,0,-0.00184966,0,0,0.901
-0.00147787,0,-0.00184966,0,0,0.901
-0.00147787,0,-0.00184966,0,0,0.901
-0.00147787,0,-0.00184966,0,0,0.901
-0.00147787,0,-0.00184966,0,0,0.901
0,-0.00737087,0,0,0,0.9
0,-0.00737087,0,0,0,0.9
0,-0.00737087,0,0,0,0.9
0,-0.00737087,0,0,0,0.9
0,-0.00737087,0,0,0,0.9
0,-0.00737087,0,0,0,0.9
0,-0.00737087,0,0,0,0.9
0,-0.00737087,0,0,0,0.9
-0.0393742,-0.00744664,0,0,0,0.776
0.000378406,-0.00730064,0,-0.0127596,0,0.898
-0.00747702,-0.00737319,0,-0.0117394,0,0.908
-0.00428823,-0.00724622,0,-0.0120072,0,0.907
0.00173858,-0.0067854,0,-0.0122267,0,0.905
0.00218469,-0.00647719,0,-0.0112077,0,0.901
-0.000416344,-0.00649653,0,-0.0100254,0,0.902
-0.00126342,-0.00637916,0,-0.00933187,0,0.901
-0.00323457,-0.00653819,0,-0.00882025,0,0.902
-0.00612027,-0.00706718,0,-0.00921983,0,0.903
-0.00888644,-0.00780753,0,-0.010414,0,0.902
-0.00633112,-0.00702198,0,-0.0123739,0,0.901
-0.00410922,-0.00611617,0,-0.0138943,0,0.9
-0.00498293,-0.00633469,0,-0.0145376,0,0.9
-0.000295927,-0.00394835,0,-0.0159896,0,0.9
-6.1504e-05,-0.00346966,0,-0.0152273,0,0.9
-0.00070011,-0.00346997,0,-0.0141156,0,0.899
-1.78874e-05,-0.00272134,0,-0.0135464,0,0.9
-0.000356061,-0.00260028,0,-0.0123585,0,0.9
-0.00103251,-0.00276807,0,-0.0117249,0,0.9
-0.000427626,-0.0020231,0,-0.0116252,0,0.9
-0.000507258,-0.00179954,0,-0.0108938,0,0.9
0.000228557,-0.000909373,0,-0.0103178,0,0.9
-0.000841927,-0.00159878,0,-0.0084961,0,0.901
-0.00093862,-0.00148238,0,-0.00902994,0,0.901
-0.00161065,-0.00157519,0,-0.00895563,0,0.9
-0.00276647,-0.00143866,0,-0.0098163,0,0.9
-0.00291648,-0.00133399,0,-0.0133213,0,0.9
-0.00368733,-0.00126393,0,-0.0175344,0,0.9
-0.00313044,-0.00123119,0,-0.0237273,0,0.9
-0.00155613,-0.00122904,0,-0.0282916,0,0.9
-0.00155613,-0.00122904,0,0,0,0.9
-0.00155613,-0.00122904,0,0,0,0.9
-0.00155613,-0.00122904,0,0,0,0.9
-0.00155613,-0.00122904,0,0,0,0.9
-0.00155613,-0.00122904,0,0,0,0.9
-0.00155613,-0.00122904,0,0,0,0.9
0,0,-0.0101585,0,0,0.899
0,0,-0.0101585,0,0,0.899
0,0,-0.0101585,0,0,0.899
0,0,-0.0101585,0,0,0.899
0,0,-0.0101585,0,0,0.899
0,0,-0.0101585,0,0,0.899
0,0,-0.0101585,0,0,0.899
0,0,-0.0101585,0,0,0.899
-0.0380759,0,-0.0102517,0,0,0.7
0.0155541,0,-0.00992076,-0.0178647,0,0.892
0.00245559,0,-0.00988351,-0.0140182,0,0.909
0.00214677,0,-0.009664,-0.0125296,0,0.909
0.00992784,0,-0.00887948,-0.0116874,0,0.908
0.0109409,0,-0.0082033,-0.00922743,0,0.904
0.00907571,0,-0.00774029,-0.00661093,0,0.902
0.00839877,0,-0.00714518,-0.00418368,0,0.901
0.00421927,0,-0.00726408,-0.00162985,0,0.902
-0.000699317,0,-0.00785486,-0.000335152,0,0.902
-0.00421522,0,-0.0084461,-0.000467258,0,0.902
-0.00762326,0,-0.00930777,-0.00143235,0,0.901
-0.00814715,0,-0.00938681,-0.00376996,0,0.901
-0.00610988,0,-0.00840626,-0.00687059,0,0.901
-0.00485497,0,-0.00759935,-0.0092522,0,0.901
-0.0026045,0,-0.00614634,-0.0109516,0,0.902
-0.00167691,0,-0.00512928,-0.011762,0,0.902
-0.00132294,0,-0.00449021,-0.0118959,0,0.902
-0.00215788,0,-0.00464734,-0.0117933,0,0.902
-0.00216101,0,-0.00428479,-0.0124208,0,0.902
-0.00266685,0,-0.00433071,-0.013087,0,0.902
-0.0023588,0,-0.00378348,-0.0140683,0,0.903
-0.00130746,0,-0.00258867,-0.0154856,0,0.903
-0.00146274,0,-0.00242173,-0.0152633,0,0.903
-0.00182639,0,-0.00249037,-0.0158552,0,0.903
-0.00240718,0,-0.00208521,-0.0160662,0,0.901
-0.00297979,0,-0.00190511,-0.0167362,0,0.901
-0.00389691,0,-0.0017698,-0.0189597,0,0.901
-0.00378268,0,-0.00168304,-0.0227295,0,0.901
-0.00352336,0,-0.00164843,-0.0271254,0,0.901
-0.00186746,0,-0.00164815,-0.0308131,0,0.901
-0.00186746,0,-0.00164815,0,0,0.901
-0.00186746,0,-0.00164815,0,0,0.901
-0.00186746,0,-0.00164815,0,0,0.901
-0.00186746,0,-0.00164815,0,0,0.901
-0.00186746,0,-0.00164815,0,0,0.901
-0.00186746,0,-0.00164815,0,0,0.901
0,-0.00855917,0,0,0,0.9
0,-0.00855917,0,0,0,0.9
0,-0.00855917,0,0,0,0.9
0,-0.00855917,0,0,0,0.9
0,-0.00855917,0,0,0,0.9
0,-0.00855917,0,0,0,0.9
0,-0.00855917,0,0,0,0.9
0,-0.00855917,0,0,0,0.9
-0.0351788,-0.00863553,0,0,0,0.7
0.0131115,-0.0083704,0,-0.0166935,0,0.892
-0.00180482,-0.00841678,0,-0.0133577,0,0.908
-0.00080214,-0.00825362,0,-0.0126395,0,0.907
0.0055925,-0.00766789,0,-0.0123014,0,0.905
0.00770381,-0.00706297,0,-0.0105573,0,0.901
0.00245405,-0.00719759,0,-0.00841245,0,0.903
0.000824384,-0.00706223,0,-0.00732174,0,0.903
0.000146065,-0.00682449,0,-0.00648436,0,0.902
-0.00297031,-0.00721024,0,-0.00605357,0,0.902
-0.00529776,-0.00762693,0,-0.00629537,0,0.902
-0.00336904,-0.00682992,0,-0.0075524,0,0.901
-0.00150353,-0.00586943,0,-0.00843262,0,0.901
-0.00332296,-0.00630005,0,-0.00830156,0,0.9
-0.00138531,-0.00511545,0,-0.00928098,0,0.901
6.41555e-05,-0.00398938,0,-0.00958911,0,0.901
-0.000411638,-0.00383715,0,-0.00879872,0,0.901
-0.000510805,-0.00350087,0,-0.00837251,0,0.901
-0.000722719,-0.00325968,0,-0.00810854,0,0.901
-0.00140895,-0.00339354,0,-0.00803912,0,0.901
-0.000594148,-0.00238001,0,-0.00861487,0,0.902
0.000381482,-0.00124357,0,-0.00883298,0,0.901
-0.000498782,-0.00166906,0,-0.007896,0,0.902
-0.0014582,-0.00224372,0,-0.00707195,0,0.902
-0.00244209,-0.00293831,0,-0.00815679,0,0.903
-0.00312155,-0.00215005,0,-0.00994177,0,0.901
-0.00365904,-0.0020052,0,-0.0120138,0,0.901
-0.00398259,-0.00189579,0,-0.0166705,0,0.901
-0.00421274,-0.00182483,0,-0.0209091,0,0.901
-0.00360625,-0.00179529,0,-0.0272589,0,0.901
-0.00214808,-0.00179461,0,-0.0305611,0,0.901
-0.00214808,-0.00179461,0,0,0,0.901
-0.00214808,-0.00179461,0,0,0,0.901
-0.00214808,-0.00179461,0,0,0,0.901
-0.00214808,-0.00179461,0,0,0,0.901
-0.00214808,-0.00179461,0,0,0,0.901
-0.00214808,-0.00179461,0,0,0,0.901
0,0,-0.00995877,0,0,0.9
0,0,-0.00995877,0,0,0.9
0,0,-0.00995877,0,0,0.9
0,0,-0.00995877,0,0,0.9
0,0,-0.00995877,0,0,0.9
0,0,-0.00995877,0,0,0.9
0,0,-0.00995877,0,0,0.9
0,0,-0.00995877,0,0,0.9
-0.0310744,0,-0.0100101,0,0,0.7
0.0171524,0,-0.00973592,-0.0150141,0,0.891
0.00869221,0,-0.00957511,-0.011254,0,0.904
0.00652713,0,-0.0093039,-0.00921559,0,0.896
0.00984546,0,-0.00868974,-0.00752064,0,0.893
0.0132545,0,-0.0077221,-0.00521188,0,0.881
0.0132977,0,-0.00689522,-0.0021462,0,0.878
0.0125239,0,-0.0060869,0.00105771,0,0.874
0.0124791,0,-0.00511712,0.00428529,0,0.872
0.00739247,0,-0.00540627,0.00801307,0,0.872
0.00559357,0,-0.00477806,0.0112766,0,0.861
0.00279124,0,-0.00481577,0.0112766,0,0.848
0.00323902,0,-0.00386611,0.0114762,0,0.847
0.00763457,0,0.000153006,0.0115516,0,0.82
0.0123398,0,0.00666057,0.0125657,0,0.785
0.00974262,0,0.0053889,0.0174605,0,0.782
0.00188662,0,-0.000517266,0.0267966,0,0.787
-0.000146723,0,-0.00177852,0.0284378,0,0.781
0.00193881,0,0.000458565,0.0248241,0,0.783
-0.00148542,0,-0.000372994,0.0246803,0,0.782
-0.00281438,0,-2.94804e-05,0.0200463,0,0.782
-0.0088624,0,0.000235375,0.0119763,0,0.782
-0.0130724,0,0.000412608,-0.00402334,0,0.782
-0.0125846,0,0.000493254,-0.0349336,0,0.782
-0.00800007,0,0.000497308,-0.0560658,0,0.782
-0.00800007,0,0.000497308,0,0,0.782
-0.00800007,0,0.000497308,0,0,0.782
-0.00800007,0,0.000497308,0,0,0.782
-0.00800007,0,0.000497308,0,0,0.782
0,0.00943151,0,0,0,0.786
0,0.00943151,0,0,0,0.786
0,0.00943151,0,0,0,0.786
0,0.00943151,0,0,0,0.786
0,0.00943151,0,0,0,0.786
0,0.00943151,0,0,0,0.786
0,0.00943151,0,0,0,0.786
0,0.00943151,0,0,0,0.786
0,0.00943151,0,0,0,0.786
0,0.00942084,0,0,0,0.786
0.0208801,0.00951619,0,-0.018325,0,0.884
0.0158821,0.00955802,0,-0.0138223,0,0.895
0.00553063,0.00928332,0,-0.0103631,0,0.893
0.000904431,0.00891239,0,-0.0087587,0,0.896
0.00442915,0.00898139,0,-0.00824899,0,0.892
0.00546508,0.00894814,0,-0.00690296,0,0.894
0.00655073,0.00898139,0,-0.00521596,0,0.898
0.0108878,0.00971619,0,-0.00343261,0,0.898
0.0105054,0.00968669,0,-0.0004509,0,0.898
0.00965951,0.00949585,0,0.00285483,0,0.898
0.00714326,0.00867702,0,0.00563812,0,0.897
0.00725635,0.00860932,0,0.00837663,0,0.897
0.0053602,0.00769614,0,0.0104431,0,0.898
0.00659674,0.00808165,0,0.0123964,0,0.898
0.00779414,0.00856759,0,0.0146874,0,0.897
0.006463,0.00771687,0,0.0181941,0,0.897
0.00520548,0.00678223,0,0.0205294,0,0.897
0.00312189,0.00518159,0,0.0227424,0,0.898
0.000867469,0.00326476,0,0.0237034,0,0.898
-2.06123e-06,0.00221902,0,0.0221689,0,0.898
-0.000744109,0.00122431,0,0.02041,0,0.898
-0.00113417,0.000496883,0,0.0179576,0,0.898
-0.00281602,-0.0013462,0,0.0145691,0,0.899
-0.00309436,-0.00199164,0,0.00917563,0,0.899
-0.00382821,-0.0016667,0,0.00353435,0,0.899
-0.00340886,-0.00193882,0,-0.00302451,0,0.899
-0.00387319,-0.00215028,0,-0.00883546,0,0.899
-0.00415373,-0.00229579,0,-0.0160638,0,0.899
-0.00356807,-0.00237009,0,-0.0233791,0,0.899
-0.00233906,-0.00237891,0,-0.028812,0,0.899
-0.00233906,-0.00237891,0,0,0,0.899
-0.00233906,-0.00237891,0,0,0,0.899
-0.00233906,-0.00237891,0,0,0,0.899
-0.00233906,-0.00237891,0,0,0,0.899
-0.00233906,-0.00237891,0,0,0,0.899
-0.00233906,-0.00237891,0,0,0,0.899
0,0,-0.0138085,0,0,0.899
0,0,-0.0138085,0,0,0.899
0,0,-0.0138085,0,0,0.899
0,0,-0.0138085,0,0,0.899
0,0,-0.0138085,0,0,0.899
0,0,-0.0138085,0,0,0.899
0,0,-0.0138085,0,0,0.899
0,0,-0.0138085,0,0,0.899
-0.045,0,-0.0138719,0,0,0.7
0.014048,0,-0.0135936,-0.0287503,0,0.891
0.00123326,0,-0.0135154,-0.0245776,0,0.909
0.00269261,0,-0.0131944,-0.0226143,0,0.908
0.0108084,0,-0.0123392,-0.0209689,0,0.909
0.012846,0,-0.0112651,-0.0176665,0,0.905
0.0132519,0,-0.0103444,-0.0147126,0,0.905
0.0094511,0,-0.00997733,-0.0108365,0,0.904
0.00525713,0,-0.0099036,-0.00828727,0,0.903
-0.000231836,0,-0.0104139,-0.00641373,0,0.899
-0.000980008,0,-0.0100113,-0.00613499,0,0.898
-0.0041801,0,-0.0106197,-0.00590255,0,0.898
-0.004899,0,-0.0104281,-0.00681078,0,0.898
-0.00315918,0,-0.00924284,-0.00844656,0,0.898
-0.00160429,0,-0.00796654,-0.00930601,0,0.898
-0.00139875,0,-0.00727801,-0.00948951,0,0.9
-0.00141073,0,-0.00666755,-0.009389,0,0.9
-0.00215573,0,-0.00652485,-0.00954926,0,0.9
-0.00227637,0,-0.00604731,-0.0101893,0,0.9
-0.00306709,0,-0.00608128,-0.0111565,0,0.9
-0.00369298,0,-0.0060827,-0.0126661,0,0.9
-0.00249856,0,-0.00469641,-0.0152088,0,0.9
-0.00254733,0,-0.00429635,-0.0163064,0,0.9
-0.00177274,0,-0.00321274,-0.0178485,0,0.9
-0.00221783,0,-0.00323505,-0.0185295,0,0.9
-0.00280693,0,-0.002622,-0.0195037,0,0.9
-0.00317646,0,-0.0023486,-0.0206308,0,0.9
-0.00381433,0,-0.00213618,-0.0234896,0,0.9
-0.00405213,0,-0.00199,-0.0279701,0,0.9
-0.00477148,0,-0.00191538,-0.0325303,0,0.9
-0.00302987,0,-0.00190652,-0.0390291,0,0.9
-0.00302987,0,-0.00190652,0,0,0.9
-0.00302987,0,-0.00190652,0,0,0.9
-0.00302987,0,-0.00190652,0,0,0.9
-0.00302987,0,-0.00190652,0,0,0.9
-0.00302987,0,-0.00190652,0,0,0.9
-0.00302987,0,-0.00190652,0,0,0.9
0,-0.0108364,0,0,0,0.899
0,-0.0108364,0,0,0,0.899
0,-0.0108364,0,0,0,0.899
0,-0.0108364,0,0,0,0.899
0,-0.0108364,0,0,0,0.899
0,-0.0108364,0,0,0,0.899
0,-0.0108364,0,0,0,0.899
0,-0.0108364,0,0,0,0.899
0,-0.0108266,0,0,0,0.899
0.00627349,-0.010712,0,-0.0221256,0,0.909
0.0105007,-0.0104233,0,-0.0202859,0,0.911
0.00444014,-0.0102714,0,-0.0171578,0,0.91
0.0117247,-0.00948984,0,-0.0154914,0,0.909
0.0117161,-0.00886034,0,-0.0124417,0,0.906
0.0100269,-0.00834305,0,-0.00942336,0,0.905
0.0072874,-0.00803816,0,-0.00661199,0,0.906
0.00197603,-0.00835723,0,-0.00413895,0,0.905
0.000643999,-0.0081073,0,-0.00345379,0,0.901
-0.00444853,-0.00903447,0,-0.00298066,0,0.901
-0.00539279,-0.00904846,0,-0.00422463,0,0.901
-0.00575229,-0.00886111,0,-0.00575333,0,0.901
-0.00541324,-0.00845627,0,-0.00753175,0,0.9
-0.00283416,-0.00702529,0,-0.0092585,0,0.9
-0.00183918,-0.00611333,0,-0.0101654,0,0.901
-0.00187578,-0.00557689,0,-0.0103645,0,0.901
-0.00164005,-0.00500304,0,-0.0109057,0,0.902
-0.00186028,-0.00471613,0,-0.0110837,0,0.902
-0.00197159,-0.00438523,0,-0.0115666,0,0.902
-0.000644947,-0.0029883,0,-0.0123047,0,0.903
-0.000469488,-0.00242485,0,-0.0124073,0,0.903
-0.00155299,-0.00294765,0,-0.0115219,0,0.903
-0.00166217,-0.00272683,0,-0.0129444,0,0.903
-0.0026935,-0.00338357,0,-0.0129444,0,0.903
-0.00335732,-0.00284562,0,-0.0143947,0,0.901
-0.0036854,-0.00265916,0,-0.0167431,0,0.901
-0.00393146,-0.0025136,0,-0.0206566,0,0.901
-0.00349053,-0.00241816,0,-0.0246008,0,0.901
-0.00279339,-0.00237721,0,-0.0287749,0,0.901
-0.00180157,-0.00237546,0,-0.0298667,0,0.901
-0.00180157,-0.00237546,0,0,0,0.901
-0.00180157,-0.00237546,0,0,0,0.901
-0.00180157,-0.00237546,0,0,0,0.901
-0.00180157,-0.00237546,0,0,0,0.901
-0.00180157,-0.00237546,0,0,0,0.901
-0.00180157,-0.00237546,0,0,0,0.901
0,0,-0.008125,0,0,0.9
0,0,-0.008125,0,0,0.9
0,0,-0.008125,0,0,0.9
0,0,-0.008125,0,0,0.9
0,0,-0.008125,0,0,0.9
0,0,-0.008125,0,0,0.9
0,0,-0.008125,0,0,0.9
0,0,-0.008125,0,0,0.9
-0.0355693,0,-0.00817004,0,0,0.703
0.00186133,0,-0.00805379,-0.0160518,0,0.895
-0.00236651,0,-0.0080174,-0.0148634,0,0.91
-0.000256604,0,-0.00783826,-0.0141041,0,0.906
0.00710669,0,-0.00722643,-0.0134449,0,0.906
0.00708577,0,-0.00679421,-0.011281,0,0.901
0.00920215,0,-0.00603921,-0.00913706,0,0.898
0.00701501,0,-0.00577355,-0.0066472,0,0.9
0.00243113,0,-0.00607968,-0.00443132,0,0.901
-0.00146334,0,-0.00655577,-0.00331933,0,0.901
-0.00529786,0,-0.00733391,-0.00344201,0,0.901
-0.00675023,0,-0.00767546,-0.00492748,0,0.9
-0.00579191,0,-0.00725023,-0.00724933,0,0.9
-0.00439633,0,-0.006544,-0.00905423,0,0.9
-0.00239295,0,-0.00540938,-0.0105009,0,0.9
-0.00205538,0,-0.00494608,-0.0109713,0,0.9
-0.00142862,0,-0.00428455,-0.0113718,0,0.9
-0.00214904,0,-0.00440421,-0.0113964,0,0.9
-0.002756,0,-0.00452433,-0.0120069,0,0.9
-0.00369403,0,-0.0049475,-0.0128892,0,0.9
-0.00253122,0,-0.00386481,-0.0151028,0,0.9
-0.00220651,0,-0.00336866,-0.0165105,0,0.9
-0.0018451,0,-0.00283223,-0.0172395,0,0.9
-0.000748359,0,-0.00164344,-0.0179312,0,0.9
-0.00151083,0,-0.00210121,-0.0167958,0,0.9
-0.0025674,0,-0.00213837,-0.0171053,0,0.899
-0.00304449,0,-0.00199158,-0.0181992,0,0.899
-0.00312672,0,-0.00187752,-0.021463,0,0.899
-0.00379361,0,-0.00179902,-0.0244001,0,0.899
-0.00287505,0,-0.00175894,-0.0295108,0,0.899
-0.00208001,0,-0.00175419,-0.0319215,0,0.899
-0.00208001,0,-0.00175419,0,0,0.899
-0.00208001,0,-0.00175419,0,0,0.899
-0.00208001,0,-0.00175419,0,0,0.899
-0.00208001,0,-0.00175419,0,0,0.899
-0.00208001,0,-0.00175419,0,0,0.899
-0.00208001,0,-0.00175419,0,0,0.899
0,-0.00762499,0,0,0,0.899
0,-0.00762499,0,0,0,0.899
0,-0.00762499,0,0,0,0.899
0,-0.00762499,0,0,0,0.899
0,-0.00762499,0,0,0,0.899
0,-0.00762499,0,0,0,0.899
0,-0.00762499,0,0,0,0.899
0,-0.00762499,0,0,0,0.899
-0.043802,-0.00769847,0,0,0,0.7
0.0133205,-0.00746393,0,-0.0198811,0,0.892
0.00228766,-0.00743181,0,-0.0164155,0,0.909
-0.00255237,-0.00743561,0,-0.0147763,0,0.907
0.00374131,-0.00694868,0,-0.0143547,0,0.91
0.00333524,-0.00666758,0,-0.0128008,0,0.907
0.00334608,-0.0063178,0,-0.0112665,0,0.906
0.0063442,-0.00546176,0,-0.00992935,0,0.905
0.00323426,-0.00552373,0,-0.00771978,0,0.905
0.00182452,-0.00538511,0,-0.00638821,0,0.902
-0.00294103,-0.00630369,0,-0.00513688,0,0.901
-0.00543114,-0.00690442,0,-0.00572309,0,0.901
-0.00427905,-0.00636572,0,-0.00743144,0,0.901
-0.00540648,-0.00667883,0,-0.00839935,0,0.9
-0.00154444,-0.00472908,0,-0.0102908,0,0.9
-0.000649202,-0.00395406,0,-0.010622,0,0.9
-0.000280947,-0.00340491,0,-0.0100472,0,0.901
0.00133879,-0.00193915,0,-0.00967941,0,0.902
0.000485197,-0.00209514,0,-0.00834738,0,0.902
-0.000493532,-0.00243522,0,-0.00733709,0,0.902
-0.00105911,-0.00256882,0,-0.00685669,0,0.903
-0.000570907,-0.00190141,0,-0.00740285,0,0.903
-0.0013408,-0.00228488,0,-0.0074256,0,0.903
-0.00225199,-0.00287552,0,-0.00749974,0,0.903
-0.0030069,-0.00339825,0,-0.00997598,0,0.903
-0.00354554,-0.00274341,0,-0.0121885,0,0.901
-0.00413905,-0.0026295,0,-0.0149755,0,0.901
-0.00482595,-0.00253878,0,-0.0196604,0,0.901
-0.00466017,-0.00248125,0,-0.0254654,0,0.901
-0.00428454,-0.00245725,0,-0.0313336,0,0.901
-0.00270298,-0.00245619,0,-0.035542,0,0.901
-0.00270298,-0.00245619,0,0,0,0.901
-0.00270298,-0.00245619,0,0,0,0.901
-0.00270298,-0.00245619,0,0,0,0.901
-0.00270298,-0.00245619,0,0,0,0.901
-0.00270298,-0.00245619,0,0,0,0.901
-0.00270298,-0.00245619,0,0,0,0.901
0,0,-0.0072427,0,0,0.9
0,0,-0.0072427,0,0,0.9
0,0,-0.0072427,0,0,0.9
0,0,-0.0072427,0,0,0.9
0,0,-0.0072427,0,0,0.9
0,0,-0.0072427,0,0,0.9
0,0,-0.0072427,0,0,0.9
0,0,-0.0072427,0,0,0.9
-0.0268081,0,-0.00727529,0,0,0.7
-0.00130931,0,-0.00720053,-0.0135344,0,0.896
-0.0040042,0,-0.00718219,-0.0125725,0,0.91
-0.00390795,0,-0.00712118,-0.0123037,0,0.906
0.00459041,0,-0.0065468,-0.0124437,0,0.907
0.00677608,0,-0.00601999,-0.0108469,0,0.902
0.00928689,0,-0.005259,-0.00881864,0,0.899
0.00990883,0,-0.00456278,-0.00607777,0,0.898
0.00489202,0,-0.0048636,-0.00362959,0,0.897
0.000855704,0,-0.00532397,-0.00184834,0,0.899
-0.0033112,0,-0.00613635,-0.00142093,0,0.899
-0.00541369,0,-0.00664463,-0.00209123,0,0.9
-0.00440411,0,-0.0061784,-0.00401962,0,0.9
-0.00370534,0,-0.00574282,-0.00551704,0,0.9
-0.00314095,0,-0.00529946,-0.0068308,0,0.9
-0.00249714,0,-0.00475725,-0.00786298,0,0.9
-0.00254741,0,-0.00454989,-0.00863373,0,0.9
-0.00383505,0,-0.005121,-0.00949783,0,0.9
-0.00390766,0,-0.00501094,-0.0114188,0,0.901
-0.00481643,0,-0.00550638,-0.0135603,0,0.901
-0.00453669,0,-0.00518182,-0.0162916,0,0.9
-0.00338706,0,-0.00414415,-0.0194709,0,0.9
-0.00251176,0,-0.00326207,-0.0213526,0,0.901
-0.0018528,0,-0.00246864,-0.0226882,0,0.901
-0.00208344,0,-0.00251205,-0.0229515,0,0.901
-0.00331253,0,-0.00230249,-0.0228105,0,0.899
-0.0034189,0,-0.00221463,-0.0235383,0,0.899
-0.00338863,0,-0.00212112,-0.0267414,0,0.899
-0.00358173,0,-0.00205677,-0.0299966,0,0.899
-0.00316498,0,-0.00202391,-0.0332768,0,0.899
-0.00282357,0,-0.00202002,-0.0356087,0,0.899
-0.00282357,0,-0.00202002,0,0,0.899
-0.00282357,0,-0.00202002,0,0,0.899
-0.00282357,0,-0.00202002,0,0,0.899
-0.00282357,0,-0.00202002,0,0,0.899
-0.00282357,0,-0.00202002,0,0,0.899
-0.00282357,0,-0.00202002,0,0,0.899
0,-0.00636246,0,0,0,0.899
0,-0.00636246,0,0,0,0.899
0,-0.00636246,0,0,0,0.899
0,-0.00636246,0,0,0,0.899
0,-0.00636246,0,0,0,0.899
0,-0.00636246,0,0,0,0.899
0,-0.00636246,0,0,0,0.899
0,-0.00636246,0,0,0,0.899
-0.0330178,-0.00641451,0,0,0,0.708
0.0194984,-0.00616161,0,-0.01598,0,0.889
0.0088801,-0.00606351,0,-0.0119531,0,0.907
0.00493054,-0.00594216,0,-0.00966863,0,0.908
0.00413584,-0.00573779,0,-0.00829036,0,0.91
0.00138113,-0.00569016,0,-0.00678226,0,0.909
-0.00142052,-0.00573362,0,-0.00625422,0,0.907
-0.00355546,-0.00590148,0,-0.00580797,0,0.905
-0.00153735,-0.00537995,0,-0.0063235,0,0.905
-0.00430625,-0.0058542,0,-0.00646802,0,0.903
-0.00620193,-0.00631547,0,-0.00667183,0,0.902
-0.00634722,-0.00635729,0,-0.00819421,0,0.902
-0.00410949,-0.00548945,0,-0.00962469,0,0.902
-0.0055764,-0.00601836,0,-0.0109002,0,0.901
-0.00409776,-0.00525558,0,-0.0121885,0,0.9
-0.00193533,-0.00398329,0,-0.0135838,0,0.901
-0.00116821,-0.00331364,0,-0.0136788,0,0.901
-0.000195232,-0.00244172,0,-0.0135108,0,0.901
0.000173487,-0.00189644,0,-0.012999,0,0.901
0.000267046,-0.00152819,0,-0.0120338,0,0.901
0.000911102,-0.000750631,0,-0.0109772,0,0.902
0.00111321,-0.000286032,0,-0.00990002,0,0.902
-0.000145134,-0.00107917,0,-0.00804506,0,0.903
-0.00103271,-0.00164679,0,-0.00707907,0,0.903
-0.00328189,-0.00354296,0,-0.00752996,0,0.903
-0.0033943,-0.00259646,0,-0.0102997,0,0.901
-0.00364559,-0.00250859,0,-0.0132351,0,0.901
-0.00393475,-0.00243999,0,-0.0177031,0,0.901
-0.00322471,-0.00239501,0,-0.0223628,0,0.901
-0.00256759,-0.0023757,0,-0.0260393,0,0.901
-0.00139334,-0.00237488,0,-0.0279935,0,0.901
-0.00139334,-0.00237488,0,0,0,0.901
-0.00139334,-0.00237488,0,0,0,0.901
-0.00139334,-0.00237488,0,0,0,0.901
-0.00139334,-0.00237488,0,0,0,0.901
-0.00139334,-0.00237488,0,0,0,0.901
-0.00139334,-0.00237488,0,0,0,0.901
0,0,-0.00717042,0,0,0.9
0,0,-0.00717042,0,0,0.9
0,0,-0.00717042,0,0,0.9
0,0,-0.00717042,0,0,0.9
0,0,-0.00717042,0,0,0.9
0,0,-0.00717042,0,0,0.9
0,0,-0.00717042,0,0,0.9
0,0,-0.00717042,0,0,0.9
-0.0274185,0,-0.0071999,0,0,0.728
-0.00631387,0,-0.00716425,-0.0116064,0,0.892
-0.006508,0,-0.007158,-0.0118557,0,0.909
-0.00178786,0,-0.00697302,-0.0118089,0,0.904
0.00856423,0,-0.00624217,-0.0115087,0,0.906
0.0098684,0,-0.00568429,-0.00920419,0,0.902
0.0113035,0,-0.00494657,-0.00725691,0,0.898
0.00610376,0,-0.00508379,-0.00409443,0,0.896
0.00212825,0,-0.00534735,-0.0020644,0,0.897
-0.00247586,0,-0.00605493,-0.00126746,0,0.898
-0.00582438,0,-0.00679163,-0.00180366,0,0.899
-0.00422984,0,-0.00620887,-0.00363602,0,0.9
-0.00277105,0,-0.00552091,-0.00518745,0,0.9
-0.000546329,0,-0.00436172,-0.00594202,0,0.9
0.00134531,0,-0.00312572,-0.00607666,0,0.899
0.000291438,0,-0.0032527,-0.00509527,0,0.899
-0.000344206,0,-0.0032555,-0.00459651,0,0.9
-0.00277133,0,-0.00443143,-0.00436983,0,0.9
-0.00346997,0,-0.00468874,-0.00559867,0,0.9
-0.00315295,0,-0.00428944,-0.00742066,0,0.9
-0.00210858,0,-0.00331536,-0.00960613,0,0.9
-0.00117056,0,-0.00234869,-0.0110571,0,0.9
-0.000520301,0,-0.00157499,-0.0111687,0,0.901
-0.000113892,0,-0.000979537,-0.0107075,0,0.901
-0.000984798,0,-0.00153692,-0.0102083,0,0.9
-0.00180853,0,-0.00156498,-0.0102836,0,0.9
-0.00235004,0,-0.00142634,-0.0112959,0,0.9
-0.00267613,0,-0.00131816,-0.0141632,0,0.9
-0.0031218,0,-0.00124309,-0.0174886,0,0.9
-0.00185581,0,-0.00120379,-0.0222327,0,0.9
-0.00190886,0,-0.00119837,-0.0235535,0,0.9
-0.00190886,0,-0.00119837,0,0,0.9
-0.00190886,0,-0.00119837,0,0,0.9
-0.00190886,0,-0.00119837,0,0,0.9
-0.00190886,0,-0.00119837,0,0,0.9
-0.00190886,0,-0.00119837,0,0,0.9
-0.00190886,0,-0.00119837,0,0,0.9
0,-0.00832469,0,0,0,0.899
0,-0.00832469,0,0,0,0.899
0,-0.00832469,0,0,0,0.899
0,-0.00832469,0,0,0,0.899
0,-0.00832469,0,0,0,0.899
0,-0.00832469,0,0,0,0.899
0,-0.00832469,0,0,0,0.899
0,-0.00832469,0,0,0,0.899
-0.0376458,-0.00837352,0,0,0,0.7
0.0097629,-0.00819312,0,-0.0164749,0,0.889
0.00116714,-0.00814676,0,-0.0137622,0,0.909
-0.00480733,-0.0081961,0,-0.0124102,0,0.905
0.00170341,-0.00773677,0,-0.012549,0,0.908
0.00235358,-0.00740191,0,-0.0114504,0,0.905
0.00310518,-0.00697373,0,-0.0103413,0,0.904
0.0027277,-0.0066081,0,-0.00898387,0,0.9
0.00159081,-0.00639783,0,-0.00776115,0,0.9
-0.00200361,-0.00683997,0,-0.00685071,0,0.902
-0.00623369,-0.00774123,0,-0.00672518,0,0.902
-0.0069024,-0.00786089,0,-0.00837029,0,0.901
-0.00606802,-0.00747857,0,-0.0101491,0,0.9
-0.00678076,-0.00767004,0,-0.0119908,0,0.9
-0.00326195,-0.00592005,0,-0.0139458,0,0.899
-0.000740814,-0.00435269,0,-0.0148414,0,0.9
-0.000737164,-0.00397315,0,-0.0139703,0,0.9
-0.000202401,-0.00327902,0,-0.0136326,0,0.901
-0.000601006,-0.00314487,0,-0.0128888,0,0.9
-0.00130296,-0.00328933,0,-0.0122321,0,0.9
-0.00148674,-0.00305348,0,-0.0122988,0,0.901
-0.000775885,-0.00220389,0,-0.0126662,0,0.902
-0.000936669,-0.0020499,0,-0.0127125,0,0.902
-0.00131338,-0.00213288,0,-0.0119088,0,0.903
-0.00145723,-0.00203598,0,-0.0130723,0,0.902
-0.00262889,-0.00203404,0,-0.0130135,0,0.901
-0.00367937,-0.00188633,0,-0.0141817,0,0.901
-0.00395134,-0.00177311,0,-0.0182954,0,0.901
-0.00425714,-0.00169731,0,-0.0225534,0,0.901
-0.00384061,-0.00166156,0,-0.0280025,0,0.901
-0.00247683,-0.00165958,0,-0.0320504,0,0.901
-0.00247683,-0.00165958,0,0,0,0.901
-0.00247683,-0.00165958,0,0,0,0.901
-0.00247683,-0.00165958,0,0,0,0.901
-0.00247683,-0.00165958,0,0,0,0.901
-0.00247683,-0.00165958,0,0,0,0.901
-0.00247683,-0.00165958,0,0,0,0.901
0,0,-0.00967155,0,0,0.9
0,0,-0.00967155,0,0,0.9
0,0,-0.00967155,0,0,0.9
0,0,-0.00967155,0,0,0.9
0,0,-0.00967155,0,0,0.9
0,0,-0.00967155,0,0,0.9
0,0,-0.00967155,0,0,0.9
0,0,-0.00967155,0,0,0.9
-0.0415953,0,-0.00970544,0,0,0.749
0.00263811,0,-0.00959007,-0.0147818,0,0.897
-0.000212179,0,-0.00950166,-0.0136454,0,0.91
-0.0015853,0,-0.00938404,-0.0127434,0,0.905
0.00508731,0,-0.00881917,-0.0121186,0,0.906
0.00624218,0,-0.00830284,-0.0104833,0,0.901
0.00614172,0,-0.00779483,-0.00853243,0,0.898
0.00602152,0,-0.00725624,-0.00657702,0,0.899
0.00318166,0,-0.00719981,-0.00463773,0,0.9
-0.00078911,0,-0.0075983,-0.00334536,0,0.901
-0.00278405,0,-0.00775446,-0.00337766,0,0.9
-0.00716383,0,-0.00885745,-0.00380827,0,0.9
-0.00632552,0,-0.00842173,-0.0062014,0,0.899
-0.00507689,0,-0.00772963,-0.00817398,0,0.899
-0.00237999,0,-0.0062353,-0.00991684,0,0.9
-0.00115018,0,-0.00522983,-0.0105228,0,0.9
-0.00160938,0,-0.00506776,-0.0104645,0,0.9
-0.00278569,0,-0.00540098,-0.0106539,0,0.9
-0.00255851,0,-0.00491809,-0.0117667,0,0.9
-0.00285117,0,-0.00479612,-0.012548,0,0.9
-0.00221621,0,-0.00400979,-0.0139643,0,0.9
-0.00152003,0,-0.00313727,-0.0150742,0,0.9
-0.00146053,0,-0.00276667,-0.0153399,0,0.9
-0.000764135,0,-0.00187207,-0.015767,0,0.901
-0.0011662,0,-0.0019382,-0.0153908,0,0.9
-0.00224845,0,-0.00215855,-0.015377,0,0.899
-0.00239011,0,-0.00197212,-0.0163977,0,0.899
-0.00288208,0,-0.00182663,-0.0185836,0,0.899
-0.00345803,0,-0.00172567,-0.0217685,0,0.899
-0.00271148,0,-0.00167281,-0.0263152,0,0.899
-0.00212249,0,-0.00166552,-0.0291313,0,0.899
-0.00212249,0,-0.00166552,0,0,0.899
-0.00212249,0,-0.00166552,0,0,0.899
-0.00212249,0,-0.00166552,0,0,0.899
-0.00212249,0,-0.00166552,0,0,0.899
-0.00212249,0,-0.00166552,0,0,0.899
-0.00212249,0,-0.00166552,0,0,0.899
0,-0.00754419,0,0,0,0.899
0,-0.00754419,0,0,0,0.899
0,-0.00754419,0,0,0,0.899
0,-0.00754419,0,0,0,0.899
0,-0.00754419,0,0,0,0.899
0,-0.00754419,0,0,0,0.899
0,-0.00754419,0,0,0,0.899
0,-0.00754419,0,0,0,0.899
-0.0356899,-0.00759107,0,0,0,0.7
0.0112157,-0.00740953,0,-0.0165164,0,0.893
0.00285362,-0.00734928,0,-0.013562,0,0.909
-0.00357911,-0.0073997,0,-0.0120799,0,0.906
0.00208664,-0.00698131,0,-0.0119458,0,0.909
0.00325871,-0.00661352,0,-0.0108336,0,0.906
0.00191827,-0.00642916,0,-0.00949465,0,0.905
0.00225488,-0.00604485,0,-0.00837358,0,0.905
0.00119887,-0.00586502,0,-0.0074936,0,0.904
-0.00191017,-0.00623598,0,-0.00667482,0,0.906
-0.00648633,-0.00725232,0,-0.00647043,0,0.906
-0.00750612,-0.00753191,0,-0.00789675,0,0.905
-0.0068667,-0.0072854,0,-0.00979296,0,0.905
-0.00624034,-0.00698253,0,-0.0118452,0,0.905
-0.00400644,-0.00584547,0,-0.0130454,0,0.905
-0.00145651,-0.00431933,0,-0.0142079,0,0.905
-0.00162143,-0.00411466,0,-0.0136046,0,0.905
-0.000913296,-0.00338227,0,-0.0134014,0,0.905
-0.00101782,-0.00313797,0,-0.0130255,0,0.905
-0.00181994,-0.00341663,0,-0.0124777,0,0.905
-0.00186958,-0.00320313,0,-0.0122588,0,0.905
-0.00113693,-0.00238597,0,-0.0126821,0,0.906
-0.00049761,-0.00159864,0,-0.0123436,0,0.906
-0.00134969,-0.00209815,0,-0.0111281,0,0.906
-0.00193264,-0.00243265,0,-0.0115303,0,0.906
-0.00326987,-0.0030744,0,-0.0113507,0,0.906
-0.00396493,-0.0029647,0,-0.014409,0,0.906
-0.00421534,-0.00287879,0,-0.015926,0,0.906
-0.00446297,-0.00281871,0,-0.0205677,0,0.906
-0.00384637,-0.00278652,0,-0.0254112,0,0.906
-0.00324114,-0.00278144,0,-0.0285261,0,0.906
-0.00324114,-0.00278144,0,-0.0308118,0,0.906
-0.00324114,-0.00278144,0,0,0,0.906
-0.00324114,-0.00278144,0,0,0,0.906
-0.00324114,-0.00278144,0,0,0,0.906
-0.00324114,-0.00278144,0,0,0,0.906
-0.00324114,-0.00278144,0,0,0,0.906
-0.00324114,-0.00278144,0,0,0,0.906
0,0,-0.00756726,0,0,0.904
0,0,-0.00756726,0,0,0.904
0,0,-0.00756726,0,0,0.904
0,0,-0.00756726,0,0,0.904
0,0,-0.00756726,0,0,0.904
0,0,-0.00756726,0,0,0.904
0,0,-0.00756726,0,0,0.904
-0.045,0,-0.00757159,0,0,0.862
-0.045,0,-0.00775161,0,0,0.872
0.000468904,0,-0.00744936,-0.0119565,0,0.907
-0.0030508,0,-0.00740513,-0.0109675,0,0.902
0.00600602,0,-0.00685853,-0.0110836,0,0.903
0.00735396,0,-0.0063921,-0.00955429,0,0.901
0.00670925,0,-0.00600648,-0.00736388,0,0.901
0.0117288,0,-0.00480069,-0.00554673,0,0.902
0.00493993,0,-0.00529395,-0.00240382,0,0.901
0.000916646,0,-0.005683,-0.000898357,0,0.902
-0.00317907,0,-0.00640194,-0.000531526,0,0.902
-0.00529903,0,-0.00686411,-0.00310981,0,0.902
-0.0040965,0,-0.00632309,-0.00310981,0,0.902
-0.0037047,0,-0.00599502,-0.00445185,0,0.902
-0.00152316,0,-0.00480138,-0.00569151,0,0.901
-0.00108352,0,-0.00427684,-0.00601553,0,0.901
-0.00152083,0,-0.00419763,-0.00594353,0,0.901
-0.00243013,0,-0.00445113,-0.0061903,0,0.901
-0.00372983,0,-0.005054,-0.00702884,0,0.901
-0.0040677,0,-0.00511096,-0.0087906,0,0.901
-0.0037216,0,-0.00469454,-0.0109971,0,0.901
-0.00246847,0,-0.00354001,-0.0131338,0,0.901
-0.00232909,0,-0.00321977,-0.0140644,0,0.901
-0.00141629,0,-0.0022432,-0.0151332,0,0.902
-0.0012123,0,-0.00184604,-0.0146138,0,0.901
-0.00150648,0,-0.00183577,-0.0142035,0,0.901
-0.00257049,0,-0.00168274,-0.0137802,0,0.901
-0.0024263,0,-0.00156012,-0.0151832,0,0.901
-0.00312479,0,-0.00147062,-0.0170732,0,0.901
-0.00277249,0,-0.00141698,-0.0204004,0,0.901
-0.00311795,0,-0.0014016,-0.0231638,0,0.901
-0.00311795,0,-0.0014016,-0.026269,0,0.901
-0.00311795,0,-0.0014016,0,0,0.901
-0.00311795,0,-0.0014016,0,0,0.901
-0.00311795,0,-0.0014016,0,0,0.901
-0.00311795,0,-0.0014016,0,0,0.901
-0.00311795,0,-0.0014016,0,0,0.901
-0.00311795,0,-0.0014016,0,0,0.901
0,-0.00650697,0,0,0,0.901
0,-0.00650697,0,0,0,0.901
0,-0.00650697,0,0,0,0.901
0,-0.00650697,0,0,0,0.901
0,-0.00650697,0,0,0,0.901
0,-0.00650697,0,0,0,0.901
0,-0.00650697,0,0,0,0.901
0,-0.00650663,0,0,0,0.901
-0.0328617,-0.00674775,0,0,0,0.7
0.0123656,-0.00623005,0,-0.0163227,0,0.893
-0.00265275,-0.0063917,0,-0.0129493,0,0.904
-0.000568506,-0.00620769,0,-0.0125014,0,0.907
0.00257213,-0.0058156,0,-0.0119288,0,0.906
0.0050341,-0.00527535,0,-0.0107546,0,0.904
0.00304039,-0.00516346,0,-0.00889775,0,0.904
0.00417452,-0.0045979,0,-0.00752908,0,0.903
0.00163013,-0.00473238,0,-0.00598581,0,0.905
-0.00102521,-0.00507569,0,-0.00525766,0,0.905
-0.00412361,-0.005777,0,-0.00508276,0,0.905
-0.00805619,-0.00707417,0,-0.00582933,0,0.904
-0.00812482,-0.00717788,0,-0.00789469,0,0.904
-0.00643286,-0.00647258,0,-0.010418,0,0.904
-0.0028696,-0.00463861,0,-0.0125138,0,0.904
-0.00256797,-0.00429387,0,-0.0130765,0,0.905
-0.00133109,-0.00334582,0,-0.0135324,0,0.905
-0.00139987,-0.00314304,0,-0.0132647,0,0.905
-0.00132917,-0.0028556,0,-0.0132021,0,0.905
-0.00170157,-0.00291582,0,-0.013077,0,0.906
-0.00197808,-0.00292541,0,-0.0131109,0,0.906
-0.00114576,-0.00205417,0,-0.0136981,0,0.906
-0.00236503,-0.00291519,0,-0.0132065,0,0.906
-0.0023788,-0.00279062,0,-0.0142876,0,0.906
-0.00340681,-0.00353092,0,-0.0149403,0,0.906
-0.00329514,-0.0034519,0,-0.0178061,0,0.906
-0.00362172,-0.003387,0,-0.0177321,0,0.906
-0.0039091,-0.00334081,0,-0.0208527,0,0.906
-0.00360582,-0.00331292,0,-0.0247229,0,0.906
-0.00357816,-0.00330461,0,-0.0276785,0,0.906
-0.00357816,-0.00330461,0,-0.0303395,0,0.906
-0.00357816,-0.00330461,0,0,0,0.906
-0.00357816,-0.00330461,0,0,0,0.906
-0.00357816,-0.00330461,0,0,0,0.906
-0.00357816,-0.00330461,0,0,0,0.906
-0.00357816,-0.00330461,0,0,0,0.906
-0.00357816,-0.00330461,0,0,0,0.906
0,0,-0.00482282,0,0,0.903
0,0,-0.00482282,0,0,0.903
0,0,-0.00482282,0,0,0.903
0,0,-0.00482282,0,0,0.903
0,0,-0.00482282,0,0,0.903
0,0,-0.00482282,0,0,0.903
0,0,-0.00482282,0,0,0.903
-0.0334643,0,-0.00482402,0,0,0.7
-0.0347043,0,-0.00497116,0,0,0.7
0.0127675,0,-0.00463109,-0.0168801,0,0.893
0.000157584,0,-0.00470062,-0.013643,0,0.905
0.00340195,0,-0.00446042,-0.0127726,0,0.904
0.00537524,0,-0.00412069,-0.0116146,0,0.902
0.0039499,0,-0.00395637,-0.00982195,0,0.899
0.00884551,0,-0.00301695,-0.00851676,0,0.899
0.00732156,0,-0.00276287,-0.00592694,0,0.898
0.0031833,0,-0.00314219,-0.00342824,0,0.898
0.00148378,0,-0.00322747,-0.00238751,0,0.898
-0.00332515,0,-0.00437605,-0.00155139,0,0.898
-0.00491884,0,-0.00485599,-0.0024106,0,0.898
-0.00570411,0,-0.00516922,-0.00401484,0,0.899
-0.00492626,0,-0.00486859,-0.00604476,0,0.899
-0.00407464,0,-0.0044562,-0.00782467,0,0.901
-0.00396307,0,-0.00435865,-0.00925539,0,0.901
-0.00456928,0,-0.00467372,-0.0107206,0,0.902
-0.00437433,0,-0.00453726,-0.0126624,0,0.902
-0.00364503,0,-0.00401872,-0.0147861,0,0.903
-0.00363148,0,-0.00395493,-0.0163343,0,0.903
-0.00262894,0,-0.00312871,-0.018173,0,0.903
-0.00228081,0,-0.0027552,-0.0190269,0,0.903
-0.00231427,0,-0.00266727,-0.0195481,0,0.904
-0.00195593,0,-0.0022582,-0.0200812,0,0.903
-0.00239145,0,-0.00257492,-0.0204706,0,0.903
-0.00317355,0,-0.00214202,-0.0206879,0,0.903
-0.00303219,0,-0.00208339,-0.0216418,0,0.903
-0.0026857,0,-0.00203958,-0.0233605,0,0.903
-0.00213069,0,-0.0020172,-0.0248903,0,0.903
-0.00206851,0,-0.00200231,-0.0255239,0,0.903
-0.00230702,0,-0.00200133,-0.0248304,0,0.903
-0.00230702,0,-0.00200133,0,0,0.903
-0.00230702,0,-0.00200133,0,0,0.903
-0.00230702,0,-0.00200133,0,0,0.903
-0.00230702,0,-0.00200133,0,0,0.903
-0.00230702,0,-0.00200133,0,0,0.903
-0.00230702,0,-0.00200133,0,0,0.903
0,-0.00625808,0,0,0,0.9
0,-0.00625808,0,0,0,0.9
0,-0.00625808,0,0,0,0.9
0,-0.00625808,0,0,0,0.9
0,-0.00625808,0,0,0,0.9
0,-0.00625808,0,0,0,0.9
0,-0.00625808,0,0,0,0.9
0,-0.00625808,0,0,0,0.9
-0.0303526,-0.00633856,0,0,0,0.7
0.018398,-0.0060294,0,-0.014632,0,0.891
0.00800074,-0.0059453,0,-0.0107167,0,0.907
0.00249141,-0.00590317,0,-0.00868594,0,0.906
0.00488963,-0.00554384,0,-0.00788812,0,0.906
0.00344525,-0.00535616,0,-0.00646975,0,0.903
0.00502619,-0.0048394,0,-0.00554722,0,0.902
0.00360896,-0.00466067,0,-0.00398722,0,0.902
0.00321259,-0.00435154,0,-0.00282767,0,0.902
0.0017594,-0.00431116,0,-0.00184135,0,0.903
-0.00361352,-0.00547022,0,-0.000988724,0,0.904
-0.00591521,-0.0061396,0,-0.00184893,0,0.903
-0.00590176,-0.0061174,0,-0.00333176,0,0.902
-0.00498996,-0.00569352,0,-0.00551942,0,0.901
-0.00400005,-0.00514034,0,-0.00710129,0,0.901
-0.00100974,-0.00340532,0,-0.00871825,0,0.902
-0.00078189,-0.00301094,0,-0.00855517,0,0.902
-0.000677828,-0.00267818,0,-0.00828745,0,0.902
-3.35106e-05,-0.00197035,0,-0.00852734,0,0.902
-5.47901e-05,-0.00170211,0,-0.00788621,0,0.902
-0.000235219,-0.00158172,0,-0.00748375,0,0.903
-0.000998437,-0.00195916,0,-0.00691283,0,0.903
-0.00184181,-0.00248108,0,-0.00738169,0,0.903
-0.00249173,-0.00291506,0,-0.00816627,0,0.904
-0.00180458,-0.00214901,0,-0.0140754,0,0.901
-0.00287627,-0.00213269,0,-0.0140754,0,0.901
-0.00325166,-0.00204269,0,-0.0155385,0,0.901
-0.0036578,-0.00197151,0,-0.0188645,0,0.901
-0.00323811,-0.00192641,0,-0.0228839,0,0.901
-0.00326525,-0.00190949,0,-0.0258473,0,0.901
-0.00184952,-0.00190935,0,-0.0290109,0,0.901
-0.00184952,-0.00190935,0,0,0,0.901
-0.00184952,-0.00190935,0,0,0,0.901
-0.00184952,-0.00190935,0,0,0,0.901
-0.00184952,-0.00190935,0,0,0,0.901
-0.00184952,-0.00190935,0,0,0,0.901
-0.00184952,-0.00190935,0,0,0,0.901
0,0,-0.00627743,0,0,0.901
0,0,-0.00627743,0,0,0.901
0,0,-0.00627743,0,0,0.901
0,0,-0.00627743,0,0,0.901
0,0,-0.00627743,0,0,0.901
0,0,-0.00627743,0,0,0.901
0,0,-0.00627743,0,0,0.901
0,0,-0.00627743,0,0,0.901
-0.0447234,0,-0.00638772,0,0,0.7
0.0102841,0,-0.00613412,-0.0199179,0,0.894
-0.000354761,0,-0.00615297,-0.0169059,0,0.909
0.000339927,0,-0.00601759,-0.015893,0,0.908
0.00488346,0,-0.00557232,-0.0149858,0,0.904
0.00401589,0,-0.0053216,-0.0132048,0,0.898
0.00950098,0,-0.00430286,-0.0115984,0,0.899
0.0124528,0,-0.00323529,-0.00915343,0,0.897
0.00798095,0,-0.0033941,-0.0052681,0,0.897
0.00500188,0,-0.00351554,-0.0026594,0,0.897
-0.000707855,0,-0.00466738,-0.000896039,0,0.898
-0.0038618,0,-0.00546367,-0.000822481,0,0.897
-0.00533037,0,-0.00591347,-0.00215948,0,0.898
-0.00588104,0,-0.00610596,-0.00394458,0,0.899
-0.00434115,0,-0.00534559,-0.00629298,0,0.9
-0.00357711,0,-0.00484644,-0.00803675,0,0.901
-0.0042157,0,-0.00508252,-0.00942692,0,0.901
-0.00427868,0,-0.00502408,-0.0112341,0,0.902
-0.00395852,0,-0.00471262,-0.0134387,0,0.902
-0.00396891,0,-0.00461306,-0.0152193,0,0.902
-0.00350771,0,-0.00415827,-0.0174665,0,0.902
-0.00338484,0,-0.00394365,-0.0193879,0,0.902
-0.00301661,0,-0.00349455,-0.0211493,0,0.903
-0.00304537,0,-0.0034029,-0.0226907,0,0.902
-0.00329579,0,-0.00353413,-0.0237051,0,0.902
-0.00384692,0,-0.00255046,-0.0254711,0,0.901
-0.00402999,0,-0.00246623,-0.0265549,0,0.901
-0.00348912,0,-0.00240261,-0.0296767,0,0.901
-0.00303261,0,-0.00236946,-0.0319251,0,0.901
-0.00262995,0,-0.0023461,-0.0334405,0,0.901
-0.00271365,0,-0.00234377,-0.0329653,0,0.901
-0.00271365,0,-0.00234377,0,0,0.901
-0.00271365,0,-0.00234377,0,0,0.901
-0.00271365,0,-0.00234377,0,0,0.901
-0.00271365,0,-0.00234377,0,0,0.901
-0.00271365,0,-0.00234377,0,0,0.901
-0.00271365,0,-0.00234377,0,0,0.901
0,-0.00609541,0,0,0,0.899
0,-0.00609541,0,0,0,0.899
0,-0.00609541,0,0,0,0.899
0,-0.00609541,0,0,0,0.899
0,-0.00609541,0,0,0,0.899
0,-0.00609541,0,0,0,0.899
0,-0.00609541,0,0,0,0.899
0,-0.00609541,0,0,0,0.899
-0.0255886,-0.00614282,0,0,0,0.7
0.0160344,-0.00591531,0,-0.013339,0,0.894
0.00809225,-0.00580911,0,-0.00997187,0,0.91
0.00254946,-0.00576591,0,-0.00785025,0,0.909
0.00487042,-0.00542924,0,-0.00703271,0,0.91
0.00245354,-0.00533368,0,-0.00565064,0,0.906
0.00346654,-0.00493657,0,-0.00485285,0,0.905
0.00288283,-0.00466723,0,-0.00381358,0,0.9
0.00218489,-0.00445263,0,-0.00302979,0,0.9
0.000342342,-0.0045511,0,-0.00217892,0,0.901
-0.00320132,-0.00527244,0,-0.00169583,0,0.901
-0.00409944,-0.00543512,0,-0.00260616,0,0.901
-0.00469732,-0.00556441,0,-0.00386506,0,0.9
-0.00390549,-0.00515355,0,-0.00544621,0,0.899
-0.00433117,-0.00524863,0,-0.00656567,0,0.899
-0.00137284,-0.00359842,0,-0.00839096,0,0.9
-0.000607197,-0.00292818,0,-0.00851767,0,0.901
-0.000726663,-0.00273422,0,-0.00834882,0,0.901
-0.000911515,-0.00260195,0,-0.00832633,0,0.901
-0.00119249,-0.00251641,0,-0.00833878,0,0.902
-0.00189074,-0.0028424,0,-0.00855594,0,0.902
-0.00184031,-0.00263441,0,-0.0092966,0,0.903
-0.00297936,-0.00344177,0,-0.0103053,0,0.903
-0.00350196,-0.00379648,0,-0.0120204,0,0.903
-0.00466619,-0.00478419,0,-0.0150641,0,0.903
-0.00443198,-0.00312167,0,-0.01915,0,0.901
-0.00435854,-0.00305359,0,-0.0218967,0,0.901
-0.00447981,-0.00300191,0,-0.0264735,0,0.901
-0.00409316,-0.0029674,0,-0.0307831,0,0.901
-0.0036642,-0.00295319,0,-0.0347036,0,0.901
-0.0022417,-0.00295277,0,-0.0372186,0,0.901
-0.0022417,-0.00295277,0,0,0,0.901
-0.0022417,-0.00295277,0,0,0,0.901
-0.0022417,-0.00295277,0,0,0,0.901
-0.0022417,-0.00295277,0,0,0,0.901
-0.0022417,-0.00295277,0,0,0,0.901
-0.0022417,-0.00295277,0,0,0,0.901
0,0,-0.00680301,0,0,0.901
0,0,-0.00680301,0,0,0.901
0,0,-0.00680301,0,0,0.901
0,0,-0.00680301,0,0,0.901
0,0,-0.00680301,0,0,0.901
0,0,-0.00680301,0,0,0.901
0,0,-0.00680301,0,0,0.901
0,0,-0.00680301,0,0,0.901
-0.033251,0,-0.00685672,0,0,0.7
0.00502165,0,-0.00671268,-0.0163418,0,0.894
0.00129375,0,-0.00664521,-0.0142349,0,0.909
0.000754243,0,-0.00652174,-0.0131538,0,0.908
0.00674345,0,-0.00598434,-0.012366,0,0.905
0.00730934,0,-0.00555112,-0.0103443,0,0.902
0.0103312,0,-0.00471119,-0.00822705,0,0.898
0.0118042,0,-0.00386055,-0.00544079,0,0.898
0.00673728,0,-0.00412853,-0.00208855,0,0.898
0.00351868,0,-0.00432081,4.42588e-05,0,0.897
-0.00153878,0,-0.00530537,0.00112314,0,0.898
-0.0045519,0,-0.00605954,0.00084578,0,0.899
-0.00424241,0,-0.0058341,-0.000869105,0,0.899
-0.00385299,0,-0.00554486,-0.00247278,0,0.9
-0.00266676,0,-0.00483308,-0.00403361,0,0.9
-0.00247367,0,-0.00453033,-0.00517055,0,0.901
-0.00312536,0,-0.00468973,-0.00611447,0,0.901
-0.00438697,0,-0.00529627,-0.00738118,0,0.901
-0.00438979,0,-0.00518242,-0.00992275,0,0.901
-0.00449281,0,-0.00514449,-0.0125862,0,0.901
-0.00344225,0,-0.00424117,-0.0151435,0,0.901
-0.00288069,0,-0.00361484,-0.0172848,0,0.902
-0.0019837,0,-0.00270102,-0.018568,0,0.902
-0.00185337,0,-0.00241072,-0.0192791,0,0.901
-0.00245402,0,-0.00280901,-0.0195137,0,0.901
-0.00328236,0,-0.00237833,-0.0202443,0,0.9
-0.00340891,0,-0.0022767,-0.0213977,0,0.9
-0.00330597,0,-0.00219954,-0.0239603,0,0.9
-0.00293744,0,-0.00215898,-0.0268954,0,0.9
-0.00178366,0,-0.00212966,-0.0293072,0,0.9
-0.0018573,0,-0.00212618,-0.0287115,0,0.9
-0.0018573,0,-0.00212618,0,0,0.9
-0.0018573,0,-0.00212618,0,0,0.9
-0.0018573,0,-0.00212618,0,0,0.9
-0.0018573,0,-0.00212618,0,0,0.9
-0.0018573,0,-0.00212618,0,0,0.9
-0.0018573,0,-0.00212618,0,0,0.9
0,-0.00610389,0,0,0,0.899
0,-0.00610389,0,0,0,0.899
0,-0.00610389,0,0,0,0.899
0,-0.00610389,0,0,0,0.899
0,-0.00610389,0,0,0,0.899
0,-0.00610389,0,0,0,0.899
0,-0.00610389,0,0,0,0.899
0,-0.00610389,0,0,0,0.899
-0.0311578,-0.00615478,0,0,0,0.7
0.0105096,-0.00597614,0,-0.0147445,0,0.892
0.00438305,-0.00589952,0,-0.0121707,0,0.909
-0.00164102,-0.00593727,0,-0.0105284,0,0.907
0.00148196,-0.00565112,0,-0.0102049,0,0.909
0.00233584,-0.00536439,0,-0.00921434,0,0.906
0.00258507,-0.00506861,0,-0.00823869,0,0.906
0.00302375,-0.00469041,0,-0.0070579,0,0.905
0.00110152,-0.0046932,0,-0.00577101,0,0.901
0.000941467,-0.00443388,0,-0.00517294,0,0.902
-0.00411163,-0.00554189,0,-0.0042958,0,0.901
-0.00581827,-0.00601034,0,-0.00528408,0,0.902
-0.00613609,-0.00611601,0,-0.00686642,0,0.901
-0.00653516,-0.00628734,0,-0.00906863,0,0.901
-0.00458728,-0.00538342,0,-0.0112368,0,0.901
-0.0019361,-0.00386409,0,-0.0129219,0,0.901
-0.00248413,-0.00398421,0,-0.0127699,0,0.902
-0.00261123,-0.00388845,0,-0.0132331,0,0.902
-0.00230938,-0.00351664,0,-0.0139734,0,0.902
-0.00270893,-0.00363328,0,-0.0146454,0,0.902
-0.00268546,-0.00346644,0,-0.0155501,0,0.902
-0.00209754,-0.00284742,0,-0.0166461,0,0.902
-0.00195956,-0.00258216,0,-0.0177368,0,0.903
-0.0027267,-0.00311861,0,-0.0174779,0,0.903
-0.00368456,-0.00389249,0,-0.0196192,0,0.904
-0.00448714,-0.0033643,0,-0.0217385,0,0.902
-0.00499606,-0.00329978,0,-0.0243543,0,0.902
-0.00518183,-0.00324918,0,-0.0290994,0,0.902
-0.00511388,-0.00321506,0,-0.0346463,0,0.902
-0.00426687,-0.00320073,0,-0.0403412,0,0.902
-0.00274271,-0.00319987,0,-0.042995,0,0.902
-0.00274271,-0.00319987,0,0,0,0.902
-0.00274271,-0.00319987,0,0,0,0.902
-0.00274271,-0.00319987,0,0,0,0.902
-0.00274271,-0.00319987,0,0,0,0.902
-0.00274271,-0.00319987,0,0,0,0.902
-0.00274271,-0.00319987,0,0,0,0.902
0,0,-0.00714006,0,0,0.901
0,0,-0.00714006,0,0,0.901
0,0,-0.00714006,0,0,0.901
0,0,-0.00714006,0,0,0.901
0,0,-0.00714006,0,0,0.901
0,0,-0.00714006,0,0,0.901
0,0,-0.00714006,0,0,0.901
0,0,-0.00714006,0,0,0.901
-0.019614,0,-0.00715672,0,0,0.7
-0.00114978,0,-0.00710028,-0.0112526,0,0.896
0.00123959,0,-0.00698957,-0.0109834,0,0.91
-0.00161337,0,-0.00694479,-0.00997063,0,0.907
0.00472625,0,-0.00645687,-0.00977594,0,0.907
0.00824522,0,-0.0058168,-0.00837918,0,0.901
0.00857093,0,-0.00527548,-0.00637045,0,0.898
0.0120162,0,-0.00416495,-0.00406283,0,0.896
0.00866668,0,-0.00407327,-0.000137963,0,0.897
0.00588653,0,-0.00406411,0.00212911,0,0.897
0.000341573,0,-0.00503382,0.00371037,0,0.896
-0.00260831,0,-0.00565661,0.0037744,0,0.897
-0.0039915,0,-0.00595763,0.00261485,0,0.897
-0.00362738,0,-0.00565152,0.000967295,0,0.898
-0.00278089,0,-0.0050805,-0.000693158,0,0.899
-0.00363853,0,-0.00531491,-0.00206183,0,0.9
-0.00394605,0,-0.00532049,-0.00385287,0,0.901
-0.00567526,0,-0.00623573,-0.0058593,0,0.902
-0.00568174,0,-0.00616762,-0.00913868,0,0.901
-0.0057576,0,-0.00615591,-0.0126884,0,0.902
-0.00444359,0,-0.00510027,-0.0164836,0,0.902
-0.00332071,0,-0.00408402,-0.0195347,0,0.901
-0.00291282,0,-0.0035576,-0.0214173,0,0.902
-0.00164723,0,-0.0022912,-0.0230761,0,0.902
-0.00170962,0,-0.00217524,-0.0230058,0,0.902
-0.00288119,0,-0.00217318,-0.0228845,0,0.9
-0.00305725,0,-0.00205618,-0.0231385,0,0.9
-0.0028969,0,-0.00196648,-0.0251643,0,0.9
-0.00297515,0,-0.00190643,-0.0270298,0,0.9
-0.00171558,0,-0.00188226,-0.0293636,0,0.9
-0.00197685,0,-0.00187654,-0.0287405,0,0.9
-0.00197685,0,-0.00187654,0,0,0.9
-0.00197685,0,-0.00187654,0,0,0.9
-0.00197685,0,-0.00187654,0,0,0.9
-0.00197685,0,-0.00187654,0,0,0.9
-0.00197685,0,-0.00187654,0,0,0.9
-0.00197685,0,-0.00187654,0,0,0.9
0,-0.00642345,0,0,0,0.899
0,-0.00642345,0,0,0,0.899
0,-0.00642345,0,0,0,0.899
0,-0.00642345,0,0,0,0.899
0,-0.00642345,0,0,0,0.899
0,-0.00642345,0,0,0,0.899
0,-0.00642345,0,0,0,0.899
0,-0.00642345,0,0,0,0.899
-0.0301607,-0.00645515,0,0,0,0.7
0.0104517,-0.0063095,0,-0.0142779,0,0.891
0.00526189,-0.00621224,0,-0.0116517,0,0.908
-0.00135779,-0.00624391,0,-0.00981579,0,0.906
0.00210245,-0.00593411,0,-0.00950374,0,0.908
0.00185225,-0.00571825,0,-0.00845822,0,0.904
0.00272118,-0.00535785,0,-0.00759393,0,0.904
0.00253972,-0.00506039,0,-0.00652341,0,0.903
0.00295462,-0.00463585,0,-0.00551305,0,0.903
0.00164462,-0.00456185,0,-0.00435074,0,0.905
-0.00250709,-0.0053456,0,-0.00343101,0,0.904
-0.00525814,-0.0060493,0,-0.00387659,0,0.904
-0.00658276,-0.00648216,0,-0.00513702,0,0.904
-0.00713684,-0.00672104,0,-0.00731517,0,0.904
-0.00671216,-0.00655813,0,-0.00948374,0,0.904
-0.00260751,-0.00445389,0,-0.0120115,0,0.904
-0.0021698,-0.0040231,0,-0.0122351,0,0.905
-0.00250107,-0.00401836,0,-0.0124118,0,0.905
-0.00232979,-0.00366923,0,-0.0128325,0,0.905
-0.00313235,-0.00405776,0,-0.0130106,0,0.905
-0.00308046,-0.00387323,0,-0.0137636,0,0.905
-0.00238901,-0.00317779,0,-0.0149278,0,0.905
-0.00171201,-0.00245694,0,-0.0154655,0,0.906
-0.00195089,-0.00249884,0,-0.015376,0,0.906
-0.00197965,-0.00238224,0,-0.0154829,0,0.906
-0.00339867,-0.00311184,0,-0.0153031,0,0.905
-0.0044134,-0.00303031,0,-0.0178488,0,0.905
-0.00512061,-0.00296645,0,-0.0192879,0,0.905
-0.00548929,-0.00292178,0,-0.0246647,0,0.905
-0.00509328,-0.00289785,0,-0.0304019,0,0.905
-0.00368988,-0.00289408,0,-0.0355364,0,0.905
-0.00368988,-0.00289408,0,-0.0374072,0,0.905
-0.00368988,-0.00289408,0,0,0,0.905
-0.00368988,-0.00289408,0,0,0,0.905
-0.00368988,-0.00289408,0,0,0,0.905
-0.00368988,-0.00289408,0,0,0,0.905
-0.00368988,-0.00289408,0,0,0,0.905
-0.00368988,-0.00289408,0,0,0,0.905
0,0,-0.00927795,0,0,0.904
0,0,-0.00927795,0,0,0.904
0,0,-0.00927795,0,0,0.904
0,0,-0.00927795,0,0,0.904
0,0,-0.00927795,0,0,0.904
0,0,-0.00927795,0,0,0.904
0,0,-0.00927795,0,0,0.904
-0.0417454,0,-0.00928306,0,0,0.782
-0.045,0,-0.0094794,0,0,0.834
0.00282774,0,-0.00909746,-0.0139509,0,0.902
-0.00206873,0,-0.00905636,-0.0125473,0,0.905
0.00453923,0,-0.00855875,-0.0120676,0,0.904
0.00651689,0,-0.00802621,-0.0105622,0,0.899
0.00550615,0,-0.00765173,-0.00850631,0,0.899
0.0106439,0,-0.00641305,-0.00701226,0,0.901
0.00531833,0,-0.00662493,-0.00391804,0,0.901
0.00207471,0,-0.00675655,-0.00209561,0,0.902
-0.000103995,0,-0.00684865,-0.0013831,0,0.903
-0.00530952,0,-0.00804313,-0.00108387,0,0.902
-0.00559383,0,-0.00795372,-0.00282036,0,0.901
-0.00476697,0,-0.00743692,-0.0047825,0,0.901
-0.00357537,0,-0.00667504,-0.00632687,0,0.902
-0.00160736,0,-0.00539487,-0.00757156,0,0.902
-0.00139735,0,-0.00489666,-0.00779742,0,0.902
-0.00231924,0,-0.00506658,-0.00792705,0,0.902
-0.00288837,0,-0.00510241,-0.00860098,0,0.902
-0.0032997,0,-0.00509068,-0.00978572,0,0.902
-0.00370851,0,-0.00512579,-0.0112431,0,0.902
-0.00254472,0,-0.0039696,-0.0135001,0,0.902
-0.00230736,0,-0.00351247,-0.0145283,0,0.903
-0.00153899,0,-0.00258991,-0.0153932,0,0.903
-0.00119438,0,-0.00202096,-0.0152391,0,0.903
-0.00158166,0,-0.0019661,-0.014772,0,0.903
-0.00218184,0,-0.00176791,-0.0147309,0,0.903
-0.00261488,0,-0.00160804,-0.0149904,0,0.903
-0.00296698,0,-0.00148995,-0.0173242,0,0.903
-0.00326085,0,-0.00141708,-0.0201244,0,0.903
-0.00302883,0,-0.00139288,-0.0239814,0,0.903
-0.00302883,0,-0.00139288,-0.0262153,0,0.903
-0.00302883,0,-0.00139288,0,0,0.903
-0.00302883,0,-0.00139288,0,0,0.903
-0.00302883,0,-0.00139288,0,0,0.903
-0.00302883,0,-0.00139288,0,0,0.903
-0.00302883,0,-0.00139288,0,0,0.903
-0.00302883,0,-0.00139288,0,0,0.903
0,-0.00764422,0,0,0,0.901
0,-0.00764422,0,0,0,0.901
0,-0.00764422,0,0,0,0.901
0,-0.00764422,0,0,0,0.901
0,-0.00764422,0,0,0,0.901
0,-0.00764422,0,0,0,0.901
0,-0.00764422,0,0,0,0.901
-0.0297891,-0.00764432,0,0,0,0.7
-0.0284948,-0.00778443,0,0,0,0.726
0.018512,-0.0072914,0,-0.0133505,0,0.89
0.00421144,-0.0073112,0,-0.0091319,0,0.904
0.00586851,-0.00699223,0,-0.00786659,0,0.906
0.00533251,-0.00669189,0,-0.00639278,0,0.906
0.00594253,-0.00623767,0,-0.00492625,0,0.904
0.00472073,-0.00594829,0,-0.00323778,0,0.904
0.00220245,-0.00592787,0,-0.00196162,0,0.904
0.000779295,-0.00583703,0,-0.00110553,0,0.904
-0.00401582,-0.00671019,0,-0.000793331,0,0.904
-0.00875555,-0.00799423,0,-0.00164063,0,0.903
-0.00825828,-0.00786669,0,-0.00398979,0,0.903
-0.0065803,-0.00720593,0,-0.00684408,0,0.902
-0.00642089,-0.00707976,0,-0.00836773,0,0.902
-0.00225802,-0.00489753,0,-0.0105727,0,0.903
-0.000628155,-0.0037182,0,-0.0113682,0,0.903
-0.000235686,-0.00314515,0,-0.0110336,0,0.904
-9.80825e-05,-0.00269867,0,-0.010375,0,0.904
-0.00107174,-0.00302979,0,-0.00964244,0,0.904
-0.0010713,-0.00274409,0,-0.00933811,0,0.905
-0.000624285,-0.00211144,0,-0.0095513,0,0.905
-0.000983972,-0.00212863,0,-0.00911812,0,0.905
-0.00174464,-0.00254617,0,-0.0091986,0,0.905
-0.00276302,-0.0032591,0,-0.00996876,0,0.905
-0.00288519,-0.00308286,0,-0.0143041,0,0.904
-0.00397401,-0.00295752,0,-0.0143041,0,0.904
-0.00465642,-0.00285944,0,-0.0158556,0,0.904
-0.00451655,-0.00278743,0,-0.0217271,0,0.904
-0.0043229,-0.00274221,0,-0.0265784,0,0.904
-0.00387325,-0.00273008,0,-0.030581,0,0.904
-0.00387325,-0.00273008,0,-0.0344746,0,0.904
-0.00387325,-0.00273008,0,0,0,0.904
-0.00387325,-0.00273008,0,0,0,0.904
-0.00387325,-0.00273008,0,0,0,0.904
-0.00387325,-0.00273008,0,0,0,0.904
-0.00387325,-0.00273008,0,0,0,0.904
-0.00387325,-0.00273008,0,0,0,0.904
0,0,-0.00755631,0,0,0.903
0,0,-0.00755631,0,0,0.903
0,0,-0.00755631,0,0,0.903
0,0,-0.00755631,0,0,0.903
0,0,-0.00755631,0,0,0.903
0,0,-0.00755631,0,0,0.903
0,0,-0.00755631,0,0,0.903
0,0,-0.00755631,0,0,0.903
-0.0334243,0,-0.00764338,0,0,0.787
1.48986e-05,0,-0.0074754,-0.0109906,0,0.899
-0.00682018,0,-0.00753837,-0.0102677,0,0.907
0.00248609,0,-0.00711102,-0.010795,0,0.902
0.00887389,0,-0.00642863,-0.00993497,0,0.903
0.00772327,0,-0.00605186,-0.00763745,0,0.9
0.0113922,0,-0.00506798,-0.00544272,0,0.901
0.00893229,0,-0.0047595,-0.00281872,0,0.898
0.00225825,0,-0.00550209,-0.000289691,0,0.899
-0.00244083,0,-0.00626969,0.000515714,0,0.9
-0.00628229,0,-0.00717839,-3.13146e-05,0,0.9
-0.00522808,0,-0.00675847,-0.00207195,0,0.901
-0.00489886,0,-0.00651734,-0.00384232,0,0.901
-0.0020135,0,-0.00511622,-0.00561029,0,0.901
-0.00218664,0,-0.00492508,-0.00616975,0,0.901
-0.0028531,0,-0.00501707,-0.0066025,0,0.901
-0.00288267,0,-0.00480157,-0.00768419,0,0.901
-0.00425897,0,-0.00545212,-0.00881384,0,0.901
-0.00520258,0,-0.0059425,-0.0110365,0,0.901
-0.00474903,0,-0.00550293,-0.0136231,0,0.901
-0.00379031,0,-0.00463715,-0.0164286,0,0.901
-0.00243557,0,-0.00337646,-0.0187744,0,0.901
-0.00126224,0,-0.00217882,-0.0194359,0,0.901
-1.37336e-05,0,-0.00086047,-0.019065,0,0.902
-0.00062621,0,-0.00118191,-0.0170013,0,0.901
-0.00184901,0,-0.0016621,-0.0150532,0,0.9
-0.00220586,0,-0.00152844,-0.0151684,0,0.9
-0.00262891,0,-0.00142749,-0.0168387,0,0.9
-0.00308974,0,-0.001362,-0.0195062,0,0.9
-0.0036585,0,-0.00133475,-0.0229252,0,0.9
-0.00226607,0,-0.00133412,-0.0275106,0,0.9
-0.00226607,0,-0.00133412,0,0,0.9
-0.00226607,0,-0.00133412,0,0,0.9
-0.00226607,0,-0.00133412,0,0,0.9
-0.00226607,0,-0.00133412,0,0,0.9
-0.00226607,0,-0.00133412,0,0,0.9
-0.00226607,0,-0.00133412,0,0,0.9
0,-0.00763812,0,0,0,0.9
0,-0.00763812,0,0,0,0.9
0,-0.00763812,0,0,0,0.9
0,-0.00763812,0,0,0,0.9
0,-0.00763812,0,0,0,0.9
0,-0.00763812,0,0,0,0.9
0,-0.00763812,0,0,0,0.9
0,-0.00763812,0,0,0,0.9
-0.0234329,-0.00771653,0,0,0,0.7
0.0149049,-0.00739242,0,-0.0122351,0,0.893
0.00378315,-0.007357,0,-0.0090587,0,0.904
0.00238386,-0.00719793,0,-0.00780682,0,0.905
0.00436412,-0.00682201,0,-0.00698659,0,0.906
0.0045454,-0.00644954,0,-0.00566961,0,0.903
0.00701849,-0.00572502,0,-0.00449165,0,0.903
0.00379815,-0.00571558,0,-0.00253399,0,0.901
0.00186307,-0.00566686,0,-0.00160324,0,0.902
-0.00124754,-0.00604453,0,-0.000814975,0,0.903
-0.00436506,-0.00667262,0,-0.00104541,0,0.902
-0.00615474,-0.00713118,0,-0.00216909,0,0.902
-0.00545404,-0.00678649,0,-0.00442419,0,0.902
-0.00569606,-0.00678318,0,-0.00646723,0,0.901
-0.00325239,-0.00548904,0,-0.00825889,0,0.901
-0.000977945,-0.00404232,0,-0.00943493,0,0.901
-0.00107724,-0.00378003,0,-0.00915036,0,0.902
-0.00142032,-0.00367911,0,-0.00904414,0,0.902
-0.00162888,-0.00352674,0,-0.00929786,0,0.902
-0.00107527,-0.00284742,0,-0.00968645,0,0.902
-0.000986076,-0.00243127,0,-0.00976034,0,0.903
-0.00166748,-0.00272292,0,-0.00958766,0,0.903
-0.0017734,-0.00259869,0,-0.0103782,0,0.904
-0.00211073,-0.00270059,0,-0.0113762,0,0.904
-0.0032698,-0.00360451,0,-0.0121345,0,0.904
-0.00332866,-0.00208763,0,-0.0152152,0,0.904
-0.00464955,-0.00196501,0,-0.0164276,0,0.904
-0.0048645,-0.00187291,0,-0.0217487,0,0.904
-0.00411626,-0.00181283,0,-0.0279602,0,0.904
-0.00363143,-0.00179031,0,-0.0318458,0,0.904
-0.00198698,-0.00179012,0,-0.0350397,0,0.904
-0.00198698,-0.00179012,0,0,0,0.904
-0.00198698,-0.00179012,0,0,0,0.904
-0.00198698,-0.00179012,0,0,0,0.904
-0.00198698,-0.00179012,0,0,0,0.904
-0.00198698,-0.00179012,0,0,0,0.904
-0.00198698,-0.00179012,0,0,0,0.904
0,0,-0.00882255,0,0,0.901
0,0,-0.00882255,0,0,0.901
0,0,-0.00882255,0,0,0.901
0,0,-0.00882255,0,0,0.901
0,0,-0.00882255,0,0,0.901
0,0,-0.00882255,0,0,0.901
0,0,-0.00882255,0,0,0.901
0,0,-0.00882255,0,0,0.901
-0.0313223,0,-0.00886078,0,0,0.821
-0.00189855,0,-0.00876456,-0.00895177,0,0.904
-0.00124698,0,-0.00866437,-0.00873586,0,0.911
0.00273346,0,-0.00836879,-0.0082341,0,0.908
0.0109306,0,-0.00746576,-0.00736191,0,0.909
0.00998704,0,-0.00696967,-0.00513624,0,0.905
0.0119518,0,-0.00606629,-0.00367315,0,0.902
0.00626562,0,-0.00625702,-0.00110264,0,0.901
-2.89749e-05,0,-0.00697991,0.000772171,0,0.902
-0.00482209,0,-0.00781908,0.00107489,0,0.904
-0.00944797,0,-0.00900795,9.35152e-05,0,0.903
-0.00872248,0,-0.00878811,-0.00241052,0,0.902
-0.00576283,0,-0.00761882,-0.00512836,0,0.901
-0.00207313,0,-0.00582678,-0.00703419,0,0.9
-0.000450493,0,-0.00468884,-0.00775524,0,0.9
-0.00178313,0,-0.00499521,-0.0075293,0,0.9
-0.00228818,0,-0.00494596,-0.00784523,0,0.9
-0.00433275,0,-0.00594014,-0.00828347,0,0.9
-0.00615799,0,-0.00698549,-0.00974882,0,0.9
-0.00558786,0,-0.00648089,-0.0125193,0,0.9
-0.00506256,0,-0.00593463,-0.0163056,0,0.9
-0.00347549,0,-0.00449297,-0.0197135,0,0.9
-0.00229184,0,-0.00329096,-0.0215713,0,0.901
-0.00076232,0,-0.00171017,-0.0222255,0,0.901
-0.000819871,0,-0.00150817,-0.0213967,0,0.901
-0.00168553,0,-0.00178761,-0.0196204,0,0.9
-0.00198514,0,-0.00161981,-0.0188915,0,0.9
-0.00240735,0,-0.00149058,-0.0196048,0,0.9
-0.0033657,0,-0.00140324,-0.0214318,0,0.9
-0.00359902,0,-0.00136111,-0.0255596,0,0.9
-0.00277791,0,-0.00135764,-0.0296915,0,0.9
-0.00277791,0,-0.00135764,0,0,0.9
-0.00277791,0,-0.00135764,0,0,0.9
-0.00277791,0,-0.00135764,0,0,0.9
-0.00277791,0,-0.00135764,0,0,0.9
-0.00277791,0,-0.00135764,0,0,0.9
-0.00277791,0,-0.00135764,0,0,0.9
0,-0.00721629,0,0,0,0.899
0,-0.00721629,0,0,0,0.899
0,-0.00721629,0,0,0,0.899
0,-0.00721629,0,0,0,0.899
0,-0.00721629,0,0,0,0.899
0,-0.00721629,0,0,0,0.899
0,-0.00721629,0,0,0,0.899
0,-0.00721629,0,0,0,0.899
-0.029006,-0.0072788,0,0,0,0.7
0.0164218,-0.00701038,0,-0.0144014,0,0.892
0.00664776,-0.00692403,0,-0.0106715,0,0.908
0.00394138,-0.00677817,0,-0.00879082,0,0.908
0.00675578,-0.00634178,0,-0.00775515,0,0.907
0.00619088,-0.00599042,0,-0.00602551,0,0.903
0.00581739,-0.0056098,0,-0.00465675,0,0.904
0.00129202,-0.00586302,0,-0.00271381,0,0.904
0.000958739,-0.00559202,0,-0.00220343,0,0.903
-0.00276387,-0.00609945,0,-0.00178445,0,0.904
-0.00712615,-0.00718957,0,-0.00194743,0,0.903
-0.00816165,-0.00754161,0,-0.00355879,0,0.902
-0.00700688,-0.00713412,0,-0.00574028,0,0.902
-0.00681934,-0.00704056,0,-0.00781175,0,0.901
-0.00548489,-0.00636569,0,-0.00948085,0,0.902
-0.00167458,-0.00421783,0,-0.0115807,0,0.902
-0.00200775,-0.00414064,0,-0.0117035,0,0.902
-0.00225478,-0.00405233,0,-0.0120514,0,0.903
-0.00179302,-0.00350108,0,-0.012791,0,0.903
-0.000835025,-0.00255327,0,-0.0130586,0,0.903
-0.000447663,-0.00198239,0,-0.0129516,0,0.903
-0.00059369,-0.00183256,0,-0.0123371,0,0.904
-0.000870063,-0.001809,0,-0.0118313,0,0.904
-0.00129327,-0.00196386,0,-0.011817,0,0.904
-0.00307365,-0.00341462,0,-0.0115241,0,0.904
-0.00320306,-0.00212652,0,-0.0141893,0,0.902
-0.00388586,-0.00200782,0,-0.0157552,0,0.902
-0.00353459,-0.00192038,0,-0.0205134,0,0.902
-0.00256826,-0.00186335,0,-0.0259021,0,0.902
-0.00129446,-0.00183894,0,-0.0259021,0,0.902
-0.000727059,-0.00183839,0,0,0,0.902
-0.000727059,-0.00183839,0,0,0,0.902
-0.000727059,-0.00183839,0,0,0,0.902
-0.000727059,-0.00183839,0,0,0,0.902
-0.000727059,-0.00183839,0,0,0,0.902
-0.000727059,-0.00183839,0,0,0,0.902
-0.000727059,-0.00183839,0,0,0,0.902
0,0,-0.00418706,0,0,0.9
0,0,-0.00418706,0,0,0.9
0,0,-0.00418706,0,0,0.9
0,0,-0.00418706,0,0,0.9
0,0,-0.00418706,0,0,0.9
