-0.215,0,-0.205,0,0
-0.215,0,-0.205,0,0
-0.215,0,-0.205,0,0
-0.215,0,-0.205,0,0
-0.215,0,-0.205,0,0
-0.215,0,-0.205,0,0
-0.215,0,-0.205,0,0
-0.215,0,-0.205,0,0
-0.215,0,-0.205,0,0
-0.215,0,-0.205,0,0
-0.215,0,-0.205,0,0
-0.215,0,-0.205,0,0
-0.215,0,-0.205,0,0
-0.215,0,-0.205,0,0
-0.215,0,-0.205,0,0
-0.215,0,-0.205,0,0
-0.215,0,-0.205,0,0
-0.215,0,-0.205,0,0
-0.215,0,-0.205,0,0
-0.215,0,-0.205,0,0
-0.215,0,-0.205,0,0
-0.215,0,-0.205,0,0
-0.215,0,-0.205,0,0
-0.215,0,-0.205,0,0
-0.215,0,-0.205,0,0
-0.215,0,-0.205,0,0
-0.215,0,-0.205,0,0
-0.215,0,-0.205,0,0
-0.215,0,-0.205,0,0
-0.215,0,-0.205,0,0
-0.215,0,-0.205,0,0
-0.215,0,-0.205,0,0
-0.215,0,-0.205,0,0
-0.215,0,-0.205,0,0
-0.215,0,-0.205,0,0
-0.215,0,-0.205,0,0
-0.215,0,-0.205,0,0
-0.215,0,-0.205,0,0
-0.215,0,-0.205,0,0
-0.215,0,-0.205,0,0
-0.215,0,-0.205,0,0
-0.215,0,-0.205,0,0
-0.215,0,-0.205,0,0
-0.215,0,-0.205,0,0
-0.215,0,-0.205,0,0
-0.215,0,-0.205,0,0
-0.215,0,-0.205,0,0
-0.215,0,-0.205,0,0
-0.215,0,-0.205,0,0
-0.215,0,-0.205,0,0
-0.215,0,-0.205,0,0
-0.215,0,-0.205,0,0
-0.215,0,-0.205,0,0
-0.215,0,-0.205,0,0
-0.215,0,-0.205,0,0
-0.215,0,-0.205,0,0
-0.215,0,-0.205,0,0
-0.215,0,-0.205,0,0
-0.215,0,-0.205,0,0
-0.215,0,-0.205,0,0
-0.215,0,-0.205,0,0
-0.215,0,-0.205,0,0
-0.215,0,-0.205,0,0
-0.215,0,-0.205,0,0
-0.215,0,-0.205,0,0
-0.215,0,-0.205,0,0
-0.215,0,-0.205,0,0
-0.215,0,-0.205,0,0
-0.215,0,-0.205,0,0
-0.215,0,-0.205,0,0
-0.215,0,-0.205,0,0
-0.215,0,-0.205,0,0
-0.215,0,-0.205,0,0
-0.215,0,-0.205,0,0
-0.215,0,-0.205,0,0
-0.215,0,-0.205,0,0
-0.215,0,-0.205,0,0
-0.215,0,-0.205,0,0
-0.215,0,-0.205,0,0
-0.215,0,-0.205,0,0
-0.215,0,-0.205,0,0
-0.215,0,-0.205,0,0
-0.215,0,-0.205,0,0
-0.215,0,-0.205,0,0
-0.215,0,-0.205,0,0
-0.215,0,-0.205,0,0
-0.215,0,-0.205,0,0
-0.215,0,-0.205,0,0
-0.215,0,-0.205,0,0
-0.215,0,-0.205,0,0
-0.215,0,-0.205,0,0
-0.215,0,-0.205,0,0
-0.215,0,-0.205,0,0
-0.215,0,-0.205,0,0
-0.215,0,-0.205,0,0
-0.215,0,-0.205,0,0
-0.215,0,-0.205,0,0
-0.215,0,-0.205,0,0
-0.215,0,-0.205,0,0
-0.215,0,-0.205,0,0
-0.215,0,-0.205,0,0
-0.215,0,-0.205,0,0
-0.215,0,-0.205,0,0
-0.215,0,-0.205,0,0
-0.215,0,-0.205,0,0
-0.215,0,-0.205,0,0
-0.215,0,-0.205,0,0
-0.215,0,-0.205031,0,0
-0.215,0,-0.205124,0,0
-0.215,0,-0.205275,0,0
-0.215,0,-0.20548,0,0
-0.215,0,-0.205734,0,0
-0.215,0,-0.206032,0,0
-0.215,0,-0.20637,0,0
-0.215,0,-0.206744,0,0
-0.215,0,-0.207149,0,0
-0.215,0,-0.207581,0,0
-0.215,0,-0.208036,0,0
-0.215,0,-0.208508,0,0
-0.215,0,-0.208994,0,0
-0.215,0,-0.209488,0,0
-0.215,0,-0.209987,0,0
-0.215,0,-0.210487,0,0
-0.215,0,-0.210982,0,0
-0.215,0,-0.211468,0,0
-0.215,0,-0.211941,0,0
-0.215,0,-0.212396,0,0
-0.215,0,-0.212829,0,0
-0.215,0,-0.213236,0,0
-0.215,0,-0.213612,0,0
-0.215,0,-0.213952,0,0
-0.215,0,-0.214252,0,0
-0.215,0,-0.214508,0,0
-0.215,0,-0.214715,0,0
-0.215,0,-0.214869,0,0
-0.215,0,-0.214966,0,0
-0.215,0,-0.215,0,0
-0.215,0,-0.215,0,0
-0.215,0,-0.215,0,0
-0.215,0,-0.215,0,0
-0.215,0,-0.215,0,0
-0.215,0,-0.215,0,0
-0.215,0,-0.215,0,0
-0.215,0,-0.215,0,0
0.235,0.207042,0,0,0
0.235,0.207042,0,0,0
0.235,0.207042,0,0,0
0.235,0.207042,0,0,0
0.235,0.207042,0,0,0
0.235,0.207042,0,0,0
0.235,0.207042,0,0,0
0.285,0.207042,0,0,0
0.304365,0.207593,0,0,0
0.277616,0.207982,0,-0.00730404,0
0.239868,0.207937,0,-0.000386894,0
0.236121,0.208416,0,-0.00245099,0
0.236829,0.209214,0,-0.00452833,0
0.245416,0.211014,0,-0.00685729,0
0.246604,0.212512,0,-0.00717149,0
0.248033,0.214277,0,-0.00678977,0
0.244626,0.215168,0,-0.00571308,0
0.240883,0.215778,0,-0.00494609,0
0.239865,0.217006,0,-0.00532476,0
0.239591,0.218491,0,-0.00600327,0
0.239399,0.219998,0,-0.00640705,0
0.236637,0.219991,0,-0.00611379,0
0.235473,0.220866,0,-0.00639737,0
0.23466,0.221851,0,-0.00739134,0
0.234432,0.223089,0,-0.0089223,0
0.234232,0.224301,0,-0.0108648,0
0.233709,0.225201,0,-0.0130496,0
0.233101,0.225985,0,-0.0158304,0
0.232745,0.226856,0,-0.0190646,0
0.232407,0.227646,0,-0.023162,0
0.232445,0.228653,0,-0.0278666,0
0.231787,0.228928,0,-0.0323421,0
0.231972,0.229871,0,-0.0386344,0
0.232751,0.233018,0,-0.0438807,0
0.233726,0.233623,0,-0.0468849,0
0.233996,0.234084,0,-0.0465216,0
0.233968,0.234389,0,-0.0443188,0
0.235453,0.234527,0,-0.0412165,0
0.236224,0.234534,0,-0.0316057,0
0.236224,0.234534,0,0,0
0.236224,0.234534,0,0,0
0.236224,0.234534,0,0,0
0.236224,0.234534,0,0,0
0.236224,0.234534,0,0,0
0.236224,0.234534,0,0,0
-0.245,0,-0.226243,0,0
-0.245,0,-0.226243,0,0
-0.245,0,-0.226243,0,0
-0.245,0,-0.226243,0,0
-0.245,0,-0.226243,0,0
-0.245,0,-0.226243,0,0
-0.245,0,-0.226243,0,0
-0.245,0,-0.226243,0,0
-0.295,0,-0.226507,0,0
-0.259219,0,-0.226564,0.00195948,0
-0.225683,0,-0.22623,0.00658306,0
-0.233205,0,-0.226534,0.0108229,0
-0.232708,0,-0.226667,0.0128863,0
-0.242936,0,-0.22783,0.0159056,0
-0.24328,0,-0.228421,0.0161368,0
-0.245096,0,-0.229349,0.0164154,0
-0.246271,0,-0.230352,0.0163998,0
-0.244978,0,-0.230873,0.0158762,0
-0.244796,0,-0.231661,0.0159773,0
-0.244769,0,-0.23252,0.0162684,0
-0.244541,0,-0.233327,0.0166719,0
-0.244174,0,-0.234068,0.0172466,0
-0.243822,0,-0.234769,0.0181955,0
-0.243614,0,-0.235535,0.0195254,0
-0.24287,0,-0.235961,0.0209813,0
-0.242762,0,-0.236705,0.0232927,0
-0.242357,0,-0.237216,0.0257977,0
-0.242259,0,-0.237862,0.02899,0
-0.241736,0,-0.238163,0.0323972,0
-0.24143,0,-0.238557,0.0366647,0
-0.240153,0,-0.238164,0.0412286,0
-0.239634,0,-0.238179,0.0457402,0
-0.240289,0,-0.23919,0.0512838,0
-0.241061,0,-0.24278,0.0557632,0
-0.242006,0,-0.243144,0.0582597,0
-0.242077,0,-0.243416,0.0602858,0
-0.242064,0,-0.243588,0.0622373,0
-0.242978,0,-0.243647,0.0624539,0
-0.245091,0,-0.243653,0.0573593,0
-0.245091,0,-0.243653,0,0
-0.245091,0,-0.243653,0,0
-0.245091,0,-0.243653,0,0
-0.245091,0,-0.243653,0,0
-0.245091,0,-0.243653,0,0
-0.245091,0,-0.243653,0,0
0.245,0.233118,0,0,0
0.245,0.233118,0,0,0
0.245,0.233118,0,0,0
0.245,0.233118,0,0,0
0.245,0.233118,0,0,0
0.245,0.233118,0,0,0
0.245,0.233118,0,0,0
0.245,0.233118,0,0,0
0.295,0.233265,0,0,0
0.250129,0.233272,0,-0.00924942,0
0.224214,0.232924,0,-0.0131836,0
0.230466,0.233011,0,-0.0168149,0
0.235125,0.233247,0,-0.0183054,0
0.243624,0.234101,0,-0.0204145,0
0.241802,0.23421,0,-0.0204036,0
0.243099,0.234739,0,-0.0209023,0
0.241602,0.234826,0,-0.0212833,0
0.238675,0.234468,0,-0.0218655,0
0.241223,0.235453,0,-0.0240585,0
0.243213,0.236506,0,-0.0254897,0
0.244963,0.237675,0,-0.0262535,0
0.245474,0.23848,0,-0.0262934,0
0.245704,0.239206,0,-0.0262258,0
0.24551,0.239732,0,-0.0259652,0
0.245976,0.240637,0,-0.0260338,0
0.245635,0.241033,0,-0.0259166,0
0.24566,0.241648,0,-0.026139,0
0.245078,0.241803,0,-0.0265054,0
0.244704,0.242042,0,-0.0274368,0
0.244568,0.242412,0,-0.0290566,0
0.244125,0.242477,0,-0.0309293,0
0.242848,0.24172,0,-0.0332435,0
0.243032,0.242193,0,-0.0374783,0
0.243394,0.244505,0,-0.0417877,0
0.243387,0.244773,0,-0.0441352,0
0.243462,0.244979,0,-0.0459636,0
0.243297,0.245116,0,-0.0467953,0
0.244079,0.245181,0,-0.0468612,0
0.246307,0.245185,0,-0.0436081,0
0.246307,0.245185,0,0,0
0.246307,0.245185,0,0,0
0.246307,0.245185,0,0,0
0.246307,0.245185,0,0,0
0.246307,0.245185,0,0,0
0.246307,0.245185,0,0,0
-0.245,0,-0.236855,0,0
-0.245,0,-0.236855,0,0
-0.245,0,-0.236855,0,0
-0.245,0,-0.236855,0,0
-0.245,0,-0.236855,0,0
-0.245,0,-0.236855,0,0
-0.245,0,-0.236855,0,0
-0.245,0,-0.236855,0,0
-0.295,0,-0.237049,0,0
-0.260646,0,-0.237074,0.00539151,0
-0.219934,0,-0.236486,0.00917007,0
-0.223339,0,-0.236311,0.0136,0
-0.22355,0,-0.236007,0.0160185,0
-0.235328,0,-0.236713,0.0190341,0
-0.240174,0,-0.237272,0.020202,0
-0.242735,0,-0.237809,0.0211369,0
-0.241484,0,-0.237787,0.0214343,0
-0.241437,0,-0.237971,0.022269,0
-0.241796,0,-0.238278,0.0234311,0
-0.241982,0,-0.238575,0.0245343,0
-0.243149,0,-0.23927,0.025828,0
-0.243932,0,-0.239918,0.0267258,0
-0.243412,0,-0.240019,0.0272468,0
-0.241841,0,-0.239503,0.0283336,0
-0.241422,0,-0.239563,0.0307898,0
-0.241383,0,-0.23976,0.033239,0
-0.240812,0,-0.23958,0.0358126,0
-0.240931,0,-0.239848,0.0390124,0
-0.241062,0,-0.240128,0.0424717,0
-0.24049,0,-0.239826,0.045683,0
-0.24003,0,-0.23957,0.0493574,0
-0.239708,0,-0.239393,0.0534314,0
-0.239868,0,-0.239628,0.0575616,0
-0.240243,0,-0.242988,0.0613078,0
-0.241544,0,-0.243125,0.0637897,0
-0.24156,0,-0.243227,0.0657791,0
-0.242064,0,-0.243293,0.067711,0
-0.242429,0,-0.24332,0.0685475,0
-0.244643,0,-0.24332,0.0698484,0
-0.244643,0,-0.24332,0,0
-0.244643,0,-0.24332,0,0
-0.244643,0,-0.24332,0,0
-0.244643,0,-0.24332,0,0
-0.244643,0,-0.24332,0,0
-0.244643,0,-0.24332,0,0
0.245,0.234,0,0,0
0.245,0.234,0,0,0
0.245,0.234,0,0,0
0.245,0.234,0,0,0
0.245,0.234,0,0,0
0.245,0.234,0,0,0
0.245,0.234,0,0,0
0.245,0.234,0,0,0
0.295,0.234175,0,0,0
0.262441,0.234248,0,-0.00240343,0
0.22203,0.233748,0,-0.00633222,0
0.227483,0.233743,0,-0.0107248,0
0.231671,0.233853,0,-0.0130794,0
0.24091,0.234636,0,-0.0161245,0
0.238088,0.234506,0,-0.0171547,0
0.23967,0.234905,0,-0.0189382,0
0.240676,0.23533,0,-0.0204886,0
0.240259,0.235511,0,-0.0218072,0
0.241708,0.236203,0,-0.0235386,0
0.243282,0.237093,0,-0.0249998,0
0.243768,0.237724,0,-0.025771,0
0.244337,0.23846,0,-0.0265849,0
0.243742,0.238677,0,-0.0272281,0
0.243837,0.239213,0,-0.0283086,0
0.243875,0.239723,0,-0.029605,0
0.244135,0.24037,0,-0.0311023,0
0.243945,0.240726,0,-0.0325106,0
0.242699,0.240284,0,-0.0342208,0
0.242019,0.240221,0,-0.0366866,0
0.242446,0.240911,0,-0.0404084,0
0.241838,0.2407,0,-0.0431564,0
0.240728,0.239984,0,-0.0467222,0
0.240188,0.239686,0,-0.0512741,0
0.241032,0.243169,0,-0.0563999,0
0.242592,0.243376,0,-0.0597515,0
0.242733,0.243533,0,-0.0618493,0
0.241988,0.243634,0,-0.0634634,0
0.242235,0.243676,0,-0.0664202,0
0.244917,0.243677,0,-0.0638716,0
0.244917,0.243677,0,0,0
0.244917,0.243677,0,0,0
0.244917,0.243677,0,0,0
0.244917,0.243677,0,0,0
0.244917,0.243677,0,0,0
0.244917,0.243677,0,0,0
-0.245,0,-0.235137,0,0
-0.245,0,-0.235137,0,0
-0.245,0,-0.235137,0,0
-0.245,0,-0.235137,0,0
-0.245,0,-0.235137,0,0
-0.245,0,-0.235137,0,0
-0.245,0,-0.235137,0,0
-0.245,0,-0.235137,0,0
-0.295,0,-0.235283,0,0
-0.265605,0,-0.235388,-0.00346064,0
-0.234822,0,-0.235131,0.0006848,0
-0.252718,0,-0.235836,0.00400914,0
-0.256917,0,-0.236533,0.0028184,0
-0.272917,0,-0.238778,0.00134558,0
-0.276434,0,-0.240577,-0.0049168,0
-0.283959,0,-0.243545,-0.0124507,0
-0.287131,0,-0.246357,-0.0213214,0
-0.289779,0,-0.249474,-0.0316239,0
-0.280649,0,-0.249373,-0.0567385,0
-0.295,0,-0.259284,-0.0567385,0
-0.295,0,-0.262773,-0.0699426,0
-0.325642,0,-0.287155,-0.0701131,0
-0.363659,0,-0.330926,-0.0707022,0
-0.355794,0,-0.329131,-0.0774648,0
-0.327731,0,-0.30894,-0.0774648,0
-0.318574,0,-0.304698,-0.0774648,0
-0.309857,0,-0.30056,-0.0774648,0
-0.301889,0,-0.296333,-0.0774648,0
-0.297699,0,-0.298526,-0.0774648,0
-0.291111,0,-0.300217,-0.0774648,0
-0.297167,0,-0.301348,-0.0774648,0
-0.302149,0,-0.301863,-0.0774648,0
-0.302677,0,-0.301889,-0.0774648,0
-0.302677,0,-0.301889,0,0
-0.302677,0,-0.301889,0,0
-0.302677,0,-0.301889,0,0
-0.302677,0,-0.301889,0,0
0.245,0.2791,0,0,0
0.245,0.2791,0,0,0
0.245,0.2791,0,0,0
0.245,0.2791,0,0,0
0.245,0.2791,0,0,0
0.245,0.2791,0,0,0
0.245,0.2791,0,0,0
0.245,0.2791,0,0,0
0.245,0.2791,0,0,0
0.245,0.279061,0,0,0
0.267571,0.279014,0,-0.0110297,0
0.250949,0.278548,0,-0.0106524,0
0.256346,0.278235,0,-0.0111641,0
0.252556,0.277484,0,-0.00910635,0
0.258938,0.277286,0,-0.00829518,0
0.255265,0.276195,0,-0.00544068,0
0.248995,0.274396,0,-0.00335214,0
0.248377,0.273094,0,-0.00310432,0
0.247707,0.27164,0,-0.00354191,0
0.249015,0.27061,0,-0.00425947,0
0.250722,0.269743,0,-0.00414988,0
0.251214,0.268559,0,-0.00316672,0
0.249563,0.26651,0,-0.0023572,0
0.249757,0.265127,0,-0.00210254,0
0.250771,0.264153,0,-0.0023619,0
0.251854,0.263362,0,-0.00202575,0
0.251015,0.261494,0,-0.000138776,0
0.250137,0.259592,0,0.00066279,0
0.249717,0.257942,0,0.000821396,0
0.248995,0.256083,0,0.00113679,0
0.248862,0.254711,0,0.000246372,0
0.24808,0.252869,0,-0.000979744,0
0.246579,0.250482,0,-0.00197904,0
0.246066,0.248974,0,-0.00597866,0
0.245471,0.249209,0,-0.0105909,0
0.245446,0.248476,0,-0.0168177,0
0.245881,0.247906,0,-0.0216108,0
0.245475,0.247515,0,-0.0236992,0
0.245742,0.247314,0,-0.0250141,0
0.247905,0.247291,0,-0.0243722,0
0.247905,0.247291,0,0,0
0.247905,0.247291,0,0,0
0.247905,0.247291,0,0,0
0.247905,0.247291,0,0,0
0.247905,0.247291,0,0,0
0.247905,0.247291,0,0,0
-0.245,0,-0.24362,0,0
-0.245,0,-0.24362,0,0
-0.245,0,-0.24362,0,0
-0.245,0,-0.24362,0,0
-0.245,0,-0.24362,0,0
-0.245,0,-0.24362,0,0
-0.245,0,-0.24362,0,0
-0.245,0,-0.24362,0,0
-0.295,0,-0.243725,0,0
-0.262782,0,-0.243768,0.0116912,0
-0.220307,0,-0.243166,0.0148675,0
-0.226373,0,-0.242979,0.0199802,0
-0.219765,0,-0.242197,0.0214497,0
-0.231117,0,-0.242427,0.0251555,0
-0.232696,0,-0.242222,0.026096,0
-0.235387,0,-0.242264,0.0264336,0
-0.239015,0,-0.242677,0.0270421,0
-0.246371,0,-0.244308,0.0275147,0
-0.249335,0,-0.245312,0.02714,0
-0.249111,0,-0.245439,0.0259731,0
-0.248626,0,-0.24552,0.0244178,0
-0.248176,0,-0.245574,0.023054,0
-0.247817,0,-0.245629,0.022357,0
-0.245728,0,-0.24473,0.0217734,0
-0.244638,0,-0.244207,0.0216744,0
-0.244829,0,-0.244376,0.0234305,0
-0.2453,0,-0.244751,0.0255777,0
-0.245345,0,-0.244861,0.0273261,0
-0.245115,0,-0.244762,0.0292722,0
-0.244853,0,-0.244614,0.031419,0
-0.244612,0,-0.244458,0.0339661,0
-0.244356,0,-0.244268,0.0369581,0
-0.244411,0,-0.244342,0.0405242,0
-0.244157,0,-0.245349,0.043473,0
-0.245118,0,-0.245392,0.0472097,0
-0.245334,0,-0.245425,0.047324,0
-0.245886,0,-0.245447,0.0458584,0
-0.246013,0,-0.245459,0.0420925,0
-0.247204,0,-0.24546,0.0354374,0
-0.247204,0,-0.24546,0,0
-0.247204,0,-0.24546,0,0
-0.247204,0,-0.24546,0,0
-0.247204,0,-0.24546,0,0
-0.247204,0,-0.24546,0,0
-0.247204,0,-0.24546,0,0
0.245,0.236441,0,0,0
0.245,0.236441,0,0,0
0.245,0.236441,0,0,0
0.245,0.236441,0,0,0
0.245,0.236441,0,0,0
0.245,0.236441,0,0,0
0.245,0.236441,0,0,0
0.245,0.236441,0,0,0
0.245,0.236449,0,0,0
0.199847,0.236175,0,0.00907862,0
0.19522,0.235643,0,0.00221449,0
0.217441,0.235738,0,-0.00606056,0
0.216273,0.235237,0,-0.0102554,0
0.228789,0.235771,0,-0.0151189,0
0.232381,0.235956,0,-0.0175983,0
0.231958,0.235749,0,-0.018832,0
0.235767,0.236311,0,-0.0206828,0
0.242538,0.23789,0,-0.022523,0
0.243004,0.238292,0,-0.0235783,0
0.243127,0.238637,0,-0.0246808,0
0.243985,0.239372,0,-0.0258204,0
0.245828,0.240561,0,-0.0268792,0
0.24497,0.240503,0,-0.0270941,0
0.243909,0.240361,0,-0.0279612,0
0.242882,0.240222,0,-0.0295722,0
0.242139,0.240055,0,-0.0316594,0
0.241683,0.240015,0,-0.0345876,0
0.241375,0.240032,0,-0.038059,0
0.240392,0.239484,0,-0.0418555,0
0.239774,0.239145,0,-0.0460194,0
0.239528,0.239065,0,-0.0514343,0
0.239541,0.239182,0,-0.060826,0
0.240438,0.240099,0,-0.060826,0
0.241298,0.243148,0,-0.0639953,0
0.242241,0.243305,0,-0.0659094,0
0.242339,0.243427,0,-0.0673817,0
0.242457,0.243507,0,-0.0682542,0
0.243554,0.243541,0,-0.0686616,0
0.245387,0.243543,0,-0.0686957,0
0.245387,0.243543,0,0,0
0.245387,0.243543,0,0,0
0.245387,0.243543,0,0,0
0.245387,0.243543,0,0,0
0.245387,0.243543,0,0,0
0.245387,0.243543,0,0,0
-0.245,0,-0.233225,0,0
-0.245,0,-0.233225,0,0
-0.245,0,-0.233225,0,0
-0.245,0,-0.233225,0,0
-0.245,0,-0.233225,0,0
-0.245,0,-0.233225,0,0
-0.245,0,-0.233225,0,0
-0.245,0,-0.233225,0,0
-0.295,0,-0.233327,0,0
-0.260697,0,-0.233421,0.00387817,0
-0.215311,0,-0.23289,0.00769294,0
-0.232324,0,-0.233192,0.0134436,0
-0.22922,0,-0.232989,0.0144872,0
-0.241856,0,-0.23398,0.0166906,0
-0.247674,0,-0.234964,0.016606,0
-0.243952,0,-0.234891,0.0158623,0
-0.243627,0,-0.235241,0.0165673,0
-0.242085,0,-0.235312,0.0174168,0
-0.243172,0,-0.236009,0.0190387,0
-0.244266,0,-0.236836,0.0205441,0
-0.245488,0,-0.237823,0.0216288,0
-0.24479,0,-0.238129,0.0224042,0
-0.245317,0,-0.238954,0.0237033,0
-0.245278,0,-0.239538,0.0247675,0
-0.245175,0,-0.240079,0.0259898,0
-0.245644,0,-0.240958,0.0276184,0
-0.245622,0,-0.241539,0.0289621,0
-0.245689,0,-0.242163,0.0303902,0
-0.245921,0,-0.242894,0.0320612,0
-0.245727,0,-0.243273,0.033681,0
-0.244905,0,-0.243069,0.0352003,0
-0.244605,0,-0.243224,0.0383145,0
-0.244654,0,-0.243634,0.04188,0
-0.244834,0,-0.245316,0.044906,0
-0.245017,0,-0.245612,0.0477816,0
-0.245464,0,-0.245843,0.0492554,0
-0.245671,0,-0.246001,0.0478804,0
-0.245835,0,-0.246082,0.0449059,0
-0.24688,0,-0.246092,0.0396355,0
-0.24688,0,-0.246092,0,0
-0.24688,0,-0.246092,0,0
-0.24688,0,-0.246092,0,0
-0.24688,0,-0.246092,0,0
-0.24688,0,-0.246092,0,0
-0.24688,0,-0.246092,0,0
0.245,0.238276,0,0,0
0.245,0.238276,0,0,0
0.245,0.238276,0,0,0
0.245,0.238276,0,0,0
0.245,0.238276,0,0,0
0.245,0.238276,0,0,0
0.245,0.238276,0,0,0
0.245,0.238276,0,0,0
0.295,0.238391,0,0,0
0.263772,0.238472,0,-0.00110432,0
0.218431,0.23789,0,-0.00458951,0
0.22894,0.237928,0,-0.00996743,0
0.218441,0.237096,0,-0.0116824,0
0.230058,0.237558,0,-0.0160758,0
0.232465,0.237584,0,-0.0180661,0
0.233981,0.237611,0,-0.0194769,0
0.235108,0.237663,0,-0.0207032,0
0.241246,0.23898,0,-0.0225926,0
0.243689,0.239803,0,-0.0241275,0
0.243469,0.239982,0,-0.0249422,0
0.243897,0.240392,0,-0.0258847,0
0.244603,0.240974,0,-0.0270524,0
0.244922,0.241441,0,-0.0278973,0
0.244561,0.241584,0,-0.0285912,0
0.243569,0.241317,0,-0.0298472,0
0.241691,0.240443,0,-0.0318421,0
0.240819,0.24001,0,-0.0350493,0
0.240678,0.240024,0,-0.0394624,0
0.240404,0.239915,0,-0.0436904,0
0.239926,0.239615,0,-0.0482723,0
0.23943,0.239257,0,-0.0530632,0
0.239521,0.239376,0,-0.0578679,0
0.239774,0.239647,0,-0.0622548,0
0.239988,0.242749,0,-0.0657443,0
0.240794,0.242853,0,-0.0694437,0
0.241195,0.242936,0,-0.0694437,0
0.241523,0.242989,0,-0.0701524,0
0.242481,0.243011,0,-0.0701584,0
0.243541,0.243012,0,-0.0701657,0
0.243541,0.243012,0,0,0
0.243541,0.243012,0,0,0
0.243541,0.243012,0,0,0
0.243541,0.243012,0,0,0
0.243541,0.243012,0,0,0
0.243541,0.243012,0,0,0
-0.245,0,-0.232025,0,0
-0.245,0,-0.232025,0,0
-0.245,0,-0.232025,0,0
-0.245,0,-0.232025,0,0
-0.245,0,-0.232025,0,0
-0.245,0,-0.232025,0,0
-0.245,0,-0.232025,0,0
-0.245,0,-0.232025,0,0
-0.295,0,-0.23213,0,0
-0.258281,0,-0.232212,-0.000103972,0
-0.214031,0,-0.231689,0.00480916,0
-0.232744,0,-0.232051,0.0109678,0
-0.229545,0,-0.231879,0.0121809,0
-0.239631,0,-0.232688,0.014655,0
-0.245546,0,-0.233648,0.0151546,0
-0.248408,0,-0.234585,0.0150692,0
-0.25007,0,-0.235563,0.0147904,0
-0.247705,0,-0.23574,0.0136056,0
-0.246177,0,-0.236008,0.0133874,0
-0.244511,0,-0.236108,0.0140288,0
-0.244255,0,-0.23661,0.0153363,0
-0.244316,0,-0.237237,0.0169291,0
-0.244202,0,-0.237794,0.0187846,0
-0.244499,0,-0.238558,0.0207299,0
-0.244863,0,-0.239388,0.0227451,0
-0.244436,0,-0.239752,0.024711,0
-0.244089,0,-0.240098,0.0272576,0
-0.244174,0,-0.240719,0.0304919,0
-0.244437,0,-0.241478,0.0336174,0
-0.244439,0,-0.242001,0.0369108,0
-0.244267,0,-0.242326,0.0404353,0
-0.243214,0,-0.241936,0.0436402,0
-0.244133,0,-0.243127,0.0474447,0
-0.244718,0,-0.245385,0.0505006,0
-0.245689,0,-0.245622,0.0529302,0
-0.246498,0,-0.245875,0.0523993,0
-0.246804,0,-0.246049,0.0480279,0
-0.246245,0,-0.246138,0.0414689,0
-0.247526,0,-0.246149,0.0349419,0
-0.247526,0,-0.246149,0,0
-0.247526,0,-0.246149,0,0
-0.247526,0,-0.246149,0,0
-0.247526,0,-0.246149,0,0
-0.247526,0,-0.246149,0,0
-0.247526,0,-0.246149,0,0
0.245,0.235301,0,0,0
0.245,0.235301,0,0,0
0.245,0.235301,0,0,0
0.245,0.235301,0,0,0
0.245,0.235301,0,0,0
0.245,0.235301,0,0,0
0.245,0.235301,0,0,0
0.245,0.235301,0,0,0
0.295,0.235418,0,0,0
0.266171,0.235541,0,-0.0062107,0
0.224535,0.23509,0,-0.00958426,0
0.226033,0.234956,0,-0.0132854,0
0.218005,0.234272,0,-0.0150479,0
0.225652,0.234464,0,-0.0192449,0
0.229843,0.234607,0,-0.0220259,0
0.234196,0.23512,0,-0.0236805,0
0.235194,0.235279,0,-0.0246664,0
0.23934,0.2363,0,-0.0260836,0
0.241122,0.237005,0,-0.0278297,0
0.241032,0.237246,0,-0.0291841,0
0.24211,0.23794,0,-0.0306896,0
0.243648,0.238955,0,-0.0322281,0
0.244743,0.239916,0,-0.0332096,0
0.243696,0.239813,0,-0.0337474,0
0.243373,0.240039,0,-0.0343096,0
0.243613,0.240585,0,-0.0361847,0
0.2435,0.240903,0,-0.0378007,0
0.242967,0.240891,0,-0.0397824,0
0.241957,0.240436,0,-0.0422417,0
0.240791,0.239764,0,-0.0454922,0
0.240001,0.239295,0,-0.0498174,0
0.239321,0.238858,0,-0.0547862,0
0.23966,0.23929,0,-0.0600369,0
0.240587,0.24271,0,-0.0641561,0
0.241768,0.242883,0,-0.0667059,0
0.241855,0.243018,0,-0.0685839,0
0.241889,0.243107,0,-0.0694876,0
0.242425,0.243145,0,-0.070017,0
0.244796,0.243146,0,-0.0700179,0
0.244796,0.243146,0,0,0
0.244796,0.243146,0,0,0
0.244796,0.243146,0,0,0
0.244796,0.243146,0,0,0
0.244796,0.243146,0,0,0
0.244796,0.243146,0,0,0
-0.245,0,-0.232724,0,0
-0.245,0,-0.232724,0,0
-0.245,0,-0.232724,0,0
-0.245,0,-0.232724,0,0
-0.245,0,-0.232724,0,0
-0.245,0,-0.232724,0,0
-0.245,0,-0.232724,0,0
-0.245,0,-0.232724,0,0
-0.295,0,-0.232814,0,0
-0.26568,0,-0.232961,0.00497033,0
-0.220789,0,-0.2325,0.00815385,0
-0.2356,0,-0.232829,0.0130294,0
-0.228795,0,-0.232492,0.013505,0
-0.238551,0,-0.233232,0.0157506,0
-0.247057,0,-0.234449,0.0167669,0
-0.251397,0,-0.235659,0.0164356,0
-0.25096,0,-0.236299,0.0149756,0
-0.248256,0,-0.236414,0.0136561,0
-0.245795,0,-0.236402,0.0132369,0
-0.24495,0,-0.236722,0.0138399,0
-0.245065,0,-0.237351,0.0150207,0
-0.245519,0,-0.238149,0.0162825,0
-0.246089,0,-0.239072,0.0175348,0
-0.246048,0,-0.239719,0.0186222,0
-0.245458,0,-0.240027,0.0197114,0
-0.244698,0,-0.240179,0.0214112,0
-0.244418,0,-0.240567,0.0237568,0
-0.24482,0,-0.241398,0.0266028,0
-0.245069,0,-0.242126,0.0295638,0
-0.24419,0,-0.241939,0.0321016,0
-0.243916,0,-0.242141,0.0363019,0
-0.243757,0,-0.242404,0.0408399,0
-0.244497,0,-0.243446,0.0451001,0
-0.244934,0,-0.244985,0.0484372,0
-0.245772,0,-0.245289,0.0507472,0
-0.24651,0,-0.245525,0.0499618,0
-0.246817,0,-0.24569,0.0457174,0
-0.247455,0,-0.245775,0.039526,0
-0.248146,0,-0.245787,0.0313494,0
-0.248146,0,-0.245787,0,0
-0.248146,0,-0.245787,0,0
-0.248146,0,-0.245787,0,0
-0.248146,0,-0.245787,0,0
-0.248146,0,-0.245787,0,0
-0.248146,0,-0.245787,0,0
0.245,0.235461,0,0,0
0.245,0.235461,0,0,0
0.245,0.235461,0,0,0
0.245,0.235461,0,0,0
0.245,0.235461,0,0,0
0.245,0.235461,0,0,0
0.245,0.235461,0,0,0
0.245,0.235461,0,0,0
0.295,0.235561,0,0,0
0.26911,0.235706,0,-0.00463812,0
0.219823,0.235168,0,-0.0070256,0
0.233851,0.235403,0,-0.0119957,0
0.224683,0.23483,0,-0.0127672,0
0.234876,0.235411,0,-0.015812,0
0.236848,0.235625,0,-0.016905,0
0.244065,0.236798,0,-0.0179915,0
0.244744,0.237265,0,-0.0186644,0
0.240613,0.236671,0,-0.0188985,0
0.241637,0.237185,0,-0.0209041,0
0.24322,0.237991,0,-0.0229009,0
0.244531,0.238862,0,-0.024287,0
0.245703,0.239804,0,-0.0254073,0
0.246612,0.240757,0,-0.0260339,0
0.245654,0.2408,0,-0.0261073,0
0.244259,0.240507,0,-0.0268998,0
0.243983,0.240755,0,-0.0290834,0
0.244328,0.241408,0,-0.0316267,0
0.244231,0.24175,0,-0.0342692,0
0.243033,0.241298,0,-0.0369716,0
0.241838,0.240632,0,-0.0401753,0
0.240797,0.239993,0,-0.0445845,0
0.24046,0.239876,0,-0.0499016,0
0.241615,0.241097,0,-0.0557872,0
0.242091,0.243646,0,-0.0595954,0
0.242898,0.243838,0,-0.0625598,0
0.242938,0.243986,0,-0.065095,0
0.242914,0.244084,0,-0.0667853,0
0.243094,0.244131,0,-0.0683096,0
0.245254,0.244133,0,-0.0699657,0
0.245254,0.244133,0,0,0
0.245254,0.244133,0,0,0
0.245254,0.244133,0,0,0
0.245254,0.244133,0,0,0
0.245254,0.244133,0,0,0
0.245254,0.244133,0,0,0
-0.245,0,-0.234292,0,0
-0.245,0,-0.234292,0,0
-0.245,0,-0.234292,0,0
-0.245,0,-0.234292,0,0
-0.245,0,-0.234292,0,0
-0.245,0,-0.234292,0,0
-0.245,0,-0.234292,0,0
-0.245,0,-0.234292,0,0
-0.295,0,-0.234356,0,0
-0.254303,0,-0.234424,0.00708886,0
-0.216526,0,-0.233973,0.0108616,0
-0.233689,0,-0.234271,0.016218,0
-0.232303,0,-0.234177,0.0169992,0
-0.242518,0,-0.234999,0.0183787,0
-0.248722,0,-0.236005,0.0180461,0
-0.246838,0,-0.236223,0.0171114,0
-0.245286,0,-0.236406,0.0170142,0
-0.243687,0,-0.236485,0.0173986,0
-0.244238,0,-0.23706,0.0185954,0
-0.245444,0,-0.237912,0.0198202,0
-0.246124,0,-0.238712,0.0205924,0
-0.246151,0,-0.239304,0.0212353,0
-0.245737,0,-0.239686,0.0218846,0
-0.245868,0,-0.240326,0.0230455,0
-0.245855,0,-0.240895,0.0241924,0
-0.245886,0,-0.241482,0.0256505,0
-0.244928,0,-0.2414,0.0272065,0
-0.245315,0,-0.242172,0.0298765,0
-0.245538,0,-0.242832,0.0322669,0
-0.24522,0,-0.243052,0.0347054,0
-0.244599,0,-0.242959,0.0374972,0
-0.243867,0,-0.242676,0.0412027,0
-0.244415,0,-0.243496,0.0460877,0
-0.244976,0,-0.245332,0.0498961,0
-0.245486,0,-0.245606,0.0529874,0
-0.245818,0,-0.24582,0.05341,0
-0.245975,0,-0.245969,0.051569,0
-0.246467,0,-0.246046,0.0478103,0
-0.247737,0,-0.246057,0.041257,0
-0.247737,0,-0.246057,0,0
-0.247737,0,-0.246057,0,0
-0.247737,0,-0.246057,0,0
-0.247737,0,-0.246057,0,0
-0.247737,0,-0.246057,0,0
-0.247737,0,-0.246057,0,0
0.245,0.237431,0,0,0
0.245,0.237431,0,0,0
0.245,0.237431,0,0,0
0.245,0.237431,0,0,0
0.245,0.237431,0,0,0
0.245,0.237431,0,0,0
0.245,0.237431,0,0,0
0.245,0.237431,0,0,0
0.295,0.237527,0,0,0
0.262418,0.23761,0,-0.00130302,0
0.2183,0.237072,0,-0.00519641,0
0.230791,0.237189,0,-0.0105619,0
0.22186,0.236521,0,-0.0119657,0
0.232877,0.237039,0,-0.015814,0
0.234363,0.237069,0,-0.0172417,0
0.234514,0.236984,0,-0.018115,0
0.236362,0.237226,0,-0.0195307,0
0.232313,0.236243,0,-0.0201051,0
0.23366,0.23639,0,-0.0223256,0
0.234367,0.236443,0,-0.0242818,0
0.235043,0.236519,0,-0.0260008,0
0.23628,0.236935,0,-0.0276211,0
0.236423,0.236947,0,-0.0288094,0
0.235901,0.236621,0,-0.0299377,0
0.236424,0.236848,0,-0.0316321,0
0.236602,0.23691,0,-0.0332711,0
0.236719,0.23695,0,-0.0348872,0
0.236257,0.236584,0,-0.0365141,0
0.23582,0.236198,0,-0.0386396,0
0.234928,0.235416,0,-0.0411514,0
0.234312,0.2348,0,-0.0445134,0
0.233466,0.233945,0,-0.0483452,0
0.233449,0.233804,0,-0.0530591,0
0.233285,0.235184,0,-0.0572972,0
0.233969,0.235129,0,-0.0613614,0
0.23489,0.235086,0,-0.061537,0
0.235274,0.235056,0,-0.0643623,0
0.235739,0.235039,0,-0.0661864,0
0.236927,0.235037,0,-0.0676966,0
0.236927,0.235037,0,-0.0662862,0
0.236927,0.235037,0,0,0
0.236927,0.235037,0,0,0
0.236927,0.235037,0,0,0
0.236927,0.235037,0,0,0
0.236927,0.235037,0,0,0
0.236927,0.235037,0,0,0
-0.245,0,-0.225371,0,0
-0.245,0,-0.225371,0,0
-0.245,0,-0.225371,0,0
-0.245,0,-0.225371,0,0
-0.245,0,-0.225371,0,0
-0.245,0,-0.225371,0,0
-0.245,0,-0.225371,0,0
-0.295,0,-0.22538,0,0
-0.295,0,-0.225714,0,0
-0.225463,0,-0.225373,0.0173116,0
-0.240392,0,-0.225911,0.0216474,0
-0.237573,0,-0.226009,0.0213303,0
-0.242357,0,-0.226709,0.021767,0
-0.242058,0,-0.227196,0.0211267,0
-0.239272,0,-0.227364,0.0202751,0
-0.242063,0,-0.228405,0.0205619,0
-0.240826,0,-0.228804,0.0201151,0
-0.240772,0,-0.229461,0.020059,0
-0.240209,0,-0.229971,0.0209045,0
-0.240999,0,-0.230973,0.0209045,0
-0.241998,0,-0.232139,0.0213834,0
-0.242765,0,-0.233331,0.0213607,0
-0.242625,0,-0.234127,0.021028,0
-0.242769,0,-0.235067,0.0209518,0
-0.243058,0,-0.2361,0.0210196,0
-0.242718,0,-0.236733,0.0207125,0
-0.242731,0,-0.237556,0.0208391,0
-0.243014,0,-0.238551,0.0210127,0
-0.243127,0,-0.239396,0.0209671,0
-0.242768,0,-0.23981,0.0208698,0
-0.241807,0,-0.239597,0.020967,0
-0.242478,0,-0.240772,0.0227908,0
-0.242968,0,-0.241883,0.0233228,0
-0.243235,0,-0.242324,0.0222967,0
-0.243511,0,-0.242677,0.0187519,0
-0.243643,0,-0.242935,0.0159031,0
-0.243966,0,-0.24309,0.0121034,0
-0.243992,0,-0.243134,0.00607019,0
-0.243992,0,-0.243134,0.000230137,0
-0.243992,0,-0.243134,0,0
-0.243992,0,-0.243134,0,0
-0.243992,0,-0.243134,0,0
-0.243992,0,-0.243134,0,0
-0.243992,0,-0.243134,0,0
-0.243992,0,-0.243134,0,0
0.245,0.234921,0,0,0
0.245,0.234921,0,0,0
0.245,0.234921,0,0,0
0.245,0.234921,0,0,0
0.245,0.234921,0,0,0
0.245,0.234921,0,0,0
0.245,0.234921,0,0,0
0.245,0.234921,0,0,0
0.295,0.23547,0,0,0
0.261311,0.235308,0,-0.00366084,0
0.235712,0.234944,0,-0.008342,0
0.227677,0.234556,0,-0.0107546,0
0.232068,0.234703,0,-0.0135436,0
0.236838,0.235125,0,-0.0160995,0
0.236075,0.235083,0,-0.0170302,0
0.238035,0.235477,0,-0.0185265,0
0.233875,0.234693,0,-0.0193883,0
0.235205,0.234995,0,-0.0219178,0
0.235593,0.235127,0,-0.0241813,0
0.236332,0.235437,0,-0.0265132,0
0.237937,0.236172,0,-0.0285286,0
0.238443,0.236555,0,-0.0299664,0
0.237895,0.236449,0,-0.031334,0
0.236593,0.23586,0,-0.0331084,0
0.235519,0.235286,0,-0.0356774,0
0.235168,0.235084,0,-0.0392264,0
0.235482,0.235316,0,-0.0432846,0
0.235328,0.235225,0,-0.0471585,0
0.234837,0.234855,0,-0.0509775,0
0.234684,0.234724,0,-0.0554252,0
0.234314,0.234395,0,-0.0593151,0
0.234457,0.234503,0,-0.0631898,0
0.234714,0.235095,0,-0.0662136,0
0.235914,0.2351,0,-0.0684918,0
0.236406,0.235104,0,-0.068842,0
0.237139,0.235106,0,-0.0696581,0
0.237422,0.235108,0,-0.0700135,0
0.238512,0.235108,0,-0.0700176,0
0.238512,0.235108,0,-0.0700231,0
0.238512,0.235108,0,0,0
0.238512,0.235108,0,0,0
0.238512,0.235108,0,0,0
0.238512,0.235108,0,0,0
0.238512,0.235108,0,0,0
0.238512,0.235108,0,0,0
-0.245,0,-0.225097,0,0
-0.245,0,-0.225097,0,0
-0.245,0,-0.225097,0,0
-0.245,0,-0.225097,0,0
-0.245,0,-0.225097,0,0
-0.245,0,-0.225097,0,0
-0.245,0,-0.225097,0,0
-0.295,0,-0.2251,0,0
-0.295,0,-0.225444,0,0
-0.260341,0,-0.225482,1.03747e-05,0
-0.232853,0,-0.225288,0.00495854,0
-0.23462,0,-0.225517,0.00877052,0
-0.239468,0,-0.226087,0.0105494,0
-0.245936,0,-0.227155,0.0120752,0
-0.245931,0,-0.22785,0.0116615,0
-0.248564,0,-0.229078,0.0113503,0
-0.248287,0,-0.229965,0.0102275,0
-0.249372,0,-0.231238,0.0093815,0
-0.24958,0,-0.232401,0.00801623,0
-0.249097,0,-0.233389,0.00670929,0
-0.247522,0,-0.233911,0.00548808,0
-0.246136,0,-0.234407,0.00508654,0
-0.243855,0,-0.234289,0.00533483,0
-0.242404,0,-0.234441,0.00706938,0
-0.240623,0,-0.234227,0.00970102,0
-0.24009,0,-0.234643,0.013892,0
-0.240253,0,-0.235444,0.0188393,0
-0.24002,0,-0.235968,0.0239156,0
-0.240098,0,-0.23668,0.0295067,0
-0.240068,0,-0.237274,0.0350642,0
-0.238805,0,-0.236876,0.0408904,0
-0.239388,0,-0.237881,0.0471048,0
-0.239726,0,-0.238622,0.0512778,0
-0.240936,0,-0.241968,0.0554432,0
-0.242169,0,-0.242337,0.0571069,0
-0.242699,0,-0.242613,0.0585419,0
-0.243553,0,-0.242754,0.0571704,0
-0.244079,0,-0.242847,0.0506251,0
-0.245707,0,-0.242854,0.0426218,0
-0.245707,0,-0.242854,0,0
-0.245707,0,-0.242854,0,0
-0.245707,0,-0.242854,0,0
-0.245707,0,-0.242854,0,0
-0.245707,0,-0.242854,0,0
-0.245707,0,-0.242854,0,0
0.245,0.229269,0,0,0
0.245,0.229269,0,0,0
0.245,0.229269,0,0,0
0.245,0.229269,0,0,0
0.245,0.229269,0,0,0
0.245,0.229269,0,0,0
0.245,0.229269,0,0,0
0.245,0.229269,0,0,0
0.295,0.229489,0,0,0
0.262003,0.229573,0,-0.00441709,0
0.222027,0.22911,0,-0.00847969,0
0.230594,0.229323,0,-0.0138267,0
0.229631,0.229293,0,-0.0163671,0
0.238929,0.230167,0,-0.0196693,0
0.23986,0.230601,0,-0.0209903,0
0.241018,0.231171,0,-0.0219719,0
0.240254,0.231481,0,-0.0227453,0
0.239241,0.231691,0,-0.0238299,0
0.237356,0.231678,0,-0.0256135,0
0.238157,0.232341,0,-0.0278933,0
0.24088,0.233853,0,-0.0303325,0
0.242956,0.235363,0,-0.0320993,0
0.242494,0.235816,0,-0.0327674,0
0.241507,0.235921,0,-0.0336975,0
0.241149,0.236314,0,-0.0354924,0
0.240742,0.23663,0,-0.0376394,0
0.241065,0.237395,0,-0.0403924,0
0.2409,0.237811,0,-0.0431132,0
0.240498,0.237988,0,-0.0460197,0
0.239799,0.237875,0,-0.0492675,0
0.239228,0.237786,0,-0.0530468,0
0.238814,0.237741,0,-0.0613218,0
0.243084,0.242016,0,-0.0649243,0
0.240117,0.242039,0,-0.0649243,0
0.241088,0.242317,0,-0.066756,0
0.240635,0.242537,0,-0.0684626,0
0.24034,0.242677,0,-0.0693243,0
0.240512,0.242729,0,-0.0699553,0
0.243738,0.24273,0,-0.0699596,0
0.243738,0.24273,0,0,0
0.243738,0.24273,0,0,0
0.243738,0.24273,0,0,0
0.243738,0.24273,0,0,0
0.243738,0.24273,0,0,0
0.243738,0.24273,0,0,0
-0.245,0,-0.231762,0,0
-0.245,0,-0.231762,0,0
-0.245,0,-0.231762,0,0
-0.245,0,-0.231762,0,0
-0.245,0,-0.231762,0,0
-0.245,0,-0.231762,0,0
-0.245,0,-0.231762,0,0
-0.245,0,-0.231762,0,0
-0.295,0,-0.231943,0,0
-0.259312,0,-0.232,-0.00361072,0
-0.217955,0,-0.231472,0.00137949,0
-0.226424,0,-0.231552,0.00695017,0
-0.234636,0,-0.231944,0.00979965,0
-0.24752,0,-0.233225,0.0126587,0
-0.245561,0,-0.233489,0.0120089,0
-0.248622,0,-0.2345,0.0122813,0
-0.250067,0,-0.235464,0.011539,0
-0.249586,0,-0.236126,0.0102886,0
-0.249748,0,-0.236961,0.00954643,0
-0.250457,0,-0.23806,0.00858559,0
-0.249023,0,-0.238395,0.00722402,0
-0.246266,0,-0.238036,0.00654686,0
-0.245032,0,-0.238148,0.00729436,0
-0.243268,0,-0.237859,0.00879559,0
-0.242479,0,-0.237973,0.0119283,0
-0.241337,0,-0.237766,0.0155297,0
-0.241568,0,-0.238379,0.0205122,0
-0.241745,0,-0.23896,0.0254012,0
-0.241564,0,-0.239262,0.0305285,0
-0.24156,0,-0.239667,0.0362295,0
-0.240644,0,-0.239342,0.0414497,0
-0.241045,0,-0.240018,0.0468871,0
-0.241501,0,-0.240723,0.0516885,0
-0.242905,0,-0.243778,0.0553655,0
-0.243935,0,-0.244049,0.0573527,0
-0.244492,0,-0.244254,0.0588847,0
-0.245046,0,-0.244361,0.0566867,0
-0.245542,0,-0.244436,0.0501759,0
-0.246961,0,-0.244444,0.040603,0
-0.246961,0,-0.244444,0,0
-0.246961,0,-0.244444,0,0
-0.246961,0,-0.244444,0,0
-0.246961,0,-0.244444,0,0
-0.246961,0,-0.244444,0,0
-0.246961,0,-0.244444,0,0
0.245,0.231755,0,0,0
0.245,0.231755,0,0,0
0.245,0.231755,0,0,0
0.245,0.231755,0,0,0
0.245,0.231755,0,0,0
0.245,0.231755,0,0,0
0.245,0.231755,0,0,0
0.245,0.231755,0,0,0
0.295,0.231909,0,0,0
0.257262,0.231963,0,-0.00310534,0
0.21335,0.231384,0,-0.00778877,0
0.224166,0.231466,0,-0.0137023,0
0.220346,0.231062,0,-0.0160777,0
0.232057,0.231782,0,-0.0198356,0
0.233861,0.23201,0,-0.0209512,0
0.24464,0.233805,0,-0.0228219,0
0.245633,0.234508,0,-0.0229392,0
0.242527,0.234339,0,-0.0224668,0
0.242971,0.234944,0,-0.0234027,0
0.242768,0.235398,0,-0.0243121,0
0.244678,0.236663,0,-0.0254683,0
0.246161,0.237951,0,-0.0263509,0
0.24594,0.238563,0,-0.0261524,0
0.244475,0.23848,0,-0.0261022,0
0.24373,0.238666,0,-0.0273201,0
0.242845,0.238698,0,-0.0291875,0
0.242956,0.239304,0,-0.0320055,0
0.241974,0.239214,0,-0.0351129,0
0.241055,0.23895,0,-0.0385035,0
0.240159,0.238591,0,-0.042615,0
0.239662,0.238488,0,-0.0478082,0
0.239382,0.238516,0,-0.0530765,0
0.239194,0.23858,0,-0.0582746,0
0.239844,0.242476,0,-0.0630879,0
0.24068,0.242721,0,-0.0659385,0
0.240648,0.242907,0,-0.0681957,0
0.240797,0.243032,0,-0.0693649,0
0.24164,0.243083,0,-0.0699714,0
0.244328,0.243085,0,-0.0699756,0
0.244328,0.243085,0,0,0
0.244328,0.243085,0,0,0
0.244328,0.243085,0,0,0
0.244328,0.243085,0,0,0
0.244328,0.243085,0,0,0
0.244328,0.243085,0,0,0
-0.245,0,-0.232276,0,0
-0.245,0,-0.232276,0,0
-0.245,0,-0.232276,0,0
-0.245,0,-0.232276,0,0
-0.245,0,-0.232276,0,0
-0.245,0,-0.232276,0,0
-0.245,0,-0.232276,0,0
-0.245,0,-0.232276,0,0
-0.295,0,-0.232404,0,0
-0.262891,0,-0.23251,-0.000998916,0
-0.218694,0,-0.232012,0.00347798,0
-0.225397,0,-0.23202,0.00857271,0
-0.232049,0,-0.232263,0.0114254,0
-0.240178,0,-0.232977,0.0133898,0
-0.247251,0,-0.234105,0.0136964,0
-0.246966,0,-0.234599,0.0132365,0
-0.248276,0,-0.235437,0.0131857,0
-0.249975,0,-0.236533,0.0127304,0
-0.248112,0,-0.236781,0.0118397,0
-0.246447,0,-0.236957,0.0116071,0
-0.246131,0,-0.237519,0.0121083,0
-0.245091,0,-0.237742,0.0128145,0
-0.244343,0,-0.238023,0.0143674,0
-0.243584,0,-0.238212,0.0164932,0
-0.243718,0,-0.238851,0.0191465,0
-0.243077,0,-0.239012,0.0219288,0
-0.242723,0,-0.239292,0.0255148,0
-0.242795,0,-0.239828,0.0297897,0
-0.242782,0,-0.240284,0.0339355,0
-0.242271,0,-0.2404,0.0387544,0
-0.24241,0,-0.240901,0.0430255,0
-0.242894,0,-0.241698,0.047318,0
-0.242834,0,-0.241972,0.0504943,0
-0.24384,0,-0.244773,0.054143,0
-0.244674,0,-0.24506,0.0563521,0
-0.245017,0,-0.245278,0.0579942,0
-0.245885,0,-0.245392,0.0551677,0
-0.246703,0,-0.245475,0.0491827,0
-0.247089,0,-0.245485,0.0410837,0
-0.247089,0,-0.245485,0,0
-0.247089,0,-0.245485,0,0
-0.247089,0,-0.245485,0,0
-0.247089,0,-0.245485,0,0
-0.247089,0,-0.245485,0,0
-0.247089,0,-0.245485,0,0
0.245,0.23362,0,0,0
0.245,0.23362,0,0,0
0.245,0.23362,0,0,0
0.245,0.23362,0,0,0
0.245,0.23362,0,0,0
0.245,0.23362,0,0,0
0.245,0.23362,0,0,0
0.245,0.23362,0,0,0
0.295,0.233745,0,0,0
0.263917,0.233853,0,0.00169019,0
0.218473,0.233325,0,-0.00241731,0
0.228332,0.233423,0,-0.00775672,0
0.222508,0.232957,0,-0.00974825,0
0.232212,0.233497,0,-0.0136474,0
0.232546,0.233492,0,-0.0153014,0
0.235104,0.23385,0,-0.0167498,0
0.242296,0.235319,0,-0.0185647,0
0.241973,0.2356,0,-0.0197433,0
0.242186,0.236037,0,-0.0211323,0
0.241795,0.236298,0,-0.0226125,0
0.242116,0.236818,0,-0.0244863,0
0.242648,0.23746,0,-0.0263849,0
0.242615,0.237893,0,-0.0282618,0
0.243063,0.238695,0,-0.0305007,0
0.242395,0.238759,0,-0.0322749,0
0.241896,0.238869,0,-0.034595,0
0.241474,0.238975,0,-0.0374052,0
0.241421,0.239297,0,-0.0408792,0
0.241068,0.239366,0,-0.044444,0
0.240916,0.239551,0,-0.0483778,0
0.239954,0.239002,0,-0.0525112,0
0.239568,0.238878,0,-0.0571399,0
0.238897,0.238444,0,-0.0615474,0
0.239282,0.241619,0,-0.0653275,0
0.240683,0.241807,0,-0.0678889,0
0.241139,0.241955,0,-0.0693427,0
0.241644,0.242055,0,-0.0699751,0
0.241971,0.242097,0,-0.0699795,0
0.242529,0.242099,0,-0.0699856,0
0.242529,0.242099,0,0,0
0.242529,0.242099,0,0,0
0.242529,0.242099,0,0,0
0.242529,0.242099,0,0,0
0.242529,0.242099,0,0,0
0.242529,0.242099,0,0,0
-0.245,0,-0.23125,0,0
-0.245,0,-0.23125,0,0
-0.245,0,-0.23125,0,0
-0.245,0,-0.23125,0,0
-0.245,0,-0.23125,0,0
-0.245,0,-0.23125,0,0
-0.245,0,-0.23125,0,0
-0.245,0,-0.23125,0,0
-0.295,0,-0.231335,0,0
-0.258805,0,-0.231433,-0.00500222,0
-0.21075,0,-0.230882,8.74338e-05,0
-0.227414,0,-0.231115,0.00696663,0
-0.228909,0,-0.231116,0.00943057,0
-0.242058,0,-0.23218,0.0122652,0
-0.247523,0,-0.233182,0.0125443,0
-0.250359,0,-0.234218,0.0124376,0
-0.249981,0,-0.234884,0.0113576,0
-0.251041,0,-0.235924,0.0107269,0
-0.252014,0,-0.237096,0.010103,0
-0.250585,0,-0.23758,0.00859165,0
-0.250656,0,-0.238538,0.00789757,0
-0.249526,0,-0.238995,0.00708893,0
-0.247602,0,-0.238976,0.00675747,0
-0.245238,0,-0.238541,0.0079616,0
-0.243795,0,-0.238397,0.0104389,0
-0.2418,0,-0.237764,0.0140879,0
-0.242632,0,-0.23884,0.0198838,0
-0.24195,0,-0.238868,0.0250438,0
-0.242277,0,-0.239591,0.0312212,0
-0.242653,0,-0.240374,0.0374159,0
-0.241791,0,-0.240184,0.0429394,0
-0.242035,0,-0.240771,0.0486636,0
-0.242253,0,-0.241309,0.0534605,0
-0.243728,0,-0.244395,0.0575993,0
-0.244615,0,-0.244705,0.0604889,0
-0.245144,0,-0.244942,0.0618465,0
-0.245546,0,-0.245101,0.0631921,0
-0.247322,0,-0.245165,0.0602682,0
-0.2479,0,-0.24518,0.050686,0
-0.2479,0,-0.24518,0,0
-0.2479,0,-0.24518,0,0
-0.2479,0,-0.24518,0,0
-0.2479,0,-0.24518,0,0
-0.2479,0,-0.24518,0,0
-0.2479,0,-0.24518,0,0
0.245,0.231912,0,0,0
0.245,0.231912,0,0,0
0.245,0.231912,0,0,0
0.245,0.231912,0,0,0
0.245,0.231912,0,0,0
0.245,0.231912,0,0,0
0.245,0.231912,0,0,0
0.245,0.231912,0,0,0
0.295,0.231997,0,0,0
0.267511,0.232153,0,0.000468364,0
0.218835,0.231676,0,-0.00281503,0
0.230764,0.231872,0,-0.00818443,0
0.226319,0.231591,0,-0.00993973,0
0.235907,0.232253,0,-0.0130723,0
0.237297,0.23254,0,-0.0140831,0
0.237709,0.232794,0,-0.014802,0
0.237717,0.233019,0,-0.0154215,0
0.235436,0.232725,0,-0.0159549,0
0.237439,0.233433,0,-0.0174829,0
0.237494,0.233704,0,-0.0184944,0
0.237497,0.23397,0,-0.019583,0
0.236834,0.233965,0,-0.0207351,0
0.236686,0.234139,0,-0.0224201,0
0.236502,0.234281,0,-0.0243829,0
0.236491,0.234496,0,-0.0266804,0
0.235907,0.234362,0,-0.0291134,0
0.235914,0.234605,0,-0.0322636,0
0.235773,0.234687,0,-0.0350279,0
0.235998,0.235029,0,-0.0380535,0
0.235343,0.234672,0,-0.0409759,0
0.235129,0.23462,0,-0.0442918,0
0.235235,0.234828,0,-0.0483185,0
0.234802,0.23454,0,-0.0516489,0
0.23466,0.235952,0,-0.0552196,0
0.235008,0.236051,0,-0.0587573,0
0.235626,0.236129,0,-0.0589758,0
0.236305,0.236183,0,-0.0617065,0
0.236678,0.236213,0,-0.0638211,0
0.237923,0.236217,0,-0.0661473,0
0.237923,0.236217,0,-0.0610029,0
0.237923,0.236217,0,0,0
0.237923,0.236217,0,0,0
0.237923,0.236217,0,0,0
0.237923,0.236217,0,0,0
0.237923,0.236217,0,0,0
0.237923,0.236217,0,0,0
-0.245,0,-0.226469,0,0
-0.245,0,-0.226469,0,0
-0.245,0,-0.226469,0,0
-0.245,0,-0.226469,0,0
-0.245,0,-0.226469,0,0
-0.245,0,-0.226469,0,0
-0.245,0,-0.226469,0,0
-0.295,0,-0.226479,0,0
-0.295,0,-0.226855,0,0
-0.238371,0,-0.226646,0.0137273,0
-0.234147,0,-0.226705,0.0180847,0
-0.237296,0,-0.227032,0.0192548,0
-0.245849,0,-0.228004,0.0197478,0
-0.246037,0,-0.228621,0.0183099,0
-0.241595,0,-0.228644,0.0168027,0
-0.242738,0,-0.229426,0.0166134,0
-0.240195,0,-0.229517,0.0161859,0
-0.239827,0,-0.230006,0.0166596,0
-0.24154,0,-0.231158,0.0175804,0
-0.242281,0,-0.232152,0.01786,0
-0.242187,0,-0.232883,0.017821,0
-0.241661,0,-0.233403,0.0179826,0
-0.241295,0,-0.233974,0.0184964,0
-0.241536,0,-0.234845,0.0194485,0
-0.241755,0,-0.23572,0.020336,0
-0.241466,0,-0.23627,0.0211952,0
-0.241186,0,-0.236777,0.0223267,0
-0.240944,0,-0.23726,0.0238572,0
-0.240817,0,-0.237781,0.0258075,0
-0.240402,0,-0.237993,0.0279161,0
-0.239726,0,-0.237925,0.0305978,0
-0.239474,0,-0.238144,0.0343445,0
-0.239933,0,-0.238976,0.0383214,0
-0.2401,0,-0.239315,0.041055,0
-0.240672,0,-0.239588,0.0391487,0
-0.241178,0,-0.23979,0.0394059,0
-0.241592,0,-0.239915,0.0371258,0
-0.242543,0,-0.239956,0.0328539,0
-0.242543,0,-0.239956,0.0232625,0
-0.242543,0,-0.239956,0,0
-0.242543,0,-0.239956,0,0
-0.242543,0,-0.239956,0,0
-0.242543,0,-0.239956,0,0
-0.242543,0,-0.239956,0,0
-0.242543,0,-0.239956,0,0
0.245,0.231826,0,0,0
0.245,0.231826,0,0,0
0.245,0.231826,0,0,0
0.245,0.231826,0,0,0
0.245,0.231826,0,0,0
0.245,0.231826,0,0,0
0.245,0.231826,0,0,0
0.295,0.231826,0,0,0
0.295,0.232251,0,0,0
0.263809,0.232257,0,-0.00744878,0
0.236367,0.231954,0,-0.0110191,0
0.23046,0.23176,0,-0.0133099,0
0.230641,0.231739,0,-0.015414,0
0.237227,0.232385,0,-0.0181673,0
0.235755,0.232365,0,-0.0190998,0
0.237434,0.232804,0,-0.0207729,0
0.237324,0.233005,0,-0.022029,0
0.23755,0.233299,0,-0.0234889,0
0.237929,0.233748,0,-0.0249858,0
0.239581,0.234635,0,-0.0264587,0
0.241447,0.23579,0,-0.0274438,0
0.241532,0.236305,0,-0.0279005,0
0.240163,0.236078,0,-0.028278,0
0.239236,0.235972,0,-0.0292546,0
0.238362,0.235795,0,-0.031351,0
0.237326,0.235431,0,-0.0336769,0
0.237313,0.235679,0,-0.03733,0
0.236663,0.235432,0,-0.0412027,0
0.236881,0.23581,0,-0.0457928,0
0.236602,0.235782,0,-0.049882,0
0.23666,0.236003,0,-0.0541179,0
0.236829,0.236321,0,-0.0579533,0
0.240699,0.237178,0,-0.0643025,0
0.237113,0.237322,0,-0.0643025,0
0.237302,0.237437,0,-0.0651538,0
0.238047,0.237521,0,-0.0674686,0
0.238515,0.237574,0,-0.0689252,0
0.239505,0.237588,0,-0.0699609,0
0.239505,0.237588,0,-0.0700074,0
0.239505,0.237588,0,0,0
0.239505,0.237588,0,0,0
0.239505,0.237588,0,0,0
0.239505,0.237588,0,0,0
0.239505,0.237588,0,0,0
0.239505,0.237588,0,0,0
-0.245,0,-0.227702,0,0
-0.245,0,-0.227702,0,0
-0.245,0,-0.227702,0,0
-0.245,0,-0.227702,0,0
-0.245,0,-0.227702,0,0
-0.245,0,-0.227702,0,0
-0.245,0,-0.227702,0,0
-0.245,0,-0.227702,0,0
-0.295,0,-0.227929,0,0
-0.247665,0,-0.227916,0.00868623,0
-0.228218,0,-0.227715,0.0129914,0
-0.23984,0,-0.228241,0.0164126,0
-0.237786,0,-0.228395,0.0168178,0
-0.244638,0,-0.22937,0.018361,0
-0.241428,0,-0.229505,0.0176329,0
-0.247295,0,-0.231026,0.0182672,0
-0.246781,0,-0.231696,0.0171306,0
-0.245765,0,-0.232245,0.0163535,0
-0.243893,0,-0.232505,0.0158746,0
-0.242437,0,-0.232752,0.0161537,0
-0.243801,0,-0.233996,0.0174092,0
-0.243434,0,-0.234628,0.0179369,0
-0.243464,0,-0.235426,0.0188497,0
-0.243549,0,-0.236258,0.0199487,0
-0.243641,0,-0.237097,0.0210587,0
-0.243681,0,-0.237899,0.0223033,0
-0.243047,0,-0.238223,0.0236369,0
-0.243068,0,-0.238941,0.0253681,0
-0.242984,0,-0.239548,0.0275065,0
-0.242718,0,-0.239959,0.0300763,0
-0.242416,0,-0.240274,0.0328656,0
-0.24207,0,-0.240457,0.0360187,0
-0.243219,0,-0.241975,0.0393845,0
-0.243835,0,-0.244042,0.0408916,0
-0.244497,0,-0.244413,0.0401234,0
-0.244779,0,-0.244693,0.03734,0
-0.245323,0,-0.244874,0.0328847,0
-0.244935,0,-0.24495,0.0258879,0
-0.246323,0,-0.244952,0.01825,0
-0.246323,0,-0.244952,0,0
-0.246323,0,-0.244952,0,0
-0.246323,0,-0.244952,0,0
-0.246323,0,-0.244952,0,0
-0.246323,0,-0.244952,0,0
-0.246323,0,-0.244952,0,0
0.245,0.234597,0,0,0
0.245,0.234597,0,0,0
0.245,0.234597,0,0,0
0.245,0.234597,0,0,0
0.245,0.234597,0,0,0
0.245,0.234597,0,0,0
0.245,0.234597,0,0,0
0.245,0.234597,0,0,0
0.295,0.234897,0,0,0
0.259844,0.234872,0,-0.0021025,0
0.234498,0.234594,0,-0.00717044,0
0.234128,0.234576,0,-0.0103599,0
0.231162,0.234363,0,-0.0121128,0
0.239123,0.235038,0,-0.015363,0
0.238544,0.235112,0,-0.0163732,0
0.242288,0.23589,0,-0.0177301,0
0.241203,0.235967,0,-0.0182846,0
0.239206,0.235746,0,-0.018974,0
0.240797,0.236426,0,-0.0208535,0
0.240517,0.23662,0,-0.0220844,0
0.241791,0.237402,0,-0.0235822,0
0.242911,0.238257,0,-0.0247716,0
0.243132,0.238779,0,-0.025634,0
0.242798,0.239025,0,-0.0263734,0
0.242061,0.238986,0,-0.0275264,0
0.24211,0.239381,0,-0.0292915,0
0.24169,0.23945,0,-0.0313303,0
0.241187,0.239407,0,-0.033996,0
0.240171,0.23896,0,-0.0372584,0
0.239293,0.238463,0,-0.0408541,0
0.23822,0.23771,0,-0.0451102,0
0.237939,0.237583,0,-0.050522,0
0.238168,0.237895,0,-0.0557323,0
0.238897,0.241587,0,-0.0604143,0
0.239292,0.241742,0,-0.0626959,0
0.239227,0.241858,0,-0.0655205,0
0.239454,0.241934,0,-0.0680383,0
0.240424,0.241962,0,-0.0695483,0
0.243215,0.241962,0,-0.0699919,0
0.243215,0.241962,0,0,0
0.243215,0.241962,0,0,0
0.243215,0.241962,0,0,0
0.243215,0.241962,0,0,0
0.243215,0.241962,0,0,0
0.243215,0.241962,0,0,0
-0.245,0,-0.231472,0,0
-0.245,0,-0.231472,0,0
-0.245,0,-0.231472,0,0
-0.245,0,-0.231472,0,0
-0.245,0,-0.231472,0,0
-0.245,0,-0.231472,0,0
-0.245,0,-0.231472,0,0
-0.245,0,-0.231472,0,0
-0.295,0,-0.23158,0,0
-0.232961,0,-0.231485,0.0100622,0
-0.216005,0,-0.23115,0.0153495,0
-0.227559,0,-0.231319,0.0203391,0
-0.221697,0,-0.230801,0.0215595,0
-0.233846,0,-0.231706,0.0245802,0
-0.239933,0,-0.232595,0.0259057,0
-0.241979,0,-0.233259,0.0264901,0
-0.241141,0,-0.233498,0.0269794,0
-0.237029,0,-0.232866,0.0272892,0
-0.2389,0,-0.233674,0.0294682,0
-0.241217,0,-0.234826,0.031368,0
-0.243295,0,-0.236123,0.032601,0
-0.244387,0,-0.237205,0.0332026,0
-0.244559,0,-0.237934,0.03339,0
-0.244746,0,-0.238689,0.0333822,0
-0.245248,0,-0.239645,0.033782,0
-0.245304,0,-0.240352,0.0338849,0
-0.245333,0,-0.241028,0.0341418,0
-0.245337,0,-0.241509,0.0343455,0
-0.245018,0,-0.241877,0.0348607,0
-0.244443,0,-0.241975,0.035631,0
-0.243946,0,-0.242038,0.0375318,0
-0.243146,0,-0.241773,0.0402076,0
-0.243997,0,-0.24292,0.0437343,0
-0.244314,0,-0.244754,0.0461128,0
-0.244825,0,-0.245071,0.0472482,0
-0.24557,0,-0.245315,0.0465717,0
-0.245393,0,-0.24548,0.0422898,0
-0.24618,0,-0.245559,0.0376446,0
-0.246919,0,-0.245566,0.0301902,0
-0.246919,0,-0.245566,0,0
-0.246919,0,-0.245566,0,0
-0.246919,0,-0.245566,0,0
-0.246919,0,-0.245566,0,0
-0.246919,0,-0.245566,0,0
-0.246919,0,-0.245566,0,0
0.245,0.237493,0,0,0
0.245,0.237493,0,0,0
0.245,0.237493,0,0,0
0.245,0.237493,0,0,0
0.245,0.237493,0,0,0
0.245,0.237493,0,0,0
0.245,0.237493,0,0,0
0.245,0.237493,0,0,0
0.295,0.237658,0,0,0
0.26209,0.237707,0,-0.00316583,0
0.221197,0.23715,0,-0.00720068,0
0.226865,0.237076,0,-0.0116346,0
0.227598,0.236874,0,-0.0140747,0
0.238738,0.237607,0,-0.0180328,0
0.236412,0.23736,0,-0.0195174,0
0.236905,0.2374,0,-0.0211684,0
0.238707,0.237734,0,-0.0234724,0
0.236796,0.237318,0,-0.0251592,0
0.238645,0.237835,0,-0.027585,0
0.240044,0.238371,0,-0.0295457,0
0.241724,0.239153,0,-0.0312889,0
0.242504,0.239712,0,-0.0327055,0
0.242302,0.239856,0,-0.0336977,0
0.241913,0.239885,0,-0.0350884,0
0.240766,0.239426,0,-0.0366828,0
0.239833,0.238985,0,-0.039096,0
0.239776,0.239057,0,-0.0424195,0
0.239789,0.23917,0,-0.0461829,0
0.239674,0.23918,0,-0.0498263,0
0.23878,0.238539,0,-0.0535416,0
0.238169,0.238069,0,-0.0577326,0
0.2382,0.23812,0,-0.0619874,0
0.238421,0.238345,0,-0.0655053,0
0.238788,0.241874,0,-0.0679879,0
0.239236,0.241976,0,-0.0692651,0
0.239865,0.242051,0,-0.0699963,0
0.239771,0.242101,0,-0.0700077,0
0.237158,0.242121,0,-0.0700077,0
0.224337,0.242122,0,0,0
0.224337,0.242122,0,0,0
0.224337,0.242122,0,0,0
0.224337,0.242122,0,0,0
0.224337,0.242122,0,0,0
0.224337,0.242122,0,0,0
0.224337,0.242122,0,0,0
-0.245,0,-0.228576,0,0
-0.245,0,-0.228576,0,0
-0.245,0,-0.228576,0,0
-0.245,0,-0.228576,0,0
-0.245,0,-0.228576,0,0
