-8.2619,-1.5322,229.346,-0.49012,2.42274,-0.04331
-8.2145,-1.7585,229.485,-0.48964,2.41522,-0.04316
-8.3222,-1.7782,229.539,-0.49579,2.41078,-0.04081
-8.3925,-1.6699,229.315,-0.49594,2.41906,-0.03852
-8.3728,-2.0038,229.325,-0.51113,2.41411,-0.03717
-8.4501,-2.0576,229.189,-0.5114,2.41354,-0.03783
-8.524,-1.9826,229.034,-0.51002,2.41831,-0.03409
-8.4578,-2.0787,229.216,-0.50703,2.41575,-0.03554
-8.4718,-2.1082,229.142,-0.50928,2.41814,-0.03472
-8.4818,-2.0298,229.075,-0.51233,2.41721,-0.03182
-8.4519,-1.8609,229.156,-0.49915,2.4153,-0.0332
-8.2914,-2.128,229.212,-0.51097,2.40772,-0.03359
-8.2534,-2.0522,229.136,-0.51268,2.41755,-0.03142
-8.1493,-1.9889,229.139,-0.50833,2.41104,-0.03595
-7.9565,-1.9808,229.167,-0.50735,2.40258,-0.03825
-7.9799,-1.6612,229.003,-0.50522,2.41041,-0.04089
-7.8591,-1.4469,228.964,-0.50243,2.40544,-0.04679
-7.8382,-1.2839,229.031,-0.49308,2.40572,-0.05357
-7.8375,-1.3199,229.01,-0.49206,2.40234,-0.0568
-7.8062,-1.3808,228.883,-0.49416,2.40121,-0.05531
-7.862,-1.3637,228.793,-0.50183,2.40463,-0.05594
-7.8217,-1.2867,228.865,-0.50153,2.40017,-0.05707
-7.8625,-1.2086,228.846,-0.49741,2.4029,-0.05772
-7.9317,-1.1178,228.836,-0.49771,2.40781,-0.05748
-7.8809,-1.1926,228.972,-0.49819,2.40596,-0.06001
-7.893,-1.2199,229.022,-0.4995,2.40363,-0.06093
-8.0198,-1.0842,228.867,-0.49799,2.40976,-0.05865
-8.0753,-1.2132,229.01,-0.49464,2.40464,-0.05775
-8.1848,-1.1225,229.014,-0.49179,2.41386,-0.05726
-8.2221,-1.1566,229.206,-0.48746,2.41372,-0.05761
-8.1755,-1.1745,229.162,-0.47957,2.40788,-0.05751
-8.1984,-1.0877,229.078,-0.47756,2.41564,-0.05519
-8.0469,-1.3971,229.236,-0.49045,2.40718,-0.05326
-8.1926,-1.4328,229.144,-0.48779,2.41666,-0.05134
-8.1935,-1.5774,229.159,-0.49686,2.41779,-0.05123
-8.0808,-1.5141,229.299,-0.48583,2.41435,-0.05614
-7.9921,-1.2459,229.244,-0.47363,2.41529,-0.05999
-7.965,-1.2068,229.325,-0.46707,2.40888,-0.06135
-7.9276,-1.3117,229.362,-0.47529,2.40817,-0.05876
-7.9792,-1.1761,229.424,-0.46183,2.4068,-0.06
-7.9358,-1.2676,229.4,-0.46596,2.40851,-0.05767
-7.9759,-1.3612,229.432,-0.47322,2.40904,-0.05594
-7.9709,-1.3395,229.319,-0.47412,2.40707,-0.0556
-7.8536,-1.3227,229.414,-0.46811,2.39905,-0.05892
-7.8847,-1.2507,229.339,-0.46915,2.3999,-0.05871
-7.8294,-1.3082,229.33,-0.46996,2.39912,-0.05828
-7.8058,-1.1272,229.35,-0.46418,2.40381,-0.05942
-7.7596,-1.1132,229.303,-0.46739,2.39847,-0.06162
-7.8026,-1.1797,229.373,-0.4676,2.39807,-0.05988
-7.7399,-1.163,229.466,-0.46608,2.3974,-0.06065
-7.764,-1.205,229.387,-0.46672,2.39611,-0.06063
-7.9515,-0.9869,229.179,-0.46765,2.40893,-0.05806
-7.8947,-1.0482,229.158,-0.46793,2.4062,-0.06027
-7.8942,-1.1285,229.286,-0.46773,2.3998,-0.06233
-7.9433,-1.0597,229.131,-0.466,2.40485,-0.06163
-7.9448,-1.0625,229.098,-0.46524,2.4023,-0.06126
-7.7921,-1.2711,229.258,-0.47029,2.39292,-0.06296
-7.8685,-1.1855,229.16,-0.47177,2.3997,-0.0617
-7.922,-1.0282,229.116,-0.46631,2.40619,-0.06223
-7.795,-1.2125,229.29,-0.46994,2.39819,-0.0652
-7.8336,-1.2251,229.097,-0.47373,2.39826,-0.06379
-7.8013,-1.2266,229.228,-0.47058,2.39776,-0.0652
-7.8502,-1.0314,229.187,-0.46553,2.3976,-0.06627
-7.8212,-1.1715,229.142,-0.47549,2.39664,-0.06504
-7.7625,-1.125,229.258,-0.46595,2.39944,-0.06675
-7.6956,-1.295,229.246,-0.47594,2.39243,-0.06725
-7.7674,-1.1668,229.039,-0.47541,2.40374,-0.06455
-7.7048,-1.3115,229.099,-0.47876,2.40146,-0.06377
-7.6766,-1.3448,229.079,-0.47732,2.39788,-0.06271
-7.6676,-1.3103,229.16,-0.47855,2.39518,-0.06259
-7.6827,-1.3941,229.132,-0.48809,2.39486,-0.06272
-7.7154,-1.3265,228.987,-0.48721,2.39837,-0.06117
-7.7739,-1.104,229.026,-0.47153,2.39913,-0.06392
-7.6981,-1.3207,229.342,-0.47866,2.39388,-0.06547
-7.7676,-1.1627,229.235,-0.47485,2.40144,-0.0652
-7.7961,-1.1576,229.229,-0.48063,2.39907,-0.06665
-7.7883,-1.1602,229.295,-0.47888,2.39956,-0.06757
-7.7437,-1.1139,229.36,-0.47956,2.40205,-0.06907
-7.7131,-1.0384,229.352,-0.48051,2.40639,-0.07182
-7.6583,-1.1204,229.332,-0.48162,2.40417,-0.07376
-7.7245,-0.9085,229.378,-0.47244,2.40499,-0.07484
-7.6761,-1.1302,229.161,-0.48387,2.40439,-0.07155
-7.6816,-1.0395,229.161,-0.47824,2.40411,-0.07062
-7.7446,-0.8629,229.08,-0.47463,2.41114,-0.07178
-7.7251,-0.9864,229.08,-0.4768,2.40309,-0.07054
-7.6852,-1.1252,229.062,-0.48197,2.40548,-0.06975
-7.7688,-1.0769,228.887,-0.47891,2.40975,-0.06852
-7.8383,-1.0627,228.981,-0.47252,2.40707,-0.06974
-7.8665,-1.0874,228.949,-0.47468,2.40725,-0.06836
-7.963,-1.0455,228.998,-0.47337,2.40919,-0.06858
-8.0137,-1.0251,228.915,-0.47179,2.41387,-0.06737
-8.0641,-1.1094,228.932,-0.48029,2.41334,-0.06553
-7.9571,-1.212,229.046,-0.47712,2.40555,-0.06778
-8.0659,-1.2376,228.922,-0.48451,2.41361,-0.06576
-8.0042,-1.258,228.94,-0.48037,2.40879,-0.06642
-7.9678,-1.3171,229.065,-0.48067,2.40855,-0.06641
-7.9972,-1.2488,229.052,-0.48192,2.41239,-0.06675
-7.9827,-1.2635,228.985,-0.4821,2.41224,-0.06479
-7.9337,-1.2907,229.153,-0.47931,2.4094,-0.06751
-8.1426,-1.1985,229.01,-0.47917,2.41794,-0.06645
-8.1983,-1.2201,229.012,-0.47983,2.41509,-0.06772
-8.2267,-1.2174,229.106,-0.48348,2.41983,-0.06688
-8.239,-1.2167,229.132,-0.47873,2.41893,-0.0665
-8.3408,-1.1989,229.104,-0.48537,2.42443,-0.06523
-8.383,-1.2698,229.061,-0.48225,2.42488,-0.06636
-8.3997,-1.3503,229.183,-0.48636,2.42839,-0.06538
-8.432,-1.4266,229.173,-0.49169,2.42518,-0.06538
-8.5245,-1.282,228.957,-0.48856,2.42992,-0.06475
-8.4908,-1.3619,229.108,-0.48878,2.43159,-0.06615
-8.413,-1.4194,229.097,-0.49341,2.42532,-0.06497
-8.46,-1.3584,229.025,-0.4877,2.43178,-0.06404
-8.389,-1.5019,229.055,-0.49394,2.42729,-0.06362
-8.3561,-1.4166,228.97,-0.49362,2.422,-0.06132
-8.3163,-1.4701,228.957,-0.49848,2.42368,-0.06278
-8.3516,-1.3701,228.784,-0.49252,2.42932,-0.06245
-8.3536,-1.3642,228.786,-0.49125,2.432,-0.06238
-8.3178,-1.4822,228.876,-0.49421,2.42338,-0.06243
-8.2185,-1.5078,228.954,-0.48917,2.4164,-0.06513
-8.2815,-1.5454,228.932,-0.496,2.41436,-0.06417
-8.232,-1.6452,229.037,-0.49913,2.41676,-0.06511
-8.3488,-1.5339,228.825,-0.4992,2.41967,-0.06185
-8.3095,-1.4889,228.864,-0.49686,2.42282,-0.06305
-8.3407,-1.3418,228.923,-0.49105,2.42146,-0.06462
-8.2989,-1.3683,228.92,-0.49316,2.41799,-0.0661
-8.2641,-1.3393,229.003,-0.48909,2.41661,-0.06723
-8.2807,-1.2521,228.834,-0.48625,2.4244,-0.06479
-8.1652,-1.2835,229.064,-0.48335,2.41287,-0.06644
-8.1287,-1.3969,229.041,-0.49176,2.40989,-0.06616
-8.1658,-1.2241,228.898,-0.49277,2.41797,-0.06418
-8.1049,-1.2233,228.801,-0.49478,2.41739,-0.06496
-7.9747,-1.1632,228.876,-0.48801,2.40685,-0.06516
-7.9646,-1.1032,228.895,-0.48679,2.41273,-0.06488
-7.8927,-1.1752,228.929,-0.4913,2.4075,-0.06485
-7.9607,-0.9326,228.77,-0.47775,2.41386,-0.0647
-7.8204,-1.1956,228.836,-0.49206,2.40403,-0.06267
-7.865,-1.0909,228.837,-0.49162,2.40813,-0.06194
-7.8865,-0.9731,228.825,-0.48549,2.41496,-0.06261
-7.7916,-1.0515,228.952,-0.48807,2.40077,-0.06616
-7.7118,-1.083,228.927,-0.48598,2.39973,-0.06564
-7.7606,-0.9226,228.698,-0.48437,2.40418,-0.06264
-7.7825,-0.993,228.831,-0.48286,2.40172,-0.06222
-7.8847,-1.0257,228.781,-0.48316,2.40604,-0.06167
-7.8023,-1.1235,228.942,-0.47558,2.39731,-0.06489
-7.8262,-1.2667,229.108,-0.48283,2.39557,-0.06573
-7.8922,-1.2456,229.016,-0.4832,2.40288,-0.06497
-7.9214,-1.3416,228.987,-0.48565,2.40396,-0.0618
-7.9899,-1.2153,228.999,-0.48067,2.40683,-0.06197
-7.9381,-1.2912,228.947,-0.48615,2.40323,-0.06176
-8.0256,-1.2549,228.898,-0.48796,2.40898,-0.06095
-7.9708,-1.2738,229.085,-0.47801,2.39827,-0.06247
-7.9724,-1.4068,229.009,-0.48836,2.39696,-0.06004
-8.095,-1.3488,228.937,-0.48803,2.40386,-0.05817
-8.1319,-1.2605,228.896,-0.48871,2.40322,-0.05847
-8.0914,-1.2392,229.053,-0.48192,2.40582,-0.06153
-8.1796,-1.3294,229.019,-0.48426,2.40607,-0.06148
-8.1394,-1.2815,229.096,-0.48234,2.40776,-0.06212
-8.043,-1.3923,229.256,-0.4806,2.39965,-0.06465
-8.06,-1.4072,229.138,-0.48435,2.40412,-0.06399
-8.111,-1.2402,229.142,-0.47645,2.40643,-0.0626
-8.0157,-1.4114,229.146,-0.48562,2.40139,-0.06395
-7.9937,-1.2957,229.199,-0.47858,2.39351,-0.06621
-8.105,-1.181,228.953,-0.47926,2.40645,-0.06381
-8.0128,-1.4058,229.193,-0.48357,2.39884,-0.06665
-8.0877,-1.1889,229.168,-0.47867,2.40569,-0.06804
-8.1401,-1.0169,229.158,-0.47084,2.40793,-0.06753
-8.063,-1.2374,229.237,-0.47783,2.4026,-0.06874
-8.0814,-1.1805,229.307,-0.47463,2.40892,-0.06823
-8.1335,-1.1965,229.224,-0.47859,2.4097,-0.06477
-8.0864,-1.1423,229.08,-0.47597,2.40858,-0.0673
-8.1433,-1.145,229.028,-0.47987,2.41393,-0.06582
-8.0834,-1.2669,229.162,-0.48088,2.40473,-0.06737
-8.1302,-1.2358,229.172,-0.48114,2.40948,-0.06729
-8.1336,-1.1934,229.246,-0.47557,2.40873,-0.06721
-8.0057,-1.3232,229.4,-0.47561,2.39983,-0.06818
-8.0866,-1.0952,229.295,-0.47138,2.40685,-0.06762
-8.0682,-1.0947,229.289,-0.47416,2.40687,-0.06531
-8.0088,-1.3159,229.234,-0.47932,2.40062,-0.06454
-8.0448,-1.3022,229.199,-0.48448,2.40583,-0.0631
-8.1669,-0.9975,228.972,-0.47427,2.42195,-0.06199
-8.0387,-1.1982,229.237,-0.47961,2.40989,-0.06594
-8.0205,-1.1754,229.063,-0.48012,2.41368,-0.06384
-8.0546,-1.1259,229.042,-0.4827,2.41489,-0.06353
-8.0391,-1.1326,229.228,-0.47249,2.41451,-0.06475
-8.0096,-1.1288,229.243,-0.47082,2.4094,-0.06638
-8.0111,-1.1725,229.208,-0.47807,2.41524,-0.06532
-7.9774,-1.317,229.217,-0.48125,2.41423,-0.06624
-8.0794,-1.1991,229.265,-0.47378,2.4205,-0.06702
-8.1498,-1.055,229.041,-0.47554,2.4212,-0.06607
-8.0456,-1.1944,229.112,-0.47449,2.41612,-0.06791
-8.0205,-1.3518,229.27,-0.48599,2.41236,-0.0665
-8.0902,-1.1482,229.142,-0.47883,2.42506,-0.06443
-8.0158,-1.2395,229.273,-0.48042,2.42186,-0.06546
-7.947,-1.4277,229.457,-0.4822,2.41167,-0.06708
-8.0928,-1.1756,229.164,-0.47746,2.42456,-0.0649
-8.1437,-1.1362,229.122,-0.47666,2.43022,-0.06473
-8.1263,-1.2607,229.299,-0.48016,2.423,-0.06454
-8.0639,-1.3502,229.384,-0.48041,2.41674,-0.06435
-8.1465,-1.2221,229.277,-0.48081,2.42641,-0.06064
-8.207,-1.0822,229.077,-0.47989,2.4343,-0.05997
-8.0253,-1.3305,229.465,-0.47687,2.42267,-0.06563
-8.0521,-1.2249,229.336,-0.47592,2.42462,-0.06434
-8.0651,-1.3225,229.347,-0.48035,2.42444,-0.06386
-8.0367,-1.3949,229.379,-0.48372,2.42108,-0.06313
-8.0709,-1.2549,229.231,-0.47746,2.43081,-0.06232
-8.1553,-1.3051,229.024,-0.47985,2.43235,-0.06031
-8.1044,-1.4116,229.31,-0.47966,2.42598,-0.06355
-8.1299,-1.3587,229.387,-0.47591,2.42384,-0.06611
-8.1961,-1.1998,229.308,-0.47189,2.43241,-0.06721
-8.1863,-1.2225,229.221,-0.46858,2.43389,-0.06786
-8.1934,-1.3113,229.403,-0.47221,2.42977,-0.06775
-8.1357,-1.2102,229.312,-0.46539,2.4236,-0.06831
-8.1273,-1.2658,229.29,-0.47218,2.42749,-0.06696
-8.0997,-1.2107,229.372,-0.46554,2.4196,-0.0684
-8.0593,-1.0534,229.203,-0.45456,2.41987,-0.06836
-7.923,-1.0659,229.359,-0.44973,2.41564,-0.0704
-7.8383,-1.2178,229.353,-0.46268,2.41601,-0.06868
-7.7466,-1.2055,229.305,-0.45945,2.41024,-0.07016
-7.637,-1.3074,229.314,-0.46049,2.40592,-0.0672
-7.5825,-1.2927,229.361,-0.4594,2.40581,-0.06792
-7.4774,-1.3684,229.415,-0.4609,2.39809,-0.06966
-7.6564,-1.1735,229.267,-0.45673,2.40824,-0.06613
-7.5441,-1.2219,229.457,-0.45476,2.40266,-0.0682
-7.5283,-1.1692,229.31,-0.4578,2.40758,-0.06648
-7.4526,-1.1477,229.265,-0.45595,2.39902,-0.06826
-7.4037,-1.2878,229.412,-0.46305,2.3924,-0.06942
-7.344,-1.3227,229.413,-0.46601,2.38929,-0.06788
-7.5209,-1.1604,229.434,-0.46057,2.39395,-0.06491
-7.5605,-1.36,229.182,-0.47386,2.40151,-0.0578
-7.503,-1.6172,229.353,-0.48242,2.38709,-0.0601
-7.6626,-1.4277,229.11,-0.47435,2.39604,-0.05941
-7.7015,-1.5112,229.171,-0.47975,2.39598,-0.05922
-7.7125,-1.6338,229.501,-0.4787,2.39272,-0.05881
-8.0332,-1.3631,229.413,-0.47408,2.41394,-0.04916
-8.2065,-1.5445,229.62,-0.47539,2.41429,-0.0468
-8.3467,-1.5468,229.807,-0.47537,2.42178,-0.04755
-8.517,-1.4617,229.903,-0.47504,2.43417,-0.05513
-8.4261,-1.4213,229.939,-0.47072,2.43433,-0.05696
-8.2889,-1.2632,229.906,-0.46321,2.43368,-0.05747
-8.1901,-1.2679,230.306,-0.45742,2.42891,-0.05787
-8.235,-1.2386,230.392,-0.4524,2.4275,-0.05733
-8.282,-1.1896,230.205,-0.45219,2.43026,-0.05561
-8.2203,-0.9917,230.237,-0.44069,2.42595,-0.06427
-8.2101,-0.8305,230.07,-0.43584,2.42236,-0.05871
-8.397,-0.5304,230.156,-0.41921,2.42649,-0.05633
-8.2901,-0.7418,230.883,-0.40686,2.41469,-0.06014
-8.4214,-0.6138,230.939,-0.39162,2.4187,-0.05745
-8.5959,-0.7332,231.026,-0.39386,2.42495,-0.05292
-8.5486,-0.9219,230.99,-0.39955,2.42863,-0.04648
-8.3772,-0.9035,231.162,-0.39535,2.41829,-0.04476
-8.2199,-0.8642,230.978,-0.4052,2.42136,-0.04313
-7.9981,-0.8523,231.095,-0.40533,2.40937,-0.04584
-7.7391,-0.9355,231.234,-0.40131,2.40191,-0.05202
-7.7159,-0.9344,231.091,-0.41178,2.40567,-0.05055
-7.5161,-0.9666,230.948,-0.42044,2.40944,-0.05212
-7.3256,-0.9789,230.812,-0.42846,2.40684,-0.05599
-7.2665,-1.1683,230.69,-0.44283,2.40125,-0.06084
-7.3458,-1.215,230.343,-0.45189,2.40931,-0.06103
-7.3583,-1.2785,230.57,-0.45439,2.4033,-0.06146
-7.4921,-1.1411,230.452,-0.45016,2.41271,-0.06101
-7.6124,-1.1054,230.26,-0.44864,2.41687,-0.06101
-7.5443,-1.327,230.316,-0.45402,2.41125,-0.06246
-7.6309,-1.2273,230.255,-0.45234,2.40755,-0.06319
-7.5224,-1.5161,230.452,-0.46071,2.39503,-0.06431
-7.5103,-1.2328,230.252,-0.45238,2.40096,-0.06207
-7.392,-1.1962,230.38,-0.44421,2.39356,-0.06394
-7.5175,-1.0418,230.212,-0.44099,2.40118,-0.06216
-7.6323,-1.0181,230.014,-0.44628,2.40753,-0.06034
-7.621,-1.0013,230.147,-0.43758,2.40573,-0.06351
-7.6157,-1.0275,230.416,-0.43671,2.40483,-0.06444
-7.6146,-1.0633,230.401,-0.4455,2.41314,-0.06361
-7.695,-0.909,230.304,-0.43726,2.41791,-0.06458
-7.7281,-0.876,230.314,-0.43344,2.4123,-0.06729
-7.8438,-1.0053,230.175,-0.44261,2.41363,-0.0649
-7.9567,-1.0262,230.138,-0.44202,2.41573,-0.06471
-7.9899,-1.0988,230.153,-0.44324,2.41685,-0.06476
-8.0484,-0.9424,230.184,-0.42972,2.41693,-0.06451
-8.1479,-1.0409,230.055,-0.44019,2.41733,-0.06046
-8.1299,-1.1866,230.231,-0.4427,2.41513,-0.06141
-8.1703,-0.9819,230.039,-0.43077,2.42298,-0.06185
-8.2333,-0.8542,229.872,-0.43374,2.43186,-0.06275
-8.0563,-0.8896,230.23,-0.42791,2.41728,-0.06985
-8.1274,-0.8029,230.158,-0.42585,2.42432,-0.06787
-8.246,-0.8068,230.19,-0.42675,2.42936,-0.06678
-8.2943,-0.8419,230.22,-0.4205,2.42913,-0.06515
-8.3243,-0.8967,230.445,-0.41557,2.43048,-0.06747
-8.4023,-0.8645,230.333,-0.41601,2.42694,-0.06611
-8.3541,-0.7755,230.388,-0.40682,2.42952,-0.07011
-8.1645,-0.8266,230.677,-0.39956,2.4222,-0.07722
-8.1173,-0.8008,230.639,-0.40042,2.42551,-0.07597
-8.1282,-0.6837,230.703,-0.39638,2.43146,-0.07706
-8.0693,-0.7665,230.806,-0.39242,2.43211,-0.07606
-8.184,-0.8655,230.804,-0.40075,2.43144,-0.07427
-8.4014,-0.7512,230.588,-0.39974,2.43851,-0.06763
-8.5049,-1.0142,230.728,-0.40397,2.43739,-0.06057
-8.8903,-0.9859,230.763,-0.40298,2.45449,-0.05335
-9.019,-1.2175,230.853,-0.40838,2.45345,-0.05441
-9.3209,-1.3148,230.582,-0.41903,2.47077,-0.05205
-9.4525,-1.4598,230.825,-0.41479,2.47256,-0.05189
-9.6259,-1.4581,230.925,-0.41212,2.47914,-0.04809
-9.5908,-1.5262,230.918,-0.40834,2.47601,-0.05305
-9.4437,-1.5594,231.103,-0.40814,2.47299,-0.05696
-9.3044,-1.6402,231.036,-0.41502,2.4716,-0.05385
-9.1994,-1.4516,230.974,-0.40767,2.46842,-0.05207
-9.0561,-1.5539,231.432,-0.39907,2.45,-0.05551
-9.2355,-0.9988,231.161,-0.38177,2.46932,-0.05964
-9.1578,-0.8311,231.269,-0.36379,2.46742,-0.06117
-9.0321,-0.9438,231.579,-0.35797,2.45838,-0.06638
-9.0013,-0.9356,231.463,-0.3615,2.46104,-0.06494
-8.9477,-1.0877,231.491,-0.37256,2.45951,-0.0661
-8.994,-1.0837,231.371,-0.37192,2.46484,-0.066
-8.8045,-1.2158,231.512,-0.37634,2.44962,-0.06591
-8.7604,-1.159,231.211,-0.38607,2.45078,-0.06013
-8.7523,-1.2053,231.08,-0.39731,2.44837,-0.05567
-8.6247,-1.466,230.948,-0.4092,2.44374,-0.05393
-8.5729,-1.4551,230.902,-0.4109,2.43951,-0.05433
-8.519,-1.4717,230.684,-0.41702,2.44368,-0.0514
-8.4576,-1.4743,230.748,-0.41891,2.44706,-0.05148
-8.3632,-1.5293,230.533,-0.42904,2.4376,-0.05256
-8.2108,-1.5604,230.394,-0.42851,2.43049,-0.05456
-8.0193,-1.7153,230.592,-0.43474,2.41758,-0.05863
-8.0898,-1.5199,230.445,-0.42809,2.43017,-0.05827
-8.2646,-1.4562,230.309,-0.43317,2.43688,-0.05589
-8.3092,-1.5372,230.408,-0.43832,2.44271,-0.05655
-8.342,-1.5914,230.443,-0.44295,2.43588,-0.0576
-8.4024,-1.7007,230.418,-0.45767,2.43967,-0.05743
-8.382,-1.6927,230.397,-0.4482,2.43451,-0.06186
-8.358,-1.6873,230.473,-0.44594,2.43224,-0.06314
-8.4092,-1.6171,230.38,-0.44457,2.43391,-0.06085
-8.437,-1.6321,230.343,-0.44531,2.43201,-0.06246
-8.4273,-1.8329,230.44,-0.45527,2.42898,-0.06247
-8.5293,-1.6664,230.455,-0.44715,2.43377,-0.06286
-8.6142,-1.5542,230.315,-0.44839,2.43999,-0.06202
-8.5766,-1.6171,230.498,-0.44556,2.43455,-0.06369
-8.6086,-1.732,230.717,-0.44945,2.4337,-0.06439
-8.664,-1.7416,230.603,-0.45982,2.44256,-0.0591
-8.5016,-1.6447,230.733,-0.44882,2.43924,-0.06185
-8.3119,-1.6375,230.79,-0.44484,2.43651,-0.06409
-8.1779,-1.4245,231.019,-0.43089,2.432,-0.06848
-8.185,-1.3826,231.326,-0.42413,2.4376,-0.07127
-8.2294,-1.4046,231.249,-0.42662,2.4325,-0.07186
-8.2655,-1.2681,231.154,-0.42173,2.43599,-0.07288
-8.3522,-1.2041,231.145,-0.41884,2.43541,-0.0724
-8.3087,-1.2295,231.118,-0.42384,2.44267,-0.0737
-8.2725,-1.1894,231.21,-0.41826,2.44225,-0.08003
-8.2626,-1.2711,231.047,-0.4216,2.43928,-0.08584
-8.1349,-1.2863,231.07,-0.41808,2.42955,-0.08739
-7.9144,-1.6152,231.061,-0.43333,2.42247,-0.07708
-7.6956,-1.7225,231.039,-0.44708,2.4192,-0.0692
-7.6992,-1.8386,230.774,-0.45968,2.41714,-0.06469
-8.0285,-1.4934,230.451,-0.44662,2.43178,-0.06622
-8.1561,-1.4478,230.583,-0.4415,2.43473,-0.07379
-8.25,-1.3536,230.503,-0.43514,2.44201,-0.08109
-8.0698,-1.2315,230.755,-0.41962,2.43597,-0.09232
-8.1354,-1.3638,230.782,-0.42459,2.43202,-0.09434
-8.2205,-1.0993,230.527,-0.41318,2.44029,-0.09057
-8.3627,-1.1119,230.782,-0.40216,2.43714,-0.08668
-8.4266,-1.2357,230.991,-0.4021,2.43877,-0.08263
-8.3985,-1.3446,230.87,-0.40755,2.44643,-0.08033
-8.2887,-1.5481,230.852,-0.41593,2.43874,-0.08595
-8.43,-1.4503,230.735,-0.39892,2.44239,-0.09075
-8.6131,-1.4424,230.855,-0.39311,2.44539,-0.09177
-8.8021,-1.2819,230.825,-0.37714,2.45764,-0.09329
-8.8606,-1.36,230.952,-0.37112,2.4616,-0.09747
-8.8209,-1.5961,231.154,-0.3787,2.45353,-0.09992
-8.9687,-1.5235,230.985,-0.366,2.45777,-0.09921
-9.0716,-1.4934,230.797,-0.3573,2.45806,-0.10192
-9.2891,-1.7369,230.639,-0.37164,2.45535,-0.10136
-9.5562,-1.3736,230.556,-0.34536,2.46342,-0.10135
-9.701,-1.4781,230.639,-0.34922,2.45707,-0.10465
-9.6607,-1.3382,230.733,-0.32934,2.45168,-0.10651
-9.5529,-1.2973,230.684,-0.32041,2.45232,-0.1153
-9.6433,-1.4453,230.634,-0.3167,2.44933,-0.12183
-9.8272,-1.6314,230.426,-0.31643,2.44726,-0.12387
-9.9158,-1.3265,227.238,-0.31947,2.48113,-0.12116
-1.0251,5.7922,170.409,-0.44832,2.61391,-0.07891
-8.2708,4.0068,195.473,-0.30253,2.62026,-0.03467
-12.8634,3.0234,196.24,-0.33771,2.79303,0.02348
-14.9374,3.4368,187.963,-0.35521,2.92665,0.0471
-15.9399,2.6283,182.094,-0.38143,3.0274,0.01583
-10.7554,3.0779,165.557,-0.38045,2.99564,-0.00436
-4.3607,1.1255,149.178,-0.46373,2.96956,-0.00506
2.1207,-2.554,134.685,-0.56004,2.90459,0.01104
5.9632,-4.407,119.501,-0.50781,2.9315,0.03865
7.8563,-2.8879,110.194,-0.16402,2.90954,0.07047
3.465,-3.9048,105.648,0.10396,3.06866,0.08339
-1.9543,-8.5882,94.0261,0.09942,3.34807,0.1252
-1.8178,-12.2434,80.7954,-0.02682,3.47096,0.22305
6.6582,-13.8091,51.6068,0.05647,3.45815,0.31902
10.3696,-16.8293,17.2564,0.26291,3.5868,0.38301
11.5508,-18.6135,-15.4395,-0.02655,3.76887,0.46783
8.5666,-6.7824,-32.3539,-1.03597,3.87563,0.54829
-6.5512,4.3532,-8.3481,-1.38876,3.88909,0.52596
-7.6488,3.2688,9.7459,-1.27419,3.74075,0.4472
-9.0426,0.2109,35.0108,-1.07555,3.56337,0.32178
-12.3286,-5.995,72.5266,-0.83067,3.40223,0.14582
-16.5258,-18.0077,149.935,-0.84684,3.06563,-0.05089
-14.6203,-11.6761,206.557,-0.58366,2.73928,-0.03599
-14.4631,-8.1323,224.011,-0.43092,2.66863,-0.02653
-14.4891,-6.2178,228.747,-0.32632,2.66086,-0.01779
-13.9286,-3.9066,230.868,-0.25309,2.67618,-0.02365
-12.7533,-3.4502,229.021,-0.34455,2.63716,-0.01234
-10.91,-4.6093,227.162,-0.50864,2.56648,0.01731
-9.6179,-6.0011,227.033,-0.63453,2.56189,0.04213
-10.3494,-6.4674,226.517,-0.69986,2.56939,0.02739
-10.6738,-7.1094,226.304,-0.6933,2.5679,-0.02084
-11.26,-6.6948,226.39,-0.66474,2.57456,-0.03024
-11.626,-6.1998,226.41,-0.63993,2.57892,-0.02534
-11.7395,-5.5423,226.501,-0.61226,2.57582,-0.02045
-11.7405,-5.1853,226.352,-0.59627,2.57389,-0.01847
-11.5756,-4.9547,226.374,-0.57636,2.57214,-0.02377
-11.6604,-4.8684,226.192,-0.56814,2.57333,-0.03118
-11.8862,-4.8981,226.283,-0.56992,2.57304,-0.03272
-12.1707,-4.6465,226.555,-0.55924,2.56678,-0.02996
-12.3623,-4.5193,226.689,-0.55345,2.5702,-0.0294
-12.404,-4.476,226.858,-0.5502,2.56908,-0.03104
-12.4417,-4.6442,226.92,-0.57085,2.57654,-0.02817
-12.6062,-4.3376,227.279,-0.56577,2.59195,-0.0316
-12.512,-4.2695,227.492,-0.55702,2.58913,-0.03406
-12.2961,-4.2148,227.363,-0.54938,2.57933,-0.0378
-12.2512,-3.821,227.078,-0.53189,2.58314,-0.04143
-11.9388,-3.8041,227.181,-0.52872,2.56969,-0.04491
-11.7515,-3.7875,227.323,-0.52852,2.56555,-0.04664
-11.7509,-3.5652,227.396,-0.52068,2.56819,-0.04451
-11.7372,-3.2844,227.516,-0.50491,2.56918,-0.04783
-11.8289,-3.001,227.582,-0.49526,2.56733,-0.05315
-11.7132,-2.7104,227.525,-0.47729,2.55004,-0.06335
-11.6868,-2.5536,227.846,-0.46819,2.54227,-0.07071
-11.6709,-2.4955,227.831,-0.47587,2.54939,-0.07355
-11.7305,-2.455,227.899,-0.4812,2.55663,-0.07399
-11.6916,-2.6084,228.062,-0.49164,2.55747,-0.07551
-11.6842,-2.745,228.156,-0.49758,2.5586,-0.07781
-11.6892,-2.8953,228.347,-0.50474,2.56058,-0.07814
-11.7709,-2.9016,228.338,-0.50491,2.56617,-0.07487
-11.7386,-3.0909,228.48,-0.51884,2.56329,-0.0685
-11.7247,-3.2053,228.526,-0.52736,2.57061,-0.0635
-11.7247,-3.3064,228.708,-0.53424,2.57821,-0.06178
-11.5891,-3.4657,228.867,-0.54717,2.58056,-0.05993
-11.3107,-3.6979,229.105,-0.54799,2.56926,-0.06317
-11.2469,-3.8093,228.992,-0.56117,2.56901,-0.0596
-11.1634,-3.8291,228.959,-0.56272,2.56969,-0.05744
-11.2093,-3.8286,229.029,-0.57276,2.57418,-0.05494
-11.1635,-3.6728,229.112,-0.56214,2.57872,-0.05592
-11.1662,-3.5792,229.053,-0.55986,2.58077,-0.0572
-11.1682,-3.6505,229.089,-0.56973,2.58565,-0.05516
-11.1748,-3.5867,229.269,-0.56756,2.58658,-0.05441
-11.1622,-3.6104,229.243,-0.56765,2.58596,-0.0513
-11.1606,-3.6097,229.217,-0.57018,2.59101,-0.05003
-11.1902,-3.4741,229.127,-0.56646,2.59562,-0.04974
-11.1547,-3.4332,229.306,-0.56454,2.59467,-0.052
-11.1747,-3.2698,229.189,-0.54775,2.59647,-0.05427
-11.0943,-3.432,229.477,-0.55902,2.58887,-0.05606
-11.1634,-3.3246,229.262,-0.55779,2.5918,-0.05395
-11.1855,-3.251,229.233,-0.55959,2.59241,-0.05318
-11.1835,-3.2844,229.323,-0.55976,2.5896,-0.05373
-11.1783,-3.3592,229.308,-0.55814,2.5884,-0.05442
-11.2575,-3.2039,229.133,-0.55537,2.59403,-0.05219
-11.2232,-3.2834,229.223,-0.56131,2.59209,-0.05199
-11.2466,-3.2489,229.291,-0.55902,2.5918,-0.05247
-11.2833,-3.1267,229.193,-0.55169,2.59558,-0.05211
-11.2745,-2.983,229.231,-0.54056,2.5936,-0.05496
-11.298,-2.9491,229.195,-0.54013,2.59497,-0.05716
-11.206,-2.999,229.186,-0.53976,2.58172,-0.05957
-11.3043,-2.8729,229.083,-0.53687,2.58486,-0.06004
-11.3179,-2.8383,228.937,-0.53751,2.58235,-0.05732
-11.368,-2.7766,228.847,-0.54357,2.58441,-0.05552
-11.3687,-2.8197,228.942,-0.54036,2.5838,-0.05383
-11.421,-2.7715,228.874,-0.54023,2.5847,-0.05148
-11.4304,-2.8614,228.978,-0.54186,2.58343,-0.05033
-11.5076,-2.8316,228.823,-0.5437,2.58724,-0.05277
-11.4991,-2.8819,229.081,-0.54034,2.58491,-0.05458
-11.523,-2.9213,229.079,-0.54867,2.58959,-0.05589
-11.4294,-2.9173,229.162,-0.54526,2.58226,-0.05983
-11.4752,-2.8248,229.02,-0.53973,2.58399,-0.06138
-11.4322,-2.6896,229.021,-0.53757,2.5783,-0.06278
-11.2993,-2.7272,229.021,-0.53376,2.57056,-0.0645
-11.2212,-2.6967,228.941,-0.53233,2.56317,-0.06429
-11.2248,-2.6046,229.032,-0.52692,2.56358,-0.06599
-11.298,-2.4394,228.844,-0.52635,2.5727,-0.06541
-11.3452,-2.434,228.761,-0.53842,2.57072,-0.06399
-11.2867,-2.5246,228.874,-0.53221,2.57087,-0.06667
-11.1545,-2.698,228.997,-0.5373,2.56172,-0.06744
-11.218,-2.4055,228.951,-0.52673,2.56235,-0.06742
-11.1461,-2.4231,228.843,-0.52526,2.55925,-0.06642
-11.0454,-2.471,228.935,-0.52755,2.55012,-0.06531
-10.9823,-2.5185,228.794,-0.53415,2.55328,-0.06272
-10.8754,-2.476,228.845,-0.53458,2.54556,-0.0623
-10.8726,-2.4381,228.708,-0.53247,2.55065,-0.06204
-10.8126,-2.422,228.883,-0.52888,2.5429,-0.06331
-10.791,-2.3677,228.892,-0.52657,2.53813,-0.0647
-10.8106,-2.3586,228.714,-0.52835,2.54476,-0.06184
-10.789,-2.335,228.671,-0.52778,2.54495,-0.06096
-10.7467,-2.3085,228.699,-0.52799,2.54605,-0.06047
-10.6747,-2.4291,228.699,-0.53703,2.54489,-0.05968
-10.6672,-2.4357,228.704,-0.53329,2.54387,-0.05915
-10.6961,-2.2825,228.605,-0.52962,2.5425,-0.06037
-10.5408,-2.387,228.683,-0.52814,2.53809,-0.06031
-10.6215,-2.3818,228.638,-0.53682,2.54235,-0.05962
-10.6082,-2.5525,228.671,-0.5432,2.53925,-0.05706
-10.6746,-2.5278,228.663,-0.54767,2.54634,-0.05542
-10.7157,-2.4148,228.615,-0.53673,2.54906,-0.05639
-10.6976,-2.5066,228.658,-0.54124,2.54927,-0.05581
-10.6318,-2.6237,228.701,-0.54432,2.53895,-0.05653
-10.6932,-2.5065,228.658,-0.54068,2.54385,-0.05714
-10.6599,-2.5592,228.784,-0.54082,2.53828,-0.05722
-10.6967,-2.4895,228.615,-0.54031,2.54805,-0.05546
-10.734,-2.4783,228.46,-0.54392,2.54666,-0.05444
-10.6996,-2.5303,228.645,-0.54416,2.54225,-0.05453
-10.6849,-2.4306,228.547,-0.53997,2.54693,-0.05321
-10.6416,-2.3664,228.514,-0.53552,2.53944,-0.05384
-10.6745,-2.3433,228.512,-0.53468,2.54353,-0.05425
-10.6507,-2.3306,228.607,-0.53376,2.54356,-0.05405
-10.654,-2.2074,228.632,-0.52691,2.54893,-0.05582
-10.6259,-2.3334,228.598,-0.53684,2.53872,-0.05662
-10.6128,-2.2686,228.627,-0.53115,2.539,-0.05761
-10.5847,-2.2531,228.693,-0.53212,2.53453,-0.059
-10.5592,-2.2893,228.653,-0.53326,2.5389,-0.05718
-10.5452,-2.2476,228.779,-0.53245,2.53577,-0.057
-10.4798,-2.2778,228.796,-0.53691,2.53333,-0.05735
-10.4807,-2.2061,228.779,-0.53265,2.53088,-0.05683
-10.5486,-2.1509,228.682,-0.53206,2.53889,-0.05586
-10.4099,-2.2097,228.809,-0.52972,2.53009,-0.05817
-10.3952,-2.2335,228.753,-0.53389,2.53103,-0.05708
-10.4277,-2.0523,228.765,-0.52651,2.53241,-0.05645
-10.4022,-2.1036,228.679,-0.52844,2.52821,-0.05582
-10.2932,-2.3558,228.713,-0.53968,2.52763,-0.05429
-10.365,-2.1061,228.596,-0.53481,2.535,-0.05444
-10.3884,-2.0034,228.663,-0.52582,2.53557,-0.05543
-10.3815,-2.0622,228.557,-0.5283,2.5314,-0.05376
-10.366,-2.0035,228.68,-0.52534,2.53411,-0.05599
-10.3921,-1.988,228.622,-0.52051,2.53682,-0.0559
-10.32,-2.0436,228.619,-0.5201,2.53231,-0.05587
-10.3766,-2.0289,228.572,-0.5237,2.53396,-0.05389
-10.3599,-2.1375,228.733,-0.5246,2.53295,-0.05413
-10.3598,-2.1458,228.733,-0.52702,2.53723,-0.05523
-10.3771,-2.2713,228.731,-0.53222,2.53613,-0.0553
-10.4411,-2.1703,228.788,-0.52829,2.54032,-0.05638
-10.4522,-2.1534,228.648,-0.53058,2.54605,-0.05503
-10.4356,-2.1768,228.771,-0.53117,2.53966,-0.05549
-10.4629,-2.2299,228.704,-0.53359,2.54565,-0.05404
-10.3816,-2.2553,228.929,-0.52749,2.52857,-0.05819
-10.4551,-2.1922,228.739,-0.5325,2.54078,-0.05565
-10.5075,-2.0983,228.859,-0.52534,2.54073,-0.05443
-10.4232,-2.3684,228.973,-0.53389,2.53425,-0.05443
-10.5143,-2.1952,228.81,-0.52969,2.54601,-0.0545
-10.531,-2.1139,228.836,-0.5214,2.54555,-0.05693
-10.5191,-2.1177,228.976,-0.51933,2.54184,-0.05869
-10.5913,-2.2317,228.905,-0.52889,2.54667,-0.05619
-10.5381,-2.2625,228.865,-0.52822,2.54592,-0.05583
-10.5244,-2.2205,228.946,-0.52435,2.54136,-0.0575
-10.5907,-2.0639,228.841,-0.52141,2.54649,-0.0571
-10.5384,-2.2162,228.871,-0.52589,2.5413,-0.05662
-10.5931,-2.2298,228.961,-0.52857,2.53686,-0.05658
-10.5402,-2.4182,228.878,-0.53638,2.53501,-0.05506
-10.634,-2.2423,228.965,-0.5266,2.54535,-0.05548
-10.5828,-2.3968,228.97,-0.53212,2.53963,-0.05499
-10.6282,-2.2979,228.898,-0.52706,2.53959,-0.05625
-10.6796,-2.1946,228.88,-0.52474,2.54713,-0.05674
-10.7113,-2.1969,228.732,-0.52458,2.55037,-0.05541
-10.7316,-2.2246,228.798,-0.52661,2.54784,-0.05499
-10.6495,-2.2967,228.811,-0.52532,2.54487,-0.05589
-10.672,-2.3321,228.894,-0.52728,2.54033,-0.05568
-10.7049,-2.2164,228.782,-0.52261,2.54228,-0.05623
-10.6847,-2.2951,228.935,-0.52335,2.54407,-0.0543
-10.5406,-2.4338,228.883,-0.52533,2.53166,-0.05545
-10.6328,-2.299,228.923,-0.52079,2.53905,-0.05477
-10.6772,-2.279,228.81,-0.5228,2.54481,-0.055
-10.7702,-2.1937,228.694,-0.52677,2.55314,-0.05386
-10.7567,-2.2374,228.869,-0.52013,2.55192,-0.05542
-10.8011,-2.1965,228.758,-0.52171,2.55033,-0.05378
-10.7915,-2.2512,228.674,-0.52216,2.55226,-0.05319
-10.8021,-2.3347,228.746,-0.52345,2.55131,-0.05292
-10.8116,-2.3074,228.787,-0.52115,2.55343,-0.05406
-10.8281,-2.2558,228.812,-0.51853,2.55287,-0.05512
-10.8458,-2.2254,228.818,-0.52009,2.54989,-0.05512
-10.8026,-2.3967,228.89,-0.52529,2.54328,-0.05646
-10.8694,-2.1961,228.654,-0.52106,2.55248,-0.05467
-10.8153,-2.3219,228.873,-0.5233,2.54774,-0.05581
-10.9078,-2.1785,228.714,-0.52001,2.55284,-0.05482
-10.8521,-2.3765,228.845,-0.52563,2.54578,-0.05498
-10.8735,-2.2847,228.724,-0.52549,2.54822,-0.05373
-10.8139,-2.3159,228.711,-0.52336,2.54551,-0.05487
-10.8996,-2.2519,228.637,-0.52701,2.55282,-0.05293
-10.8815,-2.333,228.717,-0.52637,2.54794,-0.05518
-10.8543,-2.3779,228.686,-0.53058,2.54648,-0.05347
-10.885,-2.2549,228.595,-0.52498,2.54888,-0.05372
-10.8731,-2.1796,228.673,-0.51994,2.54441,-0.05538
-10.8498,-2.2248,228.775,-0.52194,2.54337,-0.05564
-10.8184,-2.3398,228.727,-0.52394,2.54737,-0.0558
-10.8875,-2.1888,228.736,-0.52473,2.54919,-0.05469
-10.8076,-2.2584,228.685,-0.52574,2.54392,-0.05439
-10.8673,-2.1643,228.732,-0.5236,2.54821,-0.05496
-10.8264,-2.1857,228.765,-0.51991,2.54756,-0.05612
-10.8621,-2.2162,228.759,-0.52176,2.54625,-0.05639
-10.8664,-2.199,228.861,-0.52069,2.54282,-0.0575
-10.8428,-2.2007,228.892,-0.51454,2.54128,-0.05891
-10.8749,-2.2884,228.885,-0.52289,2.54953,-0.05814
-10.8506,-2.2425,228.994,-0.5199,2.54585,-0.05985
-10.9551,-2.196,228.871,-0.52,2.54965,-0.05897
-11.0019,-2.1214,228.917,-0.5181,2.55285,-0.05786
-10.8543,-2.1261,229.182,-0.50649,2.54027,-0.06237
-10.8948,-2.1288,229.168,-0.51592,2.54151,-0.06243
-10.9131,-2.1259,229.068,-0.51508,2.54333,-0.06111
-10.903,-2.0736,229.075,-0.51419,2.54893,-0.05996
-10.9078,-2.0338,228.897,-0.51716,2.55154,-0.05905
-10.8307,-2.1396,229.043,-0.51545,2.54311,-0.05934
-10.8493,-2.1991,229.076,-0.51503,2.54657,-0.05837
-10.9373,-2.0506,228.902,-0.51226,2.55381,-0.05795
-10.8902,-2.0767,228.899,-0.50974,2.5512,-0.05931
-10.857,-2.2133,229.007,-0.51623,2.54704,-0.05873
-10.9397,-2.0783,229.057,-0.50917,2.55568,-0.05957
-10.9844,-2.1138,228.948,-0.51765,2.56108,-0.05828
-10.9215,-2.2248,229.05,-0.51871,2.54774,-0.05956
-10.906,-2.1741,229.092,-0.51536,2.54949,-0.05905
-10.9474,-2.037,229.071,-0.50835,2.5538,-0.06088
-10.9626,-2.1282,228.945,-0.51573,2.5547,-0.05946
-10.9085,-2.1877,229.137,-0.51118,2.55154,-0.06077
-10.9729,-2.119,228.929,-0.52047,2.55556,-0.05808
-10.9097,-2.1378,229.207,-0.50775,2.54884,-0.0621
-10.9259,-2.2431,229.086,-0.52095,2.55277,-0.05862
-10.9629,-2.1225,228.991,-0.51713,2.55583,-0.05731
-10.9268,-2.1997,229.216,-0.51761,2.55229,-0.05908
-10.956,-2.1639,229.019,-0.52147,2.55237,-0.05736
-10.9078,-2.2081,229.013,-0.51347,2.55429,-0.05811
-10.9725,-2.1455,229.013,-0.51518,2.55676,-0.05668
-10.9089,-2.2477,229.092,-0.51997,2.54861,-0.05771
-10.9554,-2.1807,229.076,-0.51717,2.5536,-0.05667
-10.9325,-2.2213,229.123,-0.51665,2.55022,-0.05797
-10.9351,-2.2417,229.112,-0.51646,2.55124,-0.05662
-10.9417,-2.2095,229.049,-0.51632,2.5558,-0.0575
-10.8952,-2.317,229.029,-0.51973,2.5487,-0.0567
-10.9379,-2.1921,229.01,-0.5147,2.55141,-0.05769
-10.9655,-2.089,228.99,-0.50814,2.54826,-0.05964
-10.8869,-2.2458,229.008,-0.51676,2.54911,-0.058
-10.9343,-2.3307,229.106,-0.52491,2.5487,-0.05779
-10.8262,-2.3612,229.1,-0.51592,2.54331,-0.06106
-10.8708,-2.3091,229.022,-0.51902,2.54573,-0.05861
-10.894,-2.3307,229.057,-0.52002,2.54439,-0.05967
-10.9008,-2.2552,228.849,-0.51841,2.54535,-0.0572
-10.8953,-2.3795,228.972,-0.52739,2.54606,-0.05656
-10.9286,-2.3292,228.996,-0.52719,2.54529,-0.05766
-10.918,-2.3578,229.019,-0.52691,2.54513,-0.05822
-10.9126,-2.3137,229.019,-0.52478,2.54163,-0.05865
-10.8559,-2.3322,229.21,-0.52148,2.53995,-0.0602
-10.9351,-2.2532,229.004,-0.51736,2.54474,-0.05931
-10.8873,-2.3599,229.069,-0.52235,2.54196,-0.05949
-10.9732,-2.1553,229.027,-0.51558,2.55142,-0.0584
-10.9019,-2.2952,228.996,-0.52258,2.54731,-0.0586
-10.997,-2.2504,229.089,-0.52262,2.55323,-0.05817
-10.9462,-2.304,229.002,-0.52155,2.54883,-0.05812
-10.9702,-2.3337,228.924,-0.52618,2.55369,-0.05712
-10.9973,-2.278,228.982,-0.52456,2.55044,-0.05799
-10.9215,-2.4354,229.022,-0.53001,2.54348,-0.05739
-10.9013,-2.3932,228.983,-0.52563,2.54076,-0.05861
-10.9538,-2.3182,228.985,-0.52521,2.53908,-0.05877
-10.9565,-2.2331,228.753,-0.51869,2.54801,-0.05817
-10.9473,-2.3157,228.902,-0.52218,2.54026,-0.05979
-10.9704,-2.3806,228.874,-0.52847,2.54244,-0.05879
-10.9607,-2.391,228.908,-0.52273,2.54244,-0.05953
-10.953,-2.4496,228.923,-0.52692,2.54501,-0.05791
-10.9658,-2.539,228.971,-0.53299,2.54272,-0.05857
-10.9611,-2.4773,228.965,-0.52928,2.54603,-0.05849
-10.9586,-2.3707,228.998,-0.52324,2.54393,-0.0591
-10.9288,-2.5341,228.996,-0.53346,2.54132,-0.05786
-10.9121,-2.501,229.067,-0.53361,2.54282,-0.05863
-10.9425,-2.3734,228.974,-0.5253,2.54486,-0.05867
-11.0222,-2.3455,228.803,-0.53007,2.54892,-0.05713
-10.9126,-2.4859,228.919,-0.53276,2.54292,-0.05832
-10.9975,-2.4367,228.825,-0.53357,2.55113,-0.05546
-10.9461,-2.5623,229.007,-0.53567,2.53836,-0.05765
-10.9399,-2.4846,228.944,-0.53315,2.54105,-0.05797
-10.9242,-2.5903,228.91,-0.5392,2.54173,-0.05602
-10.9044,-2.5653,229.031,-0.52974,2.53689,-0.0581
-10.9545,-2.4472,228.925,-0.52667,2.54498,-0.05808
-11.0322,-2.4743,228.947,-0.53864,2.5523,-0.05778
-10.9581,-2.5109,228.894,-0.53196,2.54618,-0.05718
-11.0491,-2.4328,228.722,-0.53557,2.5551,-0.05578
-11.038,-2.5652,228.975,-0.53946,2.54815,-0.05686
-10.9945,-2.4335,228.956,-0.53246,2.54712,-0.05669
-10.9961,-2.4718,228.847,-0.53431,2.54594,-0.05647
-10.9488,-2.5641,229.038,-0.53333,2.54062,-0.05814
-10.9859,-2.4406,228.912,-0.52331,2.54476,-0.0589
-10.9924,-2.4127,228.962,-0.52404,2.54662,-0.0583
-10.9985,-2.5091,229.001,-0.52897,2.54417,-0.05927
-11.0485,-2.4219,228.944,-0.52743,2.54722,-0.05922
-11.0639,-2.4381,228.743,-0.52989,2.55669,-0.0574
-11.0309,-2.5581,228.965,-0.53314,2.54712,-0.05843
-11.0898,-2.5229,228.924,-0.53228,2.54879,-0.05775
-11.0746,-2.5115,228.974,-0.53156,2.54499,-0.05878
-11.1194,-2.4513,228.753,-0.52896,2.54941,-0.05818
-11.0537,-2.5023,228.95,-0.53065,2.54667,-0.0597
-11.0524,-2.382,228.941,-0.52254,2.55081,-0.0599
-11.0401,-2.4351,228.911,-0.53004,2.54725,-0.05969
-11.1134,-2.3811,228.856,-0.52678,2.55277,-0.05857
-11.114,-2.5057,229.108,-0.53221,2.54734,-0.05989
-11.0849,-2.4506,229.007,-0.52906,2.55239,-0.05795
-11.0311,-2.5814,229.009,-0.53526,2.54975,-0.05814
-11.1634,-2.3837,228.932,-0.52601,2.55485,-0.05808
-11.1646,-2.4902,229.065,-0.53092,2.55237,-0.05951
-11.1487,-2.4756,229.077,-0.5233,2.5489,-0.05974
-11.151,-2.5871,229.132,-0.53129,2.55039,-0.06087
-11.2904,-2.4156,228.972,-0.52786,2.5585,-0.05816
-11.2267,-2.4677,229.14,-0.52406,2.55773,-0.06032
-11.2571,-2.5977,229.154,-0.53275,2.55742,-0.06044
-11.2689,-2.504,229.001,-0.52793,2.56128,-0.06054
-11.2859,-2.5586,229.049,-0.52962,2.5569,-0.05901
-11.3166,-2.5038,229.028,-0.52835,2.56269,-0.05889
-11.2237,-2.655,229.215,-0.53082,2.55521,-0.06083
-11.3433,-2.4495,228.958,-0.52389,2.56416,-0.05871
-11.2973,-2.5792,229.255,-0.52631,2.55415,-0.06116
-11.2876,-2.616,229.294,-0.53061,2.55533,-0.06048
-11.2588,-2.6673,229.265,-0.53387,2.55587,-0.059
-11.2992,-2.7203,229.06,-0.54206,2.55917,-0.0567
-11.2973,-2.6118,229.115,-0.53514,2.56148,-0.05813
-11.2613,-2.6962,229.03,-0.54153,2.55872,-0.05617
-11.2393,-2.6904,229.278,-0.53695,2.55881,-0.05871
-11.2729,-2.5561,229.197,-0.53086,2.55834,-0.05865
-11.294,-2.5822,229.163,-0.53518,2.55971,-0.05923
-11.28,-2.6581,229.209,-0.53637,2.55872,-0.06029
-11.3576,-2.4357,229.222,-0.52119,2.56631,-0.06052
-11.2429,-2.6186,229.139,-0.53272,2.55533,-0.0603
-11.2576,-2.7076,229.307,-0.53724,2.5533,-0.06067
-11.3248,-2.6329,229.262,-0.53841,2.5571,-0.06024
-11.3248,-2.6329,229.262,-0.53841,2.5571,-0.06024
-11.3248,-2.6329,229.262,-0.53841,2.5571,-0.06024
-11.3248,-2.6329,229.262,-0.53841,2.5571,-0.06024
-11.3248,-2.6329,229.262,-0.53841,2.5571,-0.06024
-11.3468,-2.5657,229.299,-0.52547,2.55947,-0.06202
-11.2994,-2.5706,229.272,-0.52351,2.55383,-0.06404
-11.353,-2.5344,229.153,-0.5292,2.56051,-0.06222
-11.4336,-2.3898,229.109,-0.52361,2.56428,-0.06241
-11.3732,-2.4383,229.086,-0.52434,2.56245,-0.06226
-11.3541,-2.3961,229.166,-0.51608,2.56333,-0.06342
-11.3287,-2.4979,229.297,-0.5199,2.55789,-0.06472
-11.3934,-2.4477,229.221,-0.52147,2.5634,-0.062
-11.4223,-2.4169,229.178,-0.52094,2.56668,-0.0633
-11.4133,-2.4485,229.191,-0.52526,2.56751,-0.06285
-11.3399,-2.4912,229.21,-0.52312,2.5612,-0.0648
-11.3745,-2.521,229.23,-0.52608,2.56228,-0.06469
-11.4352,-2.4288,229.09,-0.52086,2.56789,-0.0627
-11.4213,-2.3719,229.128,-0.519,2.56523,-0.0634
-11.4148,-2.3778,229.205,-0.51792,2.56289,-0.06405
-11.4846,-2.3394,229.135,-0.51674,2.56889,-0.06356
-11.474,-2.4036,229.118,-0.51923,2.56655,-0.06234
-11.4655,-2.3455,229.121,-0.51555,2.56595,-0.06378
-11.521,-2.3686,229.063,-0.51893,2.56946,-0.06337
-11.4908,-2.4899,229.196,-0.52189,2.56657,-0.06342
-11.5575,-2.2835,229.256,-0.51155,2.56754,-0.06635
-11.5492,-2.3481,229.198,-0.51293,2.56796,-0.06633
-11.5439,-2.341,229.253,-0.51045,2.56823,-0.06652
-11.5584,-2.4213,229.251,-0.5193,2.57056,-0.06539
-11.5541,-2.5216,229.212,-0.5274,2.56685,-0.06521
-11.5431,-2.4064,229.256,-0.51744,2.5702,-0.06646
-11.5143,-2.4593,229.373,-0.51487,2.56272,-0.06668
-11.5423,-2.3961,229.218,-0.51693,2.56778,-0.06525
-11.6307,-2.2804,229.185,-0.51444,2.57507,-0.0653
-11.6378,-2.2666,229.144,-0.51679,2.57376,-0.06412
-11.5343,-2.5428,229.199,-0.52794,2.56856,-0.06408
-11.4817,-2.4499,229.226,-0.51818,2.56159,-0.06637
-11.5528,-2.4385,229.133,-0.52339,2.56921,-0.06474
-11.5528,-2.3806,229.303,-0.51836,2.56572,-0.0646
-11.4937,-2.3064,229.209,-0.51199,2.56588,-0.06606
-11.5035,-2.3786,229.261,-0.51671,2.56698,-0.064
-11.5332,-2.3972,229.237,-0.5155,2.56367,-0.0633
-11.524,-2.4749,229.307,-0.52165,2.56901,-0.06527
-11.5369,-2.3551,229.064,-0.51261,2.57292,-0.06491
-11.5395,-2.4093,229.323,-0.51991,2.56791,-0.06537
-11.4945,-2.4449,229.258,-0.51811,2.56659,-0.06502
-11.5697,-2.4872,229.169,-0.52446,2.5696,-0.06274
-11.6339,-2.2769,229.171,-0.5163,2.5756,-0.0631
-11.5522,-2.4736,229.225,-0.52319,2.56586,-0.06312
-11.5402,-2.3248,229.316,-0.51261,2.56792,-0.06429
-11.5052,-2.4967,229.348,-0.52035,2.56655,-0.06456
-11.5053,-2.5066,229.347,-0.52394,2.56244,-0.06408
-11.5093,-2.5003,229.339,-0.52397,2.5677,-0.06392
-11.5892,-2.4526,229.364,-0.52498,2.57538,-0.06125
-11.5391,-2.5147,229.373,-0.52706,2.56768,-0.06218
-11.4698,-2.6221,229.457,-0.52687,2.56027,-0.06428
-11.5105,-2.4352,229.362,-0.52062,2.56633,-0.06399
-11.5746,-2.4428,229.297,-0.51672,2.56855,-0.06354
-11.5683,-2.3936,229.339,-0.51565,2.56896,-0.06461
-11.5344,-2.5169,229.268,-0.52115,2.56681,-0.06293
-11.5895,-2.4818,229.232,-0.52223,2.57042,-0.06289
-11.5555,-2.5684,229.262,-0.5278,2.57136,-0.06117
-11.5249,-2.4893,229.383,-0.51998,2.56963,-0.06241
-11.5526,-2.497,229.278,-0.52561,2.5736,-0.05997
-11.5433,-2.4947,229.279,-0.51913,2.57143,-0.06198
-11.5501,-2.4716,229.363,-0.52126,2.56953,-0.06256
-11.606,-2.3639,229.336,-0.51827,2.57767,-0.06254
-11.6383,-2.2974,229.263,-0.51498,2.57257,-0.06318
-11.6633,-2.3133,229.303,-0.51529,2.57723,-0.06286
-11.6521,-2.3086,229.35,-0.51353,2.57242,-0.06336
-11.6549,-2.4133,229.441,-0.51712,2.5729,-0.06429
-11.6745,-2.3548,229.273,-0.51865,2.57218,-0.06382
-11.6957,-2.3332,229.285,-0.51684,2.57183,-0.06272
-11.6472,-2.3441,229.256,-0.51486,2.57081,-0.06277
-11.7189,-2.2175,229.265,-0.51427,2.57933,-0.06278
-11.707,-2.2256,229.163,-0.51289,2.5776,-0.06209
-11.709,-2.2882,229.313,-0.51278,2.57947,-0.06237
-11.6728,-2.2552,229.243,-0.51239,2.57706,-0.06338
-11.5526,-2.3948,229.409,-0.51121,2.56498,-0.06538
-11.5585,-2.4209,229.384,-0.51511,2.56496,-0.06377
-11.6419,-2.2626,229.292,-0.50955,2.57631,-0.06403
-11.6363,-2.4219,229.304,-0.52114,2.57232,-0.06099
-11.6444,-2.3644,229.28,-0.51537,2.57425,-0.06312
-11.6182,-2.3648,229.405,-0.51021,2.57123,-0.06592
-11.671,-2.3418,229.175,-0.51609,2.5788,-0.06176
-11.6278,-2.3439,229.282,-0.51557,2.57452,-0.0627
-11.635,-2.3973,229.286,-0.52074,2.5702,-0.0625
-11.5901,-2.4516,229.365,-0.52076,2.56571,-0.06337
-11.6726,-2.3503,229.258,-0.52148,2.57151,-0.06253
-11.6198,-2.254,229.424,-0.51006,2.56713,-0.06527
-11.5843,-2.3341,229.34,-0.51242,2.56902,-0.06484
-11.66,-2.236,229.379,-0.51415,2.57472,-0.0634
-11.576,-2.4011,229.462,-0.51493,2.56424,-0.06613
-11.5468,-2.388,229.46,-0.5111,2.56925,-0.06621
-11.5815,-2.4264,229.447,-0.51656,2.5682,-0.06651
-11.6243,-2.4152,229.376,-0.51526,2.57214,-0.06578
-11.733,-2.2089,229.266,-0.51244,2.57572,-0.06427
-11.5649,-2.3184,229.387,-0.51295,2.56904,-0.06558
-11.6209,-2.338,229.286,-0.51159,2.57061,-0.06491
-11.633,-2.3769,229.39,-0.51467,2.5704,-0.06604
-11.6494,-2.3773,229.31,-0.51955,2.56853,-0.06476
-11.7263,-2.2596,229.12,-0.51604,2.57971,-0.06223
-11.6749,-2.2484,229.205,-0.51199,2.57666,-0.06428
-11.6353,-2.2896,229.299,-0.5144,2.57513,-0.06459
-11.7184,-2.1213,229.21,-0.50669,2.57877,-0.06479
-11.6793,-2.2504,229.276,-0.51286,2.57528,-0.06425
-11.5795,-2.3173,229.305,-0.51151,2.56783,-0.06537
-11.6118,-2.2256,229.294,-0.50751,2.56615,-0.06579
-11.6538,-2.2454,229.27,-0.51421,2.56855,-0.06435
-11.6143,-2.2233,229.244,-0.51158,2.57002,-0.06484
-11.5714,-2.3485,229.397,-0.51665,2.5674,-0.06525
-11.5669,-2.2621,229.362,-0.50998,2.56983,-0.06637
-11.5774,-2.2378,229.364,-0.50809,2.56872,-0.06637
-11.6173,-2.2707,229.392,-0.51318,2.57103,-0.06577
-11.5532,-2.3596,229.308,-0.51506,2.56544,-0.06588
-11.6451,-2.1987,229.157,-0.51161,2.57499,-0.06528
-11.5482,-2.2986,229.325,-0.51055,2.56582,-0.06765
-11.5755,-2.4269,229.328,-0.51759,2.56791,-0.06496
-11.6035,-2.2367,229.297,-0.5091,2.57162,-0.06669
-11.6217,-2.2151,229.232,-0.50962,2.57081,-0.06788
-11.5906,-2.3136,229.258,-0.51372,2.57054,-0.06652
-11.6423,-2.2325,229.073,-0.51088,2.56842,-0.06409
-11.6217,-2.2733,229.221,-0.50593,2.57152,-0.06652
-11.6751,-2.1671,229.171,-0.50396,2.57789,-0.06686
-11.6279,-2.2019,229.18,-0.50662,2.5752,-0.06628
-11.5722,-2.2965,229.313,-0.51139,2.57036,-0.06625
-11.5646,-2.4275,229.294,-0.5187,2.5683,-0.06559
-11.575,-2.3449,229.301,-0.51266,2.56933,-0.06504
-11.6069,-2.2555,229.216,-0.50779,2.57356,-0.06447
-11.6317,-2.1834,229.193,-0.50717,2.57387,-0.06532
-11.6089,-2.1421,229.064,-0.50638,2.57451,-0.06388
-11.5504,-2.4055,229.279,-0.51875,2.57072,-0.06544
-11.5412,-2.4666,229.298,-0.52111,2.56907,-0.06459
-11.5575,-2.3115,229.152,-0.51173,2.57702,-0.06437
-11.5551,-2.2871,229.253,-0.51024,2.57141,-0.06548
-11.6004,-2.2723,229.255,-0.51123,2.57097,-0.06516
-11.5735,-2.3117,229.275,-0.51054,2.56752,-0.06675
-11.6005,-2.3305,229.293,-0.51306,2.56915,-0.06458
-11.6467,-2.2463,229.227,-0.51287,2.57938,-0.06439
-11.6283,-2.2706,229.198,-0.51015,2.57203,-0.06567
-11.6031,-2.3486,229.241,-0.51503,2.57578,-0.06465
-11.5754,-2.3751,229.302,-0.51274,2.57292,-0.0649
-11.5321,-2.3376,229.4,-0.51017,2.56883,-0.06766
-11.6528,-2.2101,229.176,-0.513,2.5781,-0.06525
-11.6466,-2.2876,229.038,-0.51547,2.57435,-0.06496
-11.6069,-2.222,229.255,-0.5118,2.56932,-0.06713
-11.6218,-2.2599,229.281,-0.51106,2.56597,-0.06764
-11.6983,-2.3229,229.145,-0.52267,2.57652,-0.06381
-11.6502,-2.2047,229.208,-0.50873,2.57005,-0.06622
-11.6497,-2.1968,229.208,-0.51256,2.57002,-0.06634
-11.6434,-2.1881,229.233,-0.51268,2.57408,-0.06677
-11.5862,-2.3341,229.321,-0.51987,2.56671,-0.06663
-11.6224,-2.1532,229.202,-0.51292,2.57393,-0.06872
-11.6243,-2.2353,229.405,-0.51451,2.57118,-0.06923
-11.6013,-2.2549,229.361,-0.51497,2.5706,-0.06858
-11.6538,-2.2407,229.203,-0.51655,2.57417,-0.06598
-11.6995,-2.1827,229.211,-0.51371,2.57991,-0.06614
-11.6546,-2.2992,229.32,-0.51668,2.57214,-0.06853
-11.6867,-2.2651,229.253,-0.51458,2.57478,-0.06865
-11.7771,-2.1624,229.14,-0.51331,2.57978,-0.06745
-11.6341,-2.3331,229.388,-0.51459,2.56453,-0.07033
-11.711,-2.2393,229.319,-0.51563,2.57489,-0.06864
-11.7394,-2.2092,229.276,-0.51019,2.57375,-0.06891
-11.7637,-2.0626,229.175,-0.50382,2.57876,-0.06837
-11.738,-2.1691,229.293,-0.51081,2.57569,-0.06847
-11.7138,-2.1522,229.227,-0.51273,2.57762,-0.06802
-11.7183,-2.1501,229.262,-0.51204,2.57602,-0.0677
-11.7157,-2.1491,229.308,-0.51108,2.57643,-0.06925
-11.7243,-2.1634,229.19,-0.52091,2.57858,-0.06574
-11.6125,-2.1558,229.537,-0.5069,2.56976,-0.07039
-11.7201,-2.1681,229.268,-0.51041,2.57719,-0.06619
-11.6975,-2.2449,229.367,-0.51908,2.57704,-0.06665
-11.7027,-2.1751,229.345,-0.5129,2.57462,-0.06701
-11.6842,-2.196,229.418,-0.51394,2.57586,-0.06751
-11.697,-2.2053,229.278,-0.5184,2.57596,-0.06731
-11.6442,-2.2605,229.459,-0.51711,2.57,-0.0692
-11.6916,-2.102,229.336,-0.51066,2.5751,-0.06791
-11.6713,-2.2423,229.384,-0.51634,2.57396,-0.06783
-11.7261,-2.1056,229.236,-0.51419,2.57902,-0.06587
-11.6677,-2.2354,229.39,-0.51785,2.57631,-0.06707
-11.7087,-2.106,229.379,-0.50897,2.57776,-0.06804
-11.6154,-2.3118,229.469,-0.5165,2.57613,-0.06766
-11.6601,-2.3711,229.394,-0.52709,2.57667,-0.06711
-11.6094,-2.4769,229.549,-0.52543,2.56991,-0.06791
-11.6574,-2.4055,229.473,-0.52638,2.56894,-0.06736
-11.656,-2.3019,229.539,-0.51597,2.57396,-0.06967
-11.6871,-2.1899,229.288,-0.51231,2.58016,-0.0683
-11.6702,-2.2939,229.469,-0.51969,2.57475,-0.06865
-11.643,-2.3291,229.469,-0.52116,2.57244,-0.06849
-11.58,-2.3307,229.432,-0.51712,2.57159,-0.06872
-11.6353,-2.1633,229.401,-0.51141,2.57368,-0.06808
-11.6288,-2.1913,229.361,-0.5112,2.57664,-0.0686
-11.6253,-2.2718,229.439,-0.51588,2.57742,-0.06749
-11.6278,-2.3562,229.417,-0.52012,2.57354,-0.06682
-11.6554,-2.2458,229.482,-0.51507,2.57436,-0.06901
-11.679,-2.2547,229.421,-0.51713,2.57384,-0.06775
-11.659,-2.1989,229.402,-0.51038,2.57308,-0.06903
-11.6958,-2.2468,229.489,-0.51408,2.57557,-0.06939
-11.7444,-2.1071,229.32,-0.51106,2.58036,-0.06745
-11.6285,-2.205,229.51,-0.5108,2.57267,-0.06947
-11.6515,-2.1596,229.432,-0.51097,2.5772,-0.06847
-11.6487,-2.1334,229.41,-0.50849,2.58168,-0.06874
-11.6049,-2.2757,229.414,-0.51278,2.5748,-0.06868
-11.575,-2.2618,229.408,-0.51461,2.57435,-0.06836
-11.5826,-2.3476,229.463,-0.51856,2.5696,-0.0692
-11.6511,-2.3007,229.379,-0.51735,2.5771,-0.06695
-11.6288,-2.2579,229.384,-0.51651,2.57917,-0.06815
-11.7132,-2.0906,229.299,-0.50807,2.58097,-0.06878
-11.7189,-2.1848,229.432,-0.51115,2.58336,-0.06915
-11.6338,-2.2734,229.302,-0.51674,2.57746,-0.06841
-11.6461,-2.2459,229.307,-0.52005,2.57843,-0.06716
-11.6709,-2.1182,229.288,-0.51118,2.57576,-0.06843
-11.6622,-2.255,229.487,-0.51283,2.57756,-0.0684
-11.61,-2.2225,229.365,-0.50804,2.57713,-0.06859
-11.5853,-2.2629,229.333,-0.51232,2.57739,-0.0686
-11.653,-2.3137,229.36,-0.51907,2.57876,-0.06632
-11.5974,-2.3612,229.417,-0.51966,2.57479,-0.06629
-11.6439,-2.2414,229.401,-0.51341,2.57785,-0.06894
-11.631,-2.2982,229.494,-0.51708,2.57328,-0.06995
-11.6549,-2.1677,229.358,-0.50806,2.57929,-0.07039
-11.6793,-2.158,229.326,-0.5091,2.58419,-0.06846
-11.576,-2.3115,229.574,-0.5124,2.57439,-0.07022
-11.5606,-2.3188,229.563,-0.51272,2.56965,-0.06981
-11.6386,-2.2754,229.485,-0.51467,2.57566,-0.06798
-11.6481,-2.2465,229.455,-0.51956,2.57724,-0.0664
-11.5641,-2.2672,229.443,-0.51394,2.57123,-0.06849
-11.5289,-2.2338,229.342,-0.5168,2.57922,-0.06771
-11.5032,-2.2549,229.294,-0.51761,2.57592,-0.06753
-11.5268,-2.2747,229.315,-0.52095,2.57526,-0.06719
-11.5351,-2.2689,229.262,-0.5225,2.5752,-0.06674
-11.5188,-2.2872,229.32,-0.51929,2.57063,-0.066
-11.4726,-2.3601,229.407,-0.51956,2.57079,-0.06734
-11.4725,-2.3181,229.44,-0.51589,2.57144,-0.06637
-11.4267,-2.3531,229.462,-0.51598,2.56722,-0.06698
-11.4704,-2.2418,229.289,-0.51252,2.56838,-0.06686
-11.4217,-2.3837,229.37,-0.51704,2.5608,-0.06774
-11.4114,-2.3375,229.398,-0.51088,2.56632,-0.06836
-11.4813,-2.2725,229.315,-0.51481,2.56864,-0.0665
-11.5116,-2.2551,229.309,-0.51669,2.57267,-0.06716
-11.5426,-2.3275,229.224,-0.52303,2.57753,-0.06444
-11.5079,-2.4114,229.328,-0.52628,2.57229,-0.06657
-11.4803,-2.3519,229.438,-0.52152,2.56961,-0.06762
-11.4578,-2.3732,229.582,-0.51622,2.56345,-0.06834
-11.4641,-2.3419,229.363,-0.52233,2.56757,-0.06549
-11.4368,-2.4736,229.413,-0.52409,2.56456,-0.06683
-11.4312,-2.5137,229.345,-0.5273,2.5647,-0.06586
-11.4426,-2.4637,229.488,-0.5213,2.56876,-0.066
-11.4558,-2.4275,229.416,-0.52146,2.56658,-0.06601
-11.5099,-2.351,229.29,-0.51987,2.57095,-0.06554
-11.512,-2.1968,229.214,-0.51152,2.57402,-0.06517
-11.435,-2.3862,229.351,-0.52166,2.56386,-0.06705
-11.4289,-2.3673,229.292,-0.52641,2.57008,-0.06644
-11.3984,-2.4168,229.297,-0.5206,2.56778,-0.0658
-11.362,-2.3871,229.337,-0.52231,2.56027,-0.06534
-11.321,-2.5175,229.358,-0.52669,2.55634,-0.06496
-11.3067,-2.4112,229.242,-0.52445,2.56092,-0.06558
-11.2726,-2.5183,229.413,-0.5272,2.55817,-0.06572
-11.3314,-2.3424,229.285,-0.52398,2.56545,-0.06507
-11.3248,-2.4042,229.298,-0.52331,2.56212,-0.0655
-11.3589,-2.3655,229.298,-0.52026,2.56576,-0.06596
-11.3782,-2.4589,229.352,-0.52773,2.56417,-0.06312
-11.3367,-2.4351,229.3,-0.52251,2.56556,-0.06482
-11.3713,-2.4425,229.286,-0.52557,2.56644,-0.06513
-11.4866,-2.3168,229.272,-0.52567,2.57054,-0.06537
-11.3714,-2.496,229.36,-0.52791,2.56339,-0.06621
-11.414,-2.4283,229.199,-0.52901,2.56767,-0.06257
-11.3842,-2.4144,229.219,-0.52427,2.56769,-0.0644
-11.3223,-2.463,229.362,-0.5225,2.562,-0.06427
-11.3438,-2.4669,229.46,-0.52368,2.56261,-0.06557
-11.381,-2.3865,229.373,-0.52315,2.56721,-0.06465
-11.3702,-2.4648,229.397,-0.52374,2.56345,-0.06495
-11.3878,-2.4408,229.35,-0.52672,2.56471,-0.06507
-11.3408,-2.5471,229.423,-0.52375,2.55981,-0.0668
-11.3175,-2.571,229.464,-0.52698,2.56125,-0.06767
-11.3912,-2.5869,229.455,-0.53006,2.56822,-0.0671
-11.3949,-2.5193,229.4,-0.52479,2.56362,-0.06693
-11.3855,-2.523,229.407,-0.52258,2.56326,-0.06671
-11.4519,-2.4746,229.235,-0.52638,2.56983,-0.06562
-11.4402,-2.4535,229.282,-0.52563,2.56886,-0.06471
-11.3984,-2.4404,229.393,-0.51572,2.56301,-0.06779
-11.4156,-2.5235,229.302,-0.52354,2.56279,-0.06636
-11.4961,-2.2782,229.189,-0.51858,2.57738,-0.06466
-11.3594,-2.5401,229.436,-0.52439,2.56343,-0.06741
-11.459,-2.4486,229.219,-0.52838,2.57267,-0.06549
-11.4609,-2.3936,229.313,-0.52134,2.56943,-0.06506
-11.4879,-2.3611,229.337,-0.52104,2.57472,-0.06651
-11.4339,-2.4205,229.216,-0.52634,2.56838,-0.06514
-11.4014,-2.5205,229.355,-0.52897,2.56548,-0.06623
-11.3953,-2.5234,229.356,-0.52614,2.56336,-0.0662
-11.4152,-2.407,229.386,-0.5211,2.56678,-0.06806
-11.4779,-2.3802,229.395,-0.5217,2.56596,-0.06639
-11.4236,-2.5097,229.484,-0.52567,2.56814,-0.06704
-11.5075,-2.2878,229.352,-0.51756,2.56907,-0.06648
-11.4407,-2.3428,229.519,-0.51715,2.56295,-0.06839
-11.4983,-2.3502,229.2,-0.51963,2.57624,-0.06476
-11.4457,-2.4042,229.463,-0.52192,2.5625,-0.06866
-11.4555,-2.33,229.372,-0.51928,2.56766,-0.06697
-11.4226,-2.5432,229.428,-0.52547,2.56712,-0.06726
-11.4837,-2.367,229.331,-0.51775,2.56901,-0.06707
-11.4558,-2.476,229.477,-0.52403,2.56624,-0.0676
-11.49,-2.3508,229.329,-0.51749,2.57214,-0.06663
-11.4609,-2.3864,229.457,-0.51801,2.5694,-0.06797
-11.4732,-2.3321,229.298,-0.51869,2.57165,-0.06638
-11.4075,-2.5263,229.367,-0.52714,2.56619,-0.06631
-11.4924,-2.3796,229.199,-0.52476,2.57202,-0.06428
-11.4492,-2.4187,229.311,-0.52507,2.57018,-0.06532
-11.4185,-2.4715,229.399,-0.52624,2.56394,-0.0655
-11.4867,-2.2786,229.305,-0.51701,2.57224,-0.06542
-11.4125,-2.4843,229.438,-0.52274,2.5682,-0.06634
-11.4234,-2.4264,229.368,-0.52572,2.57273,-0.0663
-11.4057,-2.4062,229.364,-0.52318,2.57203,-0.06617
-11.4024,-2.4847,229.402,-0.52378,2.56773,-0.06708
-11.4733,-2.3604,229.283,-0.51905,2.57435,-0.06658
-11.4661,-2.3248,229.382,-0.51381,2.57194,-0.06832
-11.3903,-2.5178,229.605,-0.52057,2.56635,-0.06876
-11.4348,-2.2725,229.294,-0.50699,2.57388,-0.0681
-11.4045,-2.491,229.548,-0.52075,2.56871,-0.06739
-11.4473,-2.429,229.326,-0.52096,2.57066,-0.06646
-11.423,-2.3529,229.438,-0.51586,2.56645,-0.06786
-11.4097,-2.4142,229.418,-0.52269,2.56994,-0.06647
-11.431,-2.3995,229.516,-0.52117,2.56707,-0.06643
-11.4582,-2.4274,229.481,-0.52231,2.5714,-0.06566
-11.3949,-2.4329,229.412,-0.52361,2.57144,-0.06566
-11.4169,-2.3907,229.484,-0.51925,2.56727,-0.06804
-11.4771,-2.3148,229.518,-0.51778,2.5737,-0.06838
-11.3927,-2.4834,229.523,-0.52475,2.56663,-0.06714
-11.4723,-2.439,229.318,-0.52496,2.57517,-0.06571
-11.4416,-2.3842,229.477,-0.5163,2.56941,-0.06802
-11.4352,-2.359,229.36,-0.51976,2.57041,-0.06671
-11.4489,-2.4207,229.315,-0.5239,2.56804,-0.06649
-11.4203,-2.3176,229.42,-0.51486,2.56969,-0.06757
-11.4324,-2.3287,229.375,-0.51692,2.5683,-0.06774
-11.4248,-2.385,229.331,-0.52182,2.56897,-0.06609
-11.4062,-2.3801,229.473,-0.52035,2.5725,-0.06657
-11.4225,-2.3853,229.516,-0.52132,2.56591,-0.06673
-11.4302,-2.3963,229.528,-0.52198,2.56857,-0.06685
-11.3267,-2.6216,229.474,-0.52992,2.56443,-0.06663
-11.3652,-2.42,229.407,-0.51912,2.56578,-0.06753
-11.4575,-2.3489,229.345,-0.52577,2.57522,-0.06536
-11.401,-2.4036,229.438,-0.51865,2.57007,-0.06726
-11.3988,-2.3748,229.393,-0.51913,2.57245,-0.06751
-11.4411,-2.3295,229.4,-0.52122,2.57013,-0.06607
-11.3778,-2.328,229.466,-0.51271,2.56502,-0.0676
-11.3092,-2.5401,229.459,-0.52509,2.5605,-0.06644
-11.3181,-2.5007,229.537,-0.52321,2.56089,-0.0678
-11.4117,-2.4352,229.411,-0.52868,2.56686,-0.06567
-11.3138,-2.3946,229.466,-0.51821,2.5584,-0.06839
-11.382,-2.4191,229.409,-0.5215,2.56728,-0.06708
-11.4178,-2.4172,229.355,-0.52225,2.57433,-0.06646
-11.3962,-2.3872,229.276,-0.52434,2.57087,-0.06554
-11.3891,-2.3897,229.222,-0.52194,2.57435,-0.06611
-11.4033,-2.36,229.376,-0.51682,2.56828,-0.06674
-11.3902,-2.3382,229.379,-0.51596,2.5719,-0.06698
-11.4472,-2.2879,229.335,-0.5171,2.57485,-0.06608
-11.286,-2.6287,229.524,-0.52499,2.56349,-0.0662
-11.3028,-2.5021,229.45,-0.52103,2.56538,-0.06672
-11.3602,-2.3697,229.317,-0.51602,2.57164,-0.06671
-11.3717,-2.3652,229.279,-0.52022,2.57117,-0.06562
-11.4039,-2.3188,229.191,-0.51871,2.57203,-0.06549
-11.4082,-2.4253,229.355,-0.52544,2.57287,-0.06653
-11.3939,-2.3527,229.37,-0.51739,2.57038,-0.06666
-11.4312,-2.4391,229.404,-0.52517,2.57372,-0.06509
-11.3834,-2.32,229.341,-0.51676,2.5697,-0.06633
-11.4003,-2.3976,229.281,-0.5191,2.56931,-0.06606
-11.4067,-2.348,229.372,-0.51512,2.56759,-0.06789
-11.4323,-2.305,229.224,-0.51299,2.57817,-0.06591
-11.4288,-2.2921,229.34,-0.51463,2.56509,-0.06712
-11.3613,-2.4075,229.536,-0.51786,2.5637,-0.06852
-11.4416,-2.3108,229.31,-0.51929,2.5736,-0.06647
-11.4314,-2.3704,229.451,-0.51475,2.5712,-0.06691
-11.5042,-2.242,229.254,-0.51777,2.57434,-0.06581
-11.4915,-2.3804,229.389,-0.52234,2.57692,-0.06514
-11.5198,-2.306,229.296,-0.51777,2.57887,-0.06558
-11.5094,-2.3625,229.241,-0.52001,2.57971,-0.06515
-11.4764,-2.4003,229.421,-0.51849,2.5739,-0.06668
-11.4754,-2.3319,229.371,-0.5149,2.57147,-0.06704
-11.4305,-2.4851,229.427,-0.52298,2.56909,-0.06698
-11.4313,-2.4698,229.403,-0.52292,2.5686,-0.06717
-11.4543,-2.3741,229.448,-0.51308,2.56938,-0.06819
-11.4892,-2.4559,229.362,-0.52097,2.57488,-0.06591
-11.533,-2.4794,229.33,-0.52593,2.57829,-0.0642
-11.4549,-2.5169,229.587,-0.5237,2.57326,-0.0673
-11.5068,-2.3964,229.418,-0.52197,2.5777,-0.06573
-11.4661,-2.4734,229.452,-0.5233,2.57152,-0.0662
-11.3739,-2.6036,229.486,-0.52557,2.56364,-0.06563
-11.4986,-2.4202,229.318,-0.52246,2.57446,-0.06611
-11.5003,-2.5353,229.418,-0.52325,2.57662,-0.06684
-11.5227,-2.4148,229.303,-0.51841,2.57831,-0.06663
-11.4498,-2.5365,229.348,-0.52626,2.5747,-0.06562
-11.4694,-2.5114,229.554,-0.52065,2.5719,-0.06784
-11.4573,-2.6483,229.583,-0.52834,2.56947,-0.06592
-11.4418,-2.7138,229.54,-0.53137,2.56812,-0.06552
-11.4462,-2.5106,229.511,-0.51732,2.56927,-0.0675
-11.4233,-2.6275,229.447,-0.53253,2.56965,-0.0664
-11.4737,-2.5071,229.409,-0.52324,2.57782,-0.06555
-11.4661,-2.5942,229.457,-0.52859,2.57292,-0.06429
-11.5298,-2.4565,229.299,-0.52263,2.57725,-0.06397
-11.5395,-2.4736,229.232,-0.52333,2.57502,-0.06443
-11.529,-2.5294,229.311,-0.52527,2.5732,-0.06446
-11.5264,-2.4961,229.286,-0.52728,2.57884,-0.06461
-11.5466,-2.4914,229.321,-0.5261,2.57993,-0.0647
-11.4999,-2.4075,229.449,-0.51792,2.57958,-0.06555
-11.5266,-2.515,229.444,-0.52711,2.57476,-0.06488
-11.4679,-2.595,229.511,-0.52582,2.57272,-0.06447
-11.5161,-2.3875,229.327,-0.51981,2.57907,-0.06457
-11.4361,-2.4952,229.583,-0.51654,2.56754,-0.06853
-11.5871,-2.4323,229.496,-0.51866,2.58137,-0.06607
-11.5581,-2.4882,229.417,-0.51829,2.57602,-0.06559
-11.57,-2.4408,229.313,-0.52357,2.57964,-0.06379
-11.5311,-2.5404,229.462,-0.5227,2.57397,-0.06489
-11.5098,-2.56,229.542,-0.52437,2.57502,-0.06556
-11.469,-2.5307,229.559,-0.51971,2.57282,-0.06678
-11.4708,-2.5857,229.525,-0.5203,2.56458,-0.06612
-11.5083,-2.4224,229.457,-0.5148,2.57281,-0.06669
-11.5182,-2.5862,229.472,-0.52575,2.57443,-0.06462
-11.4953,-2.5388,229.558,-0.52193,2.57112,-0.06696
-11.5314,-2.5611,229.45,-0.5289,2.57358,-0.06424
-11.4358,-2.6273,229.656,-0.52632,2.56629,-0.06619
-11.5303,-2.4469,229.401,-0.52127,2.57786,-0.06468
-11.424,-2.6896,229.555,-0.53135,2.56621,-0.06558
-11.4374,-2.5385,229.639,-0.52007,2.56959,-0.06765
-11.4787,-2.6184,229.51,-0.52385,2.57205,-0.06722
-11.5449,-2.3816,229.526,-0.51406,2.57539,-0.06683
-11.6202,-2.2705,229.345,-0.51686,2.58447,-0.06568
-11.4812,-2.6247,229.544,-0.52811,2.56984,-0.0666
-11.5567,-2.4233,229.4,-0.51781,2.57694,-0.06559
-11.5282,-2.5335,229.335,-0.52638,2.57873,-0.06418
-11.492,-2.605,229.614,-0.52628,2.57098,-0.06562
-11.458,-2.6069,229.457,-0.52666,2.57127,-0.06544
-11.5478,-2.5754,229.425,-0.53113,2.57663,-0.0651
-11.536,-2.5409,229.509,-0.52132,2.57721,-0.06546
-11.578,-2.3819,229.428,-0.51947,2.58032,-0.06608
-11.5074,-2.5291,229.55,-0.52058,2.57667,-0.0665
-11.5422,-2.4947,229.453,-0.52434,2.57658,-0.06478
-11.5322,-2.4983,229.554,-0.52343,2.57069,-0.06645
-11.4935,-2.566,229.476,-0.52617,2.57558,-0.06523
-11.5053,-2.4497,229.395,-0.52019,2.57748,-0.06507
-11.5318,-2.559,229.389,-0.52894,2.57669,-0.06433
-11.5444,-2.4231,229.465,-0.51748,2.57685,-0.06619
-11.5336,-2.4925,229.509,-0.52358,2.5719,-0.06589
-11.4637,-2.572,229.639,-0.52074,2.56598,-0.06694
-11.5099,-2.4824,229.536,-0.52303,2.56692,-0.06657
-11.5286,-2.5688,229.492,-0.5261,2.57196,-0.0654
-11.512,-2.5775,229.55,-0.5223,2.57711,-0.0658
-11.5484,-2.4871,229.51,-0.52166,2.57918,-0.06636
-11.5733,-2.4548,229.429,-0.52142,2.58185,-0.06427
-11.5968,-2.4712,229.382,-0.52666,2.5795,-0.06307
-11.5073,-2.5004,229.523,-0.51794,2.57412,-0.06474
-11.5245,-2.5266,229.568,-0.52063,2.57423,-0.06589
-11.5362,-2.4334,229.534,-0.51536,2.57483,-0.06615
-11.5191,-2.526,229.611,-0.52089,2.57114,-0.0666
-11.5574,-2.5089,229.484,-0.51976,2.57844,-0.06454
-11.551,-2.4805,229.567,-0.51769,2.57582,-0.0655
-11.5256,-2.4829,229.46,-0.52236,2.57703,-0.06434
-11.5288,-2.3887,229.471,-0.51715,2.57894,-0.0645
-11.5524,-2.452,229.47,-0.51784,2.57665,-0.06521
-11.5285,-2.5034,229.527,-0.5201,2.57575,-0.06541
-11.538,-2.4112,229.491,-0.51721,2.57567,-0.06698
-11.5516,-2.4604,229.379,-0.52252,2.58014,-0.06371
-11.4694,-2.5839,229.563,-0.52674,2.57329,-0.06561
-11.5658,-2.3151,229.476,-0.51265,2.57949,-0.06699
-11.4957,-2.4813,229.57,-0.51818,2.56636,-0.06614
-11.5441,-2.3793,229.442,-0.51419,2.57878,-0.06631
-11.5456,-2.4189,229.562,-0.51449,2.57979,-0.06644
-11.5233,-2.4993,229.543,-0.51977,2.57528,-0.06647
-11.49,-2.4915,229.581,-0.51719,2.57116,-0.06792
-11.5898,-2.334,229.449,-0.51664,2.57938,-0.06582
-11.5158,-2.5074,229.459,-0.52138,2.57478,-0.06431
-11.529,-2.3301,229.515,-0.51178,2.57556,-0.06671
-11.5471,-2.463,229.533,-0.51958,2.57531,-0.06604
-11.5031,-2.4508,229.516,-0.51673,2.57323,-0.06684
-11.533,-2.4996,229.54,-0.5212,2.575,-0.06564
-11.5294,-2.3723,229.519,-0.51254,2.57355,-0.06623
-11.46,-2.6486,229.551,-0.52519,2.56718,-0.06541
-11.5117,-2.5296,229.416,-0.52225,2.57727,-0.06415
-11.5287,-2.5207,229.436,-0.52568,2.57504,-0.06514
-11.4561,-2.4357,229.397,-0.51471,2.57202,-0.06565
-11.4223,-2.5784,229.58,-0.52048,2.56879,-0.06613
-11.4884,-2.5291,229.35,-0.52466,2.57644,-0.0638
-11.5434,-2.492,229.526,-0.52077,2.57541,-0.0648
-11.4674,-2.5443,229.497,-0.51916,2.5743,-0.06555
-11.5553,-2.411,229.611,-0.51744,2.57585,-0.0664
-11.5189,-2.5466,229.444,-0.52342,2.57511,-0.06508
-11.5681,-2.3151,229.386,-0.50786,2.5793,-0.06614
-11.5251,-2.4547,229.481,-0.51777,2.57617,-0.06487
-11.5379,-2.4242,229.464,-0.51697,2.57784,-0.06594
-11.5887,-2.4468,229.353,-0.52208,2.58049,-0.0635
-11.4388,-2.6558,229.524,-0.5251,2.57337,-0.06467
-11.5232,-2.4691,229.418,-0.51843,2.58155,-0.06411
-11.4554,-2.6095,229.695,-0.52295,2.56966,-0.06593
-11.4056,-2.6267,229.584,-0.52676,2.56872,-0.065
-11.43,-2.5232,229.482,-0.52066,2.5723,-0.06507
-11.4567,-2.4567,229.482,-0.51858,2.57399,-0.06514
-11.4384,-2.5086,229.428,-0.51701,2.57021,-0.06502
-11.4551,-2.5646,229.483,-0.52346,2.5718,-0.0641
-11.4972,-2.5195,229.468,-0.52158,2.57461,-0.06364
-11.5297,-2.3591,229.28,-0.52114,2.58049,-0.06274
-11.5196,-2.4502,229.376,-0.5188,2.5783,-0.06478
-11.4599,-2.4526,229.366,-0.51828,2.57404,-0.0646
-11.4492,-2.5134,229.47,-0.52125,2.57295,-0.06474
-11.5014,-2.4399,229.381,-0.51928,2.57544,-0.06436
-11.4177,-2.6087,229.628,-0.5256,2.56511,-0.06496
-11.4949,-2.4564,229.342,-0.52135,2.57803,-0.06313
-11.4552,-2.4718,229.471,-0.51689,2.57649,-0.06566
-11.5155,-2.5029,229.406,-0.52245,2.58045,-0.06306
-11.456,-2.5528,229.484,-0.52515,2.57144,-0.06365
-11.5197,-2.5642,229.494,-0.52855,2.57785,-0.06343
-11.5112,-2.552,229.412,-0.52853,2.58034,-0.06362
-11.5475,-2.4609,229.391,-0.52498,2.57869,-0.06306
-11.3702,-2.7087,229.633,-0.52988,2.57004,-0.06497
-11.4896,-2.5839,229.439,-0.52928,2.57719,-0.06302
-11.472,-2.663,229.419,-0.53263,2.5789,-0.06298
-11.5,-2.6174,229.499,-0.52808,2.5755,-0.0644
-11.4885,-2.5018,229.584,-0.52228,2.57577,-0.06574
-11.4908,-2.5463,229.429,-0.52279,2.57733,-0.06358
-11.4835,-2.463,229.419,-0.5205,2.57626,-0.06376
-11.4974,-2.5536,229.564,-0.52989,2.57713,-0.06334
-11.4846,-2.4746,229.472,-0.52044,2.5752,-0.06512
-11.3912,-2.6406,229.547,-0.52266,2.5668,-0.06496
-11.4291,-2.5921,229.579,-0.52392,2.56913,-0.0645
-11.431,-2.5806,229.496,-0.52492,2.56985,-0.06301
-11.4319,-2.5599,229.476,-0.5224,2.5689,-0.06503
-11.467,-2.3551,229.455,-0.5158,2.57518,-0.06548
-11.5141,-2.3518,229.316,-0.51796,2.57866,-0.06378
-11.42,-2.5474,229.56,-0.51948,2.56719,-0.06537
-11.5308,-2.325,229.414,-0.51273,2.57607,-0.06571
-11.493,-2.4742,229.527,-0.52096,2.57296,-0.06628
-11.4549,-2.5047,229.516,-0.52331,2.57352,-0.06561
-11.4823,-2.3717,229.384,-0.51688,2.57728,-0.06432
-11.4759,-2.4518,229.481,-0.51707,2.57782,-0.06521
-11.455,-2.599,229.576,-0.52395,2.57432,-0.06396
-11.5271,-2.4392,229.555,-0.51521,2.57864,-0.06357
-11.4542,-2.5674,229.5,-0.52037,2.57601,-0.06318
-11.4612,-2.4752,229.53,-0.52307,2.57873,-0.0648
-11.4332,-2.5614,229.557,-0.52082,2.57122,-0.06513
-11.5039,-2.5058,229.524,-0.52012,2.57991,-0.06478
-11.5275,-2.5342,229.504,-0.525,2.57671,-0.06493
-11.512,-2.4814,229.399,-0.52192,2.58053,-0.06314
-11.4957,-2.4929,229.467,-0.52349,2.57347,-0.0642
-11.4869,-2.4209,229.484,-0.5162,2.57341,-0.06473
-11.5271,-2.3494,229.504,-0.51236,2.57816,-0.06583
-11.4891,-2.46,229.441,-0.51713,2.57154,-0.06489
-11.4885,-2.4576,229.432,-0.52266,2.57537,-0.06354
-11.488,-2.3815,229.482,-0.51557,2.57607,-0.06596
-11.5196,-2.3495,229.408,-0.51438,2.58131,-0.06459
-11.5309,-2.4285,229.416,-0.52051,2.57895,-0.06397
-11.492,-2.4662,229.508,-0.51932,2.57498,-0.06422
-11.497,-2.4314,229.524,-0.51681,2.57354,-0.06575
-11.5339,-2.4684,229.551,-0.5238,2.57491,-0.06468
-11.4675,-2.5384,229.529,-0.5218,2.57134,-0.06528
-11.5594,-2.3387,229.491,-0.51736,2.5766,-0.06439
-11.5348,-2.427,229.57,-0.5179,2.58141,-0.06472
-11.5317,-2.2712,229.463,-0.51338,2.58028,-0.0645
-11.4778,-2.4504,229.484,-0.51466,2.57493,-0.06592
-11.4843,-2.5204,229.551,-0.51716,2.57082,-0.06535
-11.5032,-2.4963,229.549,-0.52261,2.57165,-0.06496
-11.576,-2.5439,229.375,-0.5276,2.57691,-0.06247
-11.4864,-2.4218,229.467,-0.51667,2.57628,-0.06545
-11.6458,-2.2685,229.443,-0.51584,2.58353,-0.06451
-11.5848,-2.3335,229.56,-0.51306,2.58282,-0.06516
-11.5717,-2.3484,229.578,-0.51164,2.58069,-0.06596
-11.5524,-2.4381,229.722,-0.51545,2.57698,-0.06695
-11.5722,-2.4762,229.514,-0.52097,2.58522,-0.0652
-11.5377,-2.4617,229.62,-0.51361,2.57978,-0.06649
-11.559,-2.3525,229.668,-0.50935,2.57828,-0.06842
-11.6334,-2.3334,229.542,-0.51444,2.58039,-0.066
-11.5555,-2.317,229.653,-0.50742,2.57425,-0.06812
-11.5815,-2.3451,229.576,-0.51378,2.57633,-0.06639
-11.4867,-2.5097,229.662,-0.51902,2.5739,-0.06713
-11.5411,-2.3882,229.607,-0.51108,2.57922,-0.06624
-11.4731,-2.5163,229.811,-0.51374,2.56679,-0.06727
-11.5349,-2.4821,229.539,-0.51691,2.57991,-0.06552
-11.5662,-2.3751,229.609,-0.51251,2.5789,-0.06579
-11.5553,-2.457,229.618,-0.5172,2.57746,-0.06578
-11.5066,-2.4204,229.554,-0.51429,2.57194,-0.06659
-11.5001,-2.5101,229.681,-0.515,2.57375,-0.06716
-11.5022,-2.5122,229.506,-0.51667,2.57646,-0.06643
-11.5329,-2.5155,229.518,-0.52293,2.58212,-0.06461
-11.5191,-2.4388,229.69,-0.51363,2.57894,-0.06714
-11.5073,-2.4166,229.635,-0.51291,2.57472,-0.06703
-11.545,-2.4884,229.585,-0.52179,2.57536,-0.06508
-11.5542,-2.4467,229.568,-0.52067,2.58063,-0.06492
-11.6042,-2.4295,229.516,-0.51995,2.58386,-0.06424
-11.5286,-2.5477,229.72,-0.51822,2.57843,-0.06648
-11.4834,-2.5856,229.722,-0.52078,2.57114,-0.0671
-11.5365,-2.5191,229.679,-0.52215,2.57592,-0.06726
-11.5905,-2.4779,229.64,-0.52007,2.57416,-0.06723
-11.5539,-2.5319,229.6,-0.51945,2.57454,-0.06736
-11.5774,-2.5002,229.558,-0.52066,2.5772,-0.06638
-11.5149,-2.558,229.702,-0.52379,2.57582,-0.06753
-11.4718,-2.6268,229.777,-0.52104,2.57033,-0.0681
-11.5955,-2.5147,229.603,-0.52307,2.57696,-0.06618
-11.5797,-2.4642,229.651,-0.51451,2.57501,-0.06846
-11.5498,-2.4931,229.689,-0.51372,2.57616,-0.06975
-11.562,-2.5309,229.684,-0.51787,2.57611,-0.06818
-11.638,-2.4641,229.551,-0.52004,2.58453,-0.06658
-11.6162,-2.5724,229.656,-0.52399,2.58461,-0.0676
-11.5426,-2.7576,229.833,-0.53205,2.57228,-0.06807
-11.5194,-2.6841,229.701,-0.52319,2.5754,-0.0681
-11.5346,-2.4923,229.632,-0.51646,2.57829,-0.06833
-11.5526,-2.4406,229.464,-0.52008,2.57831,-0.06559
-11.6078,-2.4795,229.49,-0.52298,2.58151,-0.06512
-11.5241,-2.4865,229.561,-0.51979,2.57275,-0.06556
-11.5872,-2.4177,229.546,-0.5178,2.58085,-0.06469
-11.5843,-2.4805,229.656,-0.5185,2.57419,-0.06608
-11.6532,-2.5063,229.603,-0.52403,2.58245,-0.06437
-11.5886,-2.7245,229.681,-0.52884,2.58433,-0.06588
-11.5815,-2.7498,229.643,-0.52816,2.58531,-0.06713
-11.6016,-2.5639,229.847,-0.51639,2.58359,-0.07174
-11.698,-2.3521,229.675,-0.51275,2.58647,-0.07019
-11.6247,-2.3172,229.692,-0.51073,2.58608,-0.072
-11.5606,-2.5693,229.819,-0.51638,2.57486,-0.06973
-11.547,-2.5006,229.729,-0.51675,2.57157,-0.06842
-11.5162,-2.5384,229.682,-0.51531,2.57511,-0.06729
-11.5671,-2.4832,229.505,-0.5189,2.57827,-0.06567
-11.5785,-2.4271,229.555,-0.51425,2.57731,-0.06549
-11.6375,-2.4397,229.609,-0.51836,2.57454,-0.06559
-11.5583,-2.4676,229.79,-0.51125,2.57115,-0.06806
-11.575,-2.4424,229.853,-0.51137,2.57042,-0.07045
-11.6767,-2.4254,229.692,-0.52231,2.58224,-0.06709
-11.6342,-2.3975,229.728,-0.5134,2.58049,-0.07037
-11.6746,-2.3388,229.694,-0.51525,2.58169,-0.06861
-11.5693,-2.5188,229.881,-0.51769,2.57012,-0.07111
-11.6823,-2.3282,229.739,-0.50949,2.58346,-0.0702
-11.647,-2.4819,229.886,-0.51722,2.58165,-0.06841
-11.6444,-2.4945,229.783,-0.51444,2.58036,-0.06762
-11.6311,-2.4182,229.754,-0.50959,2.58151,-0.06819
-11.6558,-2.3497,229.847,-0.51021,2.583,-0.06912
-11.662,-2.3536,229.766,-0.51208,2.5832,-0.0686
-11.6924,-2.3177,229.61,-0.51687,2.58722,-0.06678
-11.6417,-2.442,229.633,-0.51759,2.57735,-0.06772
-11.6568,-2.3837,229.664,-0.51507,2.57802,-0.06791
-11.6058,-2.3565,229.663,-0.51436,2.57791,-0.06822
-11.5983,-2.4548,229.689,-0.51834,2.57578,-0.06635
-11.6312,-2.3651,229.69,-0.51636,2.57939,-0.06658
-11.6141,-2.4069,229.603,-0.51957,2.58509,-0.066
-11.6283,-2.3005,229.635,-0.51133,2.58072,-0.06591
-11.575,-2.3064,229.723,-0.51248,2.5768,-0.06653
-11.6285,-2.3314,229.719,-0.51461,2.58191,-0.06668
-11.6249,-2.4003,229.716,-0.51387,2.57823,-0.06846
-11.617,-2.3731,229.63,-0.51104,2.58114,-0.06787
-11.6312,-2.3867,229.727,-0.51134,2.58087,-0.07017
-11.5884,-2.415,229.875,-0.50787,2.57644,-0.07189
-11.6566,-2.3826,229.745,-0.51299,2.58199,-0.06927
-11.6727,-2.3749,229.794,-0.51123,2.57731,-0.06853
-11.6251,-2.4182,229.617,-0.51484,2.58059,-0.06684
-11.6135,-2.4531,229.639,-0.51809,2.57617,-0.06564
-11.5586,-2.4911,229.745,-0.51546,2.58101,-0.06668
-11.5356,-2.5283,229.774,-0.51663,2.57986,-0.06754
-11.6334,-2.4157,229.668,-0.51705,2.58289,-0.06642
-11.5959,-2.5041,229.788,-0.51791,2.58046,-0.06775
-11.6218,-2.46,229.649,-0.51454,2.58209,-0.06749
-11.581,-2.4763,229.76,-0.51357,2.577,-0.06993
-11.6392,-2.3777,229.697,-0.50986,2.5855,-0.07031
-11.6618,-2.4147,229.712,-0.51345,2.59125,-0.07017
-11.5761,-2.5013,229.848,-0.5125,2.57707,-0.07046
-11.5933,-2.4352,229.713,-0.51438,2.58292,-0.06737
-11.5228,-2.5197,229.827,-0.51664,2.57615,-0.06776
-11.5427,-2.2368,229.607,-0.50259,2.58089,-0.06742
-11.4449,-2.3159,229.554,-0.51126,2.57695,-0.06618
-11.3985,-2.232,229.527,-0.50393,2.57503,-0.06822
-11.3315,-2.1229,229.47,-0.49913,2.57273,-0.06797
-11.2697,-2.2613,229.466,-0.50615,2.5717,-0.06533
-11.2104,-2.2122,229.538,-0.51046,2.56915,-0.06434
-11.2806,-1.8623,229.343,-0.50054,2.57693,-0.06128
-11.2138,-1.914,229.466,-0.49642,2.57491,-0.0626
-11.4259,-1.6362,229.279,-0.48478,2.57997,-0.06381
-11.603,-1.4893,229.257,-0.48009,2.58662,-0.07525
-11.625,-1.2058,229.303,-0.47011,2.59202,-0.09068
-11.7164,-1.01,229.395,-0.46942,2.59562,-0.09574
-11.4562,-0.8847,229.331,-0.4643,2.58593,-0.09588
-11.0873,-0.8866,229.186,-0.46609,2.56667,-0.09553
-10.7673,-0.9074,228.85,-0.4706,2.56319,-0.09273
-10.4497,-1.1664,228.922,-0.48135,2.53871,-0.0905
-10.148,-1.1698,228.983,-0.47781,2.53389,-0.08729
-10.0802,-1.2059,228.728,-0.48306,2.53314,-0.08076
-10.0312,-1.1715,228.802,-0.47626,2.52562,-0.08054
-9.9888,-1.1137,228.659,-0.46968,2.52649,-0.07956
-9.8186,-1.3437,228.648,-0.48126,2.5174,-0.07964
-9.8128,-1.2378,228.512,-0.47607,2.51988,-0.07838
-9.7852,-1.2926,228.596,-0.48001,2.51676,-0.07737
-9.7029,-1.2689,228.411,-0.47533,2.51872,-0.0762
-9.5277,-1.3501,228.534,-0.47955,2.50494,-0.07496
-9.3841,-1.2765,228.468,-0.4719,2.50496,-0.07356
-9.2486,-1.4033,228.5,-0.47618,2.49975,-0.0709
-9.1202,-1.3389,228.692,-0.47043,2.49327,-0.07167
-8.9087,-1.6377,228.776,-0.48797,2.48841,-0.06709
-8.8638,-1.5483,228.754,-0.48495,2.492,-0.06497
-8.7033,-1.4763,228.845,-0.47637,2.49136,-0.06224
-8.5162,-1.5252,228.903,-0.48603,2.48893,-0.05604
-8.3494,-1.5852,229.029,-0.49028,2.4826,-0.05058
-8.2604,-1.5329,228.98,-0.48414,2.47972,-0.0464
-8.169,-1.5476,229.036,-0.48651,2.47855,-0.04391
-8.0583,-1.5483,228.96,-0.49062,2.47994,-0.03988
-7.9858,-1.5449,229.117,-0.48534,2.47783,-0.03864
-8.0112,-1.4545,229.051,-0.47932,2.48127,-0.03729
-8.0502,-1.3217,229.193,-0.4697,2.48535,-0.03783
-7.9902,-1.4215,229.243,-0.47444,2.48574,-0.03749
-7.9638,-1.5257,229.29,-0.47729,2.48824,-0.03819
-7.9109,-1.5478,229.349,-0.47235,2.48633,-0.03977
-7.8786,-1.4643,229.299,-0.46714,2.48111,-0.04014
-7.9569,-1.5172,229.227,-0.47399,2.49047,-0.03965
-7.9485,-1.5096,229.343,-0.46962,2.48675,-0.04319
-7.8961,-1.5981,229.402,-0.46665,2.48166,-0.04313
-7.9404,-1.5222,229.399,-0.46245,2.48232,-0.04263
-7.9648,-1.5371,229.368,-0.46882,2.4827,-0.04149
-7.9373,-1.5882,229.647,-0.46302,2.4787,-0.0451
-8.0858,-1.4545,229.427,-0.46352,2.48784,-0.04356
-8.157,-1.5301,229.39,-0.46735,2.4886,-0.04375
-8.177,-1.3342,229.354,-0.45376,2.48764,-0.04116
-8.1887,-1.4005,229.38,-0.45502,2.48849,-0.03806
-8.2388,-1.526,229.376,-0.46391,2.49127,-0.0347
-8.1312,-1.6141,229.588,-0.46199,2.48327,-0.03796
-8.1807,-1.6697,229.442,-0.46555,2.48595,-0.03551
-8.3432,-1.444,229.478,-0.46004,2.5006,-0.03377
-8.3056,-1.3664,229.501,-0.45245,2.49885,-0.0351
-8.2805,-1.4406,229.56,-0.45507,2.49799,-0.03457
-8.2905,-1.4698,229.404,-0.45987,2.49429,-0.03107
-8.3491,-1.4168,229.344,-0.45944,2.49451,-0.02985
-8.2952,-1.4867,229.516,-0.45982,2.49161,-0.02911
-8.3438,-1.5108,229.492,-0.46239,2.49156,-0.02913
-8.3626,-1.6819,229.524,-0.46999,2.48883,-0.02791
-8.3986,-1.4335,229.241,-0.45737,2.49064,-0.0287
-8.467,-1.4846,229.194,-0.46325,2.49102,-0.0276
-8.5301,-1.3871,229.321,-0.45961,2.48799,-0.02829
-8.5485,-1.4018,229.332,-0.45619,2.48483,-0.02815
-8.5677,-1.4115,229.331,-0.46698,2.48702,-0.02574
-8.6027,-1.3876,229.42,-0.46742,2.482,-0.02305
-8.6033,-1.3268,229.464,-0.46184,2.48241,-0.02308
-8.6474,-1.2304,229.345,-0.45891,2.48183,-0.02311
-8.5716,-1.4176,229.409,-0.46618,2.47043,-0.02257
-8.5162,-1.4656,229.543,-0.46986,2.46699,-0.02182
-8.6064,-1.2756,229.374,-0.46307,2.47402,-0.02058
-8.6156,-1.3666,229.379,-0.46879,2.47014,-0.01986
-8.6067,-1.3988,229.351,-0.47079,2.46429,-0.02018
-8.6646,-1.3712,229.309,-0.47232,2.46553,-0.02038
-8.6997,-1.2586,229.434,-0.46782,2.46511,-0.02153
-8.7031,-1.1802,229.362,-0.45575,2.46231,-0.02372
-8.7189,-1.2775,229.107,-0.47372,2.46141,-0.0194
-8.9241,-1.2496,228.964,-0.47939,2.44997,-0.0168
-9.0035,-1.2204,229.149,-0.48129,2.43584,-0.01935
-9.1262,-1.2639,229.01,-0.48481,2.4387,-0.01901
-9.1479,-1.2666,229.029,-0.48242,2.43269,-0.01721
-9.2037,-1.2324,228.96,-0.48436,2.42924,-0.01675
-9.242,-1.2596,229.026,-0.48165,2.42627,-0.01768
-9.1116,-1.296,229.083,-0.47385,2.43015,-0.0208
-8.9959,-1.2995,229.077,-0.47338,2.44423,-0.02436
-8.9349,-1.3356,229.252,-0.47331,2.44661,-0.02582
-8.8859,-1.2738,229.016,-0.47221,2.44153,-0.02514
-8.9367,-1.115,229.056,-0.46747,2.4334,-0.02622
-8.909,-1.2912,229.237,-0.47524,2.42692,-0.02645
-8.9959,-1.0899,229.246,-0.47586,2.43271,-0.02766
-8.9563,-1.2436,229.446,-0.47922,2.42234,-0.02712
-8.9795,-1.1946,229.539,-0.47043,2.41107,-0.02894
-9.1014,-1.1829,229.489,-0.47109,2.4125,-0.02877
-9.1463,-1.2495,229.194,-0.48497,2.40971,-0.0272
-9.2274,-1.1637,229.086,-0.48369,2.41565,-0.02623
-9.1057,-1.226,229.168,-0.48232,2.39525,-0.02876
-9.1255,-1.1392,229.163,-0.48015,2.38677,-0.0293
-9.0929,-1.1619,229.137,-0.48612,2.38414,-0.02705
-9.1619,-1.1466,228.897,-0.4929,2.38751,-0.0268
-9.1843,-1.2456,228.954,-0.49385,2.37772,-0.02778
-9.2146,-1.1228,228.967,-0.4868,2.3864,-0.02942
-9.0646,-1.1519,229.102,-0.47979,2.38929,-0.03209
-9.0652,-1.1785,229.216,-0.48716,2.38786,-0.03524
-9.0177,-1.1653,229.383,-0.47976,2.37926,-0.03751
-9.0389,-1.3454,229.238,-0.49331,2.37672,-0.03654
-9.0967,-1.1884,229.271,-0.48343,2.37492,-0.03853
-9.1194,-1.1189,229.371,-0.48494,2.35779,-0.04009
-9.1959,-1.0981,229.463,-0.48616,2.35775,-0.03904
-9.1682,-1.1541,229.393,-0.48639,2.35512,-0.03639
-9.1187,-1.1089,229.178,-0.48794,2.35263,-0.03508
-9.1947,-1.0943,229.219,-0.49063,2.35022,-0.03176
-9.2079,-1.165,229.281,-0.49242,2.34413,-0.03
-9.1806,-1.2734,229.368,-0.50118,2.33728,-0.03056
-9.2289,-1.1981,229.331,-0.49689,2.34119,-0.02975
-9.1466,-1.2303,229.409,-0.49579,2.33584,-0.03015
-9.2132,-1.1365,229.381,-0.49314,2.34115,-0.02975
-9.2008,-1.1339,229.233,-0.4955,2.33997,-0.02913
-9.2252,-1.0982,229.266,-0.48955,2.34106,-0.03039
-9.1954,-1.1522,229.324,-0.49944,2.34105,-0.02923
-9.2057,-1.1256,229.456,-0.49015,2.34396,-0.03169
-9.1891,-1.0213,229.366,-0.49283,2.33831,-0.03152
-9.0834,-1.0537,229.301,-0.49546,2.32746,-0.03277
-9.1358,-1.0084,229.133,-0.49703,2.33491,-0.031
-9.1131,-1.0734,229.235,-0.49644,2.32556,-0.03217
-9.2019,-0.9146,229.093,-0.49684,2.3325,-0.02867
-9.1639,-1.0436,229.216,-0.49222,2.32677,-0.02869
-9.4366,-0.9937,226.018,-0.40952,2.33501,-0.02718
-9.641,-1.1836,226.035,-0.43973,2.34767,-0.02498
-9.6772,-1.4107,224.986,-0.43598,2.34828,-0.02299
-9.7436,-1.4599,225.532,-0.44833,2.34889,-0.02621
-9.8457,-1.6726,225.573,-0.46746,2.34917,-0.02364
-9.9058,-1.5662,225.731,-0.47035,2.353,-0.01783
-10.3923,-1.5753,225.597,-0.4702,2.3773,-0.01912
-10.137,-1.8997,225.914,-0.48129,2.36907,-0.01877
-10.0041,-1.6701,226.105,-0.4849,2.36168,-0.01805
-9.8679,-1.5876,226.434,-0.48833,2.36488,-0.0191
-9.8504,-1.4028,226.75,-0.48008,2.36321,-0.01874
-9.9985,-1.5208,226.351,-0.48482,2.3727,-0.01564
-9.992,-1.5333,226.288,-0.47969,2.38155,-0.01767
-10.0671,-1.5642,225.856,-0.48122,2.4061,-0.01646
-9.7108,-1.6545,225.689,-0.48865,2.41763,-0.0185
-9.4895,-1.4786,225.518,-0.49664,2.43624,-0.01537
-9.3105,-1.3947,225.527,-0.50241,2.43291,-0.01534
-9.1606,-1.3171,225.511,-0.50474,2.43888,-0.01578
-8.9501,-1.4065,225.692,-0.50714,2.43651,-0.01624
-8.7899,-1.1424,225.465,-0.50797,2.44637,-0.01364
-8.2508,-0.9574,225.526,-0.51962,2.45087,-0.01216
-8.1497,-1.002,226.021,-0.52541,2.45107,-0.01244
-7.8664,-0.9626,226.065,-0.51895,2.45515,-0.01337
-7.5126,-1.1692,226.072,-0.52223,2.454,-0.01248
-7.4589,-1.1397,226.085,-0.51436,2.46718,-0.01015
-7.3131,-1.2327,226.205,-0.51137,2.46661,-0.01089
-7.2554,-1.2256,226.414,-0.50959,2.46564,-0.00935
-7.2987,-1.2408,226.456,-0.50813,2.46442,-0.00833
-7.3138,-1.3443,226.534,-0.51347,2.45871,-0.0091
-7.4155,-1.2951,226.831,-0.50889,2.45304,-0.01291
-7.7681,-1.2999,227.069,-0.51258,2.4538,-0.00964
-7.9326,-1.2662,227.214,-0.50789,2.4548,-0.00812
-8.3482,-1.3175,227.734,-0.50429,2.45176,-0.00471
-10.0458,-1.2996,227.317,-0.53381,2.45565,0.00446
-9.4325,-1.0961,227.68,-0.51731,2.43957,-0.00658
-8.7746,-1.2652,227.91,-0.51002,2.43561,-0.00528
-10.2205,-1.3997,227.458,-0.52306,2.46949,-0.00088
-9.8811,-1.4066,227.478,-0.52998,2.46836,-0.00093
-9.0529,-1.5606,227.853,-0.53059,2.44182,-0.00354
-9.0371,-1.4668,227.999,-0.5216,2.44641,-0.00398
-8.7595,-1.4606,228.062,-0.52032,2.44688,-0.00972
-8.6882,-1.5245,228.126,-0.51784,2.43931,-0.01596
-8.6421,-1.5513,228.055,-0.5167,2.44521,-0.01937
-8.4274,-1.5982,228.237,-0.51133,2.44078,-0.02241
-8.4599,-1.3519,228.234,-0.51099,2.44345,-0.02807
-8.6842,-1.4335,228.106,-0.51787,2.44485,-0.02345
-8.728,-1.5578,228.112,-0.51555,2.4385,-0.01966
-8.6912,-1.4435,228.049,-0.51114,2.43922,-0.015
-8.6728,-1.4646,228.101,-0.51157,2.43791,-0.01167
-8.8316,-1.3227,227.766,-0.5123,2.45044,-0.00992
-8.8421,-1.4055,227.804,-0.51129,2.44751,-0.01274
-8.8589,-1.3345,227.744,-0.51037,2.44956,-0.01166
-8.7751,-1.495,227.974,-0.51453,2.44333,-0.01217
-8.8419,-1.4156,228.062,-0.51517,2.44562,-0.01253
-8.7668,-1.5199,228.184,-0.51537,2.43741,-0.01499
-8.7976,-1.4876,228.15,-0.51765,2.43851,-0.01311
-8.7979,-1.375,228.045,-0.51132,2.44573,-0.01302
-8.8541,-1.3654,227.906,-0.51391,2.45105,-0.01114
-8.8329,-1.3572,227.938,-0.51073,2.44598,-0.01066
-8.8357,-1.3058,227.929,-0.50925,2.44951,-0.01158
-8.8098,-1.4048,228.015,-0.51169,2.44412,-0.01179
-8.7967,-1.4699,228.087,-0.51633,2.44113,-0.01273
-8.894,-1.3693,227.944,-0.51437,2.4523,-0.0115
-8.8922,-1.4066,228.003,-0.51447,2.44718,-0.01154
-8.8334,-1.3795,227.96,-0.51127,2.44444,-0.01177
-8.811,-1.4222,227.87,-0.51408,2.44753,-0.01051
-8.8379,-1.3681,227.946,-0.51165,2.4476,-0.01154
-8.8443,-1.4286,228.044,-0.51576,2.4449,-0.01196
-8.8266,-1.566,228.118,-0.52353,2.44429,-0.01264
-8.8156,-1.4414,228.081,-0.51482,2.44341,-0.0131
-8.8231,-1.4848,228.037,-0.52011,2.44483,-0.01136
-8.7953,-1.4546,228.041,-0.51606,2.44422,-0.01246
-8.9001,-1.2865,227.924,-0.50996,2.45082,-0.01029
-8.8268,-1.3489,228.069,-0.50989,2.44558,-0.01317
-8.847,-1.3677,228.076,-0.5124,2.4449,-0.01245
-8.8838,-1.3757,227.949,-0.51442,2.44543,-0.01154
-8.8872,-1.3231,227.947,-0.5122,2.45006,-0.01108
-8.8028,-1.4961,228.103,-0.51349,2.44156,-0.01159
-8.8619,-1.4216,227.971,-0.51519,2.44619,-0.01054
-8.829,-1.4773,227.963,-0.5195,2.4427,-0.01166
-8.8557,-1.3198,227.902,-0.51166,2.44736,-0.01129
-8.8621,-1.3771,227.997,-0.51581,2.44594,-0.011
-8.8147,-1.464,227.934,-0.51894,2.44527,-0.01002
-8.7906,-1.5442,228.084,-0.51913,2.44155,-0.01178
-8.8066,-1.4616,228.008,-0.51541,2.44449,-0.01201
-8.8319,-1.4126,227.857,-0.5144,2.44743,-0.00977
-8.8926,-1.3035,227.883,-0.50801,2.45445,-0.01063
-8.8236,-1.4066,227.969,-0.51524,2.44465,-0.01162
-8.8427,-1.3819,227.86,-0.51301,2.44948,-0.01218
-8.8619,-1.4345,227.952,-0.51498,2.44776,-0.01215
-8.8233,-1.4118,227.947,-0.5146,2.44453,-0.01179
-8.7947,-1.3951,228.037,-0.50995,2.44162,-0.01257
-8.8341,-1.4531,228.009,-0.51438,2.44364,-0.01202
-8.8311,-1.3231,228.05,-0.50456,2.44509,-0.01293
-8.8507,-1.2785,228.014,-0.50495,2.44393,-0.01325
-8.8432,-1.3943,227.972,-0.51295,2.45151,-0.01182
-8.84,-1.425,227.922,-0.51909,2.44594,-0.0102
-8.8461,-1.3877,227.898,-0.51516,2.44759,-0.01126
-8.909,-1.3725,227.903,-0.51737,2.45042,-0.01111
-8.8169,-1.4318,227.946,-0.51503,2.44561,-0.01295
-8.8446,-1.4162,227.963,-0.51816,2.44738,-0.0113
-8.8161,-1.3914,228.069,-0.51326,2.43817,-0.01289
-8.834,-1.4336,228.011,-0.5127,2.44608,-0.01177
-8.8173,-1.4622,228.069,-0.51259,2.44291,-0.01207
-8.8173,-1.4622,228.069,-0.51259,2.44291,-0.01207
-8.8608,-1.4327,227.935,-0.52127,2.44759,-0.01026
-8.8608,-1.4327,227.935,-0.52127,2.44759,-0.01026
-8.8608,-1.4327,227.935,-0.52127,2.44759,-0.01026
-8.8608,-1.4327,227.935,-0.52127,2.44759,-0.01026
-8.8608,-1.4327,227.935,-0.52127,2.44759,-0.01026
-8.8608,-1.4327,227.935,-0.52127,2.44759,-0.01026
-8.8608,-1.4327,227.935,-0.52127,2.44759,-0.01026
-8.8608,-1.4327,227.935,-0.52127,2.44759,-0.01026
-8.8608,-1.4327,227.935,-0.52127,2.44759,-0.01026
-8.8774,-1.3775,227.955,-0.51334,2.44467,-0.01242
-8.8027,-1.4378,228.003,-0.51238,2.44016,-0.0111
-8.8069,-1.4744,228.06,-0.51574,2.44171,-0.01036
-8.8929,-1.261,227.951,-0.50989,2.44965,-0.01122
-8.8929,-1.261,227.951,-0.50989,2.44965,-0.01122
-8.8929,-1.261,227.951,-0.50989,2.44965,-0.01122
