-0.103998,-0.0733677,3.26645e-05,0,-0.0147604,-0.103996,-0.0996613
-0.103998,-0.0721148,3.3849e-05,-2.77648e-07,-0.0147557,-0.103991,-0.0996256
-0.103998,-0.072284,3.35007e-05,-9.41598e-07,-0.0147558,-0.103984,-0.0997075
-0.103998,-0.0725413,3.30426e-05,-1.61544e-06,-0.0147512,-0.103978,-0.0998026
-0.103998,-0.0729313,3.24285e-05,-2.28133e-06,-0.0147516,-0.103971,-0.0999492
-0.103998,-0.073484,3.1628e-05,-2.93666e-06,-0.0147519,-0.103965,-0.100158
-0.103998,-0.0739827,3.08728e-05,-3.57802e-06,-0.0147521,-0.103958,-0.100343
-0.103998,-0.0741885,3.04173e-05,-4.20379e-06,-0.0147423,-0.103951,-0.100412
-0.103998,-0.0745055,2.98319e-05,-4.81714e-06,-0.0147442,-0.103943,-0.100529
-0.103998,-0.0751639,2.88736e-05,-5.42022e-06,-0.014754,-0.103936,-0.10078
-0.103998,-0.075839,2.78893e-05,-6.00823e-06,-0.0147598,-0.103928,-0.101032
-0.103998,-0.0765143,2.68976e-05,-6.57685e-06,-0.0147603,-0.103919,-0.101284
-0.103998,-0.0773951,2.56815e-05,-7.12571e-06,-0.0147713,-0.103911,-0.101617
-0.103998,-0.0782248,2.45152e-05,-7.65271e-06,-0.014767,-0.103901,-0.101927
-0.103998,-0.079646,2.27172e-05,-8.15585e-06,-0.0147015,-0.103892,-0.102474
-0.103998,-0.081499,2.04607e-05,-8.62997e-06,-0.0146562,-0.103882,-0.103185
-0.103998,-0.0835547,1.79921e-05,-9.06401e-06,-0.0145702,-0.103872,-0.10397
-0.103998,-0.0860565,1.50554e-05,-9.451e-06,-0.014494,-0.103862,-0.104928
-0.103998,-0.0889277,1.17358e-05,-9.78442e-06,-0.0144436,-0.103852,-0.106027
-0.103998,-0.0928875,7.27278e-06,-1.00556e-05,-0.0142754,-0.103841,-0.107554
-0.103998,-0.0966827,3.00405e-06,-1.02502e-05,-0.0142602,-0.103829,-0.108998
-0.103998,-0.100932,-1.72582e-06,-1.03572e-05,-0.01423,-0.103817,-0.110625
-0.103998,-0.10517,-6.41847e-06,-1.03747e-05,-0.0141738,-0.103804,-0.11224
-0.103998,-0.108942,-1.05885e-05,-1.0298e-05,-0.0141737,-0.10379,-0.113668
-0.103998,-0.112566,-1.45743e-05,-1.01321e-05,-0.0142547,-0.103775,-0.115042
-0.103998,-0.116579,-1.89437e-05,-9.88445e-06,-0.0139332,-0.10376,-0.116573
-0.103998,-0.119315,-2.19257e-05,-9.55364e-06,-0.0142283,-0.103742,-0.117587
-0.103998,-0.121807,-2.46197e-05,-9.14793e-06,-0.0142128,-0.103724,-0.118521
-0.103998,-0.123498,-2.64368e-05,-8.68517e-06,-0.0143153,-0.103704,-0.119137
-0.103998,-0.124228,-2.72106e-05,-8.17642e-06,-0.0144475,-0.103681,-0.119378
-0.103998,-0.1245,-2.74782e-05,-7.64072e-06,-0.0140961,-0.103657,-0.119448
-0.103998,-0.122921,-2.57667e-05,-7.0941e-06,-0.0143159,-0.10363,-0.118785
-0.103998,-0.12088,-2.35582e-05,-6.55994e-06,-0.0142648,-0.1036,-0.117962
-0.103998,-0.117881,-2.03337e-05,-6.06448e-06,-0.0144128,-0.103568,-0.116762
-0.103998,-0.114692,-1.69143e-05,-5.62234e-06,-0.0142652,-0.103533,-0.115498
-0.103998,-0.110991,-1.29645e-05,-5.24644e-06,-0.0142031,-0.103494,-0.11403
-0.103998,-0.106967,-8.68809e-06,-4.9437e-06,-0.0143804,-0.103453,-0.112438
-0.103998,-0.103389,-4.90864e-06,-4.7229e-06,-0.014314,-0.103408,-0.111025
-0.103998,-0.100216,-1.58422e-06,-4.58315e-06,-0.0142375,-0.10336,-0.109765
-0.103998,-0.0974825,1.24855e-06,-4.5149e-06,-0.0140438,-0.103308,-0.10867
-0.103998,-0.09529,3.48016e-06,-4.50871e-06,-0.0141037,-0.103252,-0.10778
-0.103998,-0.0936253,5.125e-06,-4.55376e-06,-0.0141532,-0.103192,-0.107088
-0.103998,-0.0925258,6.14366e-06,-4.63817e-06,-0.0141471,-0.103127,-0.10661
-0.103998,-0.0921089,6.41259e-06,-4.74984e-06,-0.0141312,-0.103057,-0.10639
-0.103998,-0.0924454,5.85846e-06,-4.87513e-06,-0.0141616,-0.102982,-0.106456
-0.103998,-0.0934345,4.59107e-06,-4.9984e-06,-0.014192,-0.102901,-0.106765
-0.103998,-0.0950545,2.63633e-06,-5.10416e-06,-0.0142316,-0.102814,-0.107309
-0.103998,-0.0972915,1.19868e-08,-5.17839e-06,-0.0141796,-0.10272,-0.108084
-0.103998,-0.0995357,-2.6313e-06,-5.2075e-06,-0.0144432,-0.10262,-0.108845
-0.103998,-0.102343,-5.88252e-06,-5.18395e-06,-0.0143717,-0.102511,-0.109824
-0.103998,-0.10534,-9.3423e-06,-5.10206e-06,-0.0144077,-0.102395,-0.110861
-0.103998,-0.108726,-1.32193e-05,-4.95327e-06,-0.0143933,-0.102269,-0.112042
-0.103998,-0.111874,-1.6845e-05,-4.73153e-06,-0.0143537,-0.102134,-0.113112
-0.103998,-0.114044,-1.9433e-05,-4.43452e-06,-0.0143801,-0.101989,-0.113785
-0.103998,-0.115732,-2.15131e-05,-4.07432e-06,-0.0143197,-0.101832,-0.11427
-0.103998,-0.11711,-2.32705e-05,-3.66694e-06,-0.0140353,-0.101664,-0.114627
-0.103998,-0.117315,-2.37903e-05,-3.22086e-06,-0.0141075,-0.101482,-0.114508
-0.103998,-0.116894,-2.3658e-05,-2.75078e-06,-0.0141743,-0.101287,-0.114144
-0.103998,-0.116158,-2.32067e-05,-2.27616e-06,-0.0141396,-0.101077,-0.113648
-0.103998,-0.11504,-2.23653e-05,-1.80706e-06,-0.0140947,-0.10085,-0.112987
-0.103998,-0.113577,-2.11767e-05,-1.3505e-06,-0.0140851,-0.100605,-0.112178
-0.103998,-0.111922,-1.98055e-05,-9.13892e-07,-0.0140803,-0.100341,-0.111279
-0.103998,-0.109855,-1.80219e-05,-5.02699e-07,-0.0140808,-0.100056,-0.110198
-0.103998,-0.107962,-1.64515e-05,-1.22642e-07,-0.0140808,-0.0997484,-0.109172
-0.103998,-0.10619,-1.50361e-05,2.23662e-07,-0.0141063,-0.0994171,-0.108169
-0.103998,-0.104686,-1.3933e-05,5.39953e-07,-0.0141013,-0.0990602,-0.107245
-0.103998,-0.103721,-1.34293e-05,8.30747e-07,-0.0139332,-0.0986756,-0.106504
-0.103998,-0.102716,-1.29073e-05,1.10487e-06,-0.0141663,-0.0982614,-0.105709
-0.103998,-0.102611,-1.33651e-05,1.36876e-06,-0.0141213,-0.0978152,-0.10524
-0.103998,-0.102696,-1.40421e-05,1.63103e-06,-0.0140403,-0.0973346,-0.104796
-0.103998,-0.103238,-1.52221e-05,1.90442e-06,-0.0143053,-0.096817,-0.104491
-0.103998,-0.105073,-1.77861e-05,2.19588e-06,-0.0140771,-0.0962595,-0.10465
-0.103998,-0.10635,-1.97617e-05,2.5234e-06,-0.0140479,-0.0956591,-0.104516
-0.103998,-0.106822,-2.0886e-05,2.8969e-06,-0.0149511,-0.0950125,-0.104014
-0.103998,-0.109241,-2.4082e-05,3.30226e-06,-0.0144824,-0.0943165,-0.104243
-0.103998,-0.110207,-2.57271e-05,3.74874e-06,-0.0144056,-0.0935674,-0.103794
-0.103998,-0.111995,-2.8242e-05,4.24519e-06,-0.0144227,-0.0927611,-0.103622
-0.103998,-0.114393,-3.13919e-05,4.78236e-06,-0.0144642,-0.091893,-0.1036
-0.103998,-0.116981,-3.47258e-05,5.37555e-06,-0.0144242,-0.0909583,-0.103557
-0.103998,-0.119402,-3.78602e-05,6.0334e-06,-0.0142273,-0.0899516,-0.103348
-0.103998,-0.121394,-4.05139e-05,6.75612e-06,-0.0140562,-0.0888674,-0.102869
-0.103998,-0.122896,-4.26194e-05,7.53721e-06,-0.0143881,-0.0876996,-0.102092
-0.103998,-0.124833,-4.516e-05,8.36644e-06,-0.0140493,-0.0864415,-0.101383
-0.103998,-0.125512,-4.63301e-05,9.24169e-06,-0.0141472,-0.0850862,-0.100047
-0.103998,-0.125997,-4.72649e-05,1.01554e-05,-0.0140316,-0.083626,-0.0985319
-0.103998,-0.126045,-4.7704e-05,1.10904e-05,-0.0140531,-0.0820529,-0.0967258
-0.103998,-0.126525,-4.85697e-05,1.20397e-05,-0.0139781,-0.080358,-0.0949822
-0.103998,-0.12706,-4.9458e-05,1.30016e-05,-0.0138826,-0.0785318,-0.0931443
-0.103998,-0.127439,-5.01417e-05,1.39809e-05,-0.0139851,-0.0765642,-0.0911445
-0.103998,-0.127452,-5.03963e-05,1.49763e-05,-0.0140064,-0.0744441,-0.0889185
-0.103998,-0.127652,-5.08076e-05,1.59814e-05,-0.0139006,-0.0721599,-0.086712
-0.103998,-0.1271,-5.03747e-05,1.6993e-05,-0.0140335,-0.0696986,-0.0841689
-0.103998,-0.126082,-4.94026e-05,1.80053e-05,-0.0140497,-0.0670467,-0.0814518
-0.103998,-0.124827,-4.81315e-05,1.9004e-05,-0.0139389,-0.0641894,-0.0786863
-0.103998,-0.122757,-4.59416e-05,1.99806e-05,-0.0140812,-0.0611108,-0.0756822
-0.103998,-0.120456,-4.34521e-05,2.09235e-05,-0.013964,-0.0577942,-0.0727301
-0.103998,-0.117223,-3.99155e-05,2.182e-05,-0.0141216,-0.0542227,-0.0695898
-0.103998,-0.113377,-3.56737e-05,2.26572e-05,-0.0139994,-0.0503827,-0.0664473
-0.103998,-0.108365,-3.01412e-05,2.34173e-05,-0.0140047,-0.0462763,-0.0631198
-0.103998,-0.102896,-2.40714e-05,2.4081e-05,-0.0138685,-0.0419706,-0.0599306
-0.0904785,-0.0958047,-9.36897e-06,2.46292e-05,-0.0137984,-0.0377857,-0.056427
-0.076612,-0.0875943,2.64948e-05,2.49783e-05,-0.0137433,-0.0340767,-0.0528285
-0.0627456,-0.0783813,8.22283e-05,2.48429e-05,-0.0136832,-0.0309767,-0.0491503
-0.0488792,-0.0678698,9.11949e-05,2.38114e-05,-0.0137,-0.0285564,-0.0452388
-0.0350127,-0.0567521,0.00010088,2.20861e-05,-0.0136562,-0.0268709,-0.041337
-0.0211463,-0.0451689,0.000111046,2.01751e-05,-0.013644,-0.0259638,-0.0374482
-0.00727988,-0.0342371,0.000120493,1.8066e-05,-0.0129109,-0.0258403,-0.0339766
0,-0.0293184,0.000123586,1.576e-05,-0.00780905,-0.0263511,-0.0330109
0,-0.0215948,0.000129722,1.33223e-05,-0.00894227,-0.0272008,-0.0309219
0,-0.0160628,0.000133585,1.07954e-05,-0.00884727,-0.0281906,-0.0298311
0,-0.0113019,0.000136689,8.16619e-06,-0.00807284,-0.0292726,-0.0290983
0,-0.00567587,0.00014077,5.46655e-06,-0.00916029,-0.0304387,-0.0280994
0,-0.00226779,0.000142547,2.69605e-06,-0.00913605,-0.0316918,-0.0280994
0,0.000946357,0.000144177,-1.35344e-07,-0.00999975,-0.0330378,-0.028253
0,0.00332997,0.00014498,-3.00095e-06,-0.0111117,-0.034484,-0.0288562
0,0.0035468,0.000143539,-5.89171e-06,-0.0118515,-0.0360382,-0.0304446
0,0.00343956,0.000141818,-8.77835e-06,-0.0127628,-0.037709,-0.0322741
0,0.00169466,0.000138422,-1.16336e-05,-0.0124461,-0.0395058,-0.0349101
0,0.000796016,0.000135994,-1.44394e-05,-0.0122995,-0.0414383,-0.0373525
0,-0.00132919,0.000132328,-1.7186e-05,-0.0113696,-0.0435171,-0.0404794
0,-0.00306666,0.000129142,-1.98729e-05,-0.0105785,-0.0457534,-0.0436276
0,-0.00128383,0.000129758,-2.24908e-05,-0.0093028,-0.0481598,-0.0455824
0,0.00162101,0.000131611,-2.50792e-05,-0.008728,-0.0507495,-0.0473593
0,0.00266038,0.000131521,-2.7691e-05,-0.00809248,-0.0535371,-0.0501216
0,0.00545774,0.000133338,-3.03224e-05,-0.00701221,-0.0565382,-0.0523807
0,0.00878485,0.000135745,-3.29692e-05,-0.00643268,-0.0597695,-0.0546826
0,0.0132545,0.000139386,-3.56576e-05,-0.00550349,-0.0632491,-0.0567587
0,0.0174698,0.000142766,-3.84053e-05,-0.00489702,-0.0669963,-0.0591653
0,0.0228284,0.000147363,-4.12234e-05,-0.00476072,-0.0710322,-0.061305
0,0.0283196,0.000152092,-4.41201e-05,-0.00500996,-0.0753792,-0.0635773
0,0.0324286,0.000155337,-4.711e-05,-0.00519984,-0.0800614,-0.0665379
0,0.0350649,0.000156998,-5.0181e-05,-0.00583088,-0.0851051,-0.0701574
0,0.0352549,0.000156042,-5.33027e-05,-0.00632248,-0.0905379,-0.0747731
0,0.0328672,0.000152332,-5.6434e-05,-0.00702029,-0.0963892,-0.0803648
0,0.0286213,0.000146636,-5.95215e-05,-0.00783884,-0.102688,-0.0865804
0,0.0232238,0.000139709,-6.25169e-05,-0.00850329,-0.109455,-0.093083
0,0.0139304,0.000128635,-6.53872e-05,-0.00513185,-0.116675,-0.100914
-0.00680833,0.00876773,0.00012195,-6.80818e-05,-0.00508522,-0.124183,-0.106766
-0.0211417,0.0104215,0.000122483,-7.05943e-05,-0.00779397,-0.131672,-0.109635
-0.035475,0.017799,0.000129061,-7.30381e-05,-0.0103371,-0.138927,-0.109962
-0.0498083,0.0165523,0.00112231,-7.5547e-05,-0.00848387,-0.145875,-0.110911
-0.0641417,0.00585835,0.013389,-8.55775e-05,-0.0116818,-0.152478,-0.109809
-0.078475,-0.00847498,0.0511619,-0.000187757,-0.0116187,-0.158704,-0.111459
-0.0928083,-0.0228083,0.138993,-0.000719947,-0.0120767,-0.16452,-0.115267
-0.107142,-0.0371416,2.40401,-0.002358,-0.0126779,-0.169881,-0.115267
0.093525,0.146737,2.40388,-0.00513786,0.0146773,0.0452265,0.0788908
0.0702333,0.104815,2.32568,-0.00965512,0.0179521,0.0407946,0.0640484
0.06235,0.0923024,2.24615,-0.0349654,0.0184039,0.0371696,0.0588001
0.050525,0.0752641,2.16801,-0.0729408,0.0196048,0.0342383,0.0519567
0.0361917,0.0536482,2.09114,-0.117161,0.0194218,0.0320913,0.043851
0.0218583,0.0293852,2.01534,-0.159867,0.0197458,0.0308233,0.0349812
0.007525,0.00641632,1.94064,-0.201046,0.0186797,0.0304512,0.0268476
0,-0.024893,1.90874,-0.240718,0.0117304,0.0314086,0.0218924
0,-0.0281846,1.87094,-0.279243,0.011944,0.0329622,0.0170758
0,-0.0365735,1.79678,-0.317078,0.0120183,0.0340669,0.0139809
0,-0.0412462,1.72391,-0.353829,0.00978732,0.0350476,0.0133415
0,-0.0468496,1.6523,-0.389109,0.00966227,0.036083,0.0122929
0,-0.0471854,1.58199,-0.422943,0.00840603,0.0372325,0.0136735
0,-0.0457035,1.51296,-0.455356,0.00837481,0.0385244,0.015751
0,-0.0427499,1.44522,-0.486374,0.00762078,0.0399563,0.0185011
0,-0.0397875,1.37877,-0.516024,0.00655863,0.041534,0.0214457
0,-0.0380417,1.31362,-0.54433,0.00490541,0.0432609,0.0239773
0,-0.036942,1.24977,-0.571319,0.0031168,0.04514,0.026504
0,-0.036241,1.18721,-0.597017,0.00119301,0.0471851,0.0290811
0,-0.0364275,1.12594,-0.621449,8.6983e-20,0.049402,0.031447
0,-0.0370204,1.06597,-0.644642,-1.20371e-35,0.0518012,0.0339539
0,-0.0372099,1.0073,-0.666322,2.67276e-51,0.054402,0.0368672
0,-0.036649,0.949928,-0.68682,-5.93473e-67,0.0572284,0.0404213
0,-0.0369126,0.893845,-0.706162,1.31777e-82,0.0602904,0.0437046
0,-0.0385094,0.839047,-0.724376,-2.92605e-98,0.0635953,0.0468149
0,-0.041091,0.785527,-0.741486,6.49713e-114,0.0671675,0.0498098
0,-0.0447857,0.733278,-0.757517,-1.44265e-129,0.0710288,0.0526252
0,-0.0483388,0.682294,-0.772496,3.20333e-145,0.0751894,0.0556233
0,-0.0511335,0.632569,-0.786448,-7.11283e-161,0.0796695,0.0592449
0,-0.0548221,0.58409,-0.799398,1.57937e-176,0.084505,0.0626813
0,-0.0586057,0.536852,-0.81137,-3.50689e-192,0.0897256,0.0662366
0,-0.0600114,0.49085,-0.822391,7.78687e-208,0.0953611,0.070836
0,-0.058714,0.446071,-0.832484,-1.72903e-223,0.10146,0.0766165
0,-0.0548639,0.402501,-0.841674,3.83922e-239,0.108059,0.0832433
0,-0.048715,0.360124,-0.849985,-8.52479e-255,0.115175,0.0906393
0,-0.0419797,0.318932,-0.857442,1.89288e-270,0.122826,0.0980495
0,-0.0346051,0.278917,-0.864068,-4.20305e-286,0.13099,0.105448
0.00744167,-0.0281941,0.240132,-0.869886,9.33264e-302,0.139464,0.112127
0.0231083,-0.0260253,0.202794,-0.874922,-2.07226e-317,0.147877,0.116745
0.038775,-0.0225135,0.167064,-0.879202,-2.45551e-321,0.155964,0.120966
0.0544417,-0.0120837,0.131991,-0.882775,-0.00271511,0.163633,0.125356
0.0701083,0.000108333,0.092796,-0.885836,-0.00758218,0.170835,0.127159
0.085775,0.015775,0.0496524,-0.888221,-0.00715016,0.177529,0.131186
0.101442,0.0314417,0.00222647,-0.88971,-0.0062727,0.183676,0.136285
0.117108,0.0471083,-0.0972465,-0.890324,-0.00541333,0.189235,0.136285
-0.102033,-0.131869,-0.0971668,-0.890368,0.00448945,-0.0454508,-0.07288
-0.0777952,-0.0886856,-0.121804,-0.890437,0.000321184,-0.0409387,-0.0570303
-0.0695856,-0.0766363,-0.146618,-0.889467,0.000390627,-0.0372507,-0.0519867
-0.0551212,-0.0568052,-0.170363,-0.887052,-0.000396028,-0.0342881,-0.0442338
-0.039484,-0.0330381,-0.193078,-0.883906,-0.00100952,-0.0321529,-0.0354038
-0.0238468,-0.00869903,-0.215091,-0.880294,-0.000862634,-0.0309222,-0.0266337
-0.00820954,0.0160689,-0.237002,-0.876235,-1.46287e-19,-0.0306081,-0.0178839
0,0.0314504,-0.258298,-0.871736,2.40741e-35,-0.03104,-0.0130307
0,0.047069,-0.278784,-0.866697,-5.34553e-51,-0.0318781,-0.00805096
0,0.0566475,-0.298421,-0.861245,1.18695e-66,-0.0328932,-0.00558867
0,0.0586686,-0.317204,-0.855394,-2.63555e-82,-0.0340296,-0.00615753
0,0.0641125,-0.335132,-0.849163,5.8521e-98,-0.0352775,-0.00535821
0,0.0640131,-0.352222,-0.842568,-1.29943e-113,-0.0366395,-0.00694977
0,0.0630166,-0.368499,-0.835626,2.88531e-129,-0.0381222,-0.00895117
0,0.0613385,-0.383982,-0.828353,-6.40667e-145,-0.0397334,-0.0113603
0,0.0606386,-0.398687,-0.820767,1.42257e-160,-0.0414819,-0.0135311
0,0.0611485,-0.412627,-0.812881,-3.15873e-176,-0.0433774,-0.0154109
0,0.0608332,-0.425818,-0.804712,7.01379e-192,-0.0454304,-0.0178307
0,0.0605329,-0.438277,-0.796275,-1.55737e-207,-0.0476523,-0.0204376
0,0.0589904,-0.450022,-0.787584,3.45807e-223,-0.0500549,-0.0237607
0,0.0569416,-0.461071,-0.778654,-7.67845e-239,-0.0526516,-0.027502
0,0.0558114,-0.471437,-0.769499,1.70496e-254,-0.0554566,-0.0311165
0,0.0566953,-0.481135,-0.760133,-3.78577e-270,-0.0584856,-0.0341992
0,0.0564827,-0.490181,-0.750568,8.40609e-286,-0.0617556,-0.0380165
0,0.0561422,-0.498591,-0.740819,-1.86653e-301,-0.0652847,-0.0421373
0,0.0560439,-0.506381,-0.730897,4.14452e-317,-0.0690927,-0.0464272
0,0.0564427,-0.513565,-0.720817,-1.86263e-321,-0.0732009,-0.0507822
0,0.0579298,-0.520158,-0.710588,-1.86263e-321,-0.0776321,-0.0549549
0,0.0599864,-0.526175,-0.700225,-1.86263e-321,-0.082411,-0.0591382
0,0.0621178,-0.53163,-0.689737,-1.86263e-321,-0.0875643,-0.0634887
0,0.0657057,-0.536537,-0.679137,-1.86263e-321,-0.0931207,-0.0674045
0,0.0684818,-0.540911,-0.668436,-1.86263e-321,-0.0991111,-0.0717597
0,0.0663009,-0.544771,-0.657644,-1.86263e-321,-0.105559,-0.0780096
0,0.0632334,-0.548141,-0.646772,-1.86263e-321,-0.112495,-0.084584
0,0.0585784,-0.551034,-0.635829,-1.86263e-321,-0.119964,-0.0916633
0,0.0514604,-0.553463,-0.624826,-1.86263e-321,-0.127992,-0.0995082
0,0.0429495,-0.555386,-0.613771,-1.86263e-321,-0.136556,-0.107602
-0.00774498,0.0341396,-0.556779,-0.602675,-1.86263e-321,-0.145445,-0.115453
-0.0240502,0.0338963,-0.557624,-0.591548,-1.86263e-321,-0.154271,-0.11948
-0.0403554,0.0252822,-0.556829,-0.5804,-1.86263e-321,-0.162757,-0.123845
-0.0566607,0.0127307,-0.554567,-0.569258,0.0119662,-0.170806,-0.128725
-0.0729659,-0.00296589,-0.547581,-0.55814,0.0196997,-0.178368,-0.130948
-0.0892711,-0.0192711,-0.535545,-0.547094,0.0186718,-0.1854,-0.134878
-0.105576,-0.0355763,-0.518708,-0.536245,0.0174682,-0.191861,-0.139745
-0.121882,-0.0518816,-0.473831,-0.525677,0.0160743,-0.197707,-0.139745
0.106392,0.154593,-0.473544,-0.515303,-0.00409035,0.0469872,0.0804778
0.082749,0.108359,-0.47408,-0.50026,-0.00640845,0.0421778,0.0642767
0.0737811,0.0960524,-0.474595,-0.495029,-0.00762155,0.038206,0.0593524
0.0574759,0.0736676,-0.474799,-0.485543,-0.00242319,0.0350098,0.0506309
0.0411707,0.0510629,-0.474762,-0.476049,2.07336e-11,0.0327027,0.0422633
0.0248655,0.0268319,-0.474447,-0.466553,-3.23117e-27,0.0313485,0.0334868
0.00856024,0.00411579,-0.473828,-0.457063,7.17465e-43,0.0309555,0.0255294
0,-0.00995328,-0.472906,-0.447582,-1.59309e-58,0.0313431,0.0211479
0,-0.0250774,-0.471699,-0.438119,3.53737e-74,0.0321543,0.016327
0,-0.0359376,-0.47021,-0.428677,-7.85455e-90,0.033148,0.0133282
0,-0.0402933,-0.468447,-0.419264,1.74406e-105,0.0342656,0.0129687
0,-0.0481837,-0.466431,-0.409885,-3.87259e-121,0.0354963,0.0112136
0,-0.0502033,-0.464162,-0.400544,8.59888e-137,0.0368425,0.0119828
0,-0.0511887,-0.461654,-0.391247,-1.90934e-152,0.0383105,0.0132126
0,-0.0516961,-0.458919,-0.381999,4.23958e-168,0.039908,0.0147676
0,-0.0519648,-0.455965,-0.372804,-9.41375e-184,0.0416439,0.0165743
0,-0.0546013,-0.452805,-0.363667,2.09027e-199,0.0435277,0.0176098
0,-0.0567287,-0.449445,-0.354592,-4.64134e-215,0.0455698,0.0190775
0,-0.0580741,-0.445892,-0.345583,1.03058e-230,0.0477815,0.0210562
0,-0.0578964,-0.442156,-0.336644,-2.28836e-246,0.0501748,0.0238518
0,-0.0580508,-0.438247,-0.327779,5.08117e-262,0.0527628,0.0267271
0,-0.0582097,-0.434174,-0.31899,-1.12825e-277,0.0555598,0.0298542
0,-0.0587126,-0.429945,-0.310282,2.50521e-293,0.0585813,0.033103
0,-0.0603608,-0.425569,-0.301658,-5.56268e-309,0.0618443,0.0361661
0,-0.0629735,-0.421053,-0.29312,1.89227e-321,0.0653671,0.0391315
0,-0.0660138,-0.416403,-0.284672,1.89227e-321,0.0691691,0.0422092
0,-0.07,-0.411632,-0.276316,1.89227e-321,0.0732717,0.0450955
0,-0.07,-0.406816,-0.268055,1.89227e-321,0.0776978,0.0487242
0,-0.07,-0.401978,-0.259866,1.89227e-321,0.082472,0.0523206
0,-0.07,-0.397126,-0.251773,1.89227e-321,0.0876209,0.05606
0,-0.07,-0.392312,-0.243777,1.89227e-321,0.0931732,0.059403
0,-0.07,-0.387492,-0.235878,1.89227e-321,0.0991598,0.0636515
0,-0.07,-0.382495,-0.228075,1.89227e-321,0.105557,0.0692274
0,-0.07,-0.377287,-0.22037,1.89227e-321,0.112382,0.0763488
0,-0.07,-0.371866,-0.212767,1.89227e-321,0.119723,0.0834965
0,-0.07,-0.3662,-0.20527,1.89227e-321,0.12762,0.0907625
0,-0.0618816,-0.360414,-0.197884,1.89227e-321,0.136056,0.0993586
0.0068946,-0.0485406,-0.354565,-0.190612,1.89227e-321,0.144837,0.108995
0.0231172,-0.0385857,-0.34892,-0.183485,1.89227e-321,0.153579,0.116081
0.0393398,-0.0274671,-0.34434,-0.17647,-0.000274795,0.161992,0.121188
0.0555623,-0.0131854,-0.340229,-0.169528,-0.00883697,0.169978,0.128046
0.0717849,0.00178491,-0.338561,-0.162677,-0.017952,0.177483,0.131721
0.0880075,0.0180075,-0.339629,-0.155883,-0.0167596,0.184466,0.137557
0.10423,0.0342301,-0.341709,-0.149103,-0.0161156,0.190885,0.143757
0.120453,0.0504526,-0.344873,-0.142292,-0.0138846,0.196697,0.150262
-0.106663,-0.140772,-0.3448,-0.135458,0.0052414,-0.041483,-0.0742392
-0.0851685,-0.0997925,-0.337705,-0.126403,0.00737199,-0.0370859,-0.0589681
-0.0742183,-0.0846218,-0.330656,-0.121767,0.00860987,-0.0334593,-0.0529212
-0.0579957,-0.0622224,-0.32369,-0.115077,0.00423726,-0.0305896,-0.0443916
-0.0417731,-0.0380953,-0.316764,-0.108526,-4.83818e-11,-0.0285799,-0.0355594
-0.0255506,-0.012039,-0.30981,-0.102115,6.46235e-27,-0.0274933,-0.0262105
-0.00932798,0.0120137,-0.302645,-0.0958769,-1.43493e-42,-0.0273426,-0.0178714
0,0.029653,-0.295433,-0.089781,3.18618e-58,-0.027965,-0.0122003
0,0.0483523,-0.288237,-0.0838291,-7.07475e-74,-0.0290086,-0.00611392
0,0.0617497,-0.281085,-0.0780212,1.57091e-89,-0.0302213,-0.00225564
0,0.0685823,-0.273987,-0.0723566,-3.48812e-105,-0.0315423,-0.00103644
0,0.07,-0.266781,-0.0668343,3.87259e-121,-0.0329612,0.000469141
0,0.07,-0.259612,-0.0614554,-8.59888e-137,-0.0344811,-0.000686209
0,0.07,-0.252532,-0.0561843,1.90934e-152,-0.0361094,-0.00271016
0,0.07,-0.245529,-0.0510558,-4.23958e-168,-0.0378547,-0.00465831
0,0.07,-0.2386,-0.0460682,9.41375e-184,-0.0397267,-0.00669755
0,0.07,-0.231713,-0.04122,-2.09027e-199,-0.0417357,-0.00840095
0,0.07,-0.224911,-0.03651,4.64134e-215,-0.0438928,-0.0108639
0,0.07,-0.218191,-0.0319369,-1.03058e-230,-0.0462099,-0.0134954
0,0.07,-0.211557,-0.0274992,2.28836e-246,-0.0486997,-0.0163266
0,0.07,-0.20504,-0.0231951,-5.08117e-262,-0.0513758,-0.0198669
0,0.07,-0.198611,-0.0190226,1.12825e-277,-0.0542529,-0.0232023
0,0.07,-0.192268,-0.0149796,-2.50521e-293,-0.0573473,-0.0267296
0,0.07,-0.18602,-0.0110645,5.56268e-309,-0.0606761,-0.0306538
0,0.07,-0.179863,-0.00727538,-1.89227e-321,-0.0642579,-0.0347445
0,0.07,-0.173791,-0.00361039,-1.89227e-321,-0.0681127,-0.0390261
0,0.07,-0.167795,-6.77824e-05,-1.89227e-321,-0.0722622,-0.0433917
0,0.07,-0.161861,0.00335408,-1.89227e-321,-0.0767293,-0.0477718
0,0.07,-0.155972,0.00665657,-1.89227e-321,-0.0815391,-0.0521153
0,0.07,-0.150116,0.00984078,-1.89227e-321,-0.0867183,-0.056404
0,0.07,-0.144282,0.0129075,-1.89227e-321,-0.0922958,-0.0606316
0,0.07,-0.138438,0.0158573,-1.89227e-321,-0.0983026,-0.0645089
0,0.07,-0.132729,0.0186904,-1.89227e-321,-0.104722,-0.0699345
0,0.07,-0.127197,0.0214077,-1.89227e-321,-0.111573,-0.0764164
0,0.07,-0.121889,0.0240125,-1.89227e-321,-0.118939,-0.0834924
0,0.07,-0.116807,0.0265087,-1.89227e-321,-0.126858,-0.0904087
0,0.0627701,-0.111885,0.0289007,-1.89227e-321,-0.135317,-0.0988997
-0.00609061,0.0476239,-0.107065,0.0311926,-1.89227e-321,-0.144138,-0.109307
-0.0223323,0.037597,-0.102251,0.0333628,-1.89227e-321,-0.152937,-0.116806
-0.0385739,0.0277572,-0.0964708,0.0354391,-1.89227e-321,-0.161412,-0.121395
-0.0548155,0.0137962,-0.090258,0.0374379,0.00890737,-0.169459,-0.127958
-0.0710572,-0.00105716,-0.0813854,0.0393176,0.0189196,-0.177025,-0.130956
-0.0872988,-0.0172988,-0.0690918,0.0410651,0.0178122,-0.184069,-0.135917
-0.10354,-0.0335404,-0.0547287,0.0425822,0.0164646,-0.190549,-0.141533
-0.119782,-0.0497821,-0.0390328,0.0438419,0.0147417,-0.196422,-0.147786
0.107601,0.151463,-0.0389766,0.0449365,-0.00472531,0.0419844,0.0779364
0.107601,0.115616,-0.0362653,0.0449365,-0.00505272,0.0373196,0.0628724
0.0751176,0.0952383,-0.0336898,0.0469154,-0.00823729,0.0333805,0.0566043
0.0588759,0.0700054,-0.0311218,0.0476176,-0.00454415,0.0304122,0.0470177
0.0426343,0.0447494,-0.0286165,0.0482682,2.70773e-11,0.0283572,0.037779
0.0263927,0.0199682,-0.0261581,0.0488681,-3.23117e-27,0.0272375,0.0289606
0.010151,-0.00656178,-0.0236796,0.049406,7.17465e-43,0.0270587,0.0196187
0,-0.0244843,-0.0212261,0.0498945,-1.59309e-58,0.0276706,0.0138799
0,-0.0409633,-0.0188304,0.0503338,3.53737e-74,0.0287216,0.00869219
0,-0.0535938,-0.0164961,0.0507247,-7.85455e-90,0.0299451,0.0051132
0,-0.0580513,-0.0142206,0.0510687,1.74406e-105,0.0312766,0.00483675
0,-0.066196,-0.0120164,0.0513667,-3.87259e-121,0.0327049,0.00306927
0,-0.0690615,-0.00987464,0.0516203,8.59888e-137,0.0342329,0.00358379
0,-0.07,-0.00781363,0.0518306,-9.54668e-153,0.0358679,0.00467107
0,-0.07,-0.00584429,0.0519993,2.11979e-168,0.0376185,0.00607466
0,-0.07,-0.00394106,0.0521378,-4.70687e-184,0.0394944,0.00798208
0,-0.07,-0.00211082,0.0522376,1.04514e-199,0.0415061,0.00994205
0,-0.07,-0.00032864,0.0522999,-2.32067e-215,0.0436645,0.0124416
0,-0.07,0.00141775,0.0523261,5.15292e-231,0.0459818,0.0153157
0,-0.0696426,0.00312898,0.0523169,-1.14418e-246,0.0484704,0.0185494
0,-0.0679192,0.00478228,0.0522732,2.54059e-262,0.051144,0.0221971
0,-0.0674116,0.00637567,0.0521875,-5.64123e-278,0.0540174,0.025582
0,-0.0676528,0.00791027,0.0520695,1.25261e-293,0.0571066,0.028941
0,-0.0682733,0.00938722,0.0519205,-2.78134e-309,0.0604289,0.0324227
0,-0.0695947,0.010807,0.0517416,-1.47726e-321,0.0640029,0.035897
0,-0.07,0.0121621,0.051534,-1.47726e-321,0.0678485,0.0398629
0,-0.07,0.0134068,0.0512989,-1.47726e-321,0.0719872,0.0435419
0,-0.07,0.0145228,0.0510445,-1.47726e-321,0.076442,0.0471514
0,-0.07,0.0154919,0.0507663,-1.47726e-321,0.0812379,0.0506607
0,-0.07,0.0162996,0.0504671,-1.47726e-321,0.0864015,0.0541363
0,-0.07,0.0169115,0.05015,-1.47726e-321,0.0919616,0.0577237
0,-0.07,0.0173707,0.0498185,-1.47726e-321,0.0979492,0.0617722
0,-0.07,0.0177733,0.0494761,-1.47726e-321,0.104337,0.0662127
0,-0.07,0.0181595,0.0491251,-1.47726e-321,0.111141,0.071498
0,-0.07,0.0186718,0.0487661,-1.47726e-321,0.118455,0.0782884
0,-0.07,0.0192404,0.0483983,-1.47726e-321,0.126319,0.0847233
0,-0.07,0.0195504,0.0480198,-1.47726e-321,0.134727,0.0917346
0.00526878,-0.0614599,0.019246,0.0476324,-1.47726e-321,0.143514,0.0996465
0.0214804,-0.0472244,0.0182962,0.0472439,-1.47726e-321,0.1523,0.108369
0.037692,-0.032308,0.0156399,0.0468676,-0.0169473,0.160769,0.112559
0.0539036,-0.0160964,0.0129213,0.0465229,-0.0212011,0.168815,0.120885
0.0701153,0.000115257,0.00452265,0.0462278,-0.0190596,0.176384,0.125604
0.0863269,0.0163269,-0.00743547,0.0460365,-0.0168579,0.183434,0.131565
0.102538,0.0325385,-0.017262,0.0460477,-0.0159194,0.189924,0.140521
0.11875,0.0487501,-0.0250842,0.0462799,-0.0139977,0.19581,0.149509
-0.108213,-0.137683,-0.0250064,0.0466252,0.00471461,-0.0421283,-0.0730028
-0.0867322,-0.0920108,-0.022677,0.0470826,0.00687461,-0.0376484,-0.0558868
-0.0757893,-0.0785896,-0.0203984,0.0474105,0.00816842,-0.0339338,-0.0505731
-0.0595777,-0.0585927,-0.0181951,0.0478436,0.00523224,-0.0309705,-0.0429431
-0.0433661,-0.0379881,-0.0160537,0.0482317,-3.84496e-11,-0.0288616,-0.0354531
-0.0271545,-0.0151893,-0.0139588,0.0485763,6.46235e-27,-0.0276717,-0.0273286
-0.0109428,0.00904811,-0.0118492,0.0488681,-1.43493e-42,-0.027421,-0.0188481
0,0.0271024,-0.00977755,0.0491177,3.18618e-58,-0.0279775,-0.0130008
0,0.0371243,-0.00776822,0.0493257,-7.07475e-74,-0.0289926,-0.0103748
0,0.0452739,-0.00582015,0.0494931,1.57091e-89,-0.0301864,-0.00846831
0,0.0441272,-0.00394255,0.0496212,-3.48812e-105,-0.0314908,-0.0103436
0,0.0427664,-0.00212548,0.0497113,7.74518e-121,-0.0328936,-0.0122689
0,0.0335287,-0.000376445,0.0497647,-1.71978e-136,-0.0343973,-0.017454
0,0.022527,0.00131187,0.0497828,3.81867e-152,-0.0360089,-0.0233523
0,0.00904429,0.00293953,0.0497666,-8.47915e-168,-0.037737,-0.0303568
0,-0.00442728,0.00451006,0.0497176,1.88275e-183,-0.0395911,-0.0374752
0,-0.0201,0.00602196,0.0496368,-4.18054e-199,-0.0415814,-0.0456436
0,-0.037793,0.00747631,0.0495255,9.28267e-215,-0.043719,-0.0547708
0,-0.0579248,0.00887357,0.0493847,-2.06117e-230,-0.0460158,-0.0650413
0,-0.07,0.00977556,0.0492156,4.57671e-246,-0.0484841,-0.0779602
0,-0.07,0.00805563,0.0490259,-1.27029e-262,-0.0511376,-0.0921585
0,-0.07,-0.021261,0.0488442,1.98325e-278,-0.0539908,-0.107809
0,-0.07,-0.171401,0.048859,-0.0608502,-0.0570597,-0.125784
0,-0.07,-1.20832,0.0495845,-0.0612009,-0.0603615,-0.143275
0,-0.07,-7,0.0530125,-0.0513595,-0.0639145,-0.167415
0,-0.07,-7,0.0946995,-0.0238781,-0.0678962,-0.21012
0,-0.07,-7,0.165304,-0.0157437,-0.0722622,-0.221926
0,-0.07,-7,0.270304,-0.00416553,-0.0767926,-0.23512
0,-0.07,-7,0.410304,-0.0039573,-0.0815616,-0.241751
0,-0.07,-7,0.550304,0.00104952,-0.0890579,-0.259069
0,-0.07,-7,0.690304,-0.00339522,-0.100023,-0.275218
0,-0.07,-7,0.830304,-0.0112597,-0.112248,-0.285882
0,-0.07,-7,0.970304,-0.0112217,-0.12518,-0.293836
0,-0.07,-7,1.1103,-0.0149479,-0.138633,-0.292372
-0.0134624,-0.0834624,-7,1.2503,-0.0213807,-0.152237,-0.279559
-0.045872,-0.115872,-6.74466,1.4778,-0.00268981,-0.165551,-0.249591
-0.0673122,-0.137312,-6.46566,1.6283,5.40519e-09,-0.178303,-0.2389
-0.0792789,-0.149279,-6.19272,1.70937,0.00123218,-0.190319,-0.233873
-0.0932399,-0.154039,-5.92761,1.79934,0.0070325,-0.201536,-0.22867
-0.113184,-0.129385,-5.67057,1.92094,0.0139167,-0.211937,-0.222228
-0.133129,-0.112058,-5.41965,2.03731,0.0228042,-0.221499,-0.218542
0.146093,0.0825564,-5.41974,2.14859,-3.46945e-18,0.068986,0.0590286
0.126148,0.0758921,-5.16981,2.25698,7.70372e-34,0.0612371,0.0562929
0.106204,0.0664953,-4.92531,2.36188,-0.000906781,0.0544757,0.0514893
0.0862594,0.0768965,-4.6858,2.46185,-0.00309636,0.0487632,0.0551091
0.066315,0.0820395,-4.4521,2.5582,-1.02987e-11,0.0441657,0.056743
0.0463707,0.0826541,-4.22342,2.64982,8.07794e-28,0.0407502,0.0570755
0.0264263,0.0741862,-3.99254,2.73566,-2.69049e-43,0.03857,0.0539906
0.00648192,0.0614445,-3.76298,2.81805,3.98273e-59,0.0376071,0.0496372
0,0.0549429,-3.53769,2.89468,-8.84344e-75,0.0375531,0.0480089
0,0.0423563,-3.31749,2.96679,1.96364e-90,0.0379479,0.0439844
0,0.0342458,-3.10245,3.03446,-4.36015e-106,0.0385555,0.0419583
0,0.0252394,-2.89256,3.0978,9.68148e-122,0.039317,0.0396266
0,0.0165572,-2.68779,3.15691,-2.14972e-137,0.0402201,0.0375665
0,0.0151449,-2.4881,3.21189,4.77334e-153,0.0412656,0.0385427
0,0.0138924,-2.29346,3.26286,-1.05989e-168,0.0424579,0.0396203
0,0.0125643,-2.10382,3.30989,2.35344e-184,0.0438033,0.0408263
0,0.0120554,-1.91916,3.35311,-5.22568e-200,0.0453091,0.0425347
0,0.00831918,-1.73943,3.3926,1.16033e-215,0.0469837,0.0431296
0,0.00335395,-1.56457,3.42846,-2.57646e-231,0.0488362,0.0434849
0,-0.00296147,-1.39456,3.46081,5.72089e-247,0.0508768,0.0435346
0,-0.00822714,-1.22933,3.48972,-1.27029e-262,0.0531164,0.0442532
0,-0.0122217,-1.06884,3.51529,2.82062e-278,0.0555674,0.0457064
0,-0.017146,-0.91304,3.53763,-6.26303e-294,0.0582432,0.0470238
0,-0.022202,-0.761872,3.55683,1.39067e-309,0.0611588,0.0485674
0,-0.0274611,-0.615283,3.57297,-1.68476e-321,0.0643305,0.0503029
0,-0.0330873,-0.473221,3.58616,-1.68476e-321,0.067776,0.0521679
0,-0.0402025,-0.335628,3.59648,-1.68476e-321,0.0715144,0.053714
0,-0.0455925,-0.202444,3.60401,-1.68476e-321,0.0755666,0.0562322
0,-0.050083,-0.073611,3.60886,-1.68476e-321,0.0799552,0.0593267
0,-0.0544772,0.0509291,3.61111,-1.68476e-321,0.0847047,0.0626637
0,-0.0568338,0.171234,3.61084,-1.68476e-321,0.0898414,0.0669958
0,-0.0571144,0.28736,3.60813,-1.68476e-321,0.0953941,0.0722635
0,-0.05618,0.399378,3.60308,-1.68476e-321,0.101393,0.0780676
0,-0.0532349,0.507359,3.59577,-1.68476e-321,0.107835,0.0843565
0,-0.0490242,0.611366,3.58627,-1.68476e-321,0.114742,0.0913448
0,-0.0450124,0.711458,3.57466,-1.68476e-321,0.122184,0.0981088
0,-0.0395675,0.807697,3.56104,-1.68476e-321,0.13019,0.105245
0,-0.0296891,0.900116,3.54546,-1.68476e-321,0.138728,0.113851
0.0101741,-0.0153207,0.988542,3.52801,-1.68476e-321,0.147541,0.123834
0.0264526,-0.0103042,1.07268,3.50877,-1.68476e-321,0.156235,0.129609
0.0427311,-0.00776467,1.15105,3.48782,-1.68476e-321,0.164575,0.134101
0.0590096,-0.000830341,1.22434,3.46527,-1.68476e-321,0.172476,0.13951
0.0752881,0.0103426,1.29336,3.44126,-0.0108364,0.179888,0.142951
0.0915666,0.027046,1.35909,3.41622,-0.0173912,0.18677,0.150122
0.107845,0.0378451,1.42218,3.38983,-0.0185374,0.193079,0.158624
-0.120054,-0.13282,1.42226,3.36214,0.00182434,-0.045407,-0.0709713
-0.103775,-0.109709,1.48293,3.3337,0.00365243,-0.0403801,-0.062026
-0.087497,-0.0905569,1.54083,3.30471,0.00525803,-0.0360694,-0.0542876
-0.0712185,-0.073428,1.59602,3.27453,0.0070636,-0.0325299,-0.047656
-0.05494,-0.0540526,1.64848,3.24321,3.78166e-11,-0.0298202,-0.0404134
-0.0386615,-0.0340526,1.69807,3.21082,-6.46235e-27,-0.0279992,-0.0332246
-0.0223829,-0.0109163,1.74605,3.17716,1.43493e-42,-0.0271156,-0.025011
-0.00610444,0.0111912,1.79264,3.14252,-3.18618e-58,-0.027164,-0.0174279
0,0.0217945,1.8368,3.10695,7.07475e-74,-0.0279192,-0.0145534
0,0.0379794,1.87831,3.07048,-1.57091e-89,-0.0290213,-0.00937631
0,0.0454811,1.91716,3.03316,3.48812e-105,-0.0302731,-0.00784757
0,0.0516034,1.9534,2.99505,-7.74518e-121,-0.0316284,-0.00683753
0,0.0598113,1.9871,2.9562,1.71978e-136,-0.0330807,-0.00508378
0,0.0638043,2.01829,2.91666,-3.81867e-152,-0.0346343,-0.00516649
0,0.0663672,2.04702,2.87648,8.47915e-168,-0.0362971,-0.00588936
0,0.0649527,2.07337,2.83572,-1.88275e-183,-0.0380778,-0.00832552
0,0.0616064,2.09745,2.79441,4.18054e-199,-0.0399864,-0.0116331
0,0.0562226,2.11932,2.7526,-9.28267e-215,-0.0420335,-0.0159004
0,0.0494193,2.13906,2.71035,2.06117e-230,-0.0442303,-0.0208942
0,0.041667,2.1567,2.66768,-4.57671e-246,-0.046589,-0.0264499
0,0.0340299,2.17229,2.62466,1.01623e-261,-0.0491223,-0.0321647
0,0.0278586,2.18588,2.5813,-2.25649e-277,-0.0518442,-0.0375305
0,0.0215715,2.19754,2.53767,5.01042e-293,-0.0547699,-0.0432124
0,0.0186697,2.20732,2.49379,-1.11254e-308,-0.0579156,-0.0477984
0,0.0179732,2.21528,2.4497,-1.2154e-321,-0.0612989,-0.0518205
0,0.0179656,2.22148,2.40544,-1.2154e-321,-0.0649387,-0.0558692
0,0.0187048,2.22597,2.36105,-1.2154e-321,-0.0688553,-0.0598957
0,0.0200639,2.2288,2.31656,-1.2154e-321,-0.0730707,-0.0639429
0,0.0209759,2.23003,2.272,-1.2154e-321,-0.0776083,-0.0684189
0,0.0206995,2.22971,2.2274,-1.2154e-321,-0.0824934,-0.0735784
0,0.021894,2.2279,2.18281,-1.2154e-321,-0.0877532,-0.0783142
0,0.0265079,2.22464,2.13824,-1.2154e-321,-0.0934172,-0.0818447
0,0.0312473,2.21999,2.09373,-1.2154e-321,-0.0995166,-0.085461
0,0.031954,2.21399,2.0493,-1.2154e-321,-0.10609,-0.0907603
0,0.0298735,2.2067,2.00498,-1.2154e-321,-0.113174,-0.097017
0,0.0236418,2.19815,1.96081,-1.2154e-321,-0.120798,-0.10476
0,0.0162387,2.18841,1.91679,-1.2154e-321,-0.128982,-0.112701
0,0.00406153,2.17751,1.87297,-1.2154e-321,-0.137692,-0.122248
-0.0102169,-0.00835843,2.1655,1.82935,-1.2154e-321,-0.146668,-0.131465
-0.026564,-0.00974595,2.15252,1.78597,-1.2154e-321,-0.155517,-0.135866
-0.0429111,-0.0152331,2.1385,1.74284,-1.2154e-321,-0.164002,-0.141632
-0.0592581,-0.0167728,2.12311,1.69999,-1.2154e-321,-0.172039,-0.145302
-0.0756052,-0.0125653,2.10695,1.65743,0.00581186,-0.179578,-0.144282
-0.0919523,-0.0244077,2.09098,1.61518,0.0194762,-0.186577,-0.145
-0.108299,-0.0382994,2.07956,1.57314,0.0187266,-0.192995,-0.145077
0.12056,0.183379,2.0806,1.53141,-0.00547601,0.0464187,0.091397
0.100943,0.165609,2.06214,1.4815,-0.00765015,0.0413263,0.0842122
0.0878655,0.151772,2.04296,1.44829,-0.0089957,0.0369639,0.0783424
0.0715185,0.130905,2.02276,1.40723,-0.0108385,0.0333525,0.0704053
0.0551714,0.0985264,2.00126,1.36656,-0.00331165,0.0305714,0.0592424
0.0388243,0.0700649,1.97924,1.32628,3.20593e-11,0.0286854,0.0487516
0.0224772,0.0442887,1.95668,1.28645,-6.46235e-27,0.0277442,0.0395998
0.00613015,0.0210585,1.93288,1.24718,1.43493e-42,0.0277427,0.0315961
0,0.00628262,1.90832,1.20838,-3.18618e-58,0.0284543,0.0270605
0,-0.014003,1.8832,1.17006,7.07475e-74,0.0295171,0.0202978
0,-0.0254556,1.85763,1.13225,-1.57091e-89,0.0307328,0.0172425
0,-0.0344477,1.83166,1.09494,3.48812e-105,0.0320546,0.0151352
0,-0.045294,1.80531,1.05815,-7.74518e-121,0.033476,0.01236
0,-0.0505515,1.77864,1.02189,1.71978e-136,0.0350009,0.0119662
0,-0.0544528,1.75167,0.986156,-3.81867e-152,0.0366371,0.012162
0,-0.0544511,1.72442,0.950961,8.47915e-168,0.0383931,0.0140423
0,-0.0538784,1.69692,0.916309,-1.88275e-183,0.0402789,0.0162516
0,-0.0543346,1.66921,0.882205,4.18054e-199,0.0423047,0.0182168
0,-0.0547496,1.64129,0.848655,-9.28267e-215,0.0444818,0.0204048
0,-0.054846,1.61321,0.815662,2.06117e-230,0.0468222,0.0229239
0,-0.0532335,1.58499,0.783229,-4.57671e-246,0.0493386,0.0263399
0,-0.0507506,1.55664,0.75136,1.01623e-261,0.0520449,0.0303115
0,-0.0488515,1.5282,0.720057,-2.25649e-277,0.054956,0.0342838
0,-0.0479642,1.49968,0.689322,5.01042e-293,0.0580881,0.0381185
0,-0.0475169,1.47111,0.659158,-1.11254e-308,0.0614589,0.0420575
0,-0.0497814,1.4425,0.629564,-1.2154e-321,0.0650871,0.0451879
0,-0.053616,1.41388,0.600542,-1.2154e-321,0.068993,0.0479981
0,-0.0579426,1.38526,0.572093,-1.2154e-321,0.0731984,0.0508924
0,-0.0629725,1.35667,0.544216,-1.2154e-321,0.0777267,0.0537537
0,-0.0689832,1.32812,0.516911,-1.2154e-321,0.0826032,0.0564498
0,-0.07,1.29951,0.490177,-1.2154e-321,0.0878551,0.0595793
0,-0.07,1.27087,0.464016,-1.2154e-321,0.0935116,0.0632597
0,-0.07,1.24225,0.438283,-1.2154e-321,0.0996042,0.0673867
0,-0.07,1.21381,0.413123,-1.2154e-321,0.106036,0.0727778
0,-0.07,1.18561,0.388534,-1.2154e-321,0.112804,0.0795129
0,-0.07,1.15769,0.364512,-1.2154e-321,0.120066,0.0866866
0,-0.0652624,1.12993,0.341051,-1.2154e-321,0.127879,0.0937643
0,-0.0543135,1.10232,0.318147,-1.2154e-321,0.136231,0.102773
0.00687169,-0.0434642,1.07488,0.295935,-1.2154e-321,0.144931,0.111317
0.0230404,-0.0370417,1.04758,0.274273,-1.2154e-321,0.153594,0.117324
0.039209,-0.0265713,1.01981,0.253144,-1.2154e-321,0.161934,0.12255
0.0553777,-0.0131874,0.991717,0.232428,-0.00873599,0.169849,0.128477
0.0715464,0.0015464,0.960364,0.212271,-0.0156351,0.177289,0.131633
0.0877151,0.0177151,0.926301,0.19264,-0.0152455,0.184212,0.136784
0.103884,0.0338837,0.889859,0.173739,-0.0137084,0.190575,0.14241
0.120052,0.0500524,0.852681,0.155541,-0.0118986,0.196335,0.149187
-0.106309,-0.140332,0.852754,0.137744,0.00398726,-0.0410847,-0.0734134
-0.0840771,-0.0998625,0.82907,0.113273,0.00623284,-0.0367394,-0.0584576
-0.0739717,-0.0876349,0.805462,0.102631,0.00645748,-0.033162,-0.0535325
-0.057803,-0.0646733,0.782337,0.0862618,0.00309033,-0.0303281,-0.0447568
-0.0416343,-0.0399843,0.759545,0.0703606,3.53471e-11,-0.0283474,-0.0357307
-0.0254657,-0.0149475,0.736767,0.054919,-6.46235e-27,-0.0272847,-0.0268181
-0.00929699,0.00969213,0.713502,0.040047,1.43493e-42,-0.0271531,-0.0182489
0,0.0263879,0.690284,0.0256374,-3.18618e-58,-0.027791,-0.0129827
0,0.0440484,0.667314,0.0116924,7.07475e-74,-0.0288477,-0.00731504
0,0.0543645,0.644644,-0.00179169,-1.57091e-89,-0.0300722,-0.00468909
0,0.0574679,0.622294,-0.0148206,3.48812e-105,-0.0314041,-0.00492905
0,0.0642341,0.600281,-0.0274006,-7.74518e-121,-0.032833,-0.00370304
0,0.064519,0.578598,-0.0395383,1.71978e-136,-0.0343623,-0.00523935
0,0.06422,0.557255,-0.0512403,-3.81867e-152,-0.0359992,-0.0070396
0,0.0651101,0.536257,-0.0625135,8.47915e-168,-0.0377526,-0.00849929
0,0.0673455,0.515605,-0.0733646,-1.88275e-183,-0.0396319,-0.00959706
0,0.0692703,0.495303,-0.0838006,4.18054e-199,-0.0416478,-0.0110113
0,0.07,0.475374,-0.0938285,-4.64134e-215,-0.0438113,-0.0127325
0,0.07,0.455831,-0.103456,1.03058e-230,-0.0461344,-0.0147506
0,0.07,0.43661,-0.112787,-2.28836e-246,-0.0486297,-0.0178965
0,0.07,0.417709,-0.121731,5.08117e-262,-0.0513108,-0.0213276
0,0.0691211,0.399156,-0.130293,-1.12825e-277,-0.0541927,-0.0249456
0,0.0686551,0.380955,-0.13848,2.50521e-293,-0.0572914,-0.0286003
0,0.0684145,0.363111,-0.146208,-5.56268e-309,-0.0606243,-0.0324342
0,0.0682105,0.345622,-0.153578,1.89227e-321,-0.0642098,-0.0365237
0,0.0671948,0.328489,-0.160595,1.89227e-321,-0.0680682,-0.0412035
0,0.0670315,0.311712,-0.167268,1.89227e-321,-0.0722209,-0.0457888
0,0.0679519,0.29529,-0.173603,1.89227e-321,-0.076691,-0.0501981
0,0.069247,0.279224,-0.179607,1.89227e-321,-0.0815036,-0.0546952
0,0.07,0.263541,-0.185288,1.89227e-321,-0.0866854,-0.0591417
0,0.07,0.24829,-0.190653,1.89227e-321,-0.0922653,-0.0632996
0,0.07,0.233437,-0.195786,1.89227e-321,-0.0982743,-0.0679183
0,0.07,0.218877,-0.200618,1.89227e-321,-0.104732,-0.0739647
0,0.07,0.204556,-0.205156,1.89227e-321,-0.111671,-0.0808535
0,0.0655606,0.190553,-0.209405,1.89227e-321,-0.119136,-0.0881684
0,0.0601078,0.176896,-0.21337,1.89227e-321,-0.127156,-0.095377
0,0.0504157,0.163615,-0.21699,1.89227e-321,-0.135714,-0.103996
-0.00692558,0.0390595,0.1507,-0.220342,1.89227e-321,-0.144613,-0.112877
-0.0232211,0.0348832,0.138206,-0.223433,1.89227e-321,-0.153468,-0.118469
-0.0395166,0.025875,0.127212,-0.226272,1.89227e-321,-0.161988,-0.123097
-0.0558121,0.0122086,0.117377,-0.228893,0.00769247,-0.170073,-0.129426
-0.0721075,-0.00210754,0.11014,-0.231354,0.0202038,-0.177672,-0.132274
-0.088403,-0.018403,0.107366,-0.233658,0.0186914,-0.184743,-0.136673
-0.104699,-0.0346985,0.106503,-0.235837,0.0175924,-0.191243,-0.142665
-0.120994,-0.050994,0.10616,-0.237977,0.0164204,-0.19713,-0.149348
0.107143,0.149617,0.106209,-0.240107,-0.00495233,0.0420755,0.0773924
0.0855513,0.109508,0.0951361,-0.24293,-0.0070748,0.0376162,0.0628426
0.0745519,0.0928506,0.084199,-0.244336,-0.00840609,0.0339337,0.0561649
0.0582564,0.0673535,0.0736481,-0.24614,-0.00394039,0.0310143,0.0464019
0.0419609,0.0426021,0.0633795,-0.247729,1.1002e-11,0.0289613,0.0373511
0.0256654,0.0177451,0.0533233,-0.24911,-1.61559e-27,0.0278378,0.0284757
0.00936991,-0.00751015,0.0432118,-0.250237,3.58732e-43,0.0276567,0.0196247
0,-0.0215265,0.0332924,-0.251161,-7.96546e-59,0.0282541,0.0154067
0,-0.037587,0.0236434,-0.251887,1.76869e-74,0.0292761,0.0103075
0,-0.0482494,0.0142969,-0.252418,-3.92727e-90,0.0304692,0.00749076
0,-0.0513504,0.00526102,-0.25276,8.7203e-106,0.0317722,0.00771041
0,-0.0580484,-0.0034781,-0.252919,-1.9363e-121,0.0331743,0.00648624
0,-0.0590205,-0.0119128,-0.252902,4.29944e-137,0.0346788,0.00772288
0,-0.060721,-0.0200556,-0.252714,-9.54668e-153,0.0362927,0.0087122
0,-0.0632416,-0.0279103,-0.252362,2.11979e-168,0.0380247,0.00952941
0,-0.0645443,-0.0354781,-0.251851,-4.70687e-184,0.0398844,0.0110037
0,-0.0676006,-0.0427676,-0.251187,1.04514e-199,0.0418819,0.0119317
0,-0.07,-0.0497916,-0.250375,-2.90084e-215,0.0440284,0.0131476
0,-0.07,-0.0565876,-0.249421,0,0.0463357,0.014993
0,-0.07,-0.0631166,-0.248364,0,0.0488163,0.0177215
0,-0.07,-0.0693619,-0.247174,0,0.0514839,0.0210157
0,-0.07,-0.0753503,-0.245855,0,0.0543532,0.0242498
0,-0.07,-0.0811357,-0.244414,0,0.0574403,0.0269947
0,-0.07,-0.0867303,-0.242855,0,0.0607623,0.0298405
0,-0.07,-0.0921758,-0.241182,0,0.0643379,0.0323683
0,-0.07,-0.0974654,-0.239399,0,0.0681869,0.0353804
0,-0.07,-0.102632,-0.237507,0,0.072331,0.0385933
0,-0.07,-0.107651,-0.235512,0,0.0767931,0.0422953
0,-0.07,-0.112534,-0.233416,0,0.0815983,0.0461215
0,-0.07,-0.117334,-0.231219,0,0.0867732,0.0496759
0,-0.07,-0.122083,-0.228925,0,0.0923467,0.053316
0,-0.07,-0.126768,-0.226534,0,0.0983498,0.0570706
0,-0.07,-0.131214,-0.224047,0,0.104717,0.061206
0,-0.07,-0.135322,-0.22147,0,0.111454,0.0665256
0,-0.07,-0.138986,-0.218807,0,0.118689,0.0731399
0,-0.07,-0.142649,-0.216067,0,0.126472,0.0797029
0,-0.07,-0.146663,-0.213256,0,0.134799,0.0868967
0.00525,-0.06475,-0.151218,-0.210369,0,0.143508,0.0951154
0.0214038,-0.0485962,-0.156575,-0.207395,-0.00940827,0.152218,0.102799
0.0375577,-0.0324423,-0.165269,-0.204328,-0.0177756,0.160615,0.108288
0.0537115,-0.0162885,-0.175091,-0.20114,-0.0199087,0.168593,0.116179
0.0698653,-0.000134676,-0.190155,-0.197751,-0.0179825,0.176099,0.121513
0.0860192,0.0160192,-0.209021,-0.194121,-0.0160774,0.183089,0.128196
0.102173,0.032173,-0.225079,-0.190158,-0.0146823,0.189523,0.137134
0.118327,0.0483268,-0.23798,-0.185841,-0.012563,0.195359,0.146313
-0.107827,-0.142678,-0.237908,-0.181339,0.00495669,-0.0417593,-0.0749424
-0.0856153,-0.0972407,-0.235759,-0.175149,0.00718163,-0.0373302,-0.0579332
-0.0755192,-0.0852888,-0.233637,-0.172185,0.00796068,-0.0336638,-0.0531439
-0.0593653,-0.0652609,-0.231454,-0.167489,0.00546816,-0.0307354,-0.0454894
-0.0432115,-0.0475278,-0.229212,-0.162836,-2.6256e-11,-0.0286544,-0.0391553
-0.0270577,-0.0245925,-0.22688,-0.158227,3.23117e-27,-0.0274873,-0.0309398
-0.0109038,-0.000795514,-0.224398,-0.153675,-7.17465e-43,-0.0272546,-0.0226437
0,0.0179626,-0.221821,-0.149173,1.59309e-58,-0.0278252,-0.0165141
0,0.0375857,-0.219171,-0.144721,-3.53737e-74,-0.0288518,-0.01007
0,0.0515817,-0.216465,-0.140321,7.85455e-90,-0.030056,-0.00598052
0,0.0546553,-0.213714,-0.135976,-1.74406e-105,-0.0313699,-0.00626431
0,0.0572086,-0.210911,-0.131685,3.87259e-121,-0.0327815,-0.00669505
0,0.0542043,-0.208065,-0.12745,-8.59888e-137,-0.0342933,-0.00945432
0,0.0511466,-0.205175,-0.123272,1.90934e-152,-0.0359125,-0.012279
0,0.0471496,-0.202244,-0.119151,-4.23958e-168,-0.0376476,-0.0156202
0,0.0447101,-0.199274,-0.115088,9.41375e-184,-0.0395082,-0.018481
0,0.0443145,-0.196267,-0.111085,-2.09027e-199,-0.0415045,-0.0207201
0,0.0462827,-0.193227,-0.107142,4.64134e-215,-0.0436477,-0.0222322
0,0.0485034,-0.190157,-0.103259,-1.03058e-230,-0.0459497,-0.0238799
0,0.0507612,-0.187063,-0.0994373,2.28836e-246,-0.0484228,-0.0257308
0,0.0530192,-0.183945,-0.0956775,-5.08117e-262,-0.0510807,-0.0278119
0,0.055084,-0.180809,-0.0919799,1.12825e-277,-0.0539381,-0.0302134
0,0.057013,-0.177656,-0.0883449,-2.50521e-293,-0.0570108,-0.0329204
0,0.0595676,-0.174488,-0.0847729,5.56268e-309,-0.0603161,-0.0356381
0,0.0623941,-0.171308,-0.0812641,-1.89227e-321,-0.0638725,-0.0385236
0,0.0666601,-0.168116,-0.0778189,-1.89227e-321,-0.0676997,-0.0411049
0,0.0697243,-0.164919,-0.0744374,-1.89227e-321,-0.0718192,-0.0444477
0,0.07,-0.161676,-0.0711198,-1.89227e-321,-0.0762539,-0.0484758
0,0.07,-0.158387,-0.0678669,-1.89227e-321,-0.0810287,-0.0527519
0,0.07,-0.155078,-0.0646629,-1.89227e-321,-0.08617,-0.0575824
0,0.07,-0.151743,-0.061525,-1.89227e-321,-0.0917065,-0.0624303
0,0.07,-0.148416,-0.0584534,-1.89227e-321,-0.0976691,-0.0678114
0,0.07,-0.145169,-0.0554485,-1.89227e-321,-0.104095,-0.074337
0,0.0680879,-0.142014,-0.0525078,-1.89227e-321,-0.111021,-0.0816996
0,0.0620985,-0.138874,-0.0496328,-1.89227e-321,-0.118477,-0.08939
0,0.053443,-0.135749,-0.0468365,-1.89227e-321,-0.126489,-0.0978988
0,0.0433915,-0.132637,-0.0441028,-1.89227e-321,-0.135046,-0.106664
-0.00531261,0.0342285,-0.129536,-0.0414314,-1.89227e-321,-0.143982,-0.11472
-0.0216591,0.032687,-0.126447,-0.038822,-1.89227e-321,-0.152912,-0.119352
-0.0380056,0.0274684,-0.122369,-0.0362746,-1.89227e-321,-0.161519,-0.12249
-0.0543521,0.0153254,-0.117252,-0.0337986,0.0123987,-0.169695,-0.127029
-0.0706986,-0.000698609,-0.106608,-0.0313922,0.0187205,-0.177386,-0.128875
-0.0870451,-0.0170451,-0.0891916,-0.029111,0.0170871,-0.18455,-0.132245
-0.103392,-0.0333916,-0.067352,-0.0271269,0.0167694,-0.191146,-0.137458
-0.119738,-0.0497381,-0.0409306,-0.0255287,0.0148142,-0.19713,-0.143574
0.109113,0.16276,-0.0406438,-0.0241816,-0.00460923,0.0427421,0.0817696
0.0866364,0.120057,-0.03999,-0.0223295,-0.00683134,0.0381908,0.0666111
0.0764199,0.103641,-0.0394076,-0.0218221,-0.00806416,0.0344156,0.0603185
0.0600734,0.0768542,-0.0388375,-0.0210275,-0.00513751,0.0313916,0.050005
0.0437269,0.0500228,-0.0382666,-0.0202445,3.37276e-11,0.0292291,0.0401175
0.0273804,0.0237177,-0.0376879,-0.0194729,-1.29247e-26,0.0279951,0.0306758
0.0110339,-0.00415495,-0.0370857,-0.0187156,2.86986e-42,0.0277104,0.0207869
0,-0.0223257,-0.0364611,-0.0179703,-6.37237e-58,0.0282414,0.0149397
0,-0.0396071,-0.0358305,-0.0172373,1.41495e-73,0.0292361,0.0094085
0,-0.0528778,-0.0351926,-0.016517,-3.14182e-89,0.0304119,0.0055608
0,-0.0577961,-0.0345439,-0.0158093,6.97624e-105,0.0316999,0.00508587
0,-0.0653693,-0.0338966,-0.0151145,-1.54904e-120,0.0330875,0.00353028
0,-0.0681545,-0.0332432,-0.0144327,3.43955e-136,0.034577,0.00404541
0,-0.0686283,-0.032587,-0.0137639,-7.63734e-152,0.0361756,0.0055402
0,-0.0683188,-0.0319302,-0.0131082,1.69583e-167,0.0378916,0.00745528
0,-0.0669757,-0.031273,-0.0124657,-3.7655e-183,0.0397344,0.00992781
0,-0.0684219,-0.03062,-0.0118363,8.36109e-199,0.0417144,0.0114419
0,-0.0689453,-0.0299674,-0.01122,-1.85653e-214,0.0438423,0.0135534
0,-0.0698778,-0.0293171,-0.0106167,4.12234e-230,0.0461301,0.0156881
0,-0.0690036,-0.0286671,-0.0100265,-9.15342e-246,0.0485902,0.0187652
0,-0.0677709,-0.0280194,-0.00944921,2.03247e-261,0.0512359,0.022188
0,-0.0676262,-0.0273759,-0.00888494,-4.51299e-277,0.054082,0.0254144
0,-0.0692793,-0.0267377,-0.00833356,1.00208e-292,0.0571443,0.0281944
0,-0.07,-0.0261277,-0.00779498,-1.11254e-308,0.0604399,0.031255
0,-0.07,-0.0255689,-0.00726876,-1.2154e-321,0.0639873,0.03451
0,-0.07,-0.0250828,-0.00675124,-1.2154e-321,0.0678062,0.0376918
0,-0.07,-0.0246835,-0.00624424,-1.2154e-321,0.0719179,0.0408906
0,-0.07,-0.0243985,-0.00574617,-1.2154e-321,0.0763455,0.0440143
0,-0.07,-0.0242641,-0.00525507,-1.2154e-321,0.0811136,0.0472814
0,-0.07,-0.0242464,-0.00476831,-1.2154e-321,0.0862487,0.0510294
0,-0.07,-0.0243806,-0.00428319,-1.2154e-321,0.0917796,0.0544984
0,-0.07,-0.0247166,-0.00379705,-1.2154e-321,0.0977368,0.0578542
0,-0.07,-0.0250953,-0.00330641,-1.2154e-321,0.104085,0.061747
0,-0.07,-0.0254578,-0.00280849,-1.2154e-321,0.110839,0.0665802
0,-0.07,-0.0257052,-0.00230314,-1.2154e-321,0.118099,0.0723854
0,-0.07,-0.0264146,-0.00179175,-1.2154e-321,0.125907,0.0783986
0,-0.07,-0.0280815,-0.00127162,-1.2154e-321,0.134262,0.0849165
0.00445189,-0.0655481,-0.0310397,-0.000729159,-0.00388975,0.143016,0.0924212
0.0206406,-0.0493594,-0.0345789,-0.000143863,-0.0158507,0.151789,0.100443
0.0368292,-0.0331708,-0.0448831,0.000505245,-0.0177291,0.160254,0.105703
0.0530179,-0.0169821,-0.0557049,0.00126895,-0.0197803,0.168299,0.113639
0.0692066,-0.000793415,-0.0712704,0.0022586,-0.0180909,0.175871,0.120016
0.0853953,0.0153953,-0.0933895,0.00349722,-0.0160744,0.182927,0.126386
0.101584,0.0315839,-0.109565,0.00511064,-0.0150572,0.189427,0.136108
0.117773,0.0477726,-0.122659,0.00711593,-0.0125543,0.195327,0.145406
-0.108869,-0.143657,-0.122587,0.00930724,0.00473176,-0.0422491,-0.0754065
-0.0866094,-0.0992601,-0.118236,0.0123203,0.00696197,-0.0377558,-0.0587863
-0.0764915,-0.0889621,-0.113927,0.0138396,0.00716594,-0.0340252,-0.0546137
-0.0603028,-0.0715521,-0.109734,0.0161655,0.00598516,-0.0310325,-0.0479559
-0.0441141,-0.0555283,-0.105618,0.0184063,-1.3163e-11,-0.0288872,-0.0422445
-0.0279255,-0.0338479,-0.101547,0.020564,1.61559e-27,-0.0276565,-0.0344876
-0.0117368,-0.0103569,-0.0974035,0.0226193,-3.58732e-43,-0.027365,-0.026281
0,0.00830333,-0.0932739,0.0245923,7.96546e-59,-0.0278961,-0.020175
0,0.0238585,-0.0892052,0.0264825,-1.76869e-74,-0.0289034,-0.0153444
0,0.0378302,-0.0852088,0.028291,3.92727e-90,-0.0300937,-0.0111932
0,0.0411648,-0.0812983,0.0300192,-8.7203e-106,-0.0313954,-0.0113632
0,0.0443947,-0.077464,0.0316686,1.9363e-121,-0.0327952,-0.0115183
0,0.0436176,-0.0737104,0.0332409,-4.29944e-137,-0.0342954,-0.013389
0,0.0414709,-0.0700348,0.0347376,9.54668e-153,-0.035903,-0.015874
0,0.0376263,-0.0664374,0.0361604,-2.11979e-168,-0.0376265,-0.0191578
0,0.03434,-0.0629158,0.0375107,4.70687e-184,-0.0394754,-0.0223482
0,0.0311345,-0.0594702,0.0387902,-1.04514e-199,-0.0414599,-0.0256849
0,0.0282146,-0.0561003,0.0400002,2.32067e-215,-0.043591,-0.0290939
0,0.0280988,-0.0528029,0.0411425,-5.15292e-231,-0.0458806,-0.0315872
0,0.0283739,-0.0495804,0.0422183,1.14418e-246,-0.048341,-0.034181
0,0.03001,-0.0464313,0.0432292,-2.54059e-262,-0.0509856,-0.0364664
0,0.03468,-0.0433536,0.0441768,5.64123e-278,-0.0538293,-0.0378039
0,0.0425241,-0.0403466,0.0450623,-1.25261e-293,-0.0568877,-0.0381744
0,0.0496941,-0.0374139,0.0458873,2.78134e-309,-0.060178,-0.0391251
0,0.0565729,-0.0345548,0.0466532,1.47726e-321,-0.0637186,-0.0404487
0,0.063564,-0.0317683,0.0473614,1.47726e-321,-0.0675292,-0.0419897
0,0.07,-0.0290396,0.0480135,1.47726e-321,-0.0716311,-0.0437769
0,0.07,-0.0262494,0.0486107,1.47726e-321,-0.0760472,-0.0465035
0,0.07,-0.0234037,0.0491663,1.47726e-321,-0.0808021,-0.0494993
0,0.07,-0.0205495,0.0496657,1.47726e-321,-0.0859224,-0.0534664
0,0.07,-0.0177717,0.0501081,1.47726e-321,-0.0914366,-0.0586295
0,0.07,-0.0150657,0.0504941,1.47726e-321,-0.0973752,-0.063838
0,0.07,-0.0125087,0.0508252,1.47726e-321,-0.103772,-0.0703157
0,0.07,-0.0101661,0.0511035,1.47726e-321,-0.110661,-0.0777993
0,0.07,-0.00805145,0.0513326,1.47726e-321,-0.118077,-0.0854619
0,0.0624356,-0.00604316,0.0515168,1.47726e-321,-0.126048,-0.0940689
0,0.0508669,-0.00410858,0.0516598,1.47726e-321,-0.134567,-0.103465
-0.00449199,0.0408756,-0.0022405,0.0517536,1.47726e-321,-0.143484,-0.111842
-0.0208265,0.0351265,-0.000442328,0.0518096,1.47726e-321,-0.152416,-0.118157
-0.037161,0.0285158,0.00233943,0.0518292,1.47726e-321,-0.161032,-0.121661
-0.0534955,0.0165045,0.00616254,0.0518019,0.0129882,-0.16922,-0.125977
-0.06983,0.000170021,0.015481,0.0517265,0.0175611,-0.176926,-0.128528
-0.0861645,-0.0161645,0.0327041,0.051538,0.015466,-0.184108,-0.131768
-0.102499,-0.032499,0.0545249,0.0510906,0.0152072,-0.190724,-0.137199
-0.118833,-0.0488335,0.0817379,0.050251,0.0132151,-0.196732,-0.143443
0.109849,0.158943,0.0818895,0.0491605,-0.00465391,0.0429334,0.0807586
0.0869812,0.115956,0.0807194,0.0476338,-0.00659398,0.0383561,0.0654828
0.0771805,0.102639,0.0795534,0.0466648,-0.00596157,0.0345524,0.0600186
0.060846,0.0773882,0.0783916,0.0450609,-0.0051399,0.0314916,0.0502563
0.0445115,0.0510735,0.0772359,0.0434803,-3.58326e-11,0.0292874,0.0405392
0.028177,0.0240194,0.0760655,0.0419223,0,0.0280084,0.0307804
0.0118425,-0.003225,0.0748445,0.040394,0,0.0276794,0.0211459
0,-0.0213806,0.0736058,0.0388898,0,0.0281826,0.015289
0,-0.037049,0.0723565,0.0374102,0,0.0291678,0.0103966
0,-0.051058,0.0711002,0.0359556,0,0.0303385,0.00622414
0,-0.0547016,0.069848,0.034526,0,0.0316223,0.00626393
0,-0.0622888,0.0685862,0.0331216,0,0.0330056,0.00467707
0,-0.0644591,0.0673255,0.0317423,0,0.0344905,0.0054312
0,-0.0646666,0.0660633,0.0303882,0,0.036084,0.00701547
0,-0.0645125,0.0647994,0.0290594,0,0.0377943,0.0088563
0,-0.063125,0.0635354,0.0277558,0,0.039631,0.0113401
0,-0.064573,0.0622682,0.0264775,0,0.0416042,0.0128432
0,-0.0673089,0.0609999,0.0252245,0,0.0437249,0.0140608
0,-0.0689851,0.0597338,0.0239969,0,0.0460047,0.0159213
0,-0.07,0.0584507,0.0227947,0,0.0484561,0.0179489
0,-0.07,0.057172,0.0216179,0,0.0510924,0.020895
0,-0.07,0.0559059,0.0204604,0,0.0539283,0.0241944
0,-0.0694602,0.0546564,0.0193284,0,0.0569795,0.028009
0,-0.07,0.0534086,0.0182209,0,0.0602631,0.0314451
0,-0.07,0.0521464,0.0171452,0,0.0637975,0.0351018
0,-0.07,0.0508532,0.0160884,0,0.0676024,0.0387628
0,-0.07,0.0495134,0.0150571,0,0.071699,0.042422
0,-0.07,0.0481259,0.0140521,0,0.0761102,0.046277
0,-0.07,0.0466744,0.0130743,0,0.0808605,0.0500764
0,-0.07,0.0451322,0.0121249,0,0.0859766,0.0536853
0,-0.07,0.0434596,0.0112053,0,0.0914868,0.0573165
0,-0.07,0.0416212,0.0103177,0,0.0974218,0.0606019
0,-0.07,0.0397302,0.00946505,0,0.103751,0.0644123
0,-0.07,0.0378549,0.00864964,0,0.11049,0.0693816
0,-0.07,0.036072,0.00787191,0,0.117734,0.0750339
0,-0.07,0.0342881,0.00713086,0,0.125527,0.0809009
0,-0.07,0.0319625,0.00642459,0,0.13387,0.087754
0.00364537,-0.0658795,0.0290011,0.00575859,0,0.142631,0.095805
0.019847,-0.050153,0.0254239,0.00514451,-0.00319077,0.151431,0.10473
0.0360487,-0.0339513,0.020221,0.00459311,-0.0185044,0.159928,0.109755
0.0522503,-0.0177497,0.0142546,0.00412365,-0.0209114,0.168008,0.118117
0.068452,-0.00154803,0.00367126,0.00376696,-0.0195371,0.175616,0.123684
0.0846536,0.0146536,-0.0104216,0.00356654,-0.016951,0.18271,0.130048
0.100855,0.0308553,-0.0215924,0.0036129,-0.0157951,0.189249,0.139568
0.117057,0.0470569,-0.0303357,0.00391628,-0.0135169,0.195189,0.149144
-0.109766,-0.13593,-0.0302544,0.00434813,0.00454876,-0.0425393,-0.0723211
-0.088299,-0.0895939,-0.0290834,0.00492033,0.00672788,-0.0379934,-0.0549549
-0.0773629,-0.0763431,-0.027954,0.00532209,0.00798041,-0.0342064,-0.0496883
-0.0611612,-0.0579624,-0.0268483,0.0058936,0.0065699,-0.0311641,-0.0426735
-0.0449596,-0.0384893,-0.0257619,0.00644272,-3.83439e-11,-0.0289694,-0.0355879
-0.0287579,-0.0163719,-0.0246884,0.00696991,6.46235e-27,-0.0276887,-0.0277002
-0.0125563,0.00810892,-0.0235955,0.00747012,-1.43493e-42,-0.0273499,-0.0190983
0,0.0279394,-0.02251,0.00794859,3.18618e-58,-0.0278514,-0.0125355
0,0.043401,-0.021445,0.0084053,-7.07475e-74,-0.028848,-0.00775658
0,0.0592157,-0.0203989,0.00884059,1.57091e-89,-0.0300322,-0.00286434
0,0.0610562,-0.019388,0.00925485,-3.48812e-105,-0.0313289,-0.00365514
0,0.0639521,-0.0183966,0.00964867,7.74518e-121,-0.0327235,-0.00391625
0,0.0606303,-0.0174326,0.0100226,-1.71978e-136,-0.0342184,-0.0067927
0,0.0576256,-0.0164888,0.010377,3.81867e-152,-0.0358202,-0.0095755
0,0.055216,-0.015565,0.0107124,-8.47915e-168,-0.0375374,-0.0122666
0,0.0524157,-0.0146621,0.0110293,1.88275e-183,-0.0393796,-0.0152776
0,0.0502579,-0.0137789,0.0113279,-4.18054e-199,-0.0413568,-0.0181954
0,0.0489439,-0.0129153,0.0116088,9.28267e-215,-0.0434801,-0.0209703
0,0.0482524,-0.0120713,0.0118723,-2.06117e-230,-0.0457612,-0.0237086
0,0.0499187,-0.0112449,0.0121188,4.57671e-246,-0.0482125,-0.0257277
0,0.0502987,-0.0104399,0.0123486,-1.01623e-261,-0.0508474,-0.028525
0,0.051532,-0.009654,0.0125623,2.25649e-277,-0.0536804,-0.031204
0,0.0531487,-0.00888744,0.0127601,-5.01042e-293,-0.0567274,-0.0339964
0,0.0546939,-0.0081406,0.0129424,1.11254e-308,-0.0600054,-0.0370854
0,0.05655,-0.00741293,0.0131097,1.2154e-321,-0.0635327,-0.040316
0,0.0583872,-0.00670465,0.0132623,1.2154e-321,-0.067329,-0.0438257
0,0.0606928,-0.00601508,0.0134007,1.2154e-321,-0.0714155,-0.047409
0,0.0630598,-0.00534452,0.0135251,1.2154e-321,-0.075815,-0.0512228
0,0.0651008,-0.00469322,0.013636,1.2154e-321,-0.080552,-0.0553945
0,0.0677742,-0.00405996,0.0137338,1.2154e-321,-0.0856529,-0.059505
0,0.0698545,-0.00344589,0.0138188,1.2154e-321,-0.0911463,-0.0640185
0,0.07,-0.00284889,0.0138914,1.2154e-321,-0.0970625,-0.0693532
0,0.0681956,-0.00227531,0.013952,1.2154e-321,-0.103451,-0.0757595
0,0.0636645,-0.00172219,0.0140038,1.2154e-321,-0.110353,-0.0830046
0,0.0556359,-0.00119015,0.0140415,1.2154e-321,-0.117786,-0.0915068
0,0.0462644,-0.000676653,0.0140685,1.2154e-321,-0.125774,-0.100315
0,0.0350503,-0.000182358,0.0140851,1.2154e-321,-0.134315,-0.109584
-0.00368612,0.0244554,0.000294763,0.0140918,1.2154e-321,-0.143273,-0.118251
-0.0200689,0.0177957,0.000756525,0.0140887,1.2154e-321,-0.152265,-0.124965
-0.0364516,0.0190762,0.00120093,0.0140764,1.2154e-321,-0.160946,-0.128136
-0.0528343,0.0116253,0.00240473,0.014055,0.000688625,-0.1692,-0.132581
-0.0692171,0.00013048,0.00474647,0.0140153,0.0196028,-0.176971,-0.134326
-0.0855998,-0.0155998,0.0134414,0.0139497,0.0173004,-0.184217,-0.136429
-0.101983,-0.0319825,0.0249189,0.0137895,0.0174819,-0.190898,-0.141068
-0.118365,-0.0483653,0.0402429,0.0134232,0.0153034,-0.196969,-0.14645
0.110993,0.159159,0.0403859,0.0129248,-0.00451479,0.0433561,0.080916
0.0892859,0.117226,0.0394366,0.0122644,-0.00668527,0.0387026,0.0659148
0.0782276,0.101326,0.0385177,0.0117284,-0.00794388,0.03482,0.0594884
0.0618448,0.0748075,0.0376014,0.0109479,-0.0065416,0.0316939,0.0492402
0.0454621,0.0468244,0.0366916,0.0101858,1.04662e-10,0.0294282,0.0388606
0.0290794,0.0203666,0.0357867,0.00944197,-1.29247e-26,0.0280898,0.029353
0.0126966,-0.00740666,0.0348567,0.00872081,2.86986e-42,0.0277066,0.0194885
0,-0.0252142,0.0339298,0.00801809,-6.37237e-58,0.0281755,0.0137714
0,-0.0390695,0.0330109,0.00733393,1.41495e-73,0.0291468,0.00959164
0,-0.0531637,0.0320985,0.0066682,-3.14182e-89,0.0303089,0.00535151
0,-0.0553649,0.0312068,0.00602076,6.97624e-105,0.0315853,0.00596236
0,-0.0617596,0.0303193,0.00539127,-1.54904e-120,0.0329613,0.00482298
0,-0.0636028,0.0294456,0.00477956,3.43955e-136,0.0344389,0.00568232
0,-0.0640219,0.0285827,0.00418541,-7.63734e-152,0.0360247,0.00716945
0,-0.0649737,0.0277289,0.00360857,1.69583e-167,0.0377271,0.00856364
0,-0.0650041,0.026886,0.00304887,-3.7655e-183,0.0395555,0.0104892
0,-0.0675014,0.0260505,0.0025061,8.36109e-199,0.0415199,0.0115854
0,-0.069409,0.025226,0.00198007,-1.85653e-214,0.0436314,0.0131395
0,-0.07,0.0243823,0.00147061,2.06117e-230,0.0459014,0.014946
0,-0.07,0.0234973,0.000977897,-4.57671e-246,0.0483426,0.016846
0,-0.07,0.022624,0.000498216,1.01623e-261,0.050968,0.0197358
0,-0.07,0.0217709,3.61289e-05,-2.25649e-277,0.0537923,0.0229904
0,-0.07,0.0209283,-0.000408673,5.01042e-293,0.0568312,0.0263573
0,-0.07,0.0200738,-0.000836507,-1.11254e-308,0.0601016,0.0296497
0,-0.07,0.0191827,-0.00124738,-1.2154e-321,0.0636219,0.0328275
0,-0.07,0.0182441,-0.00164084,-1.2154e-321,0.0674117,0.0360831
0,-0.07,0.0172519,-0.00201604,-1.2154e-321,0.0714922,0.039474
0,-0.07,0.0162068,-0.002372,-1.2154e-321,0.0758861,0.0433144
0,-0.07,0.0150687,-0.00270763,-1.2154e-321,0.080618,0.0469872
0,-0.07,0.0138145,-0.00302152,-1.2154e-321,0.0857142,0.0505561
0,-0.07,0.0124362,-0.00331161,-1.2154e-321,0.091203,0.054128
0,-0.07,0.0110304,-0.00357549,-1.2154e-321,0.0971152,0.058743
0,-0.07,0.00971477,-0.00381156,-1.2154e-321,0.103483,0.0645948
0,-0.07,0.00878045,-0.00402033,-1.2154e-321,0.110037,0.0708101
0,-0.07,0.00796311,-0.00420622,-1.2154e-321,0.116724,0.0771417
0,-0.07,0.00728866,-0.00437447,-1.2154e-321,0.123865,0.0837527
0,-0.07,0.00678319,-0.00452766,-1.2154e-321,0.131548,0.0906007
0,-0.0642704,0.0061108,-0.00466889,-1.2154e-321,0.13973,0.0976198
0.0153703,-0.0494567,0.00523432,-0.00479917,-1.2154e-321,0.148065,0.10647
0.0311346,-0.0375902,0.00323825,-0.0049135,-0.000800176,0.156161,0.111691
0.046899,-0.023101,0.000851427,-0.00500122,-0.00928809,0.163884,0.118485
0.0626634,-0.00733663,-0.00282652,-0.00504689,-0.0131893,0.171174,0.124941
0.0784277,0.00842774,-0.0108299,-0.00503817,-0.0103824,0.177988,0.130407
0.0941921,0.0241921,-0.0181175,-0.00491361,-0.00939576,0.184287,0.13903
0.109956,0.0399565,-0.024131,-0.00463143,-0.00743793,0.190027,0.148245
-0.110745,-0.126421,-0.0240394,-0.00426908,0.00421498,-0.0413008,-0.067739
-0.0898569,-0.0802251,-0.023302,-0.00378896,0.00354814,-0.0368683,-0.0505681
-0.079216,-0.0654746,-0.0225751,-0.00346924,0.00278247,-0.0331496,-0.0447131
-0.0634516,-0.0478826,-0.0218329,-0.00300974,0.00289265,-0.0301317,-0.0380353
-0.0476872,-0.0293398,-0.0211914,-0.00256491,4.28278e-12,-0.0279149,-0.031308
-0.0319229,-0.00790428,-0.0205575,-0.00213371,-8.07794e-28,-0.0265676,-0.0236811
-0.0161585,0.0150592,-0.019912,-0.00171876,1.79366e-43,-0.0261344,-0.0156813
-0.000394109,0.0364385,-0.0192618,-0.00131664,-3.98273e-59,-0.0265859,-0.0084875
0,0.0489341,-0.0186253,-0.000927506,8.84344e-75,-0.0276022,-0.00492912
0,0.0629844,-0.0179944,-0.000551181,-1.96364e-90,-0.0288263,-0.000705678
0,0.0645462,-0.0173847,-0.000187508,4.36015e-106,-0.030163,-0.00158614
0,0.0660246,-0.0167834,0.000163843,-9.68148e-122,-0.0315931,-0.0024096
0,0.0642358,-0.0161944,0.00050312,2.14972e-137,-0.0331174,-0.00464784
0,0.0595614,-0.0156171,0.000830541,-4.77334e-153,-0.0347427,-0.00811144
0,0.0587473,-0.0150447,0.00114635,1.05989e-168,-0.0364773,-0.0101252
0,0.0575563,-0.0144817,0.00145068,-2.35344e-184,-0.0383309,-0.0124983
0,0.057219,-0.0139268,0.00174369,5.22568e-200,-0.0403136,-0.0146886
0,0.0583027,-0.0133796,0.00202555,-1.16033e-215,-0.0424365,-0.0165036
0,0.0584301,-0.0128426,0.00229643,2.57646e-231,-0.0447115,-0.0189167
0,0.0575069,-0.012316,0.0025565,-5.72089e-247,-0.0471508,-0.0219422
0,0.0581535,-0.011797,0.00280598,1.27029e-262,-0.0497677,-0.0245486
0,0.0590292,-0.0112871,0.00304504,-2.82062e-278,-0.0525768,-0.0273254
0,0.06006,-0.0107864,0.00327384,6.26303e-294,-0.0555936,-0.030294
0,0.06107,-0.0102951,0.00349257,-1.39067e-309,-0.0588351,-0.0335329
0,0.061421,-0.00981401,0.00370142,1.68476e-321,-0.0623193,-0.0373002
0,0.0620156,-0.00934206,0.00390059,1.68476e-321,-0.0660656,-0.0412272
0,0.0632759,-0.00887885,0.00409026,1.68476e-321,-0.0700951,-0.0451548
0,0.0646021,-0.00842502,0.00427061,1.68476e-321,-0.0744302,-0.0493181
0,0.0659265,-0.00798066,0.00444184,1.68476e-321,-0.0790951,-0.0537161
0,0.066297,-0.00754676,0.00460412,1.68476e-321,-0.0841158,-0.0587
0,0.0683456,-0.00712049,0.00475766,1.68476e-321,-0.0895202,-0.0631668
0,0.0692298,-0.00670489,0.00490262,1.68476e-321,-0.0953385,-0.0682442
0,0.0688331,-0.00630003,0.00503922,1.68476e-321,-0.101603,-0.0738777
0,0.0614788,-0.00591198,0.00516764,1.68476e-321,-0.10815,-0.0804387
0,0.0568895,-0.00553015,0.00528821,1.68476e-321,-0.114958,-0.0872759
0,0.0498661,-0.00516009,0.00540111,1.68476e-321,-0.122246,-0.0949902
0,0.0403461,-0.00480182,0.00550653,1.68476e-321,-0.13008,-0.103454
0,0.0285007,-0.00445525,0.00560472,1.68476e-321,-0.138422,-0.112526
-0.0131474,0.0199236,-0.0041146,0.0056959,1.68476e-321,-0.146965,-0.119907
-0.0290836,0.0210171,-0.00377619,0.00578024,1.68476e-321,-0.155317,-0.123077
-0.0450198,0.0186138,-0.00303715,0.00585779,1.68476e-321,-0.163303,-0.126235
-0.060956,0.00703714,-0.00126398,0.00592334,0.0110588,-0.170853,-0.129108
-0.0768922,-0.00689224,0.00614424,0.00596989,0.0123827,-0.177921,-0.130782
-0.0928285,-0.0228285,0.0174848,0.00594332,0.0125348,-0.184466,-0.134916
-0.108765,-0.0387647,0.0337954,0.00572404,0.0109731,-0.190447,-0.139872
0.114342,0.166554,0.0339353,0.0052357,-0.00382562,0.043224,0.0836509
0.0928285,0.130833,0.0330394,0.00432322,-0.00615346,0.0385612,0.0702778
0.0824699,0.114337,0.0320696,0.00388348,-0.00529499,0.0346172,0.063781
0.0665337,0.0895939,0.0310549,0.00323093,-0.00481601,0.03138,0.0542685
0.0505975,0.062607,0.030111,0.00259868,-2.61845e-11,0.028949,0.0442058
0.0346613,0.0367533,0.0291839,0.0019856,6.46235e-27,0.0273928,0.0348822
0.0187251,0.0089403,0.0282449,0.00139636,-1.43493e-42,0.0267586,0.0249621
0.00278884,-0.0148664,0.0272974,0.000825829,3.18618e-58,0.0270275,0.016831
0,-0.0281852,0.0263671,0.000274196,-7.07475e-74,0.0279201,0.0129464
0,-0.0453215,0.0254438,-0.000258729,1.57091e-89,0.0290793,0.00747302
0,-0.0514141,0.0245447,-0.000773145,-3.48812e-105,0.0303675,0.00656223
0,-0.0573399,0.0236589,-0.00126943,7.74518e-121,0.0317541,0.00564978
0,-0.0640463,0.0227858,-0.00174793,-1.71978e-136,0.033237,0.00453388
0,-0.0653963,0.021932,-0.00220888,3.81867e-152,0.0348217,0.00569123
0,-0.0685092,0.0210902,-0.00265264,-8.47915e-168,0.0365164,0.00619744
0,-0.07,0.0202523,-0.0030795,1.88275e-183,0.0383303,0.00735249
0,-0.07,0.0193743,-0.00348957,-4.18054e-199,0.0402735,0.00857978
0,-0.07,0.0184432,-0.00388672,9.28267e-215,0.0423566,0.00976554
0,-0.07,0.0175016,-0.00426582,-2.06117e-230,0.0445913,0.0117415
0,-0.07,0.0165649,-0.00462621,4.57671e-246,0.0469898,0.0141381
0,-0.07,0.0156626,-0.00496781,-1.01623e-261,0.0495652,0.0171891
0,-0.07,0.0147754,-0.00529099,2.25649e-277,0.0523315,0.0201961
0,-0.07,0.0138647,-0.00559626,-5.01042e-293,0.0553043,0.0228788
0,-0.07,0.012933,-0.00588357,1.11254e-308,0.0585001,0.025835
0,-0.07,0.0119497,-0.00615248,3.37941e-321,0.0619367,0.0287003
0,-0.07,0.0108965,-0.00640229,-1.62054e-321,0.0656335,0.0318106
0,-0.07,0.00975329,-0.0066318,-1.62054e-321,0.0696109,0.0349342
0,-0.07,0.00848701,-0.00683945,-1.62054e-321,0.0738913,0.0379381
0,-0.07,0.00702671,-0.00702311,-1.62054e-321,0.0784984,0.0409255
0,-0.07,0.00539359,-0.00717898,-1.62054e-321,0.083458,0.0441857
0,-0.07,0.00359683,-0.007304,-1.62054e-321,0.0887978,0.0475902
0,-0.07,0.00155513,-0.0073948,-1.62054e-321,0.0945474,0.0506778
0,-0.07,-0.00071557,-0.00744837,-1.62054e-321,0.100739,0.0538745
0,-0.07,-0.00251608,-0.00745903,-1.62054e-321,0.107063,0.0580461
0,-0.07,-0.00424655,-0.00742852,-1.62054e-321,0.113454,0.0626697
0,-0.07,-0.00633313,-0.00736175,-1.62054e-321,0.120272,0.067795
0,-0.07,-0.00924337,-0.00725804,-1.62054e-321,0.127621,0.0738579
0,-0.07,-0.0136541,-0.00710664,-0.00120239,0.135496,0.0803104
0.00822702,-0.061773,-0.0187538,-0.00688429,-0.0110943,0.143685,0.0881731
0.0238975,-0.0461025,-0.0308006,-0.00656786,-0.00953989,0.151814,0.0951109
0.039568,-0.030432,-0.0488393,-0.00610243,-0.0079888,0.15963,0.10248
0.0552385,-0.0147615,-0.0638677,-0.00533309,-0.0100823,0.167044,0.111799
0.070909,0.000909038,-0.0865197,-0.00422856,-0.00770935,0.174005,0.11873
0.0865795,0.0165795,-0.106619,-0.00276999,-0.00695154,0.180473,0.12771
0.10225,0.03225,-0.123831,-0.000858702,-0.00549697,0.186406,0.136699
-0.117137,-0.151931,-0.123777,0.00141999,0.0033462,-0.0432957,-0.0784458
-0.0955901,-0.107867,-0.119555,0.00482535,0.0014457,-0.0386135,-0.0614894
-0.085796,-0.0936754,-0.115335,0.00636836,-0.000377992,-0.0346157,-0.0555991
-0.0701255,-0.0766962,-0.111177,0.00872149,-0.000491064,-0.0312938,-0.049018
-0.054455,-0.0603997,-0.107149,0.0109908,-0.00181819,-0.0287423,-0.043056
-0.0387845,-0.0401364,-0.10327,0.0131781,-0.00296271,-0.0270288,-0.0357598
-0.023114,-0.0175134,-0.0994174,0.0152861,-0.0014941,-0.0262044,-0.0277956
-0.00744349,0.00689931,-0.0954942,0.0173168,-8.81999e-07,-0.0262728,-0.0193211
0,0.0256396,-0.0916004,0.0192699,1.46728e-23,-0.0270483,-0.0132677
0,0.0441848,-0.0877612,0.0211447,0,-0.0281902,-0.00730569
0,0.0477829,-0.0840034,0.022923,0,-0.0294834,-0.00740155
0,0.0492811,-0.0803168,0.0246256,0,-0.0308773,-0.00820413
0,0.0491547,-0.0767015,0.0262541,0,-0.0323644,-0.00972986
0,0.0469307,-0.0731583,0.0278098,0,-0.033949,-0.012186
0,0.0464217,-0.0696831,0.0292942,0,-0.0356387,-0.0140551
0,0.0443917,-0.0662796,0.0307087,0,-0.0374428,-0.0167012
0,0.0410521,-0.0629472,0.0320547,0,-0.0393711,-0.0200042
0,0.0366248,-0.0596858,0.0333337,0,-0.0414344,-0.0238938
0,0.0341752,-0.0564918,0.0345469,0,-0.043644,-0.0271644
0,0.0332683,-0.0533656,0.0356959,0,-0.0460123,-0.0300508
0,0.0335826,-0.0503072,0.036782,0,-0.048552,-0.0326894
0,0.0365539,-0.047315,0.0378065,0,-0.0512771,-0.0345174
0,0.0410198,-0.0443898,0.0387708,0,-0.0542027,-0.0360338
0,0.045563,-0.0415328,0.0396761,0,-0.0573451,-0.0377976
0,0.0499567,-0.038744,0.0405239,0,-0.0607219,-0.0398852
0,0.0536339,-0.0360234,0.0413155,0,-0.064352,-0.042523
0,0.0574422,-0.0333699,0.0420523,0,-0.0682557,-0.0453621
0,0.0616363,-0.0307828,0.0427356,0,-0.0724547,-0.048306
0,0.0648349,-0.0282634,0.0433668,0,-0.0769724,-0.0518948
0,0.0677403,-0.0258105,0.0439472,0,-0.0818341,-0.055803
0,0.07,-0.0234175,0.0444781,0,-0.0870669,-0.0600562
0,0.07,-0.021054,0.0449608,0,-0.0926999,-0.0648739
0,0.07,-0.0187497,0.0454079,0,-0.0987643,-0.0702206
0,0.0682813,-0.0165616,0.0458083,0,-0.105235,-0.0766387
0,0.0617395,-0.0144402,0.0461636,0,-0.112128,-0.0845865
0,0.05309,-0.0123821,0.0464651,0,-0.119536,-0.0931903
0,0.0414483,-0.0103879,0.0467251,0,-0.127498,-0.102768
0,0.029335,-0.00845473,0.0469448,0,-0.135998,-0.112224
-0.00691391,0.0196002,-0.00658047,0.0471255,0,-0.144842,-0.120387
-0.0231819,0.0173913,-0.00476944,0.0472683,0,-0.153643,-0.125186
-0.03945,0.0200504,-0.00291932,0.0473746,0,-0.162113,-0.127379
-0.055718,0.01136,0.000154022,0.047445,0.00542158,-0.170152,-0.130412
-0.071986,-0.00198605,0.00881969,0.0474788,0.0150363,-0.177707,-0.130762
-0.0882541,-0.0182541,0.0261825,0.0474194,0.0141445,-0.184737,-0.132924
-0.104522,-0.0345221,0.0543275,0.0471041,0.0135184,-0.1912,-0.136772
-0.12079,-0.0507901,0.0932212,0.0463553,0.0119847,-0.197052,-0.14222
0.106962,0.163195,0.093645,0.0452688,-0.00495381,0.0417739,0.081546
0.0841871,0.120974,0.0921414,0.0437476,-0.00575166,0.0373569,0.0665638
0.0744263,0.105478,0.0904592,0.0426435,-0.00537027,0.0337167,0.0609409
0.0581582,0.07826,0.0888196,0.0408158,-0.00396546,0.0308232,0.0504844
0.0418902,0.0528765,0.0871903,0.0390214,2.38934e-11,0.02879,0.041218
0.0256222,0.0250825,0.0855447,0.0372597,0,0.0276827,0.0311891
0.00935412,-0.000451278,0.0838438,0.0355389,0,0.027515,0.0222807
0,-0.0170591,0.0821326,0.0338518,0,0.0281235,0.0170405
0,-0.0338376,0.0804169,0.0321989,0,0.0291553,0.011702
0,-0.0468008,0.0787064,0.0305803,0,0.0303572,0.00798486
0,-0.0526808,0.0770069,0.0289959,0,0.0316683,0.00713691
0,-0.0607658,0.0753099,0.0274455,0,0.033078,0.00540795
0,-0.0638539,0.0736238,0.0259292,0,0.0345895,0.00582698
0,-0.0663571,0.071945,0.0244466,0,0.0362099,0.00653388
0,-0.0675652,0.0702751,0.0229976,0,0.037948,0.00789294
0,-0.0679539,0.0686147,0.0215821,0,0.0398132,0.00971711
0,-0.07,0.0669578,0.0201998,0,0.0418159,0.0109774
0,-0.07,0.0652628,0.0188507,0,0.0439672,0.0125774
0,-0.07,0.0635211,0.0175268,0,0.0462789,0.0142194
0,-0.07,0.0617552,0.0162372,0,0.0487637,0.0163689
0,-0.07,0.0600517,0.0149827,0,0.0514351,0.020009
0,-0.07,0.0584075,0.0137629,0,0.054308,0.0238584
0,-0.07,0.0567736,0.0125767,0,0.0573983,0.0272491
0,-0.07,0.0551272,0.0114232,0,0.0607234,0.0305535
0,-0.07,0.0534353,0.0103026,0,0.0643018,0.0336121
0,-0.07,0.0517058,0.00921528,0,0.0681535,0.0370135
0,-0.07,0.0499353,0.00816214,0,0.0722999,0.040587
0,-0.07,0.0481022,0.00714396,0,0.0767643,0.0442681
0,-0.07,0.0461671,0.00616175,0,0.0815716,0.0478345
0,-0.07,0.0440877,0.00521712,0,0.0867484,0.0510786
0,-0.07,0.0418904,0.00431249,0,0.0923238,0.0546765
0,-0.07,0.0395801,0.00345051,0,0.0983286,0.0585956
0,-0.07,0.0373411,0.00263465,0,0.104726,0.063172
0,-0.07,0.0351385,0.0018632,0,0.111532,0.0681898
0,-0.07,0.033032,0.0011362,0,0.118846,0.0736918
0,-0.07,0.0303629,0.000452391,0,0.12671,0.0791032
0,-0.07,0.0265016,-0.000185562,0,0.135113,0.085286
0.00606997,-0.06393,0.0210059,-0.000759999,-0.00781351,0.143879,0.0920867
0.0222566,-0.0477434,0.0137296,-0.00124607,-0.0193606,0.152624,0.0990591
0.0384431,-0.0315569,-5.631e-07,-0.00161889,-0.0171214,0.161047,0.105859
0.0546297,-0.0153703,-0.0126503,-0.00177677,-0.0189,0.169045,0.114752
0.0708163,0.000816312,-0.0291599,-0.00166291,-0.0165507,0.176566,0.121933
0.0870029,0.0170029,-0.0455474,-0.00126958,-0.0148204,0.183567,0.130557
0.103189,0.0331895,-0.0572712,-0.00053889,-0.0138371,0.190007,0.140588
0.119376,0.0493761,-0.0661711,0.00047171,-0.0115668,0.195842,0.150212
-0.107236,-0.128892,-0.066085,0.00161713,0.00485829,-0.0417712,-0.0694461
-0.0849796,-0.0862584,-0.063821,0.00319209,0.00658815,-0.0373519,-0.0537703
-0.074863,-0.0763349,-0.06158,0.00401148,0.00629228,-0.0337009,-0.0497556
-0.0586764,-0.0591798,-0.0594137,0.00526773,0.00461605,-0.0307935,-0.0432245
-0.0424898,-0.0437927,-0.0572887,0.00647984,1.67499e-11,-0.0287392,-0.0377891
-0.0263032,-0.0215134,-0.0551755,0.00764898,-3.23117e-27,-0.0276037,-0.0298039
-0.0101166,0.000921208,-0.0530224,0.00876517,7.17465e-43,-0.0274038,-0.0220446
0,0.0195965,-0.0508808,0.00983854,-1.59309e-58,-0.0279927,-0.0159287
0,0.0381246,-0.0487683,0.010869,3.53737e-74,-0.0290207,-0.00992124
0,0.0512295,-0.0466965,0.011857,-7.85455e-90,-0.0302225,-0.00617202
0,0.0548513,-0.044672,0.0128034,1.74406e-105,-0.0315339,-0.00622515
0,0.0583043,-0.0426853,0.013709,-3.87259e-121,-0.0329435,-0.00630771
0,0.0552127,-0.0407435,0.0145746,8.59888e-137,-0.0344541,-0.00911926
0,0.0535626,-0.0388379,0.0154011,-1.90934e-152,-0.036073,-0.011385
0,0.0501929,-0.0369721,0.0161893,4.23958e-168,-0.0378087,-0.0145026
0,0.0454985,-0.0351455,0.01694,-9.41375e-184,-0.0396708,-0.0182798
0,0.0415936,-0.0333559,0.0176538,2.09027e-199,-0.0416696,-0.0218929
0,0.0370542,-0.0316048,0.0183317,-4.64134e-215,-0.0438161,-0.0259582
0,0.0335915,-0.0298901,0.0189743,1.03058e-230,-0.0461223,-0.0297847
0,0.0314218,-0.0282117,0.0195824,-2.28836e-246,-0.0486007,-0.0333266
0,0.0303651,-0.0265695,0.0201567,5.08117e-262,-0.0512648,-0.0366744
0,0.0315872,-0.0249622,0.0206979,-1.12825e-277,-0.0541294,-0.0393732
0,0.0348079,-0.02339,0.0212068,2.50521e-293,-0.0572105,-0.0415638
0,0.0393901,-0.0218532,0.0216841,-5.56268e-309,-0.0605253,-0.0435043
0,0.0462112,-0.0203508,0.0221303,1.89227e-321,-0.0640922,-0.0448386
0,0.051608,-0.0188865,0.0225464,1.89227e-321,-0.0679313,-0.0470422
0,0.0567093,-0.0174588,0.0229329,1.89227e-321,-0.072064,-0.0496011
0,0.0619132,-0.0160672,0.0232906,1.89227e-321,-0.0765132,-0.0523596
0,0.065386,-0.0147135,0.0236203,1.89227e-321,-0.0813039,-0.0560334
0,0.07,-0.0133931,0.0239227,1.89227e-321,-0.0864627,-0.0593976
0,0.07,-0.0120398,0.0241985,1.89227e-321,-0.0920184,-0.0636963
0,0.07,-0.0107129,0.0244542,1.89227e-321,-0.0980018,-0.0689542
0,0.07,-0.00946955,0.024683,1.89227e-321,-0.104438,-0.0750128
0,0.0661444,-0.00830446,0.0248861,1.89227e-321,-0.111359,-0.0825408
0,0.0564407,-0.0071787,0.025065,1.89227e-321,-0.118807,-0.0916552
0,0.0457874,-0.00608679,0.0252153,1.89227e-321,-0.126811,-0.100873
0,0.0308779,-0.0050328,0.0253436,1.89227e-321,-0.135355,-0.111512
-0.0061161,0.0213403,-0.00400647,0.0254506,1.89227e-321,-0.14426,-0.119606
-0.0224257,0.0195167,-0.00301099,0.0255369,1.89227e-321,-0.15314,-0.124307
-0.0387353,0.023097,-0.00171892,0.0256031,1.89227e-321,-0.161692,-0.125653
-0.0550449,0.0131035,0.000908735,0.0256459,0.00825883,-0.169812,-0.128902
-0.0713545,-0.0013545,0.0106583,0.0256605,0.0159159,-0.177446,-0.128807
-0.0876641,-0.0176641,0.0341073,0.0255839,0.0150238,-0.184554,-0.129864
-0.103974,-0.0339737,0.0770408,0.0251831,0.0144191,-0.191093,-0.133379
-0.120283,-0.0502833,0.1521,0.024179,0.012811,-0.19702,-0.138108
0.108051,0.17386,0.154095,0.0226381,-0.00490971,0.0423558,0.0864505
0.0848099,0.135249,0.150249,0.0204425,-0.00641072,0.0378705,0.0712055
0.0750242,0.118543,0.146221,0.0186319,-0.0062012,0.0341692,0.0653752
0.0591223,0.0904075,0.141991,0.0157343,-0.00465837,0.0312118,0.0552608
0.0428127,0.0647289,0.137829,0.0128459,1.51467e-12,0.0291084,0.0458674
0.0265031,0.0358202,0.133684,0.0100435,-2.01948e-28,0.027931,0.0353782
0.0101935,0.00851204,0.129448,0.00734495,4.48416e-44,0.0276982,0.0257618
0,-0.00911895,0.12522,0.00473057,-9.95682e-60,0.0282618,0.0201263
0,-0.0281622,0.121032,0.00220081,2.21086e-75,0.0292692,0.013887
0,-0.0425844,0.116902,-0.000244954,-4.90909e-91,0.0304528,0.00961017
0,-0.0500068,0.112838,-0.00260777,1.09004e-106,0.0317473,0.00815697
0,-0.0590936,0.108832,-0.00488892,-2.42037e-122,0.0331414,0.00603984
0,-0.0624825,0.104894,-0.0070896,5.3743e-138,0.0346376,0.00634216
0,-0.0663958,0.101017,-0.00921111,-1.19333e-153,0.0362432,0.0064784
0,-0.0680261,0.0972041,-0.0112547,2.64973e-169,0.0379665,0.00767791
0,-0.0681377,0.093456,-0.0132217,-5.88359e-185,0.0398171,0.00960631
0,-0.07,0.0897557,-0.0151133,1.30642e-200,0.0418053,0.0107834
0,-0.07,0.086079,-0.0169306,-2.90084e-216,0.043942,0.0124869
0,-0.07,0.0824023,-0.0186926,6.44115e-232,0.0462391,0.0140263
0,-0.07,0.0787227,-0.0203811,-1.43022e-247,0.048709,0.0156984
0,-0.07,0.0751225,-0.021996,3.17573e-263,0.0513652,0.018785
0,-0.07,0.0716083,-0.0235381,-7.05154e-279,0.0542225,0.022224
0,-0.07,0.0681394,-0.0250089,1.56576e-294,0.0572968,0.0253197
0,-0.07,0.0646751,-0.0264098,-3.47668e-310,0.0606053,0.0280592
0,-0.07,0.0611748,-0.0277415,-4.44659e-323,0.0641665,0.0306904
0,-0.07,0.0576126,-0.0290035,-4.44659e-323,0.0680002,0.0334765
0,-0.07,0.053996,-0.0301949,-4.44659e-323,0.0721278,0.0365411
0,-0.07,0.0503043,-0.0313146,-4.44659e-323,0.0765724,0.0398495
0,-0.07,0.0464888,-0.0323613,-4.44659e-323,0.0813588,0.043054
0,-0.07,0.0425183,-0.033333,-4.44659e-323,0.0865136,0.0461157
0,-0.07,0.0384234,-0.0342251,-4.44659e-323,0.0920656,0.0494942
0,-0.07,0.034173,-0.0350386,-4.44659e-323,0.0980456,0.0528697
0,-0.07,0.0300745,-0.0357688,-4.44659e-323,0.104386,0.0568796
0,-0.07,0.0260822,-0.0364154,-4.44659e-323,0.111094,0.0616085
0,-0.07,0.0214334,-0.036979,-4.44659e-323,0.118297,0.0667723
0,-0.07,0.0150736,-0.0374611,-4.44659e-323,0.126048,0.0719277
0,-0.07,0.00641429,-0.0378389,-0.0132615,0.134346,0.0772389
0.00444107,-0.0655589,-0.00597716,-0.0380711,-0.0204281,0.143043,0.0839261
0.0205904,-0.0494096,-0.0279639,-0.0381126,-0.0184083,0.151763,0.0905305
0.0367397,-0.0332603,-0.075489,-0.0377952,-0.0142316,0.160176,0.0965217
0.0528891,-0.0171109,-0.116602,-0.0368795,-0.0152464,0.168174,0.105954
0.0690384,-0.000961593,-0.175806,-0.0350202,-0.012712,0.1757,0.113982
0.0851877,0.0151877,-0.235209,-0.0322146,-0.0111049,0.182715,0.123024
0.101337,0.0313371,-0.293268,-0.0281638,-0.00899489,0.189175,0.132085
0.117486,0.0474864,-0.343165,-0.0229081,-0.00726305,0.195039,0.140908
-0.108604,-0.142077,-0.343092,-0.0170427,0.00498178,-0.0419802,-0.0747609
-0.084784,-0.0929921,-0.332273,-0.0083913,0.000820118,-0.0375342,-0.0564634
-0.0759019,-0.087912,-0.321469,-0.0046422,0.00171973,-0.0338571,-0.0543489
-0.0601563,-0.077129,-0.310975,0.0017507,0.00268761,-0.0308978,-0.0502268
-0.0440069,-0.058739,-0.300727,0.00808563,1.5752e-11,-0.0287726,-0.0434713
-0.0278576,-0.0313695,-0.290599,0.014218,-0.000453128,-0.0275563,-0.0334806
-0.0117083,-0.00160502,-0.280267,0.0200908,0,-0.0272755,-0.0228571
0,0.0187561,-0.269938,0.0258098,0,-0.0278146,-0.0161686
0,0.0362795,-0.25973,0.0312705,0,-0.0288282,-0.0105784
0,0.0493494,-0.249679,0.0365263,0,-0.030024,-0.00681754
0,0.0515976,-0.239805,0.0415802,0,-0.0313308,-0.00740756
0,0.055268,-0.230098,0.0464355,0,-0.0327353,-0.00737002
0,0.0517502,-0.220569,0.0510957,0,-0.0342399,-0.0103415
0,0.0485429,-0.211212,0.0555643,0,-0.0358515,-0.0132077
0,0.0448496,-0.202028,0.0598447,0,-0.0375788,-0.0164143
0,0.0387825,-0.193019,0.0639403,0,-0.0394311,-0.0207169
0,0.0342687,-0.184182,0.0678548,0,-0.0414188,-0.0245327
0,0.0302788,-0.175517,0.0715914,0,-0.0435529,-0.0283483
0,0.0256357,-0.167027,0.0751537,0,-0.0458452,-0.0326322
0,0.0201235,-0.15871,0.0785452,0,-0.0483082,-0.0374667
0,0.0147461,-0.150567,0.0817693,0,-0.0509553,-0.0424633
0,0.0110315,-0.142594,0.0848295,0,-0.0538011,-0.0470406
0,0.00921096,-0.134792,0.0877293,0,-0.0568616,-0.051141
0,0.011042,-0.127157,0.0904719,0,-0.0601538,-0.0540746
0,0.015078,-0.119691,0.0930608,0,-0.0636961,-0.0564506
0,0.0210356,-0.112393,0.0954995,0,-0.0675083,-0.0583596
0,0.0285701,-0.105263,0.0977911,0,-0.0716118,-0.0599287
0,0.0361476,-0.0983021,0.0999391,0,-0.0760293,-0.0617517
0,0.0439967,-0.0915084,0.101947,0,-0.0807855,-0.0636923
0,0.0516088,-0.0848818,0.103818,0,-0.085907,-0.0659262
0,0.0594609,-0.0784205,0.105555,0,-0.0914223,-0.0682147
0,0.0659837,-0.0721261,0.107162,0,-0.097362,-0.071141
0,0.0688387,-0.0660006,0.108643,0,-0.10375,-0.0754593
0,0.0664603,-0.0600431,0.11,0,-0.110618,-0.0818649
0,0.0622458,-0.0542468,0.111236,0,-0.11801,-0.0888229
0,0.0535971,-0.0486133,0.112356,0,-0.125955,-0.0973445
0,0.0400007,-0.0431499,0.113362,0,-0.134448,-0.107518
-0.00448445,0.0269597,-0.0378496,0.114258,0,-0.143339,-0.117067
-0.0207915,0.0262008,-0.0327147,0.115046,0,-0.152245,-0.121329
-0.0370986,0.0268688,-0.0272082,0.115732,0,-0.160836,-0.123194
-0.0534057,0.0158547,-0.0205467,0.116314,0.0111095,-0.169001,-0.126619
-0.0697127,0.00028726,-0.00771565,0.116808,0.0185263,-0.176686,-0.12735
-0.0860198,-0.0160198,0.0162012,0.117136,0.0170463,-0.183847,-0.128909
-0.102327,-0.0323269,0.0525472,0.117099,0.0168478,-0.190444,-0.13258
-0.118634,-0.048634,0.107988,0.116484,0.0147948,-0.196434,-0.137623
0.109665,0.177605,0.110734,0.115433,-0.00468744,0.0428357,0.0887078
0.109665,0.142901,0.110777,0.115433,-0.00500254,0.0380561,0.0735874
0.0770509,0.127834,0.111276,0.112633,-0.00815652,0.0340021,0.0679139
0.0607438,0.0963344,0.111167,0.110413,-0.00598643,0.0309141,0.0571675
0.0444368,0.0699902,0.111006,0.108189,-4.93047e-11,0.0287377,0.0475545
0.0281297,0.0414262,0.110791,0.105967,6.46235e-27,0.0274973,0.0372127
0.0118226,0.0137544,0.110511,0.10375,-1.43493e-42,0.0272065,0.0274488
0,-0.00729879,0.110171,0.101538,3.18618e-58,0.0277447,0.0204582
0,-0.0284521,0.109767,0.0993324,-7.07475e-74,0.0287619,0.0134355
0,-0.0450657,0.109307,0.0971346,1.57091e-89,0.0299622,0.00832143
0,-0.0529707,0.108797,0.0949457,-3.48812e-105,0.0312734,0.00671279
0,-0.0629157,0.108228,0.0927667,7.74518e-121,0.0326821,0.00426209
0,-0.0671701,0.107609,0.0905987,-1.71978e-136,0.0341905,0.0042316
0,-0.0692159,0.106938,0.0884429,3.81867e-152,0.0358058,0.00512438
0,-0.07,0.106213,0.0863001,-8.47915e-168,0.0375364,0.00654743
0,-0.07,0.105435,0.0841714,1.88275e-183,0.0393919,0.00840648
0,-0.07,0.104557,0.0820542,-4.18054e-199,0.0413825,0.00970335
0,-0.07,0.103591,0.0799534,9.28267e-215,0.0435192,0.0113211
0,-0.07,0.102539,0.0778709,-2.06117e-230,0.045814,0.0130996
0,-0.07,0.101404,0.0758086,4.57671e-246,0.0482793,0.0150876
0,-0.07,0.100244,0.073768,-1.01623e-261,0.0509285,0.0180998
0,-0.07,0.099078,0.0717504,2.25649e-277,0.0537763,0.0216395
0,-0.07,0.0978859,0.069756,-5.01042e-293,0.0568385,0.0250885
0,-0.07,0.0966409,0.0677851,1.11254e-308,0.0601324,0.0283867
0,-0.07,0.095307,0.0658386,1.2154e-321,0.0636763,0.0313806
0,-0.07,0.0938665,0.0639178,1.2154e-321,0.06749,0.0345435
0,-0.07,0.092274,0.0620246,1.2154e-321,0.0715948,0.0375803
0,-0.07,0.0905679,0.0601616,1.2154e-321,0.0760135,0.0411917
0,-0.07,0.0887451,0.0583315,1.2154e-321,0.0807709,0.0449263
0,-0.07,0.0867521,0.0565366,1.2154e-321,0.0858935,0.0485276
0,-0.07,0.084564,0.0547796,1.2154e-321,0.0914097,0.0520573
0,-0.07,0.0821933,0.0530653,1.2154e-321,0.0973504,0.05567
0,-0.07,0.0798977,0.0513966,1.2154e-321,0.103684,0.0605487
0,-0.07,0.0777753,0.0497734,1.2154e-321,0.110428,0.0667021
0,-0.07,0.0757709,0.0481956,1.2154e-321,0.117677,0.0728147
0,-0.07,0.0736393,0.0466581,1.2154e-321,0.125474,0.07952
0,-0.07,0.0709755,0.0451608,1.2154e-321,0.13382,0.0867859
0.00364531,-0.0663547,0.0675205,0.0437107,1.2154e-321,0.142584,0.0948687
0.0198467,-0.0501533,0.0635373,0.0423205,-0.00513118,0.151387,0.10393
0.0360481,-0.0339519,0.058369,0.041004,-0.0185364,0.159887,0.109926
0.0522495,-0.0177505,0.0503713,0.039772,-0.0199619,0.16797,0.117041
0.0684509,-0.00154913,0.0387388,0.0386686,-0.0181956,0.17558,0.12343
0.0846523,0.0146523,0.0239027,0.03776,-0.015964,0.182677,0.130173
0.100854,0.0308536,0.0125757,0.0371188,-0.0151436,0.189217,0.139889
0.117055,0.047055,0.0034327,0.036737,-0.012585,0.19516,0.149446
-0.109764,-0.132234,0.00351796,0.0364855,0.00451384,-0.0425632,-0.0708432
-0.0878925,-0.0865704,0.00459143,0.036146,0.00672555,-0.0380199,-0.0538433
-0.0773616,-0.0766321,0.00563229,0.0360941,0.0069622,-0.0342367,-0.0498517
-0.0611602,-0.0600912,0.00661947,0.0359929,0.00653083,-0.0311937,-0.0435199
-0.0449589,-0.0445738,0.00756768,0.0358714,-1.81524e-11,-0.0289973,-0.0379847
