-0.000153349,0,-0.000140497,0,0,0.9
-0.000153349,0,-0.000140497,0,0,0.9
-0.000153349,0,-0.000140497,0,0,0.9
-0.000153349,0,-0.000140497,0,0,0.9
-0.000153349,0,-0.000140497,0,0,0.9
-0.000153349,0,-0.000140497,0,0,0.9
-0.000153349,0,-0.000140497,0,0,0.9
-0.000153349,0,-0.000140497,0,0,0.9
-0.000153349,0,-0.000140497,0,0,0.9
-0.000153349,0,-0.000140497,0,0,0.9
-0.000153349,0,-0.000140497,0,0,0.9
-0.000153349,0,-0.000140497,0,0,0.9
-0.000153349,0,-0.000140497,0,0,0.9
-0.000153349,0,-0.000140497,0,0,0.9
-0.000153349,0,-0.000140497,0,0,0.9
-0.000153349,0,-0.000140497,0,0,0.9
-0.000153349,0,-0.000140497,0,0,0.9
-0.000153349,0,-0.000140497,0,0,0.9
-0.000153349,0,-0.000140497,0,0,0.9
-0.000153349,0,-0.000140497,0,0,0.9
-0.000153349,0,-0.000140497,0,0,0.9
-0.000153349,0,-0.000140497,0,0,0.9
-0.000153349,0,-0.000140497,0,0,0.9
-0.000153349,0,-0.000140497,0,0,0.9
-0.000153349,0,-0.000140497,0,0,0.9
-0.000153349,0,-0.000140497,0,0,0.9
-0.000153349,0,-0.000140497,0,0,0.9
-0.000153349,0,-0.000140497,0,0,0.9
-0.000153349,0,-0.000140497,0,0,0.9
-0.000153349,0,-0.000140497,0,0,0.9
-0.000153349,0,-0.000140497,0,0,0.9
-0.000153349,0,-0.000140497,0,0,0.9
-0.000153349,0,-0.000140497,0,0,0.9
-0.000153349,0,-0.000140497,0,0,0.9
-0.000153349,0,-0.000140497,0,0,0.9
-0.000153349,0,-0.000140497,0,0,0.9
-0.000153349,0,-0.000140497,0,0,0.9
-0.000153349,0,-0.000140497,0,0,0.9
-0.000153349,0,-0.000140497,0,0,0.9
-0.000153349,0,-0.000140497,0,0,0.9
-0.000153349,0,-0.000140497,0,0,0.9
-0.000153349,0,-0.000140497,0,0,0.9
-0.000153349,0,-0.000140497,0,0,0.9
-0.000153349,0,-0.000140497,0,0,0.9
-0.000153349,0,-0.000140497,0,0,0.9
-0.000153349,0,-0.000140497,0,0,0.9
-0.000153349,0,-0.000140497,0,0,0.9
-0.000153349,0,-0.000140497,0,0,0.9
-0.000153349,0,-0.000140497,0,0,0.9
-0.000153349,0,-0.000140497,0,0,0.9
-0.000153349,0,-0.000140497,0,0,0.9
-0.000153349,0,-0.000140497,0,0,0.9
-0.000153349,0,-0.000140497,0,0,0.9
-0.000153349,0,-0.000140497,0,0,0.9
-0.000153349,0,-0.000140497,0,0,0.9
-0.000153349,0,-0.000140497,0,0,0.9
-0.000153349,0,-0.000140497,0,0,0.9
-0.000153349,0,-0.000140497,0,0,0.9
-0.000153349,0,-0.000140497,0,0,0.9
-0.000153349,0,-0.000140497,0,0,0.9
-0.000153349,0,-0.000140497,0,0,0.9
-0.000153349,0,-0.000140497,0,0,0.9
-0.000153349,0,-0.000140497,0,0,0.9
-0.000153349,0,-0.000140497,0,0,0.9
-0.000153349,0,-0.000140497,0,0,0.9
-0.000153349,0,-0.000140497,0,0,0.9
-0.000153349,0,-0.000140497,0,0,0.9
-0.000153349,0,-0.000140497,0,0,0.9
-0.000153349,0,-0.000140497,0,0,0.9
-0.000153349,0,-0.000140497,0,0,0.9
-0.000153349,0,-0.000140497,0,0,0.9
-0.000153349,0,-0.000140497,0,0,0.9
-0.000153349,0,-0.000140497,0,0,0.9
-0.000153349,0,-0.000140497,0,0,0.9
-0.000153349,0,-0.000140497,0,0,0.9
-0.000153349,0,-0.000140497,0,0,0.9
-0.000153349,0,-0.000140497,0,0,0.9
-0.000153349,0,-0.000140497,0,0,0.9
-0.000153349,0,-0.000140497,0,0,0.9
-0.000153349,0,-0.000140497,0,0,0.9
-0.000153349,0,-0.000140497,0,0,0.9
-0.000153349,0,-0.000140497,0,0,0.9
-0.000153349,0,-0.000140497,0,0,0.9
-0.000153349,0,-0.000140497,0,0,0.9
-0.000153349,0,-0.000140497,0,0,0.9
-0.000153349,0,-0.000140497,0,0,0.9
-0.000153349,0,-0.000140497,0,0,0.9
-0.000153349,0,-0.000140497,0,0,0.9
-0.000153349,0,-0.000140497,0,0,0.9
-0.000153349,0,-0.000140497,0,0,0.9
-0.000153349,0,-0.000140497,0,0,0.9
-0.000153349,0,-0.000140497,0,0,0.9
-0.000153349,0,-0.000140497,0,0,0.9
-0.000153349,0,-0.000140497,0,0,0.9
-0.000153349,0,-0.000140497,0,0,0.9
-0.000153349,0,-0.000140497,0,0,0.9
-0.000153349,0,-0.000140497,0,0,0.9
-0.000153349,0,-0.000140497,0,0,0.9
-0.000153349,0,-0.000140497,0,0,0.9
-0.000153349,0,-0.000140497,0,0,0.9
-0.000153349,0,-0.000140497,0,0,0.9
-0.000153349,0,-0.000140497,0,0,0.9
-0.000153349,0,-0.000140497,0,0,0.9
-0.000153349,0,-0.000140497,0,0,0.9
-0.000153349,0,-0.000140497,0,0,0.9
-0.000153349,0,-0.000140497,0,0,0.9
-0.000153349,0,-0.000140497,0,0,0.9
-0.000153349,0,-0.000140537,0,0,0.9
-0.000153349,0,-0.000140657,0,0,0.9
-0.000153349,0,-0.000140851,0,0,0.9
-0.000153349,0,-0.000141114,0,0,0.9
-0.000153349,0,-0.00014144,0,0,0.9
-0.000153349,0,-0.000141823,0,0,0.9
-0.000153349,0,-0.000142258,0,0,0.9
-0.000153349,0,-0.000142739,0,0,0.9
-0.000153349,0,-0.000143259,0,0,0.9
-0.000153349,0,-0.000143815,0,0,0.9
-0.000153349,0,-0.000144398,0,0,0.9
-0.000153349,0,-0.000145005,0,0,0.9
-0.000153349,0,-0.000145629,0,0,0.9
-0.000153349,0,-0.000146265,0,0,0.9
-0.000153349,0,-0.000146907,0,0,0.9
-0.000153349,0,-0.000147548,0,0,0.9
-0.000153349,0,-0.000148185,0,0,0.9
-0.000153349,0,-0.000148809,0,0,0.9
-0.000153349,0,-0.000149417,0,0,0.9
-0.000153349,0,-0.000150002,0,0,0.9
-0.000153349,0,-0.000150559,0,0,0.9
-0.000153349,0,-0.000151082,0,0,0.9
-0.000153349,0,-0.000151565,0,0,0.9
-0.000153349,0,-0.000152002,0,0,0.9
-0.000153349,0,-0.000152388,0,0,0.9
-0.000153349,0,-0.000152717,0,0,0.9
-0.000153349,0,-0.000152983,0,0,0.9
-0.000153349,0,-0.000153181,0,0,0.9
-0.000153349,0,-0.000153305,0,0,0.9
-0.000153349,0,-0.000153349,0,0,0.9
-0.000153349,0,-0.000153349,0,0,0.9
-0.000153349,0,-0.000153349,0,0,0.9
-0.000153349,0,-0.000153349,0,0,0.9
-0.000153349,0,-0.000153349,0,0,0.9
-0.000153349,0,-0.000153349,0,0,0.9
-0.000153349,0,-0.000153349,0,0,0.9
-0.000153349,0,-0.000153349,0,0,0.9
0,-0.0091249,0,0,0,0.9
0,-0.0091249,0,0,0,0.9
0,-0.0091249,0,0,0,0.9
0,-0.0091249,0,0,0,0.9
0,-0.0091249,0,0,0,0.9
0,-0.0091249,0,0,0,0.9
0,-0.0091249,0,0,0,0.9
-0.0436197,-0.0091249,0,0,0,0.704
-0.045,-0.00931044,0,0,0,0.763
0.011106,-0.00886153,0,-0.0157715,0,0.886
-0.00483385,-0.00900892,0,-0.0130344,0,0.906
-0.00575051,-0.00896591,0,-0.0126585,0,0.906
0.0013849,-0.00836323,0,-0.0130212,0,0.904
0.00564785,-0.00760033,0,-0.0124077,0,0.9
0.00260831,-0.00751219,0,-0.0109107,0,0.899
0.000545723,-0.00742796,0,-0.00943826,0,0.898
0.0017162,-0.00678093,0,-0.00895425,0,0.898
-0.000567823,-0.00690957,0,-0.00798692,0,0.899
-0.00222706,-0.00702498,0,-0.00751545,0,0.899
-0.0043838,-0.00746172,0,-0.00758817,0,0.9
-0.00497137,-0.00746612,0,-0.00841643,0,0.9
-0.0049356,-0.00729667,0,-0.00943646,0,0.9
-0.00218665,-0.00575116,0,-0.0108967,0,0.9
-0.00161814,-0.00508978,0,-0.011329,0,0.899
-0.00311928,-0.00560638,0,-0.0111831,0,0.9
-0.00241864,-0.00486809,0,-0.012322,0,0.9
-0.00284477,-0.00484839,0,-0.0129636,0,0.901
-0.00296468,-0.00464668,0,-0.0138367,0,0.901
-0.00320163,-0.00455879,0,-0.0152085,0,0.901
-0.00280291,-0.00398971,0,-0.0169715,0,0.901
-0.00151673,-0.00265254,0,-0.0183751,0,0.901
-0.00230456,-0.00309278,0,-0.0183721,0,0.902
-0.00212909,-0.00271027,0,-0.0191742,0,0.901
-0.0024319,-0.00213777,0,-0.0199669,0,0.9
-0.00303387,-0.00197522,0,-0.0216589,0,0.9
-0.00346705,-0.00185121,0,-0.0238977,0,0.9
-0.00355935,-0.00176902,0,-0.0273268,0,0.9
-0.0041848,-0.00173193,0,-0.0311574,0,0.9
-0.00272333,-0.00173008,0,-0.0361521,0,0.9
-0.00272333,-0.00173008,0,0,0,0.9
-0.00272333,-0.00173008,0,0,0,0.9
-0.00272333,-0.00173008,0,0,0,0.9
-0.00272333,-0.00173008,0,0,0,0.9
-0.00272333,-0.00173008,0,0,0,0.9
-0.00272333,-0.00173008,0,0,0,0.9
0,0,-0.01026,0,0,0.9
0,0,-0.01026,0,0,0.9
0,0,-0.01026,0,0,0.9
0,0,-0.01026,0,0,0.9
0,0,-0.01026,0,0,0.9
0,0,-0.01026,0,0,0.9
0,0,-0.01026,0,0,0.9
0,0,-0.01026,0,0,0.9
-0.0207832,0,-0.0102947,0,0,0.732
0.0160957,0,-0.0100019,-0.0103964,0,0.892
0.00805472,0,-0.00984088,-0.00726276,0,0.905
0.00674197,0,-0.00954778,-0.0054137,0,0.904
0.0106558,0,-0.00888848,-0.00412429,0,0.905
0.00546163,0,-0.00876549,-0.00180104,0,0.901
0.0087245,0,-0.00782572,-0.000563226,0,0.9
0.00423703,0,-0.00787128,0.0011336,0,0.9
0.00191825,0,-0.00777617,0.00218091,0,0.901
-0.00123164,0,-0.00803526,0.00270919,0,0.901
-0.00203413,0,-0.00786446,0.00220304,0,0.901
-0.003022,0,-0.00781409,0.00150518,0,0.901
-0.00189413,0,-0.00702137,0.00012484,0,0.9
-0.00156299,0,-0.00646458,-0.000636673,0,0.9
-3.61282e-05,0,-0.00528861,-0.00136532,0,0.9
-0.000840767,0,-0.00522148,-0.00123383,0,0.901
-0.00094084,0,-0.00480017,-0.00154223,0,0.9
-0.00150219,0,-0.00470096,-0.00202057,0,0.9
-0.00173623,0,-0.00444318,-0.00286762,0,0.9
-0.00202131,0,-0.00425863,-0.00398609,0,0.9
-0.00253729,0,-0.00430674,-0.00529766,0,0.901
-0.00224234,0,-0.00374745,-0.00713236,0,0.901
-0.00158488,0,-0.00287998,-0.00917583,0,0.901
-0.00240269,0,-0.00331075,-0.0101565,0,0.902
-0.002814,0,-0.00344151,-0.0120294,0,0.902
-0.00316656,0,-0.00239511,-0.0145865,0,0.9
-0.00338098,0,-0.00221214,-0.0170896,0,0.9
-0.00351231,0,-0.00207255,-0.0211498,0,0.9
-0.00366688,0,-0.00198003,-0.0251562,0,0.9
-0.00379177,0,-0.00193829,-0.0292757,0,0.9
-0.00246914,0,-0.00193621,-0.0330008,0,0.9
-0.00246914,0,-0.00193621,0,0,0.9
-0.00246914,0,-0.00193621,0,0,0.9
-0.00246914,0,-0.00193621,0,0,0.9
-0.00246914,0,-0.00193621,0,0,0.9
-0.00246914,0,-0.00193621,0,0,0.9
-0.00246914,0,-0.00193621,0,0,0.9
0,-0.0090753,0,0,0,0.9
0,-0.0090753,0,0,0,0.9
0,-0.0090753,0,0,0,0.9
0,-0.0090753,0,0,0,0.9
0,-0.0090753,0,0,0,0.9
0,-0.0090753,0,0,0,0.9
0,-0.0090753,0,0,0,0.9
0,-0.0090753,0,0,0,0.9
-0.0320342,-0.00916362,0,0,0,0.7
0.00482931,-0.0089469,0,-0.013675,0,0.91
0.00315785,-0.00879716,0,-0.012416,0,0.907
0.000884987,-0.0086594,0,-0.0110226,0,0.905
0.00425618,-0.00820385,0,-0.0103351,0,0.906
0.00423574,-0.00781387,0,-0.00889393,0,0.902
0.00747917,-0.00695908,0,-0.00765215,0,0.901
0.00545444,-0.00668836,0,-0.00533275,0,0.901
0.00441868,-0.00632315,0,-0.00397183,0,0.901
-0.000115046,-0.00687369,0,-0.0024517,0,0.902
-0.00536485,-0.00799778,0,-0.00223102,0,0.902
-0.00594305,-0.00801684,0,-0.00364917,0,0.901
-0.00348419,-0.00691086,0,-0.00563336,0,0.9
-0.0029498,-0.00640211,0,-0.00680711,0,0.9
-0.00263256,-0.0059504,0,-0.00754038,0,0.901
-0.00204073,-0.00531239,0,-0.00849702,0,0.901
-0.00246922,-0.00521407,0,-0.00887477,0,0.901
-0.00229819,-0.00478319,0,-0.00973831,0,0.901
-0.00223623,-0.00442816,0,-0.0104529,0,0.902
-0.00185375,-0.00383621,0,-0.0113641,0,0.902
-0.000962336,-0.0027471,0,-0.0120544,0,0.902
-0.00053565,-0.00207867,0,-0.0122229,0,0.903
-0.00147284,-0.00255957,0,-0.0112104,0,0.903
-0.00132975,-0.00218135,0,-0.0118179,0,0.904
-0.00249965,-0.00301433,0,-0.0123619,0,0.903
-0.00282345,-0.00194928,0,-0.0140459,0,0.901
-0.00366199,-0.00179241,0,-0.0150338,0,0.901
-0.00403834,-0.00167518,0,-0.019136,0,0.901
-0.00391288,-0.00160092,0,-0.0235098,0,0.901
-0.00311561,-0.00157294,0,-0.0277767,0,0.901
-0.0017754,-0.0015728,0,-0.0301926,0,0.901
-0.0017754,-0.0015728,0,0,0,0.901
-0.0017754,-0.0015728,0,0,0,0.901
-0.0017754,-0.0015728,0,0,0,0.901
-0.0017754,-0.0015728,0,0,0,0.901
-0.0017754,-0.0015728,0,0,0,0.901
-0.0017754,-0.0015728,0,0,0,0.901
0,0,-0.0100574,0,0,0.9
0,0,-0.0100574,0,0,0.9
0,0,-0.0100574,0,0,0.9
0,0,-0.0100574,0,0,0.9
0,0,-0.0100574,0,0,0.9
0,0,-0.0100574,0,0,0.9
0,0,-0.0100574,0,0,0.9
0,0,-0.0100574,0,0,0.9
-0.0430226,0,-0.0101466,0,0,0.745
0.0140334,0,-0.00983832,-0.0165578,0,0.897
0.00762998,0,-0.00967308,-0.0133321,0,0.91
0.00615076,0,-0.00940814,-0.011145,0,0.91
0.00999814,0,-0.00878825,-0.00956881,0,0.91
0.00972387,0,-0.00808403,-0.00706603,0,0.906
0.011432,0,-0.00716841,-0.00532963,0,0.902
0.00894333,0,-0.00679951,-0.00240919,0,0.902
0.00317665,0,-0.00726494,-0.000166345,0,0.903
-0.00165451,0,-0.00791907,0.000900593,0,0.902
-0.00500293,0,-0.00854315,0.000542831,0,0.902
-0.0083722,0,-0.00947186,-0.000622102,0,0.901
-0.00823045,0,-0.00933417,-0.00294474,0,0.901
-0.00676445,0,-0.0085914,-0.00561991,0,0.901
-0.00376855,0,-0.00694436,-0.00797105,0,0.901
-0.0025112,0,-0.00594568,-0.00930465,0,0.901
-0.00158154,0,-0.00501988,-0.00988591,0,0.901
-0.0015112,0,-0.00456252,-0.0101188,0,0.901
-0.00196126,0,-0.0044686,-0.0102143,0,0.901
-0.00245261,0,-0.00446087,-0.0105642,0,0.901
-0.00171009,0,-0.003564,-0.0117172,0,0.902
-0.0019302,0,-0.00340303,-0.0123033,0,0.902
-0.00152777,0,-0.0027507,-0.0128509,0,0.902
-0.00118306,0,-0.00216175,-0.0133753,0,0.903
-0.00238879,0,-0.00299989,-0.0137865,0,0.903
-0.00270864,0,-0.00210269,-0.0151417,0,0.901
-0.00300303,0,-0.00192524,-0.0161369,0,0.901
-0.00350203,0,-0.00179192,-0.0186265,0,0.901
-0.00420728,0,-0.00170643,-0.0217239,0,0.901
-0.00335829,0,-0.00167248,-0.0269424,0,0.901
-0.00182941,0,-0.00167205,-0.0304727,0,0.901
-0.00182941,0,-0.00167205,0,0,0.901
-0.00182941,0,-0.00167205,0,0,0.901
-0.00182941,0,-0.00167205,0,0,0.901
-0.00182941,0,-0.00167205,0,0,0.901
-0.00182941,0,-0.00167205,0,0,0.901
-0.00182941,0,-0.00167205,0,0,0.901
0,-0.00875645,0,0,0,0.9
0,-0.00875645,0,0,0,0.9
0,-0.00875645,0,0,0,0.9
0,-0.00875645,0,0,0,0.9
0,-0.00875645,0,0,0,0.9
0,-0.00875645,0,0,0,0.9
0,-0.00875645,0,0,0,0.9
0,-0.00875645,0,0,0,0.9
-0.0405485,-0.00884543,0,0,0,0.705
0.0179269,-0.00852402,0,-0.0187133,0,0.892
0.000102896,-0.00857028,0,-0.0143553,0,0.909
-0.00118639,-0.0084592,0,-0.0132155,0,0.908
0.00425524,-0.0079496,0,-0.0126614,0,0.91
0.0026461,-0.00772344,0,-0.0111108,0,0.906
0.00124995,-0.00751935,0,-0.00984154,0,0.903
0.00182511,-0.00696255,0,-0.00902028,0,0.902
5.81403e-05,-0.00690941,0,-0.00774173,0,0.902
-0.00286215,-0.00726947,0,-0.00741987,0,0.902
-0.00612489,-0.00797195,0,-0.00745912,0,0.901
-0.00754947,-0.00833996,0,-0.00863574,0,0.901
-0.00604504,-0.0076869,0,-0.0108087,0,0.9
-0.00611997,-0.00761896,0,-0.0118481,0,0.9
-0.0022206,-0.00561104,0,-0.0138993,0,0.9
-0.00175249,-0.00504481,0,-0.0141432,0,0.901
-0.000758774,-0.00412128,0,-0.0140512,0,0.901
1.34315e-05,-0.00324468,0,-0.0135971,0,0.901
-0.000312907,-0.0030464,0,-0.0125201,0,0.901
-0.00092293,-0.00302066,0,-0.011629,0,0.902
-0.000807497,-0.00258975,0,-0.0114364,0,0.902
-0.000532141,-0.00205065,0,-0.0111378,0,0.903
-0.000180958,-0.00143787,0,-0.011102,0,0.903
-0.00142542,-0.0022459,0,-0.00961947,0,0.903
-0.00221665,-0.00274716,0,-0.0105294,0,0.903
-0.00322384,-0.00219021,0,-0.0119063,0,0.901
-0.00409303,-0.00204181,0,-0.0141925,0,0.901
-0.00456333,-0.00192972,0,-0.0188786,0,0.901
-0.00452779,-0.00185702,0,-0.0243122,0,0.901
-0.00400325,-0.00182657,0,-0.0300915,0,0.901
-0.00235109,-0.00182606,0,-0.0342158,0,0.901
-0.00235109,-0.00182606,0,0,0,0.901
-0.00235109,-0.00182606,0,0,0,0.901
-0.00235109,-0.00182606,0,0,0,0.901
-0.00235109,-0.00182606,0,0,0,0.901
-0.00235109,-0.00182606,0,0,0,0.901
-0.00235109,-0.00182606,0,0,0,0.901
0,0,-0.00952966,0,0,0.9
0,0,-0.00952966,0,0,0.9
0,0,-0.00952966,0,0,0.9
0,0,-0.00952966,0,0,0.9
0,0,-0.00952966,0,0,0.9
0,0,-0.00952966,0,0,0.9
0,0,-0.00952966,0,0,0.9
0,0,-0.00952966,0,0,0.9
-0.0440328,0,-0.00960442,0,0,0.724
0.00945685,0,-0.00937097,-0.0184713,0,0.886
0.00387912,0,-0.00925294,-0.0159429,0,0.903
0.00561628,0,-0.00893377,-0.0143851,0,0.899
0.00699744,0,-0.00848726,-0.0124198,0,0.898
0.00634038,0,-0.00804351,-0.0103198,0,0.89
0.0085402,0,-0.00722262,-0.00832369,0,0.888
0.00892502,0,-0.00646697,-0.00599478,0,0.886
0.00701016,0,-0.0061089,-0.00317818,0,0.886
0.00447464,0,-0.00601012,-0.000717339,0,0.885
0.00216179,0,-0.00602999,0.00070392,0,0.883
-0.00304204,0,-0.00726048,0.00162518,0,0.881
-0.00170078,0,-0.00636285,-1.5785e-05,0,0.878
0.000159455,0,-0.00486386,-0.000719445,0,0.869
0.0021281,0,-0.00309285,-0.000864709,0,0.86
0.00382388,0,-0.00114629,0.00149732,0,0.852
0.00514721,0,0.000639642,0.00149732,0,0.847
0.00359024,0,0.00119902,0.00383569,0,0.823
0.000713547,0,-0.00109671,0.0068862,0,0.834
-0.00117295,0,-0.00236898,0.00835841,0,0.827
0.000836927,0,-0.00032379,0.00648015,0,0.826
0.000768963,0,0.000211919,0.00539409,0,0.833
0.00343601,0,0.000538031,0.00732855,0,0.833
-0.00390535,0,0.000799917,0.00888882,0,0.833
-0.0108385,0,0.000990815,0.00916408,0,0.833
-0.00759868,0,0.00110396,-0.017567,0,0.833
-0.0088288,0,0.00113399,-0.0297525,0,0.833
-0.0088288,0,0.00113399,-0.0477629,0,0.833
-0.0088288,0,0.00113399,0,0,0.833
-0.0088288,0,0.00113399,0,0,0.833
-0.0088288,0,0.00113399,0,0,0.833
-0.0088288,0,0.00113399,0,0,0.833
-0.0088288,0,0.00113399,0,0,0.833
-0.0088288,0,0.00113399,0,0,0.833
0,0.00389455,0,0,0,0.857
0,0.00389455,0,0,0,0.857
0,0.00389455,0,0,0,0.857
0,0.00389455,0,0,0,0.857
0,0.00389455,0,0,0,0.857
0,0.00389455,0,0,0,0.857
0,0.00389455,0,0,0,0.857
0,0.00389455,0,0,0,0.857
0,0.00388194,0,0,0,0.857
0.0106796,0.00397451,0,-0.00345934,0,0.901
0.0067717,0.00397077,0,-0.0016847,0,0.902
0.00252635,0.00383102,0,-0.000339625,0,0.903
-0.000742579,0.00356377,0,0.0001309,0,0.903
-0.00554492,0.00292945,0,0.000184597,0,0.898
-0.00230072,0.00305152,0,-0.0010069,0,0.898
-0.000540884,0.00312493,0,-0.00170979,0,0.898
0.00157108,0.00339708,0,-0.00171672,0,0.898
0.00560926,0.0043334,0,-0.00122689,0,0.9
0.0047861,0.00416239,0,0.000412921,0,0.901
0.00279378,0.00351208,0,0.00206394,0,0.901
0.00238933,0.00329869,0,0.00297894,0,0.901
0.00126254,0.0027228,0,0.00382396,0,0.901
0.000930617,0.00242738,0,0.00407526,0,0.901
-0.000755545,0.00136084,0,0.00432403,0,0.901
-0.000222945,0.00144737,0,0.00358874,0,0.901
-0.000585492,0.00102047,0,0.00294948,0,0.902
-0.00215716,-0.000274103,0,0.00265247,0,0.902
-0.00257553,-0.000857361,0,0.000880712,0,0.902
-0.00447517,-0.00261628,0,-0.0013822,0,0.902
-0.0054392,-0.00374771,0,-0.00545425,0,0.902
-0.0041783,-0.00302086,0,-0.0109771,0,0.902
-0.00530052,-0.00429834,0,-0.0147834,0,0.902
-0.00498684,-0.00428954,0,-0.0200939,0,0.902
-0.00530186,-0.00242836,0,-0.0249786,0,0.901
-0.00450168,-0.00256941,0,-0.0291788,0,0.901
-0.00464202,-0.00267539,0,-0.0329789,0,0.901
-0.00496051,-0.00274334,0,-0.0371169,0,0.901
-0.00479555,-0.00277032,0,-0.041447,0,0.901
-0.00265027,-0.00277067,0,-0.0456939,0,0.901
-0.00265027,-0.00277067,0,0,0,0.901
-0.00265027,-0.00277067,0,0,0,0.901
-0.00265027,-0.00277067,0,0,0,0.901
-0.00265027,-0.00277067,0,0,0,0.901
-0.00265027,-0.00277067,0,0,0,0.901
-0.00265027,-0.00277067,0,0,0,0.901
0,0,-0.0119059,0,0,0.9
0,0,-0.0119059,0,0,0.9
0,0,-0.0119059,0,0,0.9
0,0,-0.0119059,0,0,0.9
0,0,-0.0119059,0,0,0.9
0,0,-0.0119059,0,0,0.9
0,0,-0.0119059,0,0,0.9
0,0,-0.0119059,0,0,0.9
-0.045,0,-0.0120904,0,0,0.7
0.0216473,0,-0.0115152,-0.03064,0,0.889
0.00165817,0,-0.0115605,-0.0246436,0,0.904
0.0048348,0,-0.0111569,-0.0228419,0,0.907
0.00611271,0,-0.0106606,-0.0207766,0,0.907
0.00419861,0,-0.0103195,-0.0182895,0,0.905
0.00415011,0,-0.0097885,-0.0162888,0,0.904
0.00250379,0,-0.00945575,-0.0142063,0,0.901
0.00136747,0,-0.00910007,-0.012763,0,0.899
-0.000620507,0,-0.00902609,-0.0114247,0,0.898
-0.00328072,0,-0.00930561,-0.0107901,0,0.897
-0.00333043,0,-0.00890598,-0.0109939,0,0.896
-0.00424042,0,-0.0088497,-0.0113252,0,0.896
-0.00209652,0,-0.00751795,-0.0123148,0,0.897
-0.00148898,0,-0.00672362,-0.012298,0,0.897
-0.000934387,0,-0.00591167,-0.0121007,0,0.898
-0.000977853,0,-0.00540757,-0.0116468,0,0.899
-0.00109456,0,-0.00494961,-0.0112431,0,0.899
-0.00147997,0,-0.00471785,-0.0110603,0,0.9
-0.00262134,0,-0.00508019,-0.0110296,0,0.9
-0.00261703,0,-0.00467239,-0.0122226,0,0.9
-0.00282754,0,-0.00446456,-0.0135445,0,0.9
-0.00357293,0,-0.00475977,-0.0148804,0,0.9
-0.00292958,0,-0.00391092,-0.0177704,0,0.901
-0.00325879,0,-0.00393981,-0.0194807,0,0.901
-0.00369477,0,-0.00256491,-0.021676,0,0.9
-0.00382436,0,-0.00235585,-0.0234743,0,0.9
-0.00424458,0,-0.00219876,-0.0271612,0,0.9
-0.00428438,0,-0.00209803,-0.0312233,0,0.9
-0.00410135,0,-0.00205804,-0.0354867,0,0.9
-0.00251299,0,-0.00205753,-0.0382376,0,0.9
-0.00251299,0,-0.00205753,0,0,0.9
-0.00251299,0,-0.00205753,0,0,0.9
-0.00251299,0,-0.00205753,0,0,0.9
-0.00251299,0,-0.00205753,0,0,0.9
-0.00251299,0,-0.00205753,0,0,0.9
-0.00251299,0,-0.00205753,0,0,0.9
0,-0.00856623,0,0,0,0.899
0,-0.00856623,0,0,0,0.899
0,-0.00856623,0,0,0,0.899
0,-0.00856623,0,0,0,0.899
0,-0.00856623,0,0,0,0.899
0,-0.00856623,0,0,0,0.899
0,-0.00856623,0,0,0,0.899
0,-0.00856623,0,0,0,0.899
0,-0.00854472,0,0,0,0.899
0.00198143,-0.00845155,0,-0.0215984,0,0.91
-0.0019524,-0.00839996,0,-0.0200344,0,0.908
-0.000995221,-0.00822749,0,-0.0190424,0,0.907
0.00619438,-0.00754607,0,-0.018351,0,0.907
0.00319042,-0.00740457,0,-0.0160422,0,0.904
0.0086789,-0.00628513,0,-0.0143806,0,0.903
0.00371613,-0.00647779,0,-0.0117672,0,0.901
0.00464675,-0.00578944,0,-0.0100153,0,0.901
-0.00151713,-0.00678284,0,-0.00810755,0,0.901
-0.00349618,-0.00705478,0,-0.00793279,0,0.901
-0.00538167,-0.00746735,0,-0.00850127,0,0.901
-0.00461167,-0.00700631,0,-0.00988502,0,0.9
-0.0049666,-0.00696851,0,-0.0110396,0,0.9
-0.00303831,-0.00583682,0,-0.0126212,0,0.9
-0.00341539,-0.00576572,0,-0.0133691,0,0.9
-0.00283583,-0.0051666,0,-0.0141246,0,0.9
-0.00365361,-0.00541942,0,-0.0146079,0,0.901
-0.00341948,-0.00503294,0,-0.0157687,0,0.902
-0.00375411,-0.00504275,0,-0.0170711,0,0.902
-0.00390867,-0.00495979,0,-0.0187471,0,0.903
-0.00353158,-0.00446116,0,-0.0205882,0,0.903
-0.0024259,-0.00332589,0,-0.0226787,0,0.903
-0.00317792,-0.00374432,0,-0.0226955,0,0.904
-0.00279585,-0.00322994,0,-0.0248239,0,0.904
-0.00337843,-0.00254644,0,-0.0252848,0,0.904
-0.00406763,-0.00241521,0,-0.0251983,0,0.904
-0.00403262,-0.00231716,0,-0.0279876,0,0.904
-0.00415905,-0.00225506,0,-0.0309616,0,0.904
-0.00420443,-0.00223374,0,-0.0343225,0,0.904
-0.00269639,-0.00223156,0,-0.0380375,0,0.904
-0.00269639,-0.00223156,0,0,0,0.904
-0.00269639,-0.00223156,0,0,0,0.904
-0.00269639,-0.00223156,0,0,0,0.904
-0.00269639,-0.00223156,0,0,0,0.904
-0.00269639,-0.00223156,0,0,0,0.904
-0.00269639,-0.00223156,0,0,0,0.904
0,0,-0.00977259,0,0,0.901
0,0,-0.00977259,0,0,0.901
0,0,-0.00977259,0,0,0.901
0,0,-0.00977259,0,0,0.901
0,0,-0.00977259,0,0,0.901
0,0,-0.00977259,0,0,0.901
0,0,-0.00977259,0,0,0.901
0,0,-0.00977259,0,0,0.901
-0.0387414,0,-0.00985803,0,0,0.726
0.0217523,0,-0.00948021,-0.0176571,0,0.891
0.0122416,0,-0.0092866,-0.0130255,0,0.905
0.0101082,0,-0.00896105,-0.0101884,0,0.904
0.0118117,0,-0.00838967,-0.00801603,0,0.906
0.0082336,0,-0.00808858,-0.00525283,0,0.901
0.0100001,0,-0.00727917,-0.00337339,0,0.901
0.00812371,0,-0.0068753,-0.000993351,0,0.902
0.00260782,0,-0.00728758,0.00124671,0,0.903
-0.00206038,0,-0.00789443,0.00201058,0,0.902
-0.00427103,0,-0.00818749,0.00128134,0,0.902
-0.00993703,0,-0.00982973,-9.22685e-05,0,0.901
-0.00911257,0,-0.00951062,-0.00302751,0,0.9
-0.00629682,0,-0.00822121,-0.00606529,0,0.9
-0.00359686,0,-0.00671555,-0.00831256,0,0.901
-0.00182824,0,-0.00554282,-0.0096249,0,0.901
-0.00147498,0,-0.00494312,-0.00990707,0,0.901
-0.000231137,0,-0.00375281,-0.0102241,0,0.901
-0.00103302,0,-0.00382904,-0.00953575,0,0.9
-0.00168572,0,-0.00391202,-0.00940306,0,0.901
-0.000919641,0,-0.00296701,-0.010097,0,0.901
-0.000921403,0,-0.00260073,-0.0101418,0,0.901
-0.000787508,0,-0.00214546,-0.0100334,0,0.901
-0.000743047,0,-0.00172719,-0.00979719,0,0.902
-0.0019615,0,-0.00257477,-0.00969913,0,0.902
-0.00327986,0,-0.00229806,-0.00993627,0,0.9
-0.00323886,0,-0.00213297,-0.0126413,0,0.9
-0.00378558,0,-0.0020096,-0.0160441,0,0.9
-0.00371658,0,-0.00194655,-0.0201703,0,0.9
-0.00333872,0,-0.0019046,-0.0256123,0,0.9
-0.00196578,0,-0.00190185,-0.0299472,0,0.9
-0.00196578,0,-0.00190185,0,0,0.9
-0.00196578,0,-0.00190185,0,0,0.9
-0.00196578,0,-0.00190185,0,0,0.9
-0.00196578,0,-0.00190185,0,0,0.9
-0.00196578,0,-0.00190185,0,0,0.9
-0.00196578,0,-0.00190185,0,0,0.9
0,-0.00857508,0,0,0,0.9
0,-0.00857508,0,0,0,0.9
0,-0.00857508,0,0,0,0.9
0,-0.00857508,0,0,0,0.9
0,-0.00857508,0,0,0,0.9
0,-0.00857508,0,0,0,0.9
0,-0.00857508,0,0,0,0.9
0,-0.00857508,0,0,0,0.9
-0.0440688,-0.00869364,0,0,0,0.7
0.0202005,-0.00830819,0,-0.0205019,0,0.891
0.00443394,-0.00828789,0,-0.0158806,0,0.905
0.00364518,-0.00807624,0,-0.0141161,0,0.904
0.00860894,-0.00747409,0,-0.0127589,0,0.906
0.0055117,-0.00726168,0,-0.0103816,0,0.902
0.00582904,-0.00676416,0,-0.00850369,0,0.902
0.00313667,-0.00668467,0,-0.00691523,0,0.903
0.000215878,-0.00680537,0,-0.00544246,0,0.902
-0.00597122,-0.00794277,0,-0.00493288,0,0.903
-0.00778863,-0.00834912,0,-0.00619816,0,0.903
-0.0103143,-0.00917774,0,-0.00834084,0,0.902
-0.00808648,-0.00838166,0,-0.0113849,0,0.901
-0.00720946,-0.00796712,0,-0.012961,0,0.901
-0.00314604,-0.00588766,0,-0.0154545,0,0.901
-0.00261803,-0.00533709,0,-0.016253,0,0.902
-0.00247561,-0.00495837,0,-0.0163724,0,0.902
-0.0020144,-0.00437558,0,-0.0165901,0,0.903
-0.00142195,-0.00365817,0,-0.016832,0,0.903
-0.00173975,-0.003565,0,-0.0166893,0,0.903
-0.000949022,-0.00264589,0,-0.0166242,0,0.903
0.000299689,-0.00132137,0,-0.0164589,0,0.903
-0.000704627,-0.0018439,0,-0.0148852,0,0.903
-0.00116711,-0.00199013,0,-0.0136759,0,0.903
-0.00207401,-0.00259671,0,-0.0139123,0,0.903
-0.00307932,-0.00246094,0,-0.0141961,0,0.902
-0.00347577,-0.00232231,0,-0.0159917,0,0.902
-0.00387237,-0.00221517,0,-0.0191739,0,0.902
-0.00356709,-0.00214646,0,-0.0232064,0,0.902
-0.00301156,-0.00211939,0,-0.0271393,0,0.902
-0.00194154,-0.00211891,0,-0.029102,0,0.902
-0.00194154,-0.00211891,0,0,0,0.902
-0.00194154,-0.00211891,0,0,0,0.902
-0.00194154,-0.00211891,0,0,0,0.902
-0.00194154,-0.00211891,0,0,0,0.902
-0.00194154,-0.00211891,0,0,0,0.902
-0.00194154,-0.00211891,0,0,0,0.902
0,0,-0.008252,0,0,0.9
0,0,-0.008252,0,0,0.9
0,0,-0.008252,0,0,0.9
0,0,-0.008252,0,0,0.9
0,0,-0.008252,0,0,0.9
0,0,-0.008252,0,0,0.9
0,0,-0.008252,0,0,0.9
0,0,-0.008252,0,0,0.9
-0.024229,0,-0.00829086,0,0,0.7
0.00434068,0,-0.00815053,-0.0118675,0,0.897
-0.00504572,0,-0.0081873,-0.0102885,0,0.91
-0.00175198,0,-0.00800269,-0.0103674,0,0.907
0.0068367,0,-0.00732391,-0.0102339,0,0.906
0.00554633,0,-0.00700344,-0.00825462,0,0.901
0.00872231,0,-0.00614413,-0.00646715,0,0.897
0.00648646,0,-0.00588632,-0.00455874,0,0.897
0.00194369,0,-0.00621727,-0.00266081,0,0.898
-0.00165418,0,-0.00666472,-0.00178215,0,0.9
-0.00557103,0,-0.00748963,-0.00201662,0,0.901
-0.00668354,0,-0.00773313,-0.00356467,0,0.901
-0.00602642,0,-0.00740898,-0.00549238,0,0.901
-0.00345893,0,-0.00620131,-0.00757614,0,0.901
-0.00140824,0,-0.00498381,-0.00874233,0,0.901
-0.00128963,0,-0.00457976,-0.00879374,0,0.901
-0.00145292,0,-0.00432828,-0.00885575,0,0.901
-0.00237295,0,-0.00457133,-0.00905035,0,0.901
-0.00320965,0,-0.00485393,-0.010047,0,0.901
-0.00280085,0,-0.0043262,-0.0117671,0,0.901
-0.00212735,0,-0.00357009,-0.0136107,0,0.901
-0.00153062,0,-0.00276561,-0.0144793,0,0.901
-4.72825e-05,0,-0.0012421,-0.0149018,0,0.901
0.00024422,0,-0.00069852,-0.014329,0,0.901
-0.00106544,0,-0.0016417,-0.0121687,0,0.901
-0.00175121,0,-0.00145422,-0.0117328,0,0.9
-0.00263544,0,-0.00130445,-0.0120441,0,0.9
-0.00255447,0,-0.00121348,-0.0140972,0,0.9
-0.00269386,0,-0.00112748,-0.017521,0,0.9
-0.00267647,0,-0.00108476,-0.0208188,0,0.9
-0.00176803,0,-0.00108048,-0.023855,0,0.9
-0.00176803,0,-0.00108048,0,0,0.9
-0.00176803,0,-0.00108048,0,0,0.9
-0.00176803,0,-0.00108048,0,0,0.9
-0.00176803,0,-0.00108048,0,0,0.9
-0.00176803,0,-0.00108048,0,0,0.9
-0.00176803,0,-0.00108048,0,0,0.9
0,-0.00850527,0,0,0,0.899
0,-0.00850527,0,0,0,0.899
0,-0.00850527,0,0,0,0.899
0,-0.00850527,0,0,0,0.899
0,-0.00850527,0,0,0,0.899
0,-0.00850527,0,0,0,0.899
0,-0.00850527,0,0,0,0.899
0,-0.00850527,0,0,0,0.899
-0.0320699,-0.00856258,0,0,0,0.7
0.0158484,-0.00830641,0,-0.014837,0,0.893
0.00671107,-0.00819723,0,-0.0114642,0,0.909
-0.000465216,-0.00819882,0,-0.0094341,0,0.909
0.00569622,-0.00763985,0,-0.00908084,0,0.909
0.00268679,-0.00751108,0,-0.0074202,0,0.907
0.00774854,-0.00653542,0,-0.0064379,0,0.905
0.00658708,-0.0061045,0,-0.00456484,0,0.9
0.00387016,-0.00605003,0,-0.00276173,0,0.9
0.000738893,-0.00629411,0,-0.0014363,0,0.902
-0.00353237,-0.00709115,0,-0.000955776,0,0.901
-0.00635069,-0.0077925,0,-0.00183228,0,0.901
-0.00528621,-0.00728265,0,-0.00368669,0,0.9
-0.00508266,-0.00703709,0,-0.00565616,0,0.9
-0.00428681,-0.00648566,0,-0.0071706,0,0.9
-0.000895613,-0.00449162,0,-0.0089792,0,0.901
-0.000264005,-0.00374926,0,-0.00878178,0,0.901
0.000556659,-0.00272241,0,-0.00848195,0,0.901
-0.000293966,-0.00288728,0,-0.00767879,0,0.902
-0.000968624,-0.00300373,0,-0.0072191,0,0.902
-0.0011529,-0.00282779,0,-0.00738829,0,0.903
-0.00158169,-0.00287379,0,-0.00777161,0,0.903
-0.00214679,-0.00309036,0,-0.00876517,0,0.903
-0.00306624,-0.00368392,0,-0.00993992,0,0.903
-0.00416858,-0.00452663,0,-0.0125231,0,0.903
-0.00405709,-0.00286882,0,-0.0164924,0,0.901
-0.00451751,-0.00273895,0,-0.0190857,0,0.901
-0.00450963,-0.00263807,0,-0.0241547,0,0.901
-0.004208,-0.00257263,0,-0.0287388,0,0.901
-0.00392442,-0.00254566,0,-0.0331913,0,0.901
-0.00242872,-0.00254487,0,-0.0362969,0,0.901
-0.00242872,-0.00254487,0,0,0,0.901
-0.00242872,-0.00254487,0,0,0,0.901
-0.00242872,-0.00254487,0,0,0,0.901
-0.00242872,-0.00254487,0,0,0,0.901
-0.00242872,-0.00254487,0,0,0,0.901
-0.00242872,-0.00254487,0,0,0,0.901
0,0,-0.0073601,0,0,0.9
0,0,-0.0073601,0,0,0.9
0,0,-0.0073601,0,0,0.9
0,0,-0.0073601,0,0,0.9
0,0,-0.0073601,0,0,0.9
0,0,-0.0073601,0,0,0.9
0,0,-0.0073601,0,0,0.9
0,0,-0.0073601,0,0,0.9
-0.0412374,0,-0.00742891,0,0,0.7
0.00432943,0,-0.00727081,-0.0192968,0,0.894
-0.00153512,0,-0.00724658,-0.0171814,0,0.909
0.000533955,0,-0.00706444,-0.0160692,0,0.906
0.00558261,0,-0.00657792,-0.0151243,0,0.905
0.00629084,0,-0.0061454,-0.0133379,0,0.901
0.0113368,0,-0.0050705,-0.0114809,0,0.897
0.0103175,0,-0.00454776,-0.00856393,0,0.896
0.00495814,0,-0.0049198,-0.00518766,0,0.897
0.00315382,0,-0.00483167,-0.00355768,0,0.897
-0.00324656,0,-0.00618651,-0.00232822,0,0.897
-0.00703524,0,-0.00725251,-0.00292127,0,0.898
-0.00532492,0,-0.00659001,-0.00518981,0,0.899
-0.00387348,0,-0.0058731,-0.00694036,0,0.9
-0.00197695,0,-0.00480283,-0.00835382,0,0.901
-0.0024814,0,-0.0048053,-0.00869748,0,0.902
-0.00273744,0,-0.00471007,-0.00941561,0,0.902
-0.00334011,0,-0.00485875,-0.0103215,0,0.902
-0.00323459,0,-0.00459561,-0.0116042,0,0.902
-0.00375895,0,-0.00478011,-0.0132151,0,0.902
-0.00328209,0,-0.00421376,-0.015474,0,0.902
-0.00295495,0,-0.00377948,-0.0170905,0,0.902
-0.00208293,0,-0.00286839,-0.0185612,0,0.902
-0.00309901,0,-0.00358439,-0.0190412,0,0.902
-0.00286789,0,-0.00323993,-0.0208207,0,0.902
-0.00314178,0,-0.00216847,-0.0226804,0,0.9
-0.00364632,0,-0.00204922,-0.0232407,0,0.9
-0.00314273,0,-0.00195868,-0.0259476,0,0.9
-0.00339075,0,-0.00189931,-0.0280826,0,0.9
-0.00280018,0,-0.00187669,-0.0305721,0,0.9
-0.00213869,0,-0.00187261,-0.0325448,0,0.9
-0.00213869,0,-0.00187261,0,0,0.9
-0.00213869,0,-0.00187261,0,0,0.9
-0.00213869,0,-0.00187261,0,0,0.9
-0.00213869,0,-0.00187261,0,0,0.9
-0.00213869,0,-0.00187261,0,0,0.9
-0.00213869,0,-0.00187261,0,0,0.9
0,-0.00623399,0,0,0,0.899
0,-0.00623399,0,0,0,0.899
0,-0.00623399,0,0,0,0.899
0,-0.00623399,0,0,0,0.899
0,-0.00623399,0,0,0,0.899
0,-0.00623399,0,0,0,0.899
0,-0.00623399,0,0,0,0.899
0,-0.00623399,0,0,0,0.899
-0.0245118,-0.00627111,0,0,0,0.7
0.0179739,-0.00604784,0,-0.0127822,0,0.892
0.0112986,-0.00589231,0,-0.00900962,0,0.909
0.00548806,-0.00579634,0,-0.00660364,0,0.907
0.00528152,-0.00554667,0,-0.00537016,0,0.909
0.00209251,-0.00550216,0,-0.00396486,0,0.905
0.00365749,-0.00505185,0,-0.00345282,0,0.905
0.00253895,-0.00485911,0,-0.00233093,0,0.901
0.00271214,-0.00447734,0,-0.00160764,0,0.9
0.000505023,-0.0046366,0,-0.000836689,0,0.902
-0.00348224,-0.00545993,0,-0.000380721,0,0.902
-0.00432521,-0.00560705,0,-0.00141586,0,0.901
-0.0053813,-0.00591307,0,-0.00264248,0,0.901
-0.00542077,-0.00587708,0,-0.00465342,0,0.9
-0.0048637,-0.00556426,0,-0.00600224,0,0.9
-0.00256572,-0.00425327,0,-0.00773457,0,0.9
-0.00146093,-0.00348477,0,-0.00849754,0,0.9
-0.000210677,-0.00240474,0,-0.00901941,0,0.901
-0.000371496,-0.00222814,0,-0.00871268,0,0.901
-0.000436848,-0.00200668,0,-0.00826365,0,0.901
5.12186e-05,-0.00137546,0,-0.0081152,0,0.901
-0.00116383,-0.00211282,0,-0.00741484,0,0.902
-0.00243565,-0.003001,0,-0.00731131,0,0.902
-0.00330346,-0.00364111,0,-0.00899451,0,0.903
-0.0051258,-0.0052189,0,-0.0118141,0,0.903
-0.00479783,-0.00331031,0,-0.0170154,0,0.901
-0.00529472,-0.00324252,0,-0.0205054,0,0.901
-0.00530422,-0.0031908,0,-0.0267366,0,0.901
-0.00442622,-0.0031559,0,-0.0327225,0,0.901
-0.00376661,-0.00314093,0,-0.0374454,0,0.901
-0.00234522,-0.00314029,0,-0.0396195,0,0.901
-0.00234522,-0.00314029,0,0,0,0.901
-0.00234522,-0.00314029,0,0,0,0.901
-0.00234522,-0.00314029,0,0,0,0.901
-0.00234522,-0.00314029,0,0,0,0.901
-0.00234522,-0.00314029,0,0,0,0.901
-0.00234522,-0.00314029,0,0,0,0.901
0,0,-0.00775674,0,0,0.9
0,0,-0.00775674,0,0,0.9
0,0,-0.00775674,0,0,0.9
0,0,-0.00775674,0,0,0.9
0,0,-0.00775674,0,0,0.9
0,0,-0.00775674,0,0,0.9
0,0,-0.00775674,0,0,0.9
0,0,-0.00775674,0,0,0.9
-0.0359223,0,-0.00779403,0,0,0.749
-0.00365655,0,-0.00772779,-0.0135637,0,0.898
-0.000664675,0,-0.00762464,-0.0135275,0,0.911
0.000747379,0,-0.00744683,-0.0127391,0,0.906
0.0086727,0,-0.0067875,-0.0118726,0,0.906
0.0115342,0,-0.00606897,-0.00967874,0,0.901
0.013812,0,-0.00515238,-0.00666542,0,0.897
0.0133404,0,-0.00445037,-0.0034222,0,0.897
0.00775777,0,-0.00472399,0.000153363,0,0.898
0.00205692,0,-0.00542488,0.00252068,0,0.898
-0.00205981,0,-0.00615358,0.00305337,0,0.899
-0.00475254,0,-0.00677166,0.00228964,0,0.899
-0.00371116,0,-0.00623988,0.000226662,0,0.9
-0.00229041,0,-0.00543286,-0.00115016,0,0.899
-0.00099486,0,-0.00455323,-0.00217205,0,0.9
-0.00197342,0,-0.00472777,-0.00237329,0,0.9
-0.0024634,0,-0.00472095,-0.00336029,0,0.9
-0.00383876,0,-0.0053173,-0.00447632,0,0.9
-0.00409815,0,-0.00530314,-0.00671991,0,0.9
-0.00371141,0,-0.00485578,-0.00913792,0,0.9
-0.00275596,0,-0.00394818,-0.0116802,0,0.9
-0.00220573,0,-0.0033038,-0.013469,0,0.901
-0.00221556,0,-0.00309437,-0.0146348,0,0.901
-0.00132228,0,-0.00211161,-0.0160481,0,0.901
-0.00146268,0,-0.0020322,-0.0160013,0,0.901
-0.00252469,0,-0.00201096,-0.0164457,0,0.9
-0.00217242,0,-0.00190784,-0.0173368,0,0.9
-0.00272581,0,-0.00179769,-0.0188472,0,0.9
-0.00294235,0,-0.00172125,-0.0215614,0,0.9
-0.0028328,0,-0.00168122,-0.0250046,0,0.9
-0.00240511,0,-0.0016757,-0.0276946,0,0.9
-0.00240511,0,-0.0016757,0,0,0.9
-0.00240511,0,-0.0016757,0,0,0.9
-0.00240511,0,-0.0016757,0,0,0.9
-0.00240511,0,-0.0016757,0,0,0.9
-0.00240511,0,-0.0016757,0,0,0.9
-0.00240511,0,-0.0016757,0,0,0.9
0,-0.00768787,0,0,0,0.899
0,-0.00768787,0,0,0,0.899
0,-0.00768787,0,0,0,0.899
0,-0.00768787,0,0,0,0.899
0,-0.00768787,0,0,0,0.899
0,-0.00768787,0,0,0,0.899
0,-0.00768787,0,0,0,0.899
0,-0.00768787,0,0,0,0.899
-0.0319992,-0.00772836,0,0,0,0.7
0.0146596,-0.00752639,0,-0.0151331,0,0.891
0.00504583,-0.00744993,0,-0.0117772,0,0.91
0.00035666,-0.00739471,0,-0.0100734,0,0.906
0.00333398,-0.00704169,0,-0.00943113,0,0.908
0.00295637,-0.00676803,0,-0.00813707,0,0.905
0.00505908,-0.00618124,0,-0.00717017,0,0.904
0.00458228,-0.00580483,0,-0.0055575,0,0.904
0.00379008,-0.00548344,0,-0.00426482,0,0.904
0.00167192,-0.00551453,0,-0.00294623,0,0.906
-0.00373438,-0.00659399,0,-0.00206992,0,0.905
-0.00568391,-0.00704155,0,-0.00289853,0,0.905
-0.00694455,-0.00740393,0,-0.00454138,0,0.905
-0.00770801,-0.00769657,0,-0.00659117,0,0.904
-0.00593928,-0.00684614,0,-0.00829837,0,0.904
-0.00261605,-0.00499461,0,-0.010444,0,0.904
-0.00129316,-0.00398506,0,-0.0108057,0,0.905
4.04129e-05,-0.00283717,0,-0.0109824,0,0.905
4.91964e-05,-0.00246426,0,-0.0102501,0,0.905
-0.000308353,-0.00236675,0,-0.00927704,0,0.905
-0.000291674,-0.0020298,0,-0.00846896,0,0.905
-0.000250324,-0.0017002,0,-0.00790679,0,0.906
-0.00094299,-0.00199688,0,-0.00704907,0,0.906
-0.00159732,-0.00234125,0,-0.0067149,0,0.907
-0.00207165,-0.00257207,0,-0.00791207,0,0.906
-0.00271119,-0.00280144,0,-0.00841548,0,0.905
-0.00307189,-0.00268254,0,-0.0116271,0,0.905
-0.00380389,-0.0025898,0,-0.0122892,0,0.905
-0.00406747,-0.00252546,0,-0.0164644,0,0.905
-0.00389548,-0.00249179,0,-0.0215205,0,0.905
-0.00325125,-0.00248714,0,-0.0251274,0,0.905
-0.00325125,-0.00248714,0,-0.02865,0,0.905
-0.00325125,-0.00248714,0,0,0,0.905
-0.00325125,-0.00248714,0,0,0,0.905
-0.00325125,-0.00248714,0,0,0,0.905
-0.00325125,-0.00248714,0,0,0,0.905
-0.00325125,-0.00248714,0,0,0,0.905
0,0,-0.00836933,0,0,0.904
0,0,-0.00836933,0,0,0.904
0,0,-0.00836933,0,0,0.904
0,0,-0.00836933,0,0,0.904
0,0,-0.00836933,0,0,0.904
0,0,-0.00836933,0,0,0.904
0,0,-0.00836933,0,0,0.904
0,0,-0.00836933,0,0,0.904
-0.045,0,-0.00837901,0,0,0.778
-0.045,0,-0.00862059,0,0,0.804
0.00507187,0,-0.00815711,-0.0178677,0,0.898
0.00132768,0,-0.00805824,-0.0159107,0,0.901
0.00808242,0,-0.00749343,-0.0147815,0,0.904
0.0102527,0,-0.0068761,-0.012501,0,0.901
0.0094858,0,-0.00638204,-0.00952813,0,0.9
0.0125808,0,-0.00532762,-0.00677779,0,0.902
0.00595637,0,-0.00574488,-0.00356914,0,0.902
0.0025742,0,-0.00591565,-0.00155777,0,0.902
-0.000383225,0,-0.00623679,-0.000743943,0,0.903
-0.0055488,0,-0.00748512,-0.000445722,0,0.902
-0.00460556,0,-0.00701109,-0.00235776,0,0.902
-0.00325849,0,-0.00628195,-0.00394393,0,0.903
-0.00128073,0,-0.00512448,-0.00506891,0,0.903
-0.00194141,0,-0.0051074,-0.00528865,0,0.903
-0.00261234,0,-0.00516209,-0.00568969,0,0.903
-0.00360484,0,-0.00547426,-0.00662522,0,0.902
-0.00418552,0,-0.0056313,-0.00815101,0,0.903
-0.00412665,0,-0.00539414,-0.0103893,0,0.903
-0.00354191,0,-0.00476686,-0.0124914,0,0.903
-0.00294009,0,-0.00408568,-0.0142905,0,0.903
-0.0022639,0,-0.00330764,-0.0155712,0,0.903
-0.00152005,0,-0.00244736,-0.0163965,0,0.904
-0.0012457,0,-0.0019719,-0.0162173,0,0.904
-0.00190072,0,-0.00233763,-0.0154444,0,0.903
-0.00266904,0,-0.00217589,-0.0159088,0,0.903
-0.00315016,0,-0.00204586,-0.0166221,0,0.903
-0.00363579,0,-0.00195038,-0.0196627,0,0.903
-0.00393035,0,-0.00189229,-0.0232585,0,0.903
-0.00307783,0,-0.00187433,-0.0280735,0,0.903
-0.00307783,0,-0.00187433,-0.0294203,0,0.903
-0.00307783,0,-0.00187433,0,0,0.903
-0.00307783,0,-0.00187433,0,0,0.903
-0.00307783,0,-0.00187433,0,0,0.903
-0.00307783,0,-0.00187433,0,0,0.903
-0.00307783,0,-0.00187433,0,0,0.903
-0.00307783,0,-0.00187433,0,0,0.903
0,-0.00759194,0,0,0,0.902
0,-0.00759194,0,0,0,0.902
0,-0.00759194,0,0,0,0.902
0,-0.00759194,0,0,0,0.902
0,-0.00759194,0,0,0,0.902
0,-0.00759194,0,0,0,0.902
0,-0.00759194,0,0,0,0.902
-0.036727,-0.00759316,0,0,0,0.7
-0.03469,-0.00779112,0,0,0,0.727
0.0195264,-0.0072083,0,-0.0159662,0,0.89
0.00364686,-0.00726611,0,-0.0113697,0,0.904
0.00586283,-0.0069294,0,-0.0100471,0,0.907
0.0054735,-0.00661814,0,-0.00847498,0,0.907
0.00396298,-0.00637734,0,-0.0068883,0,0.904
0.00215804,-0.00624139,0,-0.00537303,0,0.905
0.00158615,-0.0059743,0,-0.00450306,0,0.904
-0.0004013,-0.0059633,0,-0.00376995,0,0.905
-0.00447504,-0.00675045,0,-0.00349247,0,0.905
-0.00551883,-0.00693599,0,-0.0044082,0,0.904
-0.00529939,-0.00675584,0,-0.00569499,0,0.903
-0.00661127,-0.0071866,0,-0.00702334,0,0.903
-0.00687146,-0.00725856,0,-0.00847226,0,0.903
-0.00278487,-0.00513469,0,-0.0105688,0,0.904
-0.00181652,-0.0043536,0,-0.0114888,0,0.904
-0.00172175,-0.00401281,0,-0.0117167,0,0.904
-0.00131573,-0.00346379,0,-0.0117522,0,0.904
-0.00169469,-0.0034467,0,-0.0115022,0,0.905
-0.00125756,-0.00285578,0,-0.0117228,0,0.905
-0.000370327,-0.00189274,0,-0.0119108,0,0.905
-0.000227653,-0.00148623,0,-0.0111137,0,0.905
-0.000921745,-0.00182525,0,-0.0100195,0,0.906
-0.00189401,-0.00247133,0,-0.00998363,0,0.906
-0.00338274,-0.00360019,0,-0.0101602,0,0.906
-0.00321776,-0.00349304,0,-0.0139402,0,0.906
-0.00317531,-0.00340853,0,-0.0149645,0,0.906
-0.00329494,-0.00334282,0,-0.0212776,0,0.906
-0.0026498,-0.00330279,0,-0.0212776,0,0.906
-0.0025362,-0.00329037,0,-0.0227487,0,0.906
-0.0025362,-0.00329037,0,-0.0244167,0,0.906
-0.0025362,-0.00329037,0,0,0,0.906
-0.0025362,-0.00329037,0,0,0,0.906
-0.0025362,-0.00329037,0,0,0,0.906
-0.0025362,-0.00329037,0,0,0,0.906
-0.0025362,-0.00329037,0,0,0,0.906
-0.0025362,-0.00329037,0,0,0,0.906
0,0,-0.00382871,0,0,0.903
0,0,-0.00382871,0,0,0.903
0,0,-0.00382871,0,0,0.903
0,0,-0.00382871,0,0,0.903
0,0,-0.00382871,0,0,0.903
0,0,-0.00382871,0,0,0.903
0,0,-0.00382871,0,0,0.903
-0.0234233,0,-0.0038288,0,0,0.7
-0.0340982,0,-0.00398137,0,0,0.793
0.00561729,0,-0.00373248,-0.0116565,0,0.897
-0.00163827,0,-0.00377629,-0.00975337,0,0.902
0.00504321,0,-0.00344507,-0.00941819,0,0.902
0.00651731,0,-0.00312583,-0.00797486,0,0.9
0.00349975,0,-0.00311637,-0.0063882,0,0.899
0.000975885,0,-0.00320616,-0.00485708,0,0.901
0.00118274,0,-0.00298835,-0.00419024,0,0.898
-0.00263206,0,-0.00358,-0.00370548,0,0.898
-0.0049802,0,-0.00411828,-0.00400826,0,0.897
-0.00491856,0,-0.0041513,-0.00520532,0,0.898
-0.00477714,0,-0.00415324,-0.00644833,0,0.899
-0.00358608,0,-0.00373419,-0.00770247,0,0.9
-0.00305916,0,-0.00349184,-0.00866079,0,0.901
-0.0028966,0,-0.00337543,-0.00942709,0,0.902
-0.00391873,0,-0.00387697,-0.0101257,0,0.902
-0.00532687,0,-0.00470601,-0.011438,0,0.902
-0.00583848,0,-0.00510353,-0.0135359,0,0.902
-0.00448477,0,-0.00427604,-0.016133,0,0.902
-0.00301028,0,-0.00323311,-0.018413,0,0.902
-0.0023331,0,-0.00267479,-0.0193838,0,0.902
-0.00208619,0,-0.00241234,-0.019841,0,0.902
-0.00120418,0,-0.00159482,-0.0200374,0,0.902
-0.000843943,0,-0.00115961,-0.0196524,0,0.902
-0.0014821,0,-0.00165973,-0.0184553,0,0.902
-0.00223471,0,-0.00157572,-0.0177648,0,0.902
-0.00243421,0,-0.00153752,-0.0177676,0,0.902
-0.0025714,0,-0.00149735,-0.019442,0,0.902
-0.0025699,0,-0.00147047,-0.0214835,0,0.902
-0.00217589,0,-0.00145791,-0.023927,0,0.902
-0.00196131,0,-0.00145709,-0.0241727,0,0.902
-0.00196131,0,-0.00145709,0,0,0.902
-0.00196131,0,-0.00145709,0,0,0.902
-0.00196131,0,-0.00145709,0,0,0.902
-0.00196131,0,-0.00145709,0,0,0.902
-0.00196131,0,-0.00145709,0,0,0.902
-0.00196131,0,-0.00145709,0,0,0.902
0,-0.00684275,0,0,0,0.9
0,-0.00684275,0,0,0,0.9
0,-0.00684275,0,0,0,0.9
0,-0.00684275,0,0,0,0.9
0,-0.00684275,0,0,0,0.9
0,-0.00684275,0,0,0,0.9
0,-0.00684275,0,0,0,0.9
0,-0.00684275,0,0,0,0.9
-0.0302818,-0.00692105,0,0,0,0.7
0.015689,-0.00663584,0,-0.0143954,0,0.894
0.0050702,-0.00658309,0,-0.010836,0,0.909
0.00038601,-0.00655229,0,-0.00916827,0,0.909
0.00174192,-0.00629443,0,-0.0086704,0,0.907
0.00206437,-0.00601738,0,-0.00782546,0,0.904
0.00446154,-0.00542586,0,-0.00710431,0,0.903
0.00286861,-0.00527055,0,-0.00556984,0,0.902
0.00297974,-0.00486539,0,-0.00473807,0,0.902
0.00101251,-0.00493523,0,-0.00364454,0,0.903
-0.00268639,-0.00560105,0,-0.00293114,0,0.903
-0.00500662,-0.00620825,0,-0.00339915,0,0.903
-0.00541521,-0.00627915,0,-0.00445832,0,0.902
-0.00360036,-0.00539554,0,-0.00607315,0,0.9
-0.00298107,-0.00492639,0,-0.00706025,0,0.9
0.000429082,-0.00288054,0,-0.00801832,0,0.901
0.00160756,-0.00183209,0,-0.00744923,0,0.902
0.00135018,-0.00158674,0,-0.0062788,0,0.902
0.000989229,-0.00144778,0,-0.00507011,0,0.902
0.000524681,-0.00143179,0,-0.00403366,0,0.902
-0.000522004,-0.0019351,0,-0.0031766,0,0.903
-0.00135027,-0.00235353,0,-0.0031162,0,0.903
-0.0018522,-0.0025746,0,-0.0040939,0,0.903
-0.00189013,-0.00243632,0,-0.00574583,0,0.903
-0.0027653,-0.00309314,0,-0.00707226,0,0.903
-0.00244133,-0.00161388,0,-0.0101516,0,0.901
-0.00314153,-0.00149723,0,-0.0113662,0,0.901
-0.00332465,-0.00140959,0,-0.0150865,0,0.901
-0.00299774,-0.00135242,0,-0.0193225,0,0.901
-0.00277123,-0.00133099,0,-0.0222208,0,0.901
-0.00149529,-0.0013308,0,-0.025227,0,0.901
-0.00149529,-0.0013308,0,0,0,0.901
-0.00149529,-0.0013308,0,0,0,0.901
-0.00149529,-0.0013308,0,0,0,0.901
-0.00149529,-0.0013308,0,0,0,0.901
-0.00149529,-0.0013308,0,0,0,0.901
-0.00149529,-0.0013308,0,0,0,0.901
0,0,-0.005257,0,0,0.901
0,0,-0.005257,0,0,0.901
0,0,-0.005257,0,0,0.901
0,0,-0.005257,0,0,0.901
0,0,-0.005257,0,0,0.901
0,0,-0.005257,0,0,0.901
0,0,-0.005257,0,0,0.901
0,0,-0.005257,0,0,0.901
-0.0435958,0,-0.00536698,0,0,0.7
0.00682806,0,-0.00515311,-0.0191369,0,0.896
-0.0027543,0,-0.00520458,-0.0166869,0,0.91
0.000262991,0,-0.00503957,-0.0157795,0,0.907
0.00540481,0,-0.00458131,-0.0150537,0,0.903
0.00420749,0,-0.00437814,-0.0130809,0,0.898
0.00771597,0,-0.00363351,-0.0113371,0,0.899
0.00719545,0,-0.00323449,-0.0090575,0,0.897
0.00325651,0,-0.0035354,-0.0066096,0,0.897
0.00176515,0,-0.00353753,-0.00534963,0,0.897
-0.00257235,0,-0.00447872,-0.00430558,0,0.897
-0.00409874,0,-0.00486681,-0.00474777,0,0.897
-0.00462014,0,-0.00501226,-0.00589636,0,0.898
-0.00462006,0,-0.00498148,-0.00724406,0,0.899
-0.00304968,0,-0.00419472,-0.00883974,0,0.9
-0.00354957,0,-0.00434996,-0.00971357,0,0.9
-0.00461281,0,-0.00488365,-0.0108654,0,0.901
-0.00474436,0,-0.00493554,-0.012879,0,0.902
-0.00368594,0,-0.00419456,-0.0150846,0,0.901
-0.0035976,0,-0.00405817,-0.0166263,0,0.901
-0.0027683,0,-0.00335286,-0.0184253,0,0.902
-0.00192981,0,-0.00256776,-0.0196897,0,0.901
-0.00188326,0,-0.00240412,-0.0198483,0,0.902
-0.00208271,0,-0.00243386,-0.020192,0,0.902
-0.00207078,0,-0.00232548,-0.020665,0,0.902
-0.00292657,0,-0.00187612,-0.0209851,0,0.9
-0.00330285,0,-0.00180046,-0.0215738,0,0.9
-0.00295805,0,-0.00175597,-0.0239423,0,0.9
-0.00268699,0,-0.00171426,-0.0261224,0,0.9
-0.00244299,0,-0.00169414,-0.0278371,0,0.9
-0.00219158,0,-0.00169248,-0.0281016,0,0.9
-0.00219158,0,-0.00169248,0,0,0.9
-0.00219158,0,-0.00169248,0,0,0.9
-0.00219158,0,-0.00169248,0,0,0.9
-0.00219158,0,-0.00169248,0,0,0.9
-0.00219158,0,-0.00169248,0,0,0.9
-0.00219158,0,-0.00169248,0,0,0.9
0,-0.00662377,0,0,0,0.899
0,-0.00662377,0,0,0,0.899
0,-0.00662377,0,0,0,0.899
0,-0.00662377,0,0,0,0.899
0,-0.00662377,0,0,0,0.899
0,-0.00662377,0,0,0,0.899
0,-0.00662377,0,0,0,0.899
0,-0.00662377,0,0,0,0.899
-0.0264807,-0.00668073,0,0,0,0.7
0.00777476,-0.00650551,0,-0.011398,0,0.91
0.00552936,-0.00637001,0,-0.00960601,0,0.911
0.00141696,-0.00630904,0,-0.00801139,0,0.909
0.00361715,-0.00598873,0,-0.00725,0,0.91
0.00321388,-0.00573526,0,-0.00613915,0,0.907
0.00416673,-0.00529377,0,-0.00527984,0,0.904
0.0039533,-0.0049314,0,-0.0039849,0,0.902
0.00695212,-0.00391058,0,-0.00322174,0,0.901
0.00235513,-0.00446283,0,-0.000976972,0,0.903
-0.0015474,-0.00511887,0,-0.000198432,0,0.903
-0.00500104,-0.00606687,0,-0.000245483,0,0.903
-0.00636489,-0.00652219,0,-0.0016234,0,0.902
-0.00509149,-0.00594542,0,-0.00352148,0,0.901
-0.00462137,-0.00563756,0,-0.00501644,0,0.901
-0.000933581,-0.00354497,0,-0.00694266,0,0.902
0.000680317,-0.0023107,0,-0.00724965,0,0.902
0.000481487,-0.00209274,0,-0.00670527,0,0.903
-0.000747295,-0.00259809,0,-0.00582722,0,0.903
-0.000927775,-0.0024615,0,-0.00580908,0,0.903
-0.002172,-0.00317668,0,-0.00598133,0,0.903
-0.00225679,-0.00306937,0,-0.00707265,0,0.904
-0.00306767,-0.00359705,0,-0.0110262,0,0.904
-0.00362626,-0.00396317,0,-0.0110262,0,0.904
-0.00406398,-0.00427467,0,-0.014164,0,0.904
-0.00387345,-0.0025825,0,-0.0181537,0,0.902
-0.00425368,-0.00249232,0,-0.0247014,0,0.902
-0.00435402,-0.00241882,0,-0.0247014,0,0.902
-0.00387171,-0.00237274,0,-0.0288593,0,0.902
-0.00320694,-0.00235416,0,-0.0325366,0,0.902
-0.00184379,-0.00235373,0,-0.0348459,0,0.902
-0.00184379,-0.00235373,0,0,0,0.902
-0.00184379,-0.00235373,0,0,0,0.902
-0.00184379,-0.00235373,0,0,0,0.902
-0.00184379,-0.00235373,0,0,0,0.902
-0.00184379,-0.00235373,0,0,0,0.902
-0.00184379,-0.00235373,0,0,0,0.902
0,0,-0.00122355,0,0,0.901
0,0,-0.00122355,0,0,0.901
0,0,-0.00122355,0,0,0.901
0,0,-0.00122355,0,0,0.901
0,0,-0.00122355,0,0,0.901
0,0,-0.00122355,0,0,0.901
0,0,-0.00122355,0,0,0.901
0,0,-0.00122355,0,0,0.901
-0.0191652,0,-0.00125808,0,0,0.711
0.0034564,0,-0.00118792,-0.0101134,0,0.895
0.00305585,0,-0.00114015,-0.00892543,0,0.909
-0.00393475,0,-0.00132509,-0.00774214,0,0.906
-0.00333228,0,-0.00135059,-0.00788828,0,0.906
-0.00268796,0,-0.00135386,-0.00795159,0,0.901
-0.00117802,0,-0.00121799,-0.00802067,0,0.898
0.00171204,0,-0.000756524,-0.00777238,0,0.896
0.000176094,0,-0.000944628,-0.00703579,0,0.895
0.000245376,0,-0.000869272,-0.00641897,0,0.896
0.000902058,0,-0.000615391,-0.00592985,0,0.896
-0.00128543,0,-0.00124416,-0.00506482,0,0.896
-0.0024847,0,-0.00170594,-0.00503139,0,0.895
-0.00387596,0,-0.00236971,-0.00554653,0,0.895
-0.00536138,0,-0.00321438,-0.00688806,0,0.896
-0.00667955,0,-0.00411597,-0.00896553,0,0.897
-0.00850584,0,-0.005428,-0.0119792,0,0.899
-0.0082491,0,-0.00562491,-0.0159129,0,0.899
-0.00588818,0,-0.00436287,-0.0203224,0,0.9
-0.0047043,0,-0.00372241,-0.023396,0,0.901
-0.00410107,0,-0.00341703,-0.0254598,0,0.901
-0.00294393,0,-0.00260711,-0.0273402,0,0.901
-0.00276875,0,-0.00252442,-0.0279842,0,0.902
-0.00301139,0,-0.00279273,-0.0287755,0,0.902
-0.002911,0,-0.00275878,-0.0296997,0,0.902
-0.00311407,0,-0.00218449,-0.0309731,0,0.9
-0.0035797,0,-0.00220797,-0.0310071,0,0.9
-0.00400958,0,-0.00222622,-0.0333243,0,0.9
-0.0027534,0,-0.00223878,-0.0371764,0,0.9
-0.00286927,0,-0.00224519,-0.0376517,0,0.9
-0.00232248,0,-0.00224595,-0.0379938,0,0.9
-0.00232248,0,-0.00224595,0,0,0.9
-0.00232248,0,-0.00224595,0,0,0.9
-0.00232248,0,-0.00224595,0,0,0.9
-0.00232248,0,-0.00224595,0,0,0.9
-0.00232248,0,-0.00224595,0,0,0.9
-0.00232248,0,-0.00224595,0,0,0.9
0,-0.00696034,0,0,0,0.899
0,-0.00696034,0,0,0,0.899
0,-0.00696034,0,0,0,0.899
0,-0.00696034,0,0,0,0.899
0,-0.00696034,0,0,0,0.899
0,-0.00696034,0,0,0,0.899
0,-0.00696034,0,0,0,0.899
0,-0.00696034,0,0,0,0.899
-0.0312767,-0.00700973,0,0,0,0.7
0.01509,-0.00679357,0,-0.0156587,0,0.897
0.00558817,-0.00671657,0,-0.0123123,0,0.91
-0.00198152,-0.0067762,0,-0.0104435,0,0.91
0.00289146,-0.00637415,0,-0.0101992,0,0.91
0.0046796,-0.00594356,0,-0.00899295,0,0.907
0.00470536,-0.00557038,0,-0.00750936,0,0.906
0.0051671,-0.00508231,0,-0.00588336,0,0.905
0.00948852,-0.00361096,0,-0.00472826,0,0.905
0.00491563,-0.00402481,0,-0.00229674,0,0.903
-0.00237033,-0.00561689,0,-0.000456569,0,0.902
-0.00631206,-0.00674033,0,-0.000783518,0,0.902
-0.00735313,-0.00711254,0,-0.00222935,0,0.902
-0.00693816,-0.00695063,0,-0.004739,0,0.901
-0.00530679,-0.00615217,0,-0.00683186,0,0.9
-0.00181485,-0.00419512,0,-0.008979,0,0.901
-0.000402918,-0.0031114,0,-0.0096378,0,0.901
-0.000413691,-0.00280771,0,-0.00946357,0,0.902
-0.000738586,-0.0027181,0,-0.0089883,0,0.902
-0.00120447,-0.00277163,0,-0.00881486,0,0.902
-0.00198271,-0.00311991,0,-0.0091019,0,0.902
-0.00203405,-0.00295612,0,-0.00974417,0,0.902
-0.00219692,-0.00291253,0,-0.0112363,0,0.903
-0.00273945,-0.00322928,0,-0.0147564,0,0.903
-0.00365594,-0.00393597,0,-0.0147564,0,0.903
-0.00410879,-0.00289043,0,-0.0174871,0,0.901
-0.00396489,-0.00279815,0,-0.0237273,0,0.901
-0.00454457,-0.00272406,0,-0.0237273,0,0.901
-0.00394901,-0.00267548,0,-0.0287247,0,0.901
-0.00303551,-0.00265464,0,-0.0330766,0,0.901
-0.00200603,-0.00265375,0,-0.034209,0,0.901
-0.00200603,-0.00265375,0,0,0,0.901
-0.00200603,-0.00265375,0,0,0,0.901
-0.00200603,-0.00265375,0,0,0,0.901
-0.00200603,-0.00265375,0,0,0,0.901
-0.00200603,-0.00265375,0,0,0,0.901
-0.00200603,-0.00265375,0,0,0,0.901
0,0,-0.00703532,0,0,0.9
0,0,-0.00703532,0,0,0.9
0,0,-0.00703532,0,0,0.9
0,0,-0.00703532,0,0,0.9
0,0,-0.00703532,0,0,0.9
0,0,-0.00703532,0,0,0.9
