0.0128366,-0.0454323,-6.18532e-05,0,0,0.0128319,-0.00950186
0.0128366,-0.0477361,-6.40147e-05,-6.18532e-07,0,0.012821,-0.00953891
0.0128366,-0.048762,-6.47746e-05,-1.88802e-06,0,0.0128083,-0.0099234
0.0128366,-0.0491535,-6.48223e-05,-3.17971e-06,0,0.0127952,-0.0100745
0.0128366,-0.0497217,-6.50228e-05,-4.47592e-06,0,0.0127817,-0.0103064
0.0128366,-0.0495361,-6.43883e-05,-5.77537e-06,0,0.0127678,-0.010235
0.0128366,-0.0478545,-6.21356e-05,-7.06631e-06,0,0.0127536,-0.00957826
0.0128366,-0.0453275,-5.89638e-05,-8.32029e-06,0,0.012739,-0.00860749
0.0128366,-0.0428045,-5.57811e-05,-9.51542e-06,0,0.0127238,-0.00765195
0.0128366,-0.0397805,-5.20537e-05,-1.0647e-05,0,0.012708,-0.006497
0.0128366,-0.0373286,-4.8926e-05,-1.17067e-05,0,0.0126915,-0.005579
0.0128366,-0.0344401,-4.53269e-05,-1.27008e-05,0,0.0126741,-0.00447883
0.0128366,-0.0303323,-4.04296e-05,-1.36254e-05,0,0.0126559,-0.00289938
0.0128366,-0.026607,-3.59434e-05,-1.44584e-05,0,0.0126367,-0.00149249
0.0128366,-0.0214493,-2.99423e-05,-1.51997e-05,0,0.0126164,0.000491127
0.0128366,-0.015224,-2.28234e-05,-1.58286e-05,0,0.0125949,0.00287778
0.0128366,-0.00940418,-1.61591e-05,-1.63207e-05,0,0.012572,0.00508478
0.0128366,-0.00342637,-9.35312e-06,-1.66772e-05,0,0.0125477,0.00735952
0.0128366,0.0027041,-2.41533e-06,-1.68982e-05,0,0.0125217,0.00969112
0.0128366,0.00939273,5.08065e-06,-1.69812e-05,0,0.0124941,0.0122414
0.0128366,0.014122,1.0456e-05,-1.69171e-05,0,0.0124645,0.0139987
0.0128366,0.0195685,1.65582e-05,-1.67349e-05,0,0.0124329,0.0160702
0.0128366,0.0239295,2.14677e-05,-1.64342e-05,0,0.012399,0.0176949
0.0128366,0.0273137,2.53026e-05,-1.60294e-05,0,0.0123627,0.0189434
0.0128366,0.0315624,3.00208e-05,-1.55425e-05,0,0.0123238,0.0205492
0.0128366,0.0341078,3.28904e-05,-1.49657e-05,0,0.012282,0.0214584
0.0128366,0.0355927,3.46005e-05,-1.43222e-05,0,0.0122372,0.0219667
0.0128366,0.0368619,3.60528e-05,-1.36388e-05,0,0.012189,0.0224012
0.0128366,0.0366294,3.58828e-05,-1.2925e-05,0,0.0121373,0.0222353
0.0128366,0.0366601,3.59718e-05,-1.22065e-05,0,0.0120817,0.0221929
0.0128366,0.0361686,3.54857e-05,-1.14875e-05,0,0.0120218,0.0219331
0.0128366,0.034944,3.42038e-05,-1.07754e-05,0,0.0119575,0.0213833
0.0128366,0.0332291,3.23885e-05,-1.00849e-05,0,0.0118883,0.0206431
0.0128366,0.0311842,3.0214e-05,-9.42802e-06,0,0.0118138,0.0197727
0.0128366,0.0287958,2.7669e-05,-8.81287e-06,0,0.0117337,0.0187637
0.0128366,0.0260858,2.47806e-05,-8.24676e-06,0,0.0116474,0.0176247
0.0128366,0.0238151,2.23598e-05,-7.73671e-06,0,0.0115545,0.016659
0.0128366,0.0215306,1.99255e-05,-7.27741e-06,0,0.0114546,0.0156737
0.0128366,0.0195308,1.77964e-05,-6.86673e-06,0,0.0113469,0.0147949
0.0128366,0.0174399,1.55739e-05,-6.50015e-06,0,0.011231,0.0138678
0.0128366,0.015715,1.3745e-05,-6.17756e-06,0,0.0111061,0.0130807
0.0128366,0.0146546,1.26264e-05,-5.89352e-06,0,0.0109717,0.0125461
0.0128366,0.0138793,1.18132e-05,-5.6354e-06,0,0.0108268,0.0121083
0.0128366,0.0132231,1.11283e-05,-5.39507e-06,0,0.0106709,0.0117072
0.0128366,0.0126855,1.05712e-05,-5.16908e-06,0,0.0105029,0.0113459
0.0128366,0.0119228,9.77682e-06,-4.95487e-06,0,0.0103219,0.0108879
0.0128366,0.0113739,9.2126e-06,-4.75536e-06,0,0.010127,0.0105147
0.0128366,0.0111386,8.98379e-06,-4.56829e-06,0,0.00991727,0.0102605
0.0128366,0.0108115,8.65861e-06,-4.38747e-06,0,0.00969198,0.00996282
0.0128366,0.0106952,8.55898e-06,-4.21267e-06,0,0.00945185,0.00974967
0.0125863,0.0104872,8.36272e-06,-4.04099e-06,0,0.00920299,0.00949649
0.0123296,0.0100968,7.97385e-06,-3.87275e-06,0,0.0089522,0.00917223
0.0120729,0.00990031,7.79289e-06,-3.71133e-06,0,0.00870142,0.00892878
0.0118161,0.00956027,7.46062e-06,-3.55457e-06,0,0.00845118,0.00862565
0.0115594,0.00913056,7.03495e-06,-3.4037e-06,0,0.00820164,0.00828959
0.0113027,0.00890689,6.83029e-06,-3.26087e-06,0,0.00795289,0.0080379
0.0110459,0.00924484,7.22328e-06,-3.12324e-06,0,0.00770496,0.00800809
0.0107892,0.00949174,7.5182e-06,-2.98074e-06,0,0.00745791,0.00793413
0.0105325,0.00959291,7.65709e-06,-2.83185e-06,0,0.0072118,0.00780425
0.0102757,0.009723,7.82581e-06,-2.6794e-06,0,0.00696668,0.00768908
0.010019,0.00948645,7.60405e-06,-2.52373e-06,0,0.00672262,0.00742806
0.00976227,0.00903491,7.15439e-06,-2.37054e-06,0,0.00647968,0.00708787
0.00950554,0.00862905,6.75464e-06,-2.2252e-06,0,0.00623795,0.00677036
0.00924881,0.00821237,6.3447e-06,-2.08811e-06,0,0.0059975,0.00644907
0.00899207,0.00840798,6.58627e-06,-1.95917e-06,0,0.00575843,0.00637376
0.00873534,0.00887853,7.11828e-06,-1.82865e-06,0,0.00552083,0.0064003
0.00847861,0.00900819,7.28531e-06,-1.68895e-06,0,0.00528481,0.00628805
0.00822187,0.00888492,7.18201e-06,-1.54407e-06,0,0.00505049,0.00608168
0.00796514,0.00873072,7.04511e-06,-1.39992e-06,0,0.00481798,0.00586866
0.00770841,0.00801571,6.31211e-06,-1.25833e-06,0,0.00458742,0.00543414
0.00745167,0.00730741,5.58825e-06,-1.12842e-06,0,0.00435896,0.00501303
0.00719494,0.00661441,4.88288e-06,-1.01304e-06,0,0.00413276,0.00460026
0.00693821,0.00616253,4.43593e-06,-9.11855e-07,0,0.00390897,0.00428609
0.00668148,0.00526588,3.51827e-06,-8.20902e-07,0,0.00368779,0.00379341
0.00642474,0.00549473,3.79927e-06,-7.45948e-07,0,0.00346942,0.00376
0.00616801,0.00498962,3.29962e-06,-6.71368e-07,0,0.00325405,0.00341958
0.00591128,0.00456649,2.88888e-06,-6.02877e-07,0,0.00304194,0.00312676
0.00565454,0.00424927,2.59212e-06,-5.43046e-07,0,0.00283331,0.00287892
0.00539781,0.00348981,1.82693e-06,-4.8972e-07,0,0.00262844,0.00245714
0.00514108,0.00260006,9.26653e-07,-4.49355e-07,0,0.00242762,0.00199477
0.00488434,0.00225188,6.05447e-07,-4.26321e-07,0,0.00223116,0.00175569
0.00462761,0.00180626,1.82553e-07,-4.12606e-07,0,0.00203938,0.00147485
0.00437088,0.00050542,-1.14612e-06,-4.0684e-07,0,0.00185266,0.000859817
0.00411415,-0.000886901,-2.56552e-06,-4.23119e-07,0,0.00167139,0.000227582
0.00385741,-0.00147993,-3.12898e-06,-4.67333e-07,0,0.00149597,-7.74696e-05
0.00360068,-0.00198802,-3.59828e-06,-5.27095e-07,0,0.00132686,-0.000353892
0.00334395,-0.00182824,-3.35486e-06,-5.96714e-07,0,0.00116456,-0.000357654
0.00308721,-0.00246978,-3.96179e-06,-6.65029e-07,0,0.00100958,-0.000684128
0.00283048,-0.00322147,-4.6817e-06,-7.4123e-07,0,0.000862488,-0.00103463
0.00257375,-0.00478014,-6.25377e-06,-8.31264e-07,0,0.000723897,-0.00169795
0.00231702,-0.00587628,-7.32607e-06,-9.48479e-07,0,0.000594461,-0.0021565
0.00206028,-0.00638916,-7.77203e-06,-1.08964e-06,0,0.00047489,-0.00238171
0.00180355,-0.00658505,-7.87687e-06,-1.24285e-06,0,0.000365944,-0.00248209
0.00154682,-0.00677956,-7.97716e-06,-1.39986e-06,0,0.000268446,-0.00258008
0.00129008,-0.00669789,-7.7813e-06,-1.5589e-06,0,0.000183279,-0.00256174
0.00103335,-0.00690906,-7.89487e-06,-1.71551e-06,0,0.000111387,-0.00265931
0.000776617,-0.00735552,-8.2556e-06,-1.87284e-06,0,5.37641e-05,-0.002842
0.000519884,-0.00781279,-8.62409e-06,-2.03615e-06,0,1.13842e-05,-0.00302203
0.000263151,-0.0082583,-8.97624e-06,-2.20679e-06,0,-1.50706e-05,-0.00319481
6.41832e-06,-0.00849774,-9.10571e-06,-2.38455e-06,0,-2.62674e-05,-0.00328402
0,-0.00879672,-9.29541e-06,-2.56602e-06,0,-2.82803e-05,-0.00339952
0,-0.00883252,-9.20242e-06,-2.75098e-06,0,-2.7886e-05,-0.00340893
0,-0.00875446,-8.98655e-06,-2.93549e-06,0,-2.69828e-05,-0.00337694
0,-0.00934819,-9.48259e-06,-3.1163e-06,0,-2.60628e-05,-0.00361504
0,-0.00991672,-9.94747e-06,-3.30347e-06,0,-2.5251e-05,-0.00383287
0,-0.0108003,-1.07424e-05,-3.5001e-06,0,-2.45764e-05,-0.00417699
0,-0.0120695,-1.19406e-05,-3.71097e-06,0,-2.40435e-05,-0.00467038
0,-0.0150001,-1.48943e-05,-3.94379e-06,0,-2.36513e-05,-0.0058214
0,-0.0156591,-1.54193e-05,-4.22691e-06,0,-2.33973e-05,-0.00603993
0,-0.0156331,-1.52097e-05,-4.53267e-06,0,-2.328e-05,-0.00601984
0,-0.0155581,-1.4944e-05,-4.83791e-06,0,-2.3298e-05,-0.00599079
0,-0.0151297,-1.42994e-05,-5.13812e-06,0,-2.34512e-05,-0.00582146
0,-0.0124693,-1.12837e-05,-5.42733e-06,0,-2.37397e-05,-0.0047664
0,-0.00952908,-7.98054e-06,-5.66808e-06,0,-2.41649e-05,-0.00363389
0,-0.00619902,-4.27635e-06,-5.84421e-06,0,-2.47287e-05,-0.00235012
0,-0.0020389,2.92612e-07,-5.94826e-06,0,-2.54339e-05,-0.000741002
0,0.000491527,3.10884e-06,-5.96525e-06,0,-2.62841e-05,0.000204478
0,0.00194737,4.76732e-06,-5.91715e-06,0,-2.72838e-05,0.000745663
0,0.00131396,4.19467e-06,-5.8301e-06,0,-2.84381e-05,0.000468858
0,-0.000100152,2.78966e-06,-5.74334e-06,0,-2.97529e-05,-8.78671e-05
0,-0.00281826,9.92187e-10,-5.68052e-06,0,-3.12352e-05,-0.00115353
0,-0.00461592,-1.80239e-06,-5.66656e-06,0,-3.28931e-05,-0.00183185
0,-0.00698548,-4.20776e-06,-5.69359e-06,0,-3.47354e-05,-0.00275285
0,-0.00912481,-6.35968e-06,-5.76572e-06,0,-3.67725e-05,-0.00357334
0,-0.013081,-1.04314e-05,-5.88215e-06,0,-3.90154e-05,-0.00512309
0,-0.0170069,-1.44517e-05,-6.07042e-06,0,-4.14766e-05,-0.00663308
0,-0.0205339,-1.80274e-05,-6.33935e-06,0,-4.41698e-05,-0.00798445
0,-0.0225923,-2.00228e-05,-6.68202e-06,0,-4.71097e-05,-0.00875567
0,-0.0236357,-2.09248e-05,-7.0725e-06,0,-5.03127e-05,-0.00914425
0,-0.0253805,-2.25599e-05,-7.48649e-06,0,-5.37965e-05,-0.00982861
0,-0.0268163,-2.38518e-05,-7.92951e-06,0,-5.75805e-05,-0.0103789
0,-0.027617,-2.44551e-05,-8.40009e-06,0,-6.16855e-05,-0.0106805
0,-0.0296622,-2.63681e-05,-8.88618e-06,0,-6.61342e-05,-0.0114887
0,-0.0309198,-2.74273e-05,-9.40397e-06,0,-7.09503e-05,-0.0119633
0,-0.0314812,-2.77329e-05,-9.94722e-06,0,-7.61573e-05,-0.0121719
0,-0.032327,-2.83291e-05,-1.05004e-05,0,-8.17716e-05,-0.0125046
0,-0.0327116,-2.84232e-05,-1.1064e-05,0,-8.77758e-05,-0.0126486
-4.85604e-06,-0.0350751,-3.0608e-05,-1.16319e-05,0,-9.40184e-05,-0.0135896
-1.50793e-05,-0.0356072,-3.0829e-05,-1.22332e-05,0,-0.000100221,-0.0137688
-2.53025e-05,-0.0356575,-3.0527e-05,-1.28487e-05,0,-0.000106184,-0.0137832
-3.55258e-05,-0.0352204,-2.96987e-05,-1.34607e-05,0,-0.00011184,-0.0136101
-4.5749e-05,-0.027509,-2.11413e-05,-1.40588e-05,0,-0.000117151,-0.0105393
-5.59723e-05,-0.0201774,-1.30173e-05,-1.45244e-05,0,-0.000122086,-0.00773133
-6.61956e-05,-0.0126786,-4.74895e-06,-1.48254e-05,0,-0.000126615,-0.00485044
-7.64188e-05,-0.0123887,-4.17245e-06,-1.49617e-05,0,-0.000130706,-0.00485044
0,-0.0316406,-2.40722e-05,-1.50567e-05,0,-9.22083e-06,-0.0124454
0,-0.0353277,-2.76407e-05,-1.57424e-05,0,-8.71194e-06,-0.0136267
0,-0.0380545,-3.01758e-05,-1.60286e-05,0,-8.11904e-06,-0.0146588
0,-0.0421325,-3.41295e-05,-1.65139e-05,0,-7.53771e-06,-0.0162452
0,-0.0423749,-3.39837e-05,-1.71767e-05,0,-6.99051e-06,-0.0162792
0,-0.0386791,-2.96463e-05,-1.78571e-05,0,-6.48108e-06,-0.0147995
0,-0.0342594,-2.45495e-05,-1.84717e-05,0,-6.00828e-06,-0.0130909
0,-0.0351725,-2.513e-05,-1.89882e-05,0,-5.56984e-06,-0.0135231
0,-0.0319492,-2.13112e-05,-1.94879e-05,0,-5.16337e-06,-0.0122218
0,-0.030943,-1.98587e-05,-1.99332e-05,0,-4.78657e-06,-0.0118691
0,-0.0314028,-1.99663e-05,-2.03376e-05,0,-4.43727e-06,-0.012068
0,-0.0296322,-1.77033e-05,-2.07364e-05,0,-4.11347e-06,-0.0113538
0,-0.0257866,-1.32455e-05,-2.11018e-05,0,-3.8133e-06,-0.0098451
0,-0.0219863,-8.85558e-06,-2.1389e-05,0,-3.53504e-06,-0.00838634
0,-0.0204287,-6.86837e-06,-2.15881e-05,0,-3.2771e-06,-0.00782244
0,-0.0179301,-3.89511e-06,-2.17354e-05,0,-3.03798e-06,-0.00684841
0,-0.0164938,-2.06833e-06,-2.18281e-05,0,-2.81632e-06,-0.00631304
0,-0.016235,-1.50645e-06,-2.18786e-05,0,-2.61084e-06,-0.00623162
0,-0.0175041,-2.5764e-06,-2.19116e-05,0,-2.42035e-06,-0.00674227
0,-0.0190908,-3.98589e-06,-2.19577e-05,0,-2.24376e-06,-0.00735633
0,-0.0213788,-6.14e-06,-2.20304e-05,0,-2.08007e-06,-0.0082456
0,-0.0215991,-6.09459e-06,-2.21424e-05,0,-1.92832e-06,-0.00829848
0,-0.020629,-4.78955e-06,-2.22646e-05,0,-1.78764e-06,-0.00790762
0,-0.0217983,-5.76614e-06,-2.23669e-05,0,-1.65723e-06,-0.00838937
0,-0.0220534,-5.77225e-06,-2.24773e-05,0,-1.53634e-06,-0.00847327
0,-0.0225326,-6.02024e-06,-2.25927e-05,0,-1.42427e-06,-0.00866066
0,-0.0236388,-6.93666e-06,-2.27119e-05,0,-1.32038e-06,-0.009095
0,-0.0251389,-8.27069e-06,-2.2846e-05,0,-1.22406e-06,-0.00967701
0,-0.0259332,-8.85238e-06,-2.30048e-05,0,-1.13478e-06,-0.00997119
0,-0.0247155,-7.29745e-06,-2.31789e-05,0,-1.05201e-06,-0.00947273
0,-0.0244899,-6.80483e-06,-2.33327e-05,0,-9.75279e-07,-0.00940127
0,-0.024257,-6.30924e-06,-2.34712e-05,0,-9.04147e-07,-0.00931167
0,-0.025048,-6.90581e-06,-2.35999e-05,0,-8.38205e-07,-0.00963106
0,-0.0264061,-8.1048e-06,-2.3735e-05,0,-7.77074e-07,-0.0101612
0,-0.0289816,-1.05934e-05,-2.38911e-05,0,-7.20403e-07,-0.0111689
0,-0.0319436,-1.34828e-05,-2.40905e-05,0,-6.67866e-07,-0.0123122
0,-0.0361521,-1.76827e-05,-2.43457e-05,0,-6.19162e-07,-0.0139473
0,-0.0386362,-2.00317e-05,-2.46784e-05,0,-5.74011e-07,-0.0148748
0,-0.03614,-1.70789e-05,-2.50673e-05,0,-5.32153e-07,-0.01384
0,-0.0372603,-1.79748e-05,-2.54236e-05,0,-4.93349e-07,-0.0143256
0,-0.0396479,-2.02092e-05,-2.57786e-05,0,-4.57375e-07,-0.0152618
0,-0.0348837,-1.48372e-05,-2.61717e-05,0,-4.24026e-07,-0.0133227
0,-0.0278332,-7.05818e-06,-2.64953e-05,0,-3.93109e-07,-0.0105803
0,-0.0187323,2.86352e-06,-2.66753e-05,0,-3.64447e-07,-0.00705405
0,-0.0183832,3.44503e-06,-2.66677e-05,0,-3.37876e-07,-0.00705405
0.000763844,-0.0334591,-1.38292e-05,-2.66104e-05,0,0.00169755,-0.0123258
0.000582394,-0.0337643,-1.38512e-05,-2.69556e-05,0,0.00157062,-0.0122512
0.000520935,-0.0356059,-1.55068e-05,-2.7101e-05,0,0.0014362,-0.0130436
0.000412651,-0.0375245,-1.72358e-05,-2.73787e-05,0,0.0013095,-0.0138339
0.000295587,-0.0354256,-1.4689e-05,-2.77148e-05,0,0.00119499,-0.013013
0.000178523,-0.0295875,-8.18077e-06,-2.80213e-05,0,0.00109387,-0.010756
6.14587e-05,-0.0244805,-2.47692e-06,-2.82175e-05,0,0.001006,-0.00884435
0,-0.02327,-9.38065e-07,-2.82955e-05,0,0.000929496,-0.00847424
0,-0.0189351,3.90584e-06,-2.8322e-05,0,0.000861014,-0.00679404
0,-0.0143552,8.98193e-06,-2.82681e-05,0,0.000798158,-0.00506146
0,-0.0109671,1.27611e-05,-2.81138e-05,0,0.000740044,-0.00380637
0,-0.00532436,1.89059e-05,-2.78775e-05,0,0.000686203,-0.00163066
0,-0.00218958,2.23472e-05,-2.75301e-05,0,0.000636291,-0.000489122
0,0.00178532,2.66492e-05,-2.71004e-05,0,0.000590014,0.00102805
0,0.0042429,2.93035e-05,-2.65889e-05,0,0.000547105,0.00192806
0,0.00543627,3.05846e-05,-2.60161e-05,0,0.000507318,0.00234797
0,0.00434902,2.94186e-05,-2.54108e-05,0,0.000470425,0.00187791
0,0.00281545,2.77643e-05,-2.48166e-05,0,0.000436217,0.00126586
0,-4.43471e-05,2.46907e-05,-2.42531e-05,0,0.000404497,0.000132225
0,-0.00160565,2.29925e-05,-2.37439e-05,0,0.000375085,-0.000461469
0,-0.00297056,2.14955e-05,-2.32755e-05,0,0.000347812,-0.000995608
0,-0.00266111,2.17691e-05,-2.28381e-05,0,0.000322523,-0.000863195
0,-0.00308297,2.12525e-05,-2.24041e-05,0,0.000299074,-0.00104759
0,-0.00378095,2.04327e-05,-2.19765e-05,0,0.00027733,-0.00133022
0,-0.00502816,1.90217e-05,-2.15637e-05,0,0.000257168,-0.00182719
0,-0.00660405,1.72572e-05,-2.11762e-05,0,0.000238473,-0.0024463
0,-0.00832559,1.53362e-05,-2.08223e-05,0,0.000221137,-0.00311788
0,-0.0106225,1.28045e-05,-2.05059e-05,0,0.000205062,-0.00401639
0,-0.0129793,1.02134e-05,-2.02372e-05,0,0.000190155,-0.00492945
0,-0.0136942,9.37147e-06,-2.002e-05,0,0.000176333,-0.00518542
0,-0.0153697,7.50923e-06,-1.98283e-05,0,0.000163517,-0.00584966
0,-0.0176996,4.95711e-06,-1.96688e-05,0,0.000151632,-0.00676004
0,-0.0198711,2.62523e-06,-1.95569e-05,0,9.42271e-05,-0.00807934
0,-0.0234118,-1.15017e-06,-1.94928e-05,0,-2.22577e-05,-0.00954431
0,-0.0267085,-4.64868e-06,-1.94969e-05,0,-0.000154323,-0.0108887
0,-0.0300246,-8.14928e-06,-1.95724e-05,0,-0.000290997,-0.012241
0,-0.0330008,-1.12687e-05,-1.97179e-05,0,-0.0004294,-0.013453
-6.2532e-05,-0.0368094,-1.52519e-05,-1.99276e-05,0,-0.000567138,-0.0149976
-0.000194178,-0.0381381,-1.65767e-05,-2.02128e-05,0,-0.000700739,-0.0155339
-0.000325825,-0.037418,-1.57113e-05,-2.05377e-05,0,-0.000827908,-0.0152847
-0.000457471,-0.0407414,-1.91335e-05,-2.08562e-05,0,-0.000948023,-0.016676
-0.000589118,-0.0358677,-1.38286e-05,-2.12218e-05,0,-0.00106087,-0.0147266
-0.000720764,-0.027789,-5.13554e-06,-2.15249e-05,0,-0.0011663,-0.0116176
-0.00085241,-0.0210055,2.1494e-06,-2.16711e-05,0,-0.00126418,-0.00906971
-0.000984057,-0.0206646,2.56252e-06,-2.16645e-05,0,-0.0013543,-0.00906971
0.000858993,-0.0425993,-2.24248e-05,-2.16215e-05,0,0.000621164,-0.0164804
0.000668105,-0.0438475,-2.35959e-05,-2.2149e-05,0,0.000541624,-0.0166383
0.0005957,-0.0449525,-2.46055e-05,-2.24027e-05,0,0.000471339,-0.0170873
0.000464053,-0.0473349,-2.69553e-05,-2.28897e-05,0,0.000409807,-0.0180403
0.000332407,-0.0442086,-2.3434e-05,-2.34171e-05,0,0.000357791,-0.016771
0.000200761,-0.0383633,-1.70297e-05,-2.39034e-05,0,0.000315678,-0.0144978
6.91143e-05,-0.0335369,-1.17262e-05,-2.4276e-05,0,0.000283366,-0.0126714
0,-0.0343552,-1.24336e-05,-2.4537e-05,0,0.000259033,-0.013082
0,-0.0310592,-8.76616e-06,-2.47822e-05,0,0.000239234,-0.0117623
0,-0.027328,-4.64986e-06,-2.49758e-05,0,0.000221598,-0.0103312
0,-0.0252697,-2.32714e-06,-2.50894e-05,0,0.000205433,-0.0095741
0,-0.0215655,1.73168e-06,-2.51475e-05,0,0.000190493,-0.00813359
0,-0.0183162,5.28697e-06,-2.51332e-05,0,0.000176652,-0.00689941
0,-0.0127501,1.12815e-05,-2.50452e-05,0,0.00016382,-0.00473263
0,-0.0093441,1.49494e-05,-2.48496e-05,0,0.000151921,-0.00346346
0,-0.00577404,1.87656e-05,-2.45689e-05,0,0.000140887,-0.00209529
0,-0.00505171,1.95301e-05,-2.42127e-05,0,0.000130655,-0.00186642
0,-0.00782243,1.65701e-05,-2.38259e-05,0,0.000121166,-0.00298843
0,-0.011713,1.24221e-05,-2.34797e-05,0,0.000112367,-0.0045038
0,-0.0138384,1.01566e-05,-2.32105e-05,0,0.000104207,-0.0052968
0,-0.0149082,9.01411e-06,-2.29961e-05,0,9.664e-05,-0.00569507
0,-0.0162378,7.59449e-06,-2.28101e-05,0,8.96227e-05,-0.00621297
0,-0.0164078,7.40671e-06,-2.26511e-05,0,8.31152e-05,-0.0062636
0,-0.0172928,6.45586e-06,-2.2502e-05,0,7.70804e-05,-0.00661727
0,-0.017825,5.87934e-06,-2.23682e-05,0,7.14839e-05,-0.0068189
0,-0.0185411,5.10623e-06,-2.22477e-05,0,6.6294e-05,-0.00709918
0,-0.0187973,4.82137e-06,-2.21417e-05,0,6.14811e-05,-0.00719282
0,-0.0181943,5.44699e-06,-2.20438e-05,0,5.70178e-05,-0.00695025
0,-0.0159357,7.82483e-06,-2.1938e-05,0,5.28786e-05,-0.00605952
0,-0.0158964,7.83246e-06,-2.17934e-05,0,4.90401e-05,-0.00608026
0,-0.0158032,7.89299e-06,-2.16368e-05,0,4.54803e-05,-0.00604537
0,-0.0170406,6.53657e-06,-2.14793e-05,0,4.21791e-05,-0.00654247
0,-0.0174871,6.05672e-06,-2.13417e-05,0,1.74935e-06,-0.00709263
0,-0.0211572,2.15396e-06,-2.12182e-05,0,-8.67011e-05,-0.0086169
0,-0.0249413,-1.85453e-06,-2.11556e-05,0,-0.000188099,-0.0101358
0,-0.0284806,-5.58501e-06,-2.11727e-05,0,-0.000293583,-0.0115525
0,-0.0301926,-7.3567e-06,-2.12657e-05,0,-0.000400836,-0.01224
-4.52434e-05,-0.0274383,-4.37473e-06,-2.1404e-05,0,-0.000508015,-0.0111681
-0.000151699,-0.016679,7.09667e-06,-2.15064e-05,0,-0.0006123,-0.00696403
-0.000258154,-0.0114915,1.26025e-05,-2.14218e-05,0,-0.000711711,-0.00510323
-0.000364609,-0.00971335,1.44596e-05,-2.11973e-05,0,-0.000805699,-0.0045142
-0.000471064,-0.00668497,1.76288e-05,-2.09174e-05,0,-0.000894063,-0.00336942
-0.000577519,-0.00572583,1.85787e-05,-2.05807e-05,0,-0.000976672,-0.00306587
-0.000683974,-0.00578632,1.84326e-05,-2.02138e-05,0,-0.00105339,-0.00313368
-0.000790429,-0.00532879,1.88275e-05,-1.98445e-05,0,-0.00112405,-0.00297508
0.000699943,-0.0365633,-1.56601e-05,-1.94758e-05,0,0.000408368,-0.0143884
0.000558889,-0.0387819,-1.79795e-05,-1.97203e-05,0,0.000350777,-0.014793
0.000487032,-0.0389485,-1.81038e-05,-1.99515e-05,0,0.000300005,-0.0148433
0.000380577,-0.0404205,-1.96025e-05,-2.03129e-05,0,0.000255925,-0.0154407
0.000274122,-0.0407186,-1.98376e-05,-2.06975e-05,0,0.000219112,-0.0155472
0.000167667,-0.0372754,-1.60884e-05,-2.1093e-05,0,0.000189893,-0.0141759
6.12117e-05,-0.0343762,-1.29232e-05,-2.14336e-05,0,0.000168242,-0.0130778
0,-0.0363076,-1.48926e-05,-2.17078e-05,0,0.000152822,-0.0138994
0,-0.0331945,-1.14909e-05,-2.19959e-05,0,0.000140886,-0.012632
0,-0.0278729,-5.75269e-06,-2.22427e-05,0,0.000130436,-0.0105596
0,-0.0236766,-1.23022e-06,-2.23864e-05,0,0.000120907,-0.00896995
0,-0.0174363,5.44369e-06,-2.24336e-05,0,0.000112113,-0.00654651
0,-0.0128286,1.03532e-05,-2.23581e-05,0,0.000103969,-0.00480603
0,-0.00596018,1.76364e-05,-2.21756e-05,0,9.64191e-05,-0.00213747
0,-0.000690662,2.3182e-05,-2.18593e-05,0,8.94186e-05,-0.000141786
0,0.00181811,2.57608e-05,-2.14234e-05,0,8.29269e-05,0.000776206
0,0.00113087,2.49215e-05,-2.09211e-05,0,7.69067e-05,0.000460471
0,-0.00130907,2.22111e-05,-2.04185e-05,0,7.13238e-05,-0.000505996
0,-0.00602381,1.70848e-05,-1.99607e-05,0,6.61463e-05,-0.0023538
0,-0.0112622,1.14146e-05,-1.95933e-05,0,6.13449e-05,-0.00437568
0,-0.0155903,6.72855e-06,-1.93367e-05,0,5.68922e-05,-0.00602589
0,-0.0177135,4.39992e-06,-1.91787e-05,0,5.27628e-05,-0.00680942
0,-0.0182269,3.78888e-06,-1.90791e-05,0,4.89333e-05,-0.00698371
0,-0.0179845,3.98205e-06,-1.90002e-05,0,4.53818e-05,-0.00688074
0,-0.0174369,4.49767e-06,-1.89216e-05,0,4.20883e-05,-0.00666738
0,-0.0172514,4.62591e-06,-1.88342e-05,0,3.90339e-05,-0.00660314
0,-0.0182311,3.51548e-06,-1.87423e-05,0,3.62012e-05,-0.00699855
0,-0.0182785,3.39894e-06,-1.86664e-05,0,3.35742e-05,-0.00700373
0,-0.0181735,3.44445e-06,-1.85979e-05,0,3.1138e-05,-0.00696221
0,-0.0179847,3.57829e-06,-1.85292e-05,0,2.88786e-05,-0.00688953
0,-0.0176234,3.89436e-06,-1.84583e-05,0,2.67832e-05,-0.00674917
0,-0.0183788,3.02305e-06,-1.8382e-05,0,2.484e-05,-0.00705727
0,-0.0187666,2.58212e-06,-1.83172e-05,0,-1.61721e-05,-0.00761051
0,-0.0206259,5.8135e-07,-1.82634e-05,0,-0.000107674,-0.00841539
0,-0.0230625,-2.02256e-06,-1.82417e-05,0,-0.00021286,-0.00942672
0,-0.0276177,-6.86237e-06,-1.82692e-05,0,-0.000322432,-0.0112725
0,-0.0304727,-9.87208e-06,-1.83822e-05,0,-0.000433983,-0.0124034
-4.20454e-05,-0.0302608,-9.60669e-06,-1.85646e-05,0,-0.000545687,-0.0123318
-0.000154166,-0.0272246,-6.33744e-06,-1.87581e-05,0,-0.000654584,-0.0111751
-0.000266287,-0.0244901,-3.39719e-06,-1.89011e-05,0,-0.000758474,-0.0101777
-0.000378409,-0.0267647,-5.78456e-06,-1.89838e-05,0,-0.000856743,-0.0111714
-0.00049053,-0.0265127,-5.47624e-06,-1.90875e-05,0,-0.000949171,-0.011075
-0.000602651,-0.0217152,-3.39962e-07,-1.91986e-05,0,-0.00103561,-0.00919772
-0.000714772,-0.0170876,4.59555e-06,-1.92311e-05,0,-0.00111592,-0.00745361
-0.000826893,-0.0133604,8.55252e-06,-1.91639e-05,0,-0.00118991,-0.00606235
0.000742802,-0.0395468,-1.7215e-05,-1.9072e-05,0,0.000424423,-0.0154033
0.000742802,-0.0423582,-2.02271e-05,-1.9072e-05,0,0.000362799,-0.0161854
0.00051856,-0.0444123,-2.24017e-05,-1.96756e-05,0,0.000308024,-0.0169687
0.000406439,-0.0479846,-2.61646e-05,-2.01128e-05,0,0.00026155,-0.0183764
0.000294318,-0.0491492,-2.73394e-05,-2.06172e-05,0,0.000223003,-0.018797
0.000182197,-0.0450796,-2.29358e-05,-2.11581e-05,0,0.000192482,-0.0171625
7.00757e-05,-0.0412118,-1.87502e-05,-2.16389e-05,0,0.000169924,-0.0156873
0,-0.0402213,-1.76254e-05,-2.20348e-05,0,0.000154028,-0.015357
0,-0.035774,-1.28251e-05,-2.23929e-05,0,0.000141912,-0.0136016
0,-0.0328864,-9.69296e-06,-2.26734e-05,0,0.000131364,-0.0125216
0,-0.0311313,-7.77077e-06,-2.2883e-05,0,0.000121762,-0.0118696
0,-0.0271105,-3.44695e-06,-2.3048e-05,0,0.000112904,-0.0102951
0,-0.0233956,5.36074e-07,-2.31386e-05,0,0.000104702,-0.00887712
0,-0.0210758,3.02096e-06,-2.31477e-05,0,9.70995e-05,-0.00801129
0,-0.0178432,6.46258e-06,-2.30998e-05,0,9.00499e-05,-0.00675935
0,-0.016706,7.6616e-06,-2.29877e-05,0,8.35125e-05,-0.00635787
0,-0.0164125,7.9552e-06,-2.28405e-05,0,7.74499e-05,-0.00626102
0,-0.0184625,5.75491e-06,-2.26828e-05,0,7.18277e-05,-0.0070868
0,-0.0224575,1.49503e-06,-2.25567e-05,0,6.66138e-05,-0.00865319
0,-0.0240501,-1.97936e-07,-2.25055e-05,0,6.17786e-05,-0.00923025
0,-0.0273137,-3.65817e-06,-2.2501e-05,0,5.72945e-05,-0.0105112
0,-0.0270369,-3.34377e-06,-2.25569e-05,0,5.31361e-05,-0.0103527
0,-0.0259588,-2.17814e-06,-2.26253e-05,0,4.92796e-05,-0.00992828
0,-0.0242084,-3.02312e-07,-2.26747e-05,0,4.57031e-05,-0.0092475
0,-0.0214445,2.64192e-06,-2.26902e-05,0,4.23863e-05,-0.00817221
0,-0.0190668,5.16252e-06,-2.2652e-05,0,3.93104e-05,-0.00726657
0,-0.0178707,6.41557e-06,-2.25614e-05,0,3.64577e-05,-0.0068267
0,-0.0165937,7.7458e-06,-2.24393e-05,0,3.38122e-05,-0.00633633
0,-0.0157274,8.63027e-06,-2.22911e-05,0,3.13587e-05,-0.00601115
0,-0.0130155,1.1466e-05,-2.21229e-05,0,2.90834e-05,-0.00494259
0,-0.0134426,1.09517e-05,-2.19078e-05,0,2.69732e-05,-0.00515568
0,-0.0144431,9.82497e-06,-2.16862e-05,0,2.50162e-05,-0.0055496
0,-0.0164915,7.62603e-06,-2.1484e-05,0,-2.01221e-05,-0.00680578
0,-0.0208672,2.96215e-06,-2.13205e-05,0,-0.000121061,-0.00859738
0,-0.0257823,-2.25603e-06,-2.12379e-05,0,-0.000237134,-0.0105671
0,-0.0308458,-7.60828e-06,-2.1257e-05,0,-0.000358076,-0.0125848
0,-0.0342158,-1.11357e-05,-2.13824e-05,0,-0.000481261,-0.0139202
-4.0414e-05,-0.0355094,-1.24374e-05,-2.15875e-05,0,-0.000604799,-0.014448
-0.000164765,-0.0281186,-4.50654e-06,-2.18297e-05,0,-0.000725419,-0.0115352
-0.000289116,-0.0210927,3.00782e-06,-2.19595e-05,0,-0.000840561,-0.0088961
-0.000413467,-0.020233,3.9435e-06,-2.19369e-05,0,-0.000949513,-0.00870879
-0.000537818,-0.0186397,5.65199e-06,-2.18627e-05,0,-0.00105202,-0.00812909
-0.000662169,-0.0170996,7.29373e-06,-2.17582e-05,0,-0.00114792,-0.007577
-0.00078652,-0.0172191,7.16268e-06,-2.16205e-05,0,-0.00123704,-0.00768204
-0.00091087,-0.0179875,6.33902e-06,-2.14766e-05,0,-0.0013192,-0.00801623
0.000830042,-0.0489562,-2.93208e-05,-2.13334e-05,0,0.000471098,-0.0191452
0.000665277,-0.0503439,-3.06133e-05,-2.1928e-05,0,0.000403998,-0.0192016
0.000581341,-0.0499497,-2.99999e-05,-2.23348e-05,0,0.00034476,-0.0190436
0.00045699,-0.0488334,-2.86074e-05,-2.29378e-05,0,0.00029324,-0.018618
0.000332639,-0.0483936,-2.79252e-05,-2.3517e-05,0,0.000250112,-0.018471
0.000208288,-0.0423751,-2.13101e-05,-2.40789e-05,0,0.000215778,-0.0160839
8.39369e-05,-0.0384403,-1.69252e-05,-2.45381e-05,0,0.000190275,-0.0146126
0,-0.0396359,-1.79989e-05,-2.48986e-05,0,0.000172315,-0.0151571
0,-0.0391374,-1.72633e-05,-2.52532e-05,0,0.000158717,-0.0149457
0,-0.0354475,-1.31366e-05,-2.56021e-05,0,0.000146907,-0.0134854
0,-0.0303408,-7.51903e-06,-2.58855e-05,0,0.000136166,-0.0115078
0,-0.0249548,-1.62754e-06,-2.6064e-05,0,0.000126259,-0.00943999
0,-0.0198972,3.88846e-06,-2.6126e-05,0,0.000117087,-0.00750723
0,-0.0142228,1.00309e-05,-2.60758e-05,0,0.000108585,-0.00532283
0,-0.00760888,1.71366e-05,-2.59059e-05,0,0.000100701,-0.00277244
0,-0.0019328,2.32049e-05,-2.55987e-05,0,9.339e-05,-0.000610647
0,0.00131542,2.6655e-05,-2.51649e-05,0,8.66102e-05,0.000596257
0,0.00331032,2.87431e-05,-2.46491e-05,0,8.03229e-05,0.00134011
0,2.07979e-05,2.51941e-05,-2.40846e-05,0,7.44922e-05,-6.81925e-06
0,-0.00142697,2.3599e-05,-2.3563e-05,0,6.9085e-05,-0.000537139
0,-0.00169756,2.32458e-05,-2.30831e-05,0,6.40704e-05,-0.000625409
0,-0.000210266,2.47466e-05,-2.26164e-05,0,5.942e-05,-2.9572e-05
0,0.00250616,2.75322e-05,-2.2129e-05,0,5.51073e-05,0.00103032
0,0.00634639,3.14844e-05,-2.15922e-05,0,5.11078e-05,0.00252029
0,0.0105437,3.57828e-05,-2.09823e-05,0,4.73987e-05,0.00413578
0,0.0111903,3.62577e-05,-1.97693e-05,0,4.39589e-05,0.00432804
0,0.00876116,3.34588e-05,-1.9391e-05,0,4.07688e-05,0.0033466
0,0.0065951,3.09397e-05,-1.88751e-05,0,3.78104e-05,0.00251744
0,0.00883612,3.30951e-05,-1.82437e-05,0,3.50667e-05,0.0034442
0,0.0103093,3.43877e-05,-1.75926e-05,0,5.81456e-05,0.00426207
0,0.010168,3.3945e-05,-1.69113e-05,0,0.000114488,0.00422538
0,-0.0182796,3.43619e-06,-1.62302e-05,0,0.000180011,-0.00709097
0,-0.0304348,-9.65011e-06,-1.60089e-05,0,0.000248593,-0.0114695
0,-0.0477629,-2.81664e-05,-1.61365e-05,0,0.000318527,-0.0181656
4.83676e-05,-0.060895,-4.21336e-05,-1.66072e-05,0,0.000388159,-0.0231093
0.000164808,-0.0607339,-4.18867e-05,-1.79067e-05,0,0.000455792,-0.0228125
0.000241838,-0.0589864,-3.99289e-05,-1.88085e-05,0,0.000520428,-0.0220885
0.000284831,-0.0523315,-3.27559e-05,-1.92984e-05,0,0.000581356,-0.0194303
0.00033499,-0.0387234,-1.82169e-05,-1.97929e-05,0,0.000638338,-0.0140737
0.000406646,-0.0274179,-6.17018e-06,-2.02299e-05,0,0.0006914,-0.00974683
0.000478302,-0.0183079,3.50115e-06,-2.04136e-05,0,0.000740549,-0.00626407
-0.000524878,-0.0025819,2.12974e-05,-2.03919e-05,0,-0.000289147,-0.00083577
-0.000453222,0.00113221,2.51167e-05,-2.00549e-05,0,-0.000248153,0.000403146
-0.000381566,0.000412144,2.41999e-05,-1.95717e-05,0,-0.000211472,6.96579e-05
-0.000309911,-0.00683182,1.63482e-05,-1.90831e-05,0,-0.000179293,-0.00280301
-0.000238255,-0.0132511,9.39632e-06,-1.87169e-05,0,-0.000151827,-0.00524809
-0.000166599,-0.0164214,5.91856e-06,-1.84942e-05,0,-0.000129289,-0.00640981
-9.49438e-05,-0.017815,4.33985e-06,-1.83584e-05,0,-0.000111839,-0.00691292
-2.32881e-05,-0.0127702,9.60287e-06,-1.82637e-05,0,-9.9358e-05,-0.00487303
0,-0.00850948,1.40092e-05,-1.8098e-05,0,-9.05647e-05,-0.0032454
0,-0.00422826,1.84139e-05,-1.78398e-05,0,-8.35737e-05,-0.00159792
0,-0.000871027,2.18122e-05,-1.74936e-05,0,-7.73954e-05,-0.000319978
0,0.000352117,2.29217e-05,-1.70743e-05,0,-7.17458e-05,0.000119709
0,0.000511733,2.28877e-05,-1.66215e-05,0,-6.65277e-05,0.000167198
0,-0.00218619,1.98106e-05,-1.61635e-05,0,-6.16942e-05,-0.000910286
0,-0.00382478,1.7863e-05,-1.57519e-05,0,-5.72133e-05,-0.00152115
0,-0.00384446,1.7636e-05,-1.53849e-05,0,-5.30583e-05,-0.00150192
0,-0.00272924,1.86089e-05,-1.50311e-05,0,-4.92054e-05,-0.00105445
0,0.00081156,2.21469e-05,-1.46638e-05,0,-4.56323e-05,0.000344103
0,0.00431896,2.56273e-05,-1.42385e-05,0,-4.23189e-05,0.00169203
0,0.00618075,2.73368e-05,-1.37434e-05,0,-3.92461e-05,0.00238323
0,0.00773729,2.87051e-05,-1.32052e-05,0,-3.63966e-05,0.00297764
0,0.00804995,2.87364e-05,-1.26379e-05,0,-3.37541e-05,0.0030799
0,0.00826799,2.86567e-05,-1.20634e-05,0,-3.13035e-05,0.00316335
0,0.00669437,2.66649e-05,-1.14898e-05,0,-2.90309e-05,0.00253271
0,0.00530357,2.48666e-05,-1.09466e-05,0,-2.69234e-05,0.00200244
0,0.00456105,2.37563e-05,-1.04402e-05,0,-2.49689e-05,0.00172818
0,0.00156065,2.02467e-05,-9.95956e-06,0,-2.31564e-05,0.000542287
0,-0.00201255,1.61386e-05,-9.53708e-06,0,-2.14756e-05,-0.000837816
0,-0.00788565,9.60321e-06,-9.19377e-06,0,-1.99168e-05,-0.00312761
0,-0.0152617,1.50002e-06,-8.96903e-06,0,-1.84712e-05,-0.00598239
0,-0.0197173,-3.46378e-06,-8.89851e-06,0,-1.71305e-05,-0.00764797
0,-0.0254931,-9.80069e-06,-8.94297e-06,0,-1.58873e-05,-0.00988556
0,-0.0302175,-1.49838e-05,-9.1073e-06,0,-1.47343e-05,-0.0116831
0,-0.033847,-1.89075e-05,-9.38106e-06,0,-8.08323e-05,-0.0137555
0,-0.0365167,-2.17792e-05,-9.73959e-06,0,-0.000233719,-0.0148796
0,-0.0394144,-2.48634e-05,-1.01608e-05,0,-0.0004103,-0.0161068
0,-0.0425122,-2.81286e-05,-1.06427e-05,0,-0.000594567,-0.0174055
0,-0.0456939,-3.14497e-05,-1.11889e-05,0,-0.000782119,-0.0187288
-0.000117829,-0.0443894,-2.99732e-05,-1.18013e-05,0,-0.000968838,-0.0182526
-0.000306354,-0.0408195,-2.6078e-05,-1.24081e-05,0,-0.00114962,-0.0169333
-0.00049488,-0.0425193,-2.77767e-05,-1.29492e-05,0,-0.00132167,-0.0177455
-0.000683406,-0.0433662,-2.85461e-05,-1.34962e-05,0,-0.00148418,-0.0181288
-0.000871931,-0.0373954,-2.20574e-05,-1.40633e-05,0,-0.00163682,-0.0157952
-0.00106046,-0.0337234,-1.80231e-05,-1.45369e-05,0,-0.00177936,-0.0144766
-0.00124898,-0.0291327,-1.30201e-05,-1.49175e-05,0,-0.00191154,-0.0127488
0.00139038,-0.0573393,-4.58539e-05,-1.52029e-05,0,0.000794846,-0.022211
0.00120185,-0.056568,-4.47632e-05,-1.59558e-05,0,0.000684389,-0.0214635
0.00101333,-0.0587355,-4.67741e-05,-1.68566e-05,0,0.000585401,-0.0223708
0.0008248,-0.0636726,-5.16942e-05,-1.7782e-05,0,0.00049837,-0.0243339
0.000636274,-0.0667552,-5.46006e-05,-1.87913e-05,0,0.000423838,-0.0255094
0.000447749,-0.0662124,-5.36201e-05,-1.98688e-05,0,0.000362361,-0.0252619
0.000259223,-0.0650852,-5.19987e-05,-2.09461e-05,0,0.000314366,-0.0248337
7.06971e-05,-0.0646892,-5.1137e-05,-2.19941e-05,0,0.000279577,-0.0247041
0,-0.0657519,-5.18058e-05,-2.30212e-05,0,0.00025482,-0.0251444
0,-0.0606571,-4.5913e-05,-2.4054e-05,0,0.000235147,-0.0231025
0,-0.0562116,-4.07156e-05,-2.50017e-05,0,0.000217764,-0.0214135
0,-0.0506076,-3.4295e-05,-2.5842e-05,0,0.00020187,-0.0192514
0,-0.0440638,-2.68924e-05,-2.656e-05,0,0.000187189,-0.0167311
0,-0.0386914,-2.07575e-05,-2.71348e-05,0,0.000173591,-0.0146925
0,-0.0332726,-1.45959e-05,-2.75807e-05,0,0.000160984,-0.012617
0,-0.0293606,-1.00603e-05,-2.79034e-05,0,0.000149295,-0.0111434
0,-0.025806,-5.92632e-06,-2.81273e-05,0,0.000138455,-0.00978906
0,-0.0238219,-3.48253e-06,-2.82665e-05,0,0.000128402,-0.00905602
0,-0.0236446,-2.97407e-06,-2.83483e-05,0,0.00011908,-0.00902006
0,-0.0237356,-2.75992e-06,-2.84104e-05,0,0.000110434,-0.00906324
0,-0.0250492,-3.85201e-06,-2.84666e-05,0,0.000102417,-0.00959025
0,-0.0243507,-2.80982e-06,-2.85382e-05,0,9.49821e-05,-0.00929472
0,-0.023207,-1.30603e-06,-2.85996e-05,0,8.80871e-05,-0.008852
0,-0.0215805,6.96725e-07,-2.86333e-05,0,8.16929e-05,-0.00822309
0,-0.0200513,2.57976e-06,-2.86293e-05,0,7.57631e-05,-0.0076402
0,-0.0189199,4.02373e-06,-2.85872e-05,0,7.02639e-05,-0.00721445
0,-0.0180528,5.17153e-06,-2.85139e-05,0,6.5164e-05,-0.00688796
0,-0.019033,4.34333e-06,-2.84162e-05,0,6.04345e-05,-0.00729493
0,-0.0200988,3.41834e-06,-2.83252e-05,0,5.60484e-05,-0.0077076
0,-0.0210178,2.64437e-06,-2.82522e-05,0,5.19808e-05,-0.00806018
0,-0.0238068,-1.19815e-07,-2.81955e-05,0,4.82085e-05,-0.00916165
0,-0.0248613,-1.03737e-06,-2.8184e-05,0,4.47101e-05,-0.00954167
0,-0.0263028,-2.36748e-06,-2.82002e-05,0,4.14657e-05,-0.0101027
0,-0.0272716,-3.14911e-06,-2.82409e-05,0,-1.13356e-05,-0.0109848
0,-0.0300635,-5.86659e-06,-2.83e-05,0,-0.000128199,-0.0121708
0,-0.0331471,-8.88454e-06,-2.84037e-05,0,-0.000262372,-0.0134432
0,-0.0363944,-1.20644e-05,-2.85663e-05,0,-0.000402004,-0.0147728
0,-0.0382376,-1.37392e-05,-2.87917e-05,0,-0.000543853,-0.0155347
-8.73487e-05,-0.0426067,-1.8087e-05,-2.90581e-05,0,-0.00068488,-0.0173217
-0.000227107,-0.0436708,-1.89038e-05,-2.93981e-05,0,-0.000821315,-0.0177448
-0.000366864,-0.0454728,-2.04962e-05,-2.97721e-05,0,-0.0009511,-0.0185075
-0.000506622,-0.0502542,-2.52404e-05,-3.01741e-05,0,-0.00107365,-0.0204429
-0.00064638,-0.0446102,-1.88891e-05,-3.06552e-05,0,-0.00118874,-0.018164
-0.000786138,-0.0399036,-1.35549e-05,-3.10647e-05,0,-0.0012962,-0.0164136
-0.000925896,-0.0351819,-8.22569e-06,-3.13625e-05,0,-0.00139584,-0.0146374
0.00103071,-0.0562963,-3.25763e-05,-3.15536e-05,0,0.000608915,-0.0217544
0.000863005,-0.0552621,-3.10729e-05,-3.22137e-05,0,0.000525803,-0.0210106
0.000751198,-0.0556148,-3.10427e-05,-3.27184e-05,0,0.00045134,-0.0211925
0.000611441,-0.0583434,-3.35257e-05,-3.33394e-05,0,0.00038563,-0.0222956
0.000471683,-0.0590211,-3.3811e-05,-3.39975e-05,0,0.000329222,-0.02254
0.000331925,-0.0572948,-3.15327e-05,-3.46723e-05,0,0.000282563,-0.021853
0.000192167,-0.0549546,-2.86031e-05,-3.53143e-05,0,0.000245974,-0.0209554
5.24092e-05,-0.0532617,-2.6366e-05,-3.5901e-05,0,0.000219247,-0.0203242
0,-0.0540304,-2.67461e-05,-3.64395e-05,0,0.000200024,-0.0206647
0,-0.0498303,-2.18442e-05,-3.69726e-05,0,0.000184634,-0.0189827
0,-0.0468209,-1.82237e-05,-3.7434e-05,0,0.000171,-0.0178517
0,-0.0445681,-1.54209e-05,-3.78165e-05,0,0.000158523,-0.0170042
0,-0.038637,-8.72549e-06,-3.8139e-05,0,0.000146997,-0.0146757
0,-0.0341297,-3.57373e-06,-3.8347e-05,0,0.00013632,-0.0129718
0,-0.0276325,3.66222e-06,-3.84442e-05,0,0.000126421,-0.0104511
0,-0.0230982,8.77347e-06,-3.84071e-05,0,0.000117242,-0.00874439
0,-0.0184115,1.4012e-05,-3.82572e-05,0,0.00010873,-0.00694638
0,-0.0174989,1.52058e-05,-3.80032e-05,0,0.000100836,-0.00665754
0,-0.0182499,1.46119e-05,-3.7705e-05,0,9.35155e-05,-0.00697488
0,-0.0206163,1.22893e-05,-3.74098e-05,0,8.67268e-05,-0.0079116
0,-0.0224192,1.05602e-05,-3.71524e-05,0,8.04312e-05,-0.00859829
0,-0.0248449,8.16398e-06,-3.69326e-05,0,7.45929e-05,-0.00954211
0,-0.0255373,7.60665e-06,-3.67573e-05,0,6.91785e-05,-0.009784
0,-0.0260455,7.23658e-06,-3.66024e-05,0,6.41573e-05,-0.00997874
0,-0.0259487,7.50043e-06,-3.64558e-05,0,5.95007e-05,-0.00993451
0,-0.0268466,6.69726e-06,-3.63071e-05,0,5.51823e-05,-0.0102966
0,-0.0278224,5.8056e-06,-3.61691e-05,0,5.11774e-05,-0.0106745
0,-0.0291702,4.5144e-06,-3.60486e-05,0,4.74634e-05,-0.0111995
0,-0.0305368,3.20097e-06,-3.59518e-05,0,4.4019e-05,-0.0117262
0,-0.0320116,1.77161e-06,-3.58812e-05,0,4.08247e-05,-0.0122957
0,-0.0305467,3.46364e-06,-3.58387e-05,0,3.78623e-05,-0.0116896
0,-0.0316788,2.3854e-06,-3.57779e-05,0,3.51149e-05,-0.0121654
0,-0.0307425,3.50219e-06,-3.57248e-05,0,3.25671e-05,-0.0117754
0,-0.0293247,5.16866e-06,-3.56603e-05,0,-2.22078e-05,-0.0117708
0,-0.0310011,3.5373e-06,-3.55653e-05,0,-0.000144476,-0.012553
0,-0.0328866,1.68564e-06,-3.54864e-05,0,-0.000285033,-0.0133693
0,-0.0352073,-6.24646e-07,-3.54434e-05,0,-0.000431443,-0.0143524
0,-0.0380375,-3.4692e-06,-3.54443e-05,0,-0.000580446,-0.0155277
-6.34575e-05,-0.0391849,-4.51686e-06,-3.54995e-05,0,-0.000729448,-0.016018
-0.000212769,-0.0353181,-2.37389e-07,-3.55846e-05,0,-0.000874488,-0.0145261
-0.000362081,-0.0347199,5.51347e-07,-3.56107e-05,0,-0.00101278,-0.0144103
-0.000511393,-0.0382267,-3.02487e-06,-3.56036e-05,0,-0.00114355,-0.0158775
-0.000660704,-0.0367184,-1.26398e-06,-3.56463e-05,0,-0.00126651,-0.0152734
-0.000810016,-0.033139,2.68588e-06,-3.56803e-05,0,-0.00138147,-0.0139131
-0.000959328,-0.0293664,6.82018e-06,-3.56464e-05,0,-0.00148822,-0.0125016
-0.00110864,-0.0226593,1.4046e-05,-3.55306e-05,0,-0.00158655,-0.00991584
0.000981724,-0.0496938,-1.00574e-05,-3.53942e-05,0,0.00056351,-0.0192251
0.000776421,-0.0473085,-7.55977e-06,-3.55864e-05,0,0.000483479,-0.0179464
0.000683101,-0.0480116,-8.34606e-06,-3.56934e-05,0,0.000412979,-0.0182889
0.000533789,-0.0505269,-1.1046e-05,-3.58564e-05,0,0.000351745,-0.0192994
0.000384478,-0.0499153,-1.0407e-05,-3.60638e-05,0,0.00030064,-0.0190304
0.000235166,-0.0451664,-5.37025e-06,-3.62752e-05,0,0.000260146,-0.0171547
8.58542e-05,-0.0401577,-7.33654e-08,-3.64078e-05,0,0.000230227,-0.0152368
0,-0.0380649,2.108e-06,-3.64357e-05,0,0.000209016,-0.0144859
0,-0.0322664,8.21509e-06,-3.64044e-05,0,0.000192662,-0.0122098
0,-0.0253661,1.54642e-05,-3.62707e-05,0,0.000178363,-0.00954988
0,-0.0197667,2.12959e-05,-3.59976e-05,0,0.000165331,-0.00742579
0,-0.0129692,2.8366e-05,-3.56009e-05,0,0.000153305,-0.0048029
0,-0.00827978,3.31558e-05,-3.50689e-05,0,0.000142168,-0.00303974
0,-0.00267443,3.88826e-05,-3.44297e-05,0,0.000131845,-0.000878155
0,0.00249081,4.41004e-05,-3.36807e-05,0,0.000122272,0.00109401
0,0.0042909,4.57033e-05,-3.28248e-05,0,0.000113395,0.00172947
0,0.00274957,4.37307e-05,-3.19188e-05,0,0.000105163,0.00108247
0,-0.000184246,4.0268e-05,-3.10343e-05,0,9.75282e-05,-6.91018e-05
0,-0.00617106,3.35607e-05,-3.02116e-05,0,9.04484e-05,-0.00241822
0,-0.0121592,2.68661e-05,-2.95069e-05,0,8.38828e-05,-0.00472084
0,-0.016291,2.21603e-05,-2.89361e-05,0,7.7794e-05,-0.00628198
0,-0.0183449,1.96737e-05,-2.84693e-05,0,7.21474e-05,-0.00704153
0,-0.0183029,1.94178e-05,-2.80634e-05,0,6.69108e-05,-0.0069958
0,-0.0181802,1.92445e-05,-2.76738e-05,0,6.20545e-05,-0.00694978
0,-0.016342,2.08893e-05,-2.7288e-05,0,5.75509e-05,-0.00621976
0,-0.0153965,2.15751e-05,-2.68785e-05,0,5.33742e-05,-0.00587235
0,-0.0157393,2.08853e-05,-2.64504e-05,0,4.95008e-05,-0.00602558
0,-0.0151005,2.1236e-05,-2.60292e-05,0,4.59086e-05,-0.00576693
0,-0.0142234,2.18338e-05,-2.56063e-05,0,4.25773e-05,-0.00542809
0,-0.0132075,2.25719e-05,-2.51726e-05,0,3.94878e-05,-0.0050373
0,-0.0124193,2.30602e-05,-2.47248e-05,0,3.66226e-05,-0.00473951
0,-0.0120859,2.30587e-05,-2.42661e-05,0,3.39653e-05,-0.0046197
0,-0.0146887,1.99765e-05,-2.38049e-05,0,-1.32694e-05,-0.00613181
0,-0.0177574,1.64096e-05,-2.339e-05,0,-0.000118125,-0.00739536
0,-0.0214018,1.22453e-05,-2.30439e-05,0,-0.000238573,-0.00887986
0,-0.0262525,6.8185e-06,-2.27782e-05,0,-0.000363992,-0.0108341
0,-0.0299472,2.64555e-06,-2.26147e-05,0,-0.000491601,-0.0123042
-5.42056e-05,-0.0322374,-1.30111e-08,-2.25409e-05,0,-0.000619185,-0.0132268
-0.000181748,-0.0341633,-2.26629e-06,-2.25279e-05,0,-0.000743362,-0.0140205
-0.000309291,-0.0360231,-4.43169e-06,-2.25619e-05,0,-0.000861756,-0.0147883
-0.000436833,-0.0408534,-9.73273e-06,-2.26398e-05,0,-0.000973703,-0.0167381
-0.000564376,-0.0412605,-1.03044e-05,-2.28079e-05,0,-0.00107896,-0.0168711
-0.000691918,-0.036153,-5.00699e-06,-2.30111e-05,0,-0.00117737,-0.0148646
-0.000819461,-0.0317587,-4.79621e-07,-2.31378e-05,0,-0.00126876,-0.0132226
-0.000947003,-0.0271567,4.25557e-06,-2.317e-05,0,-0.00135293,-0.011482
0.000838592,-0.0519138,-1.94846e-05,-2.31796e-05,0,0.000483494,-0.0200986
0.000669598,-0.0523006,-2.00853e-05,-2.36009e-05,0,0.000414914,-0.0199323
0.000583507,-0.0525398,-2.05115e-05,-2.3869e-05,0,0.000354473,-0.0200429
0.000455965,-0.0536181,-2.18077e-05,-2.42771e-05,0,0.000302022,-0.0204843
0.000328422,-0.0523449,-2.05827e-05,-2.47068e-05,0,0.00025825,-0.0199712
0.00020088,-0.047972,-1.60536e-05,-2.51246e-05,0,0.000223553,-0.0182542
7.3337e-05,-0.0436661,-1.1599e-05,-2.54683e-05,0,0.0001979,-0.0166099
0,-0.0440199,-1.20973e-05,-2.57226e-05,0,0.000179692,-0.0168241
0,-0.0391676,-7.05434e-06,-2.5962e-05,0,0.000165638,-0.0148873
0,-0.0348245,-2.56353e-06,-2.61283e-05,0,0.000153347,-0.0132331
0,-0.0311105,1.2472e-06,-2.6202e-05,0,0.000142143,-0.0118218
0,-0.0251325,7.45012e-06,-2.61962e-05,0,0.000131804,-0.00949649
0,-0.0203165,1.23945e-05,-2.60782e-05,0,0.000122229,-0.00766948
0,-0.016292,1.64759e-05,-2.5855e-05,0,0.000113354,-0.00614042
0,-0.0126462,2.01341e-05,-2.55459e-05,0,0.000105124,-0.00475014
0,-0.0111816,2.14551e-05,-2.51615e-05,0,9.74918e-05,-0.00422478
0,-0.0135617,1.86816e-05,-2.4739e-05,0,9.04142e-05,-0.00520102
0,-0.017759,1.39843e-05,-2.43515e-05,0,8.38506e-05,-0.00684381
0,-0.0235977,7.56062e-06,-2.40483e-05,0,7.77638e-05,-0.00911392
0,-0.0262767,4.5182e-06,-2.3865e-05,0,7.2119e-05,-0.010097
0,-0.030355,4.91623e-09,-2.37594e-05,0,6.68842e-05,-0.011687
0,-0.0310322,-8.74235e-07,-2.37368e-05,0,6.20296e-05,-0.0118973
0,-0.0302295,-1.73413e-07,-2.37498e-05,0,5.75274e-05,-0.0115685
0,-0.0294824,4.70438e-07,-2.37568e-05,0,5.33522e-05,-0.0112845
0,-0.0287142,1.13833e-06,-2.37506e-05,0,4.94802e-05,-0.010991
0,-0.0272842,2.50992e-06,-2.37312e-05,0,4.58893e-05,-0.0104334
0,-0.0259564,3.77035e-06,-2.36879e-05,0,4.25591e-05,-0.00992671
0,-0.0245009,5.1634e-06,-2.36188e-05,0,3.94708e-05,-0.00936731
0,-0.0211544,8.55977e-06,-2.35225e-05,0,3.66066e-05,-0.00805464
0,-0.0184658,1.12433e-05,-2.33682e-05,0,3.39504e-05,-0.00703356
0,-0.0177942,1.17725e-05,-2.31568e-05,0,3.1487e-05,-0.00680773
0,-0.0172634,1.21477e-05,-2.2924e-05,0,2.92024e-05,-0.00660714
0,-0.0186051,1.05773e-05,-2.26829e-05,0,-2.25455e-05,-0.00767061
0,-0.0212335,7.64621e-06,-2.24635e-05,0,-0.000138213,-0.00878635
0,-0.0246319,3.91013e-06,-2.22959e-05,0,-0.000271214,-0.0101879
0,-0.0278315,4.02534e-07,-2.21991e-05,0,-0.000409791,-0.0114949
0,-0.029102,-1.03844e-06,-2.21735e-05,0,-0.000550935,-0.0120303
-4.62963e-05,-0.0293542,-1.38766e-06,-2.2187e-05,0,-0.000692481,-0.0121837
-0.000188746,-0.02218,6.15383e-06,-2.2213e-05,0,-0.000830683,-0.00938172
-0.000331197,-0.013763,1.49848e-05,-2.21277e-05,0,-0.000962607,-0.0061916
-0.000473647,-0.0125939,1.60805e-05,-2.18721e-05,0,-0.00108744,-0.00590906
-0.000616097,-0.0106523,1.79864e-05,-2.1556e-05,0,-0.00120488,-0.00520137
-0.000758547,-0.00974795,1.87771e-05,-2.12058e-05,0,-0.00131476,-0.00491409
-0.000900997,-0.0110784,1.71852e-05,-2.08342e-05,0,-0.00141688,-0.00549787
-0.00104345,-0.0131272,1.48312e-05,-2.04825e-05,0,-0.00151101,-0.00632906
0.000950855,-0.0397391,-1.79764e-05,-2.01388e-05,0,0.000539856,-0.0155381
0.000754986,-0.0382326,-1.6339e-05,-2.04574e-05,0,0.000463045,-0.0144836
0.000665955,-0.0364632,-1.44227e-05,-2.06698e-05,0,0.000395256,-0.0138243
0.000523504,-0.0334501,-1.11844e-05,-2.09678e-05,0,0.000336238,-0.0126645
0.000381054,-0.031293,-8.86077e-06,-2.12077e-05,0,0.000286815,-0.0118624
0.000238604,-0.0261359,-3.35588e-06,-2.13966e-05,0,0.000247464,-0.00984696
9.61539e-05,-0.0228501,1.42267e-07,-2.14912e-05,0,0.00021823,-0.00862289
0,-0.0254828,-2.65698e-06,-2.15058e-05,0,0.000197636,-0.00973224
0,-0.0256036,-2.77638e-06,-2.1545e-05,0,0.000182041,-0.00974705
0,-0.0257801,-2.95266e-06,-2.15999e-05,0,0.000168497,-0.009822
0,-0.0251983,-2.32133e-06,-2.16581e-05,0,0.000156177,-0.0095928
0,-0.0202905,2.90172e-06,-2.17077e-05,0,0.000144815,-0.00764733
0,-0.0155425,7.93258e-06,-2.16758e-05,0,0.000134294,-0.00583152
0,-0.010878,1.28501e-05,-2.15423e-05,0,0.000124542,-0.00404627
0,-0.00636467,1.75805e-05,-2.13098e-05,0,0.0001155,-0.00231977
0,-0.00418578,1.9804e-05,-2.09819e-05,0,0.000107115,-0.00152282
0,-0.00450685,1.9354e-05,-2.05969e-05,0,9.93385e-05,-0.00168812
0,-0.007598,1.59551e-05,-2.02076e-05,0,9.21272e-05,-0.00292102
0,-0.0113948,1.1813e-05,-1.98715e-05,0,8.54396e-05,-0.00439302
0,-0.0153039,7.56327e-06,-1.96145e-05,0,7.92377e-05,-0.00589879
0,-0.0172209,5.44292e-06,-1.9442e-05,0,7.34862e-05,-0.0066072
0,-0.0168505,5.75838e-06,-1.93225e-05,0,6.81524e-05,-0.00643247
0,-0.0163803,6.1771e-06,-1.9209e-05,0,6.32059e-05,-0.00625272
0,-0.0161025,6.38817e-06,-1.90875e-05,0,5.86186e-05,-0.00615118
0,-0.0171037,5.23873e-06,-1.89608e-05,0,5.43644e-05,-0.00655726
0,-0.0191388,2.9951e-06,-1.88503e-05,0,5.04191e-05,-0.0073565
0,-0.0211493,7.86958e-07,-1.87792e-05,0,4.67602e-05,-0.00812989
0,-0.0215034,3.47653e-07,-1.87524e-05,0,4.3367e-05,-0.00824212
0,-0.0210853,7.31564e-07,-1.87432e-05,0,4.02201e-05,-0.00807126
0,-0.0193168,2.5491e-06,-1.87305e-05,0,3.73017e-05,-0.00737284
0,-0.0156517,6.37327e-06,-1.86886e-05,0,3.45952e-05,-0.00593765
0,-0.0142928,7.73172e-06,-1.85803e-05,0,3.20851e-05,-0.00545235
0,-0.014015,7.95921e-06,-1.84324e-05,0,3.31363e-06,-0.00563964
0,-0.0156045,6.20098e-06,-1.82744e-05,0,-5.94288e-05,-0.00632536
0,-0.0185852,2.97153e-06,-1.81416e-05,0,-0.000131326,-0.00753697
0,-0.0213454,-1.02591e-08,-1.8066e-05,0,-0.00020612,-0.00863732
0,-0.023855,-2.71185e-06,-1.80513e-05,0,-0.000282212,-0.00963863
-2.46678e-05,-0.0269339,-6.00362e-06,-1.8092e-05,0,-0.000358453,-0.0108685
-0.000100569,-0.0293217,-8.54328e-06,-1.81956e-05,0,-0.000432854,-0.0118108
-0.00017647,-0.0277914,-6.90657e-06,-1.83538e-05,0,-0.000503854,-0.011196
-0.000252371,-0.0307314,-1.00175e-05,-1.85001e-05,0,-0.000571023,-0.0124233
-0.000328272,-0.0283891,-7.50096e-06,-1.86849e-05,0,-0.000634209,-0.0114697
-0.000404173,-0.0220674,-7.64752e-07,-1.88475e-05,0,-0.000693318,-0.00900496
-0.000480074,-0.016316,5.34001e-06,-1.88965e-05,0,-0.000748251,-0.00682595
-0.000555975,-0.0117846,1.01224e-05,-1.88202e-05,0,-0.000798894,-0.0051226
0.000506639,-0.032896,-8.88326e-06,-1.87134e-05,0,0.000293407,-0.0127977
0.000402275,-0.0337648,-9.91054e-06,-1.88866e-05,0,0.000252063,-0.0128835
0.000354837,-0.035091,-1.14117e-05,-1.90053e-05,0,0.000215556,-0.0134128
0.000278936,-0.0378232,-1.43892e-05,-1.92261e-05,0,0.00018375,-0.0144923
0.000203035,-0.0384708,-1.51296e-05,-1.9499e-05,0,0.000157084,-0.0147163
0.000127134,-0.0349994,-1.14821e-05,-1.97978e-05,0,0.000135808,-0.0133261
5.12332e-05,-0.0319899,-8.33013e-06,-2.00457e-05,0,0.000119944,-0.0121824
0,-0.0318498,-8.22997e-06,-2.02281e-05,0,0.000108706,-0.0121768
0,-0.0285437,-4.76167e-06,-2.03932e-05,0,0.00010015,-0.0108626
0,-0.0235908,4.46057e-07,-2.05058e-05,0,9.27045e-05,-0.00893886
0,-0.0223262,1.71888e-06,-2.05229e-05,0,8.5928e-05,-0.00851297
0,-0.0181693,6.05842e-06,-2.04949e-05,0,7.96772e-05,-0.00687539
0,-0.0155332,8.76467e-06,-2.03954e-05,0,7.38893e-05,-0.00588916
0,-0.0108292,1.36527e-05,-2.02336e-05,0,6.85241e-05,-0.0040537
0,-0.0065269,1.80893e-05,-1.9985e-05,0,6.35492e-05,-0.0024101
0,-0.00339787,2.12545e-05,-1.96454e-05,0,5.89358e-05,-0.00122871
0,-0.00219831,2.23493e-05,-1.92362e-05,0,5.46575e-05,-0.000799675
0,-0.00390435,2.03453e-05,-1.87946e-05,0,5.06899e-05,-0.00150121
0,-0.00759259,1.62365e-05,-1.83777e-05,0,4.70105e-05,-0.00294963
0,-0.0113757,1.2038e-05,-1.80324e-05,0,4.35983e-05,-0.00440545
0,-0.014062,9.0176e-06,-1.77707e-05,0,4.04339e-05,-0.0054217
0,-0.0170452,5.6927e-06,-1.75752e-05,0,3.74992e-05,-0.00657323
0,-0.0162326,6.41162e-06,-1.74448e-05,0,3.47777e-05,-0.00620436
0,-0.0151057,7.46148e-06,-1.73201e-05,0,3.22538e-05,-0.005768
0,-0.0131644,9.37124e-06,-1.71761e-05,0,2.99131e-05,-0.00501118
0,-0.0118334,1.06238e-05,-1.69983e-05,0,2.77424e-05,-0.00451043
0,-0.0115299,1.07782e-05,-1.67921e-05,0,2.57293e-05,-0.0044106
0,-0.0115479,1.05885e-05,-1.65773e-05,0,2.38623e-05,-0.00442332
0,-0.0123673,9.54651e-06,-1.63645e-05,0,2.21308e-05,-0.00475109
0,-0.0133317,8.35338e-06,-1.61684e-05,0,2.05251e-05,-0.00512441
0,-0.0159257,5.43424e-06,-1.59954e-05,0,1.90359e-05,-0.00614618
0,-0.0199367,1.02321e-06,-1.58721e-05,0,1.76549e-05,-0.00770882
0,-0.0221898,-1.44396e-06,-1.58296e-05,0,-4.35311e-05,-0.00917451
0,-0.0267227,-6.31623e-06,-1.58461e-05,0,-0.000181965,-0.0110545
0,-0.0305074,-1.03669e-05,-1.59481e-05,0,-0.000341412,-0.0125985
0,-0.03404,-1.41237e-05,-1.61352e-05,0,-0.000507685,-0.0140493
0,-0.0362969,-1.64998e-05,-1.63988e-05,0,-0.000677194,-0.0149893
-4.74639e-05,-0.037217,-1.74349e-05,-1.6717e-05,0,-0.0008475,-0.0154093
-0.00022006,-0.0337249,-1.36696e-05,-1.7061e-05,0,-0.00101408,-0.0140813
-0.000392656,-0.0300944,-9.7631e-06,-1.73532e-05,0,-0.0011732,-0.0127589
-0.000565252,-0.0308697,-1.05429e-05,-1.7568e-05,0,-0.00132383,-0.013191
-0.000737848,-0.0307328,-1.03442e-05,-1.7775e-05,0,-0.00146561,-0.0131846
-0.000910443,-0.0298665,-9.36533e-06,-1.79828e-05,0,-0.00159829,-0.0128941
-0.00108304,-0.0301606,-9.61678e-06,-1.8175e-05,0,-0.00172165,-0.0130716
-0.00125564,-0.0297411,-9.10413e-06,-1.83661e-05,0,-0.00183541,-0.01294
0.00116071,-0.0517941,-3.47639e-05,-1.85585e-05,0,0.000649677,-0.0200285
0.000923388,-0.0496074,-3.2254e-05,-1.93887e-05,0,0.000556752,-0.018807
0.000815516,-0.0476856,-3.00266e-05,-1.98044e-05,0,0.000474688,-0.0181023
0.00064292,-0.0454319,-2.74401e-05,-2.04161e-05,0,0.000403178,-0.0172514
0.000470324,-0.0426652,-2.43061e-05,-2.09779e-05,0,0.000343227,-0.016197
0.000297728,-0.0390599,-2.02831e-05,-2.14796e-05,0,0.000295424,-0.0148127
0.000125132,-0.0379,-1.88638e-05,-2.19054e-05,0,0.000259872,-0.0144156
0,-0.0413762,-2.23649e-05,-2.22898e-05,0,0.000234971,-0.0158307
0,-0.0426104,-2.34623e-05,-2.27196e-05,0,0.000216328,-0.0162785
0,-0.0400004,-2.04645e-05,-2.31833e-05,0,0.000200206,-0.0152249
0,-0.0372607,-1.73332e-05,-2.36076e-05,0,0.00018556,-0.0141777
0,-0.0325821,-1.21505e-05,-2.39699e-05,0,0.000172058,-0.0123579
0,-0.0273714,-6.42119e-06,-2.42389e-05,0,0.000159558,-0.0103548
0,-0.0202697,1.29212e-06,-2.43959e-05,0,0.000147971,-0.00760422
0,-0.0122768,9.91557e-06,-2.44087e-05,0,0.000137228,-0.0045264
0,-0.00824674,1.42874e-05,-2.42535e-05,0,0.000127265,-0.00304428
0,-0.00533789,1.74395e-05,-2.39896e-05,0,0.000118026,-0.00194885
0,-0.0063245,1.64299e-05,-2.36565e-05,0,0.000109458,-0.00239147
0,-0.0107551,1.17557e-05,-2.33229e-05,0,0.000101512,-0.00414938
0,-0.0140524,8.29405e-06,-2.30644e-05,0,9.41432e-05,-0.00540173
0,-0.0164498,5.79469e-06,-2.28812e-05,0,8.73097e-05,-0.00631183
0,-0.0166561,5.6261e-06,-2.27528e-05,0,8.09724e-05,-0.00636053
0,-0.0173756,4.90819e-06,-2.26395e-05,0,7.50954e-05,-0.00664746
0,-0.0183185,3.95119e-06,-2.25377e-05,0,6.96451e-05,-0.00701557
0,-0.0197459,2.47964e-06,-2.24539e-05,0,6.45906e-05,-0.00757353
0,-0.021515,6.48061e-07,-2.2397e-05,0,5.9903e-05,-0.00826036
0,-0.0240378,-1.9783e-06,-2.23748e-05,0,5.55559e-05,-0.00924275
0,-0.0253512,-3.31055e-06,-2.24013e-05,0,5.15243e-05,-0.00973049
0,-0.0262175,-4.16255e-06,-2.24608e-05,0,4.77855e-05,-0.0100581
0,-0.0256144,-3.45038e-06,-2.25398e-05,0,4.43181e-05,-0.00980567
0,-0.0265738,-4.39954e-06,-2.26124e-05,0,4.11024e-05,-0.0101995
0,-0.0275338,-5.34474e-06,-2.26956e-05,0,3.81202e-05,-0.0105696
0,-0.0270217,-4.68068e-06,-2.27978e-05,0,-8.47123e-06,-0.0108103
0,-0.0287341,-6.37959e-06,-2.28947e-05,0,-0.000111443,-0.0115791
0,-0.029835,-7.42006e-06,-2.30138e-05,0,-0.000229665,-0.012068
0,-0.0313638,-8.90806e-06,-2.3157e-05,0,-0.000352766,-0.0127341
0,-0.0325448,-1.00174e-05,-2.33278e-05,0,-0.000478129,-0.0132509
-3.47238e-05,-0.034275,-1.17017e-05,-2.35226e-05,0,-0.000603976,-0.013988
-0.000160992,-0.034594,-1.18765e-05,-2.37482e-05,0,-0.000727006,-0.0141484
-0.000287261,-0.033477,-1.05218e-05,-2.39848e-05,0,-0.000844497,-0.0137521
-0.000413529,-0.0361337,-1.31758e-05,-2.4202e-05,0,-0.000955698,-0.0148795
-0.000539797,-0.0336884,-1.03977e-05,-2.44523e-05,0,-0.00106034,-0.0139068
-0.000666066,-0.0273366,-3.48059e-06,-2.46741e-05,0,-0.00115827,-0.0114472
-0.000792334,-0.018712,5.82046e-06,-2.47783e-05,0,-0.00124932,-0.0081351
-0.000918603,-0.0117406,1.33224e-05,-2.47084e-05,0,-0.00133329,-0.00551328
0.000849155,-0.0288916,3.46546e-07,-2.4592e-05,0,0.000484076,-0.0111057
0.000672379,-0.0292948,-1.82293e-07,-2.45549e-05,0,0.000415487,-0.0110984
0.000596618,-0.0311394,-2.2359e-06,-2.45545e-05,0,0.000354897,-0.0118508
0.00047035,-0.0338207,-5.16515e-06,-2.45889e-05,0,0.000302039,-0.0129078
0.000344081,-0.0338788,-5.29162e-06,-2.46776e-05,0,0.000257669,-0.0129018
0.000217813,-0.0315061,-2.8312e-06,-2.47828e-05,0,0.000222222,-0.0119632
9.15446e-05,-0.0286702,1.1536e-07,-2.48517e-05,0,0.000195771,-0.0108752
0,-0.0275664,1.21338e-06,-2.48641e-05,0,0.000177143,-0.0104848
0,-0.022627,6.38096e-06,-2.48454e-05,0,0.000163125,-0.0085355
0,-0.0167141,1.256e-05,-2.47436e-05,0,0.000150978,-0.00625568
0,-0.0134117,1.59381e-05,-2.45233e-05,0,0.000139936,-0.00503276
0,-0.00986495,1.95555e-05,-2.42214e-05,0,0.000129755,-0.00367189
0,-0.00842681,2.09114e-05,-2.38484e-05,0,0.000120329,-0.00315644
0,-0.00563351,2.36919e-05,-2.34369e-05,0,0.000111591,-0.00206721
0,-0.00384613,2.53832e-05,-2.2977e-05,0,0.000103489,-0.00140012
0,-0.00204713,2.70693e-05,-2.24778e-05,0,9.59763e-05,-0.000712704
0,-0.00097292,2.79678e-05,-2.19448e-05,0,8.9009e-05,-0.000314632
0,-0.00303363,2.55228e-05,-2.139e-05,0,8.25478e-05,-0.00115706
0,-0.00549374,2.26538e-05,-2.08673e-05,0,7.65558e-05,-0.00211074
0,-0.00936408,1.82912e-05,-2.03999e-05,0,7.09989e-05,-0.00362123
0,-0.0117943,1.54698e-05,-2.00122e-05,0,6.58456e-05,-0.00453486
0,-0.0146959,1.21558e-05,-1.96887e-05,0,6.10666e-05,-0.00565859
0,-0.0156596,1.0911e-05,-1.9429e-05,0,5.66345e-05,-0.00600106
0,-0.0160184,1.03125e-05,-1.92046e-05,0,5.25243e-05,-0.00613157
0,-0.0149073,1.12765e-05,-1.89954e-05,0,4.87125e-05,-0.00568419
0,-0.0135489,1.24982e-05,-1.87746e-05,0,4.51775e-05,-0.00516044
0,-0.0126913,1.31815e-05,-1.85308e-05,0,4.18991e-05,-0.00484038
0,-0.0110818,1.46585e-05,-1.82706e-05,0,3.88587e-05,-0.00421224
0,-0.0103694,1.51742e-05,-1.79848e-05,0,3.60391e-05,-0.00395376
0,-0.0120456,1.31489e-05,-1.76839e-05,0,3.34242e-05,-0.00463529
0,-0.0150141,9.75802e-06,-1.74108e-05,0,3.09991e-05,-0.00579613
0,-0.0205375,3.66832e-06,-1.71987e-05,0,2.875e-05,-0.00795737
0,-0.0238467,2.6787e-08,-1.70948e-05,0,-4.68127e-05,-0.00996513
0,-0.0295786,-6.16586e-06,-1.70761e-05,0,-0.000217088,-0.0123319
0,-0.0347303,-1.17081e-05,-1.71685e-05,0,-0.000413107,-0.0144273
0,-0.0384067,-1.56496e-05,-1.73749e-05,0,-0.000617488,-0.0159374
0,-0.0396195,-1.69458e-05,-1.76682e-05,0,-0.000825885,-0.0164801
-4.7813e-05,-0.0391614,-1.6449e-05,-1.80006e-05,0,-0.00103553,-0.0163861
-0.000260315,-0.0320079,-8.83263e-06,-1.83321e-05,0,-0.00124089,-0.0136361
-0.000472818,-0.0261467,-2.61085e-06,-1.85468e-05,0,-0.00143715,-0.0114964
-0.00068532,-0.0245164,-9.01662e-07,-1.86302e-05,0,-0.001623,-0.011018
-0.000897822,-0.0218304,1.9245e-06,-1.86567e-05,0,-0.00179796,-0.0100447
-0.00111032,-0.020238,3.57925e-06,-1.86324e-05,0,-0.00196176,-0.00951603
-0.00132283,-0.0225517,1.08034e-06,-1.85691e-05,0,-0.0021141,-0.0105222
-0.00153533,-0.0237704,-2.44665e-07,-1.8535e-05,0,-0.00225466,-0.0110235
0.0014397,-0.049889,-3.13829e-05,-1.85332e-05,0,0.000804492,-0.01932
0.00115814,-0.0489557,-3.02653e-05,-1.92092e-05,0,0.000689424,-0.0185277
0.0010147,-0.0459622,-2.69539e-05,-1.96234e-05,0,0.000587669,-0.017382
0.000802196,-0.0413129,-2.18826e-05,-2.0179e-05,0,0.000498978,-0.0155955
0.000589694,-0.0378529,-1.80826e-05,-2.0642e-05,0,0.000424508,-0.0143049
0.000377192,-0.031145,-1.08404e-05,-2.10227e-05,0,0.000364975,-0.0116954
0.000164689,-0.0280085,-7.414e-06,-2.12757e-05,0,0.000320557,-0.010559
0,-0.0305056,-9.97979e-06,-2.14411e-05,0,0.000289511,-0.0116155
0,-0.03358,-1.31441e-05,-2.16278e-05,0,0.000266454,-0.0128151
0,-0.0318047,-1.11409e-05,-2.18749e-05,0,0.000246573,-0.0120683
0,-0.0293605,-8.43124e-06,-2.21077e-05,0,0.000228529,-0.0111281
0,-0.023832,-2.455e-06,-2.22899e-05,0,0.000211899,-0.00896575
0,-0.0161963,5.73379e-06,-2.23689e-05,0,0.000196505,-0.00600866
0,-0.00843841,1.40142e-05,-2.22952e-05,0,0.000182235,-0.00303453
0,-0.00017344,2.27901e-05,-2.20563e-05,0,0.000169004,0.000140721
0,0.00523719,2.8486e-05,-2.16444e-05,0,0.000156734,0.00216885
0,0.00647101,2.97076e-05,-2.11031e-05,0,0.000145356,0.00257323
0,0.00481871,2.78428e-05,-2.05151e-05,0,0.000134804,0.00188948
0,0.000514622,2.31545e-05,-1.99489e-05,0,0.000125019,0.000191399
0,-0.00233779,2.00138e-05,-1.94624e-05,0,0.000115944,-0.00088604
0,-0.00430563,1.78144e-05,-1.90464e-05,0,0.000107528,-0.00163217
0,-0.00460658,1.73846e-05,-1.86791e-05,0,9.97236e-05,-0.00172593
0,-0.00620619,1.55693e-05,-1.83293e-05,0,9.24857e-05,-0.00236354
0,-0.00793929,1.36125e-05,-1.80088e-05,0,8.57734e-05,-0.00303431
0,-0.0113693,9.85599e-06,-1.77268e-05,0,7.95485e-05,-0.00438041
0,-0.0148184,6.0907e-06,-1.75109e-05,0,7.37756e-05,-0.00570794
0,-0.0181119,2.50435e-06,-1.73702e-05,0,6.84218e-05,-0.00697284
0,-0.0199643,4.63103e-07,-1.73022e-05,0,6.34567e-05,-0.00766445
0,-0.0206807,-3.62246e-07,-1.72827e-05,0,5.88521e-05,-0.00792437
0,-0.0215536,-1.34817e-06,-1.72859e-05,0,5.45818e-05,-0.00826398
0,-0.0204793,-2.6035e-07,-1.73079e-05,0,5.06215e-05,-0.00782354
0,-0.0199992,1.94289e-07,-1.73185e-05,0,4.69486e-05,-0.00765002
0,-0.0201651,-3.64411e-10,-1.73169e-05,0,4.52661e-06,-0.00813407
0,-0.020893,-7.8872e-07,-1.7316e-05,0,-8.80204e-05,-0.00849151
0,-0.0228973,-2.92665e-06,-1.73278e-05,0,-0.000194082,-0.00934855
0,-0.025643,-5.83959e-06,-1.73756e-05,0,-0.000304441,-0.0104794
0,-0.0276946,-7.99895e-06,-1.74779e-05,0,-0.000416799,-0.0113183
-2.53884e-05,-0.0315424,-1.20509e-05,-1.7627e-05,0,-0.000529698,-0.0128812
-0.000138226,-0.0349761,-1.56391e-05,-1.78478e-05,0,-0.000640202,-0.014247
-0.000251063,-0.0361735,-1.68291e-05,-1.81426e-05,0,-0.000745773,-0.0147217
-0.000363901,-0.040257,-2.10687e-05,-1.84733e-05,0,-0.000845715,-0.0163785
-0.000476739,-0.0382338,-1.87961e-05,-1.88734e-05,0,-0.000939787,-0.0155481
-0.000589576,-0.0304071,-1.03612e-05,-1.92607e-05,0,-0.00102784,-0.0124893
-0.000702414,-0.0228948,-2.28896e-06,-1.95101e-05,0,-0.00110974,-0.00964056
-0.000815251,-0.0158126,5.29442e-06,-1.95963e-05,0,-0.00118531,-0.00695455
0.000764474,-0.0351783,-1.70335e-05,-1.95283e-05,0,0.000438221,-0.0136738
0.000614964,-0.0369504,-1.87837e-05,-1.9868e-05,0,0.00037632,-0.0140748
0.000538799,-0.0387258,-2.05255e-05,-2.0112e-05,0,0.000321546,-0.0147757
0.000425962,-0.0437075,-2.56547e-05,-2.05138e-05,0,0.000273763,-0.0167511
0.000313124,-0.042697,-2.43892e-05,-2.10012e-05,0,0.000233581,-0.0162821
0.000200287,-0.0390821,-2.03525e-05,-2.14954e-05,0,0.000201377,-0.0148628
8.74491e-05,-0.0340615,-1.48312e-05,-2.19226e-05,0,0.000177242,-0.0129207
0,-0.0325905,-1.30956e-05,-2.22468e-05,0,0.000160248,-0.0124165
0,-0.0293694,-9.50483e-06,-2.25174e-05,0,0.000147532,-0.0111584
0,-0.0251902,-4.90936e-06,-2.27255e-05,0,0.000136537,-0.00954398
0,-0.0232568,-2.71748e-06,-2.28466e-05,0,0.000126549,-0.00884068
0,-0.0199117,9.62337e-07,-2.29119e-05,0,0.000117342,-0.00753893
0,-0.0173175,3.82627e-06,-2.29111e-05,0,0.000108817,-0.00655832
0,-0.0133355,8.14675e-06,-2.28489e-05,0,0.000100916,-0.00501171
0,-0.0101049,1.16443e-05,-2.27075e-05,0,9.35897e-05,-0.00378616
0,-0.00692795,1.50616e-05,-2.24922e-05,0,8.67956e-05,-0.00257024
0,-0.00479676,1.73438e-05,-2.2208e-05,0,8.04951e-05,-0.00177088
0,-0.0063594,1.56831e-05,-2.18725e-05,0,7.46521e-05,-0.00243032
0,-0.00965421,1.21794e-05,-2.15506e-05,0,6.92335e-05,-0.00372467
0,-0.0136568,7.9299e-06,-2.12895e-05,0,6.42084e-05,-0.00527492
0,-0.0167814,4.62385e-06,-2.11096e-05,0,5.95481e-05,-0.00646355
0,-0.020486,7.11412e-07,-2.10006e-05,0,5.52263e-05,-0.0078971
0,-0.0206519,5.70309e-07,-2.09668e-05,0,5.12183e-05,-0.0079085
0,-0.020279,1.00027e-06,-2.09547e-05,0,4.75013e-05,-0.00775886
0,-0.018283,3.15028e-06,-2.09369e-05,0,4.40542e-05,-0.00696915
0,-0.0159091,5.69011e-06,-2.08846e-05,0,4.08574e-05,-0.00605328
0,-0.013902,7.82608e-06,-2.07835e-05,0,3.78926e-05,-0.00528961
0,-0.0123858,9.42722e-06,-2.06377e-05,0,3.51431e-05,-0.00471621
0,-0.0105433,1.13625e-05,-2.04571e-05,0,3.25932e-05,-0.00400488
0,-0.00953356,1.2399e-05,-2.02395e-05,0,3.02284e-05,-0.00363103
0,-0.0106075,1.1212e-05,-1.99967e-05,0,2.80353e-05,-0.00407639
0,-0.0107508,1.10114e-05,-1.97666e-05,0,2.60013e-05,-0.00411813
0,-0.0140469,7.45841e-06,-1.95453e-05,0,2.4115e-05,-0.00543305
0,-0.0143613,7.13681e-06,-1.93784e-05,0,-3.91376e-05,-0.00614017
0,-0.0182252,3.04516e-06,-1.92341e-05,0,-0.000181656,-0.00778164
0,-0.0228303,-1.81757e-06,-1.91527e-05,0,-0.00034566,-0.00966186
0,-0.02577,-4.89058e-06,-1.91647e-05,0,-0.00051642,-0.0108609
0,-0.02865,-7.88436e-06,-1.92472e-05,0,-0.000689607,-0.0120559
-0.000164078,-0.0255098,-4.46964e-06,-1.93899e-05,0,-0.000860268,-0.0108415
-0.000332364,-0.0185123,3.02938e-06,-1.94964e-05,0,-0.00102372,-0.0081721
-0.000500649,-0.017589,4.04744e-06,-1.94733e-05,0,-0.00117862,-0.00798051
-0.000668934,-0.0168506,4.86267e-06,-1.93974e-05,0,-0.00132456,-0.00776282
-0.00083722,-0.0160217,5.76774e-06,-1.93042e-05,0,-0.00146133,-0.00749934
-0.0010055,-0.0191945,2.41708e-06,-1.91934e-05,0,-0.00158875,-0.00882857
-0.00117379,-0.0211245,3.97698e-07,-1.91283e-05,0,-0.00170658,-0.00959378
0.0011822,-0.0499881,-3.28895e-05,-1.91103e-05,0,0.000709725,-0.0194187
0.000959227,-0.0514055,-3.41986e-05,-1.98154e-05,0,0.000612461,-0.0195301
0.000845634,-0.04972,-3.21978e-05,-2.02705e-05,0,0.000525883,-0.018866
0.000677349,-0.0458363,-2.78549e-05,-2.09245e-05,0,0.000449777,-0.0173626
0.000509063,-0.0426745,-2.42828e-05,-2.15033e-05,0,0.000385033,-0.0161774
0.000340778,-0.037184,-1.82419e-05,-2.20068e-05,0,0.000332242,-0.0140479
0.000172492,-0.0342035,-1.48832e-05,-2.24019e-05,0,0.000291735,-0.012954
4.20713e-06,-0.0363145,-1.69386e-05,-2.27163e-05,0,0.00026295,-0.013853
0,-0.0414157,-2.21546e-05,-2.30448e-05,0,0.000241783,-0.0158669
0,-0.0392051,-1.9578e-05,-2.34618e-05,0,0.000223681,-0.0149144
0,-0.0364502,-1.64271e-05,-2.38663e-05,0,0.000207294,-0.0138559
0,-0.0306317,-1.00313e-05,-2.42106e-05,0,0.000192203,-0.0115818
0,-0.023211,-1.95896e-06,-2.44432e-05,0,0.000178235,-0.00871437
0,-0.0163913,5.43948e-06,-2.45227e-05,0,0.00016529,-0.00611096
0,-0.00874079,1.3683e-05,-2.44509e-05,0,0.000153286,-0.00316611
0,-0.00389873,1.88998e-05,-2.42185e-05,0,0.000142156,-0.00135507
0,-0.00188844,2.10749e-05,-2.38666e-05,0,0.000131834,-0.000631413
0,-0.00113844,2.18881e-05,-2.34559e-05,0,0.000122262,-0.000367287
0,-0.00500857,1.77778e-05,-2.30222e-05,0,0.000113385,-0.00192845
0,-0.00820879,1.43829e-05,-2.26461e-05,0,0.000105153,-0.00315102
0,-0.0103044,1.21643e-05,-2.23415e-05,0,9.75187e-05,-0.00394245
0,-0.0104999,1.19632e-05,-2.20871e-05,0,9.04392e-05,-0.00399182
0,-0.0109135,1.15233e-05,-2.18469e-05,0,8.38739e-05,-0.00415712
0,-0.012217,1.01325e-05,-2.16142e-05,0,7.77853e-05,-0.00467422
0,-0.0144245,7.78086e-06,-2.14046e-05,0,7.2139e-05,-0.00553845
0,-0.0176141,4.39074e-06,-2.12372e-05,0,6.69027e-05,-0.00678082
0,-0.0203034,1.54215e-06,-2.11325e-05,0,6.20467e-05,-0.00780819
0,-0.0222178,-4.73731e-07,-2.10874e-05,0,5.75433e-05,-0.0085336
0,-0.0231114,-1.39811e-06,-2.10868e-05,0,5.3367e-05,-0.0088631
0,-0.0231856,-1.44872e-06,-2.11101e-05,0,4.94939e-05,-0.0088809
0,-0.021844,4.28136e-09,-2.11388e-05,0,4.5902e-05,-0.00834573
0,-0.0197926,2.20438e-06,-2.1146e-05,0,4.25709e-05,-0.00754869
0,-0.0193443,2.69168e-06,-2.11129e-05,0,3.94817e-05,-0.00740259
0,-0.0193494,2.73486e-06,-2.10615e-05,0,-8.75532e-06,-0.00788041
0,-0.0217692,2.12687e-07,-2.1007e-05,0,-0.000115356,-0.00892415
0,-0.0246888,-2.83004e-06,-2.09902e-05,0,-0.000237709,-0.0101284
0,-0.0287821,-7.1053e-06,-2.10316e-05,0,-0.000364982,-0.0117902
0,-0.0294203,-7.6914e-06,-2.11523e-05,0,-0.000494087,-0.0120502
-0.000103538,-0.0315163,-9.81906e-06,-2.13032e-05,0,-0.000621747,-0.0129405
-0.000229038,-0.0313336,-9.51423e-06,-2.14889e-05,0,-0.000744519,-0.0128935
-0.000354538,-0.034983,-1.32748e-05,-2.16807e-05,0,-0.000861044,-0.0144065
-0.000480038,-0.0384192,-1.67878e-05,-2.19274e-05,0,-0.000970926,-0.0157705
-0.000605538,-0.0334001,-1.13021e-05,-2.22456e-05,0,-0.00107399,-0.0137564
-0.000731038,-0.0275696,-4.97244e-06,-2.24991e-05,0,-0.0011701,-0.0115427
-0.000856538,-0.022257,7.82512e-07,-2.26302e-05,0,-0.00125908,-0.00954345
0.000900463,-0.0418829,-2.19641e-05,-2.26433e-05,0,0.000541763,-0.0162161
0.000731038,-0.0428835,-2.28312e-05,-2.31226e-05,0,0.000468039,-0.0163061
0.000649463,-0.0438673,-2.36724e-05,-2.34151e-05,0,0.000402239,-0.0167074
0.000523963,-0.0469777,-2.67577e-05,-2.38843e-05,0,0.000344221,-0.0179511
0.000398463,-0.0475996,-2.7177e-05,-2.44041e-05,0,0.000294628,-0.0181655
0.000272963,-0.0442579,-2.33752e-05,-2.49455e-05,0,0.000253897,-0.0168328
0.000147463,-0.0396402,-1.8225e-05,-2.5432e-05,0,0.000222295,-0.0150494
2.19625e-05,-0.0358938,-1.40148e-05,-2.58223e-05,0,0.000199502,-0.013632
0,-0.0343978,-1.22076e-05,-2.61236e-05,0,0.000182862,-0.013099
0,-0.0282108,-5.42508e-06,-2.63768e-05,0,0.000169018,-0.0106577
0,-0.0248536,-1.67603e-06,-2.65192e-05,0,0.000156597,-0.00941773
0,-0.0207891,2.80517e-06,-2.65715e-05,0,0.000145186,-0.00785152
0,-0.0167346,7.25141e-06,-2.65378e-05,0,0.000134633,-0.00629979
0,-0.0129231,1.14134e-05,-2.6415e-05,0,0.000124854,-0.00484453
0,-0.0106437,1.39216e-05,-2.62075e-05,0,0.000115788,-0.003997
0,-0.00877292,1.59741e-05,-2.59416e-05,0,0.000107381,-0.0032889
0,-0.00794233,1.69015e-05,-2.56324e-05,0,9.95842e-05,-0.00298961
0,-0.00967426,1.50921e-05,-2.5299e-05,0,9.23541e-05,-0.00369739
0,-0.0121706,1.24671e-05,-2.49881e-05,0,8.56492e-05,-0.0046709
0,-0.0146352,9.87695e-06,-2.47257e-05,0,7.94313e-05,-0.00561982
0,-0.0171718,7.21312e-06,-2.45152e-05,0,7.3665e-05,-0.00659772
0,-0.0207495,3.44861e-06,-2.43576e-05,0,6.83176e-05,-0.00799008
0,-0.0219263,2.24446e-06,-2.42698e-05,0,6.33585e-05,-0.00840759
0,-0.0216377,2.5981e-06,-2.42189e-05,0,5.87595e-05,-0.0082765
0,-0.0209062,3.41748e-06,-2.41687e-05,0,5.44945e-05,-0.00799084
0,-0.0196615,4.77492e-06,-2.41044e-05,0,5.05393e-05,-0.00750691
0,-0.0191566,5.33739e-06,-2.40157e-05,0,4.68712e-05,-0.00732612
0,-0.0185915,5.95726e-06,-2.39118e-05,0,4.34695e-05,-0.00710981
0,-0.0165861,8.09926e-06,-2.37957e-05,0,4.03148e-05,-0.00631917
0,-0.0142483,1.058e-05,-2.36445e-05,0,3.73892e-05,-0.00541775
0,-0.0134494,1.14102e-05,-2.34453e-05,0,3.46759e-05,-0.00513583
0,-0.0129972,1.18618e-05,-2.32212e-05,0,3.21597e-05,-0.00496871
0,-0.0168442,7.7401e-06,-2.29862e-05,0,2.98261e-05,-0.00651294
0,-0.0174994,7.09225e-06,-2.28108e-05,0,-5.13378e-05,-0.00753745
0,-0.0196395,4.86737e-06,-2.26658e-05,0,-0.000234332,-0.00851796
0,-0.0226076,1.77039e-06,-2.25573e-05,0,-0.000444978,-0.00980316
0,-0.02335,1.04863e-06,-2.25064e-05,0,-0.000664489,-0.0101812
0,-0.0244167,-1.47274e-08,-2.24818e-05,0,-0.000887827,-0.0107159
-0.000117277,-0.0234771,1.05653e-06,-2.24768e-05,0,-0.00111062,-0.0104365
-0.000340661,-0.0218816,2.81928e-06,-2.2461e-05,0,-0.00132687,-0.00991739
-0.000564045,-0.0184497,6.52289e-06,-2.24134e-05,0,-0.00153286,-0.00866603
-0.000787429,-0.0139956,1.12928e-05,-2.23015e-05,0,-0.00172752,-0.00702566
-0.00101081,-0.00983166,1.57289e-05,-2.20995e-05,0,-0.00191046,-0.00550783
-0.0012342,-0.00644274,1.93151e-05,-2.18071e-05,0,-0.00208139,-0.00428628
-0.00145758,-0.00278798,2.31581e-05,-2.14387e-05,0,-0.00224,-0.00293816
0.0016698,-0.0165978,4.87301e-06,-2.09948e-05,0,0.000964805,-0.00629214
0.00136264,-0.0169498,4.50293e-06,-2.07693e-05,0,0.00083254,-0.00620556
0.00122303,-0.0171435,4.30134e-06,-2.0711e-05,0,0.000713987,-0.00632108
0.000999643,-0.0181692,3.21475e-06,-2.0624e-05,0,0.000608966,-0.00675794
0.000776259,-0.020512,7.32394e-07,-2.05543e-05,0,0.000518572,-0.00770252
0.000552875,-0.0206285,6.23149e-07,-2.05272e-05,0,0.000443584,-0.00773338
0.000329491,-0.0208169,4.37555e-07,-2.05142e-05,0,0.000384561,-0.00782343
0.000106107,-0.0219337,-7.33363e-07,-2.05045e-05,0,0.000341298,-0.0082804
0,-0.0262004,-5.24368e-06,-2.05133e-05,0,0.000310514,-0.00997914
0,-0.0244817,-3.37845e-06,-2.05956e-05,0,0.000286394,-0.00923828
0,-0.0233583,-2.15119e-06,-2.06725e-05,0,0.000265184,-0.00882595
0,-0.0196857,1.77841e-06,-2.07217e-05,0,0.00024582,-0.00738581
0,-0.0156519,6.07433e-06,-2.07058e-05,0,0.000227942,-0.00583978
0,-0.0118126,1.01426e-05,-2.06058e-05,0,0.000211383,-0.00437636
0,-0.00999376,1.20436e-05,-2.04233e-05,0,0.000196033,-0.00371618
0,-0.00868803,1.33852e-05,-2.01919e-05,0,0.000181799,-0.00322943
0,-0.00912042,1.28687e-05,-1.99309e-05,0,0.0001686,-0.00342839
0,-0.0114633,1.0319e-05,-1.96709e-05,0,0.000156359,-0.0043632
0,-0.0138492,7.72858e-06,-1.94518e-05,0,0.000145008,-0.00528548
0,-0.0161167,5.2706e-06,-1.92843e-05,0,0.000134481,-0.00615942
0,-0.0176455,3.60462e-06,-1.91666e-05,0,0.000124719,-0.00673981
0,-0.0186468,2.50407e-06,-1.90862e-05,0,0.000115665,-0.00712055
0,-0.0193838,1.68793e-06,-1.90306e-05,0,0.00010727,-0.00740353
0,-0.0210829,-1.46534e-07,-1.89927e-05,0,9.94834e-05,-0.00807446
0,-0.0239615,-3.22503e-06,-1.89865e-05,0,9.22627e-05,-0.00920138
0,-0.0273948,-6.87746e-06,-1.90356e-05,0,8.55664e-05,-0.0105315
0,-0.0299705,-9.60028e-06,-1.91549e-05,0,7.93563e-05,-0.0115104
0,-0.0302167,-9.83291e-06,-1.93333e-05,0,7.35971e-05,-0.011572
0,-0.0295113,-9.04859e-06,-1.95288e-05,0,6.82561e-05,-0.0112891
0,-0.028375,-7.80463e-06,-1.97137e-05,0,6.33029e-05,-0.0108485
0,-0.0264804,-5.75627e-06,-1.9876e-05,0,5.87093e-05,-0.0101115
0,-0.0236625,-2.73284e-06,-2.00014e-05,0,5.44492e-05,-0.00901735
0,-0.0216405,-5.65262e-07,-2.00711e-05,0,5.04983e-05,-0.00825499
0,-0.0206751,5.03928e-07,-2.00933e-05,0,1.25673e-05,-0.00825919
0,-0.0215409,-3.75603e-07,-2.00885e-05,0,-6.93371e-05,-0.00868024
0,-0.02282,-1.68998e-06,-2.00917e-05,0,-0.000163056,-0.00923681
0,-0.0245433,-3.46975e-06,-2.01189e-05,0,-0.00026047,-0.00996194
0,-0.0241727,-3.01751e-06,-2.01794e-05,0,-0.000359456,-0.00984108
-4.14887e-05,-0.0274811,-6.47156e-06,-2.0242e-05,0,-0.000458328,-0.0112179
-0.000139109,-0.0284269,-7.40017e-06,-2.03541e-05,0,-0.000554504,-0.0115912
-0.000236729,-0.0299717,-8.95757e-06,-2.04975e-05,0,-0.000646171,-0.0122359
-0.00033435,-0.0326779,-1.17374e-05,-2.06689e-05,0,-0.000732828,-0.0133312
-0.00043197,-0.0285637,-7.2595e-06,-2.08897e-05,0,-0.000814293,-0.0116813
-0.000529591,-0.0222561,-4.67962e-07,-2.10573e-05,0,-0.00089045,-0.009256
-0.000627211,-0.0159952,6.24551e-06,-2.11006e-05,0,-0.000961175,-0.00687923
-0.000724831,-0.0112766,1.12896e-05,-2.10093e-05,0,-0.00102632,-0.00511403
0.000641854,-0.0294146,-4.65285e-06,-2.08844e-05,0,0.000378601,-0.0113856
0.000505185,-0.0323854,-7.87559e-06,-2.09602e-05,0,0.000325562,-0.0123568
0.000446613,-0.0356851,-1.14293e-05,-2.10385e-05,0,0.000278813,-0.0136459
0.000348993,-0.0384618,-1.44044e-05,-2.12494e-05,0,0.000238148,-0.0147155
0.000251372,-0.0387315,-1.46954e-05,-2.15226e-05,0,0.000204145,-0.0147899
0.000153752,-0.035873,-1.16538e-05,-2.1815e-05,0,0.00017712,-0.013652
5.61317e-05,-0.0320724,-7.61614e-06,-2.20633e-05,0,0.000157049,-0.0121845
0,-0.0309796,-6.46385e-06,-2.22358e-05,0,0.000142708,-0.0118119
0,-0.0270558,-2.30564e-06,-2.23709e-05,0,0.000131577,-0.0102668
0,-0.0229365,2.04593e-06,-2.24378e-05,0,0.000121821,-0.00868647
0,-0.0211321,3.92207e-06,-2.24186e-05,0,0.000112923,-0.00803327
0,-0.0188613,6.28473e-06,-2.23495e-05,0,0.000104711,-0.00715803
0,-0.0168854,8.32232e-06,-2.22357e-05,0,9.71046e-05,-0.00640744
0,-0.013141,1.22259e-05,-2.20794e-05,0,9.00538e-05,-0.00494584
0,-0.0109606,1.44476e-05,-2.18544e-05,0,8.35158e-05,-0.00413565
0,-0.00832924,1.71326e-05,-2.15766e-05,0,7.74529e-05,-0.00312117
0,-0.00656074,1.88828e-05,-2.12473e-05,0,7.18304e-05,-0.00245796
0,-0.00731027,1.79438e-05,-2.08784e-05,0,6.66162e-05,-0.00278684
0,-0.00928567,1.56992e-05,-2.05149e-05,0,6.17807e-05,-0.00356649
0,-0.0122676,1.23886e-05,-2.01897e-05,0,5.72964e-05,-0.00472913
0,-0.0138983,1.05214e-05,-1.99253e-05,0,5.31377e-05,-0.00533662
0,-0.0152855,8.91706e-06,-1.97056e-05,0,4.9281e-05,-0.00586743
0,-0.0138138,1.03522e-05,-1.95192e-05,0,4.57044e-05,-0.00526019
0,-0.0112625,1.29248e-05,-1.93193e-05,0,4.23875e-05,-0.00426553
0,-0.00875276,1.54386e-05,-1.90737e-05,0,3.93114e-05,-0.00330388
0,-0.00667497,1.74781e-05,-1.87775e-05,0,3.64586e-05,-0.00251397
0,-0.00502512,1.90485e-05,-1.84381e-05,0,3.3813e-05,-0.00188824
0,-0.00465527,1.92463e-05,-1.8065e-05,0,3.13594e-05,-0.001767
0,-0.00576213,1.78684e-05,-1.76811e-05,0,2.9084e-05,-0.00221574
0,-0.00767197,1.56373e-05,-1.73168e-05,0,2.69738e-05,-0.00296244
0,-0.00900241,1.40256e-05,-1.69929e-05,0,2.50167e-05,-0.0034654
0,-0.0122556,1.03753e-05,-1.67043e-05,0,2.32017e-05,-0.00474494
0,-0.013214,9.20373e-06,-1.64786e-05,0,-9.79988e-06,-0.0054054
0,-0.0166718,5.38283e-06,-1.62887e-05,0,-8.31122e-05,-0.0068262
0,-0.02049,1.19615e-06,-1.61619e-05,0,-0.000167337,-0.00835143
0,-0.0227877,-1.3555e-06,-1.6117e-05,0,-0.000255051,-0.00926173
0,-0.025227,-4.04226e-06,-1.61314e-05,0,-0.000344331,-0.0102491
-3.35832e-05,-0.0255894,-4.5068e-06,-1.61988e-05,0,-0.000433721,-0.0104019
-0.000123138,-0.0247686,-3.70707e-06,-1.62866e-05,0,-0.000520856,-0.0101106
-0.000212693,-0.0212193,-8.12085e-09,-1.63648e-05,0,-0.00060398,-0.00874425
-0.000302249,-0.0183556,2.95129e-06,-1.63834e-05,0,-0.000682605,-0.0076899
-0.000391804,-0.017739,3.5145e-06,-1.63392e-05,0,-0.000756554,-0.00751877
-0.000481359,-0.0163581,4.88777e-06,-1.62717e-05,0,-0.000825712,-0.00700454
-0.000570914,-0.0141064,7.18035e-06,-1.61808e-05,0,-0.000889962,-0.00615078
-0.000660469,-0.0147908,6.34514e-06,-1.60487e-05,0,-0.000949165,-0.00647955
0.000593303,-0.0317533,-1.39015e-05,-1.59051e-05,0,0.000340174,-0.0123618
0.000470164,-0.0328477,-1.50537e-05,-1.6182e-05,0,0.000291921,-0.0125197
0.000414192,-0.0325496,-1.47165e-05,-1.63644e-05,0,0.00024937,-0.0123991
0.000324637,-0.0337938,-1.60086e-05,-1.66604e-05,0,0.000212362,-0.0129107
0.000235082,-0.0344359,-1.66463e-05,-1.69741e-05,0,0.000181415,-0.0131564
0.000145527,-0.0346796,-1.68484e-05,-1.73038e-05,0,0.000156822,-0.0132507
5.5972e-05,-0.0352008,-1.73344e-05,-1.76398e-05,0,0.000138586,-0.0134608
0,-0.040833,-2.32351e-05,-1.7984e-05,0,0.000125683,-0.0157068
0,-0.0413001,-2.36156e-05,-1.84192e-05,0,0.000115813,-0.0158114
0,-0.0391553,-2.12088e-05,-1.88897e-05,0,0.000107209,-0.0149518
0,-0.036554,-1.83162e-05,-1.93259e-05,0,9.93732e-05,-0.0139496
0,-0.0314816,-1.28028e-05,-1.97067e-05,0,9.21444e-05,-0.0119674
0,-0.0269211,-7.84954e-06,-1.99903e-05,0,8.54506e-05,-0.0102272
0,-0.0212744,-1.76029e-06,-2.0172e-05,0,7.92457e-05,-0.00804515
0,-0.0153564,4.59182e-06,-2.02377e-05,0,7.34921e-05,-0.00577117
0,-0.0121491,8.03598e-06,-2.01776e-05,0,6.81566e-05,-0.00458364
0,-0.00958942,1.07726e-05,-2.00341e-05,0,6.32087e-05,-0.00361299
0,-0.0101917,1.01338e-05,-1.98323e-05,0,5.86202e-05,-0.00389488
0,-0.0122736,7.91975e-06,-1.96265e-05,0,5.43649e-05,-0.00471904
0,-0.0146612,5.38454e-06,-1.9457e-05,0,5.04187e-05,-0.00564246
0,-0.0173565,2.52889e-06,-1.93366e-05,0,4.67591e-05,-0.00668396
0,-0.0185223,1.30648e-06,-1.92718e-05,0,4.33652e-05,-0.00710981
0,-0.0199863,-2.29036e-07,-1.92395e-05,0,4.02177e-05,-0.00767805
0,-0.0227564,-3.14568e-06,-1.92364e-05,0,3.72989e-05,-0.00876319
0,-0.0255943,-6.12149e-06,-1.92848e-05,0,3.45919e-05,-0.00985529
0,-0.0270662,-7.63239e-06,-1.93923e-05,0,3.20815e-05,-0.0104008
0,-0.0286498,-9.25226e-06,-1.95374e-05,0,2.97534e-05,-0.0110117
0,-0.029221,-9.78651e-06,-1.97144e-05,0,2.75943e-05,-0.0112166
0,-0.0280894,-8.50639e-06,-1.99074e-05,0,2.5592e-05,-0.0107569
0,-0.0271616,-7.44425e-06,-2.00839e-05,0,2.3735e-05,-0.0104047
0,-0.0264158,-6.57662e-06,-2.02381e-05,0,2.20129e-05,-0.0101219
0,-0.025516,-5.5467e-06,-2.0374e-05,0,2.04157e-05,-0.00977472
0,-0.0250776,-4.97169e-06,-2.04901e-05,0,-2.11922e-05,-0.0100328
0,-0.0265131,-6.38662e-06,-2.05924e-05,0,-0.000114498,-0.0106826
0,-0.027748,-7.58051e-06,-2.07131e-05,0,-0.00022183,-0.011222
0,-0.0285615,-8.31914e-06,-2.08587e-05,0,-0.000333675,-0.0115933
0,-0.0281016,-7.69974e-06,-2.10214e-05,0,-0.000447566,-0.0114591
-4.30286e-05,-0.0314415,-1.11144e-05,-2.11785e-05,0,-0.000561634,-0.0128578
-0.000157772,-0.0348183,-1.45503e-05,-2.13837e-05,0,-0.000672847,-0.0142087
-0.000272515,-0.0358813,-1.55097e-05,-2.16575e-05,0,-0.000778952,-0.0146305
-0.000387258,-0.0373473,-1.68868e-05,-2.19629e-05,0,-0.00087932,-0.0152441
-0.000502001,-0.0326324,-1.16895e-05,-2.22938e-05,0,-0.000973724,-0.0133787
-0.000616744,-0.0232322,-1.53521e-06,-2.25536e-05,0,-0.00106202,-0.00973258
-0.000731487,-0.0175778,4.59904e-06,-2.2635e-05,0,-0.00114404,-0.00764961
-0.00084623,-0.0123389,1.02618e-05,-2.25737e-05,0,-0.00121962,-0.00567095
0.000760173,-0.0296562,-4.48319e-06,-2.24817e-05,0,0.000432604,-0.0114441
0.000596664,-0.0333161,-8.3971e-06,-2.25641e-05,0,0.000371071,-0.0127087
0.000527818,-0.0358086,-1.10516e-05,-2.26453e-05,0,0.000316875,-0.0136675
0.000415944,-0.040117,-1.56159e-05,-2.28475e-05,0,0.000269714,-0.015363
0.000301201,-0.0395798,-1.50073e-05,-2.3137e-05,0,0.000230252,-0.015093
0.000186457,-0.035122,-1.02294e-05,-2.34402e-05,0,0.000198905,-0.0133298
7.17144e-05,-0.030154,-4.92265e-06,-2.36687e-05,0,0.000175688,-0.0114215
0,-0.0286534,-3.31544e-06,-2.37937e-05,0,0.000159293,-0.0109046
0,-0.0242884,1.32856e-06,-2.3868e-05,0,0.000146772,-0.00919007
0,-0.0201011,5.76476e-06,-2.38647e-05,0,0.000135865,-0.00758994
0,-0.0179394,8.02952e-06,-2.37716e-05,0,0.000125934,-0.00679559
0,-0.0150701,1.10324e-05,-2.36223e-05,0,0.000116773,-0.00568727
0,-0.01263,1.35618e-05,-2.34167e-05,0,0.000108289,-0.00476088
0,-0.00946259,1.68462e-05,-2.31581e-05,0,0.000100426,-0.0035372
0,-0.00751281,1.88161e-05,-2.28376e-05,0,9.31343e-05,-0.00281061
0,-0.00247901,2.4043e-05,-2.24711e-05,0,8.63726e-05,-0.000833586
0,-0.000596733,2.58908e-05,-2.20164e-05,0,8.01022e-05,-0.000162051
0,-0.000603856,2.57126e-05,-2.15078e-05,0,7.42871e-05,-0.000196506
0,-0.00334864,2.26162e-05,-2.09926e-05,0,6.88945e-05,-0.00129503
0,-0.00706524,1.84904e-05,-2.05248e-05,0,6.38934e-05,-0.0027395
0,-0.00983232,1.53816e-05,-2.01344e-05,0,5.92556e-05,-0.00378974
0,-0.013163,1.16814e-05,-1.98112e-05,0,5.49546e-05,-0.00507944
0,-0.0133854,1.12927e-05,-1.95591e-05,0,5.09659e-05,-0.00511911
0,-0.0119789,1.26319e-05,-1.93313e-05,0,4.72669e-05,-0.00455584
0,-0.0100241,1.45441e-05,-1.90854e-05,0,4.38364e-05,-0.0037984
0,-0.00951435,1.49097e-05,-1.8804e-05,0,4.06551e-05,-0.00362633
0,-0.00934221,1.49106e-05,-1.85077e-05,0,3.77047e-05,-0.00356681
0,-0.0104787,1.35176e-05,-1.82095e-05,0,3.49686e-05,-0.00402458
0,-0.0122593,1.14426e-05,-1.79321e-05,0,3.24311e-05,-0.00471942
0,-0.0147489,8.62067e-06,-1.76929e-05,0,3.00778e-05,-0.00568743
0,-0.0180056,4.99491e-06,-1.75064e-05,0,2.78954e-05,-0.00695081
0,-0.0219582,6.46115e-07,-1.73884e-05,0,2.58714e-05,-0.00848026
0,-0.0232202,-7.72939e-07,-1.73537e-05,0,-3.1314e-05,-0.00950326
0,-0.0273291,-5.20385e-06,-1.73621e-05,0,-0.000159769,-0.0112214
0,-0.0306388,-8.76124e-06,-1.7444e-05,0,-0.000307578,-0.0125747
0,-0.0333731,-1.16846e-05,-1.76014e-05,0,-0.000461647,-0.0137067
0,-0.0348459,-1.32468e-05,-1.78205e-05,0,-0.000618662,-0.014339
-4.38217e-05,-0.0339114,-1.22364e-05,-1.80776e-05,0,-0.000776376,-0.0140239
-0.000203173,-0.0331502,-1.14046e-05,-1.83274e-05,0,-0.000930614,-0.0138089
-0.000362525,-0.0314784,-9.60092e-06,-1.85597e-05,0,-0.00107794,-0.0132213
-0.000521877,-0.0303834,-8.40971e-06,-1.87607e-05,0,-0.00121739,-0.0128717
-0.000681229,-0.0269466,-4.73082e-06,-1.89348e-05,0,-0.00134864,-0.0115717
-0.000840581,-0.0232128,-7.477e-07,-1.90479e-05,0,-0.00147146,-0.0101828
-0.000999932,-0.0188877,3.84855e-06,-1.90827e-05,0,-0.00158566,-0.00855614
-0.00115928,-0.0144194,8.57691e-06,-1.90287e-05,0,-0.00169098,-0.00687554
0.00107164,-0.0142185,1.08185e-05,-1.89518e-05,0,0.000603159,-0.00520946
0.000836597,-0.00961274,1.55174e-05,-1.86675e-05,0,0.000517278,-0.00342483
0.000748953,-0.00853665,1.64512e-05,-1.85226e-05,0,0.000441524,-0.00309372
0.000593585,-0.0104584,1.41943e-05,-1.82065e-05,0,0.000375382,-0.00389612
0.000434234,-0.0130426,1.12402e-05,-1.79113e-05,0,0.000319834,-0.00491342
0.000274882,-0.014901,9.06707e-06,-1.76717e-05,0,0.000275493,-0.00562806
0.00011553,-0.0168646,6.79084e-06,-1.74795e-05,0,0.000242473,-0.00639375
0,-0.0216678,1.50999e-06,-1.73323e-05,0,0.000219298,-0.0082903
0,-0.0222453,7.40788e-07,-1.72757e-05,0,0.000201916,-0.00845497
0,-0.0194426,3.56766e-06,-1.72571e-05,0,0.000186872,-0.00733394
0,-0.019467,3.38411e-06,-1.71999e-05,0,0.000173203,-0.00739312
0,-0.0193849,3.31693e-06,-1.71313e-05,0,0.0001606,-0.00736597
0,-0.0190339,3.53803e-06,-1.70646e-05,0,0.000148933,-0.00723264
0,-0.018177,4.29769e-06,-1.69949e-05,0,0.000138118,-0.00690098
0,-0.016229,6.21447e-06,-1.69128e-05,0,0.00012809,-0.006141
0,-0.0145328,7.85688e-06,-1.67981e-05,0,0.00011879,-0.00549794
0,-0.0131468,9.16304e-06,-1.66491e-05,0,0.000110166,-0.00497457
0,-0.0110247,1.12444e-05,-1.64724e-05,0,0.000102169,-0.00415225
0,-0.0106103,1.15023e-05,-1.62579e-05,0,9.47524e-05,-0.0040228
0,-0.0113192,1.05642e-05,-1.60292e-05,0,8.78745e-05,-0.00431552
0,-0.0135622,7.99961e-06,-1.58132e-05,0,8.14961e-05,-0.00520338
0,-0.0170349,4.13949e-06,-1.56404e-05,0,7.55809e-05,-0.00655859
0,-0.0219305,-1.21379e-06,-1.55383e-05,0,7.00952e-05,-0.00846294
0,-0.0280306,-7.81944e-06,-1.55358e-05,0,6.50079e-05,-0.0108263
0,-0.0343967,-1.46726e-05,-1.56592e-05,0,6.02899e-05,-0.0132772
0,-0.038037,-1.85923e-05,-1.59184e-05,0,5.59146e-05,-0.0146355
0,-0.0396161,-2.02941e-05,-1.62706e-05,0,5.18569e-05,-0.0152122
0,-0.0405746,-2.13158e-05,-1.6668e-05,0,4.80938e-05,-0.0155726
0,-0.0395879,-2.02537e-05,-1.70892e-05,0,4.46039e-05,-0.0151655
0,-0.038698,-1.92853e-05,-1.74996e-05,0,4.13674e-05,-0.0148269
0,-0.0379578,-1.84671e-05,-1.78901e-05,0,3.83659e-05,-0.0145463
0,-0.037637,-1.8086e-05,-1.82635e-05,0,3.55822e-05,-0.0144309
0,-0.0360543,-1.63056e-05,-1.86272e-05,0,-1.99422e-05,-0.014359
0,-0.0369198,-1.71213e-05,-1.89622e-05,0,-0.000143632,-0.0148217
0,-0.0394779,-1.97202e-05,-1.93005e-05,0,-0.000285794,-0.0159209
0,-0.0386449,-1.86968e-05,-1.96819e-05,0,-0.000433899,-0.0156363
0,-0.0379938,-1.78603e-05,-2.0061e-05,0,-0.00058478,-0.0154717
-4.19475e-05,-0.0388493,-1.86171e-05,-2.04224e-05,0,-0.000736286,-0.0159007
-0.000194484,-0.0397051,-1.93618e-05,-2.07909e-05,0,-0.000884427,-0.0163011
-0.000347021,-0.0411319,-2.07001e-05,-2.11745e-05,0,-0.00102591,-0.0169234
-0.000499557,-0.0410721,-2.0445e-05,-2.15818e-05,0,-0.00115983,-0.0169372
-0.000652094,-0.0344037,-1.31652e-05,-2.19919e-05,0,-0.00128586,-0.0143287
-0.00080463,-0.0234844,-1.39685e-06,-2.22916e-05,0,-0.00140381,-0.010118
-0.000957167,-0.0134903,9.3399e-06,-2.23784e-05,0,-0.00151346,-0.00633602
-0.0011097,-0.00910917,1.40662e-05,-2.22453e-05,0,-0.00161459,-0.00477562
0.00102581,-0.0293483,-5.29052e-06,-2.20585e-05,0,0.000581132,-0.0113397
0.00102581,-0.0347016,-1.09828e-05,-2.20585e-05,0,0.000496748,-0.0132395
0.000720735,-0.0388329,-1.53481e-05,-2.22368e-05,0,0.000421623,-0.0148158
0.000568198,-0.0437867,-2.05596e-05,-2.2522e-05,0,0.000357681,-0.0167481
0.000415662,-0.0447601,-2.1512e-05,-2.29071e-05,0,0.000304446,-0.0170751
0.000263125,-0.0407376,-1.71441e-05,-2.33326e-05,0,0.000262078,-0.0154654
0.000110589,-0.0356675,-1.1672e-05,-2.36973e-05,0,0.000230577,-0.0135119
0,-0.033782,-9.59705e-06,-2.39581e-05,0,0.000208502,-0.0128449
0,-0.0307362,-6.29377e-06,-2.41604e-05,0,0.000191966,-0.0116648
0,-0.0261684,-1.38511e-06,-2.43028e-05,0,0.000177661,-0.00989404
0,-0.0251414,-2.55583e-07,-2.4355e-05,0,0.000164666,-0.00956009
0,-0.0220108,3.1022e-06,-2.43658e-05,0,0.000152685,-0.00833138
0,-0.0182125,7.15266e-06,-2.43205e-05,0,0.000141593,-0.0068679
0,-0.0141402,1.14731e-05,-2.41977e-05,0,0.000131312,-0.00530482
0,-0.0111981,1.45691e-05,-2.39899e-05,0,0.000121778,-0.00419691
0,-0.00548271,2.05886e-05,-2.3714e-05,0,0.000112938,-0.00196389
0,-0.00128096,2.49652e-05,-2.33323e-05,0,0.000104739,-0.000377499
0,-0.00175998,2.43409e-05,-2.28549e-05,0,9.71364e-05,-0.000636779
0,-0.00462965,2.1168e-05,-2.2365e-05,0,9.00856e-05,-0.00177874
0,-0.00951033,1.58619e-05,-2.19257e-05,0,8.35468e-05,-0.00368687
0,-0.0133834,1.16393e-05,-2.1582e-05,0,7.74829e-05,-0.00516161
0,-0.0170496,7.64828e-06,-2.13281e-05,0,7.18593e-05,-0.00656898
0,-0.0177771,6.79074e-06,-2.11551e-05,0,6.6644e-05,-0.0068058
0,-0.0168619,7.67858e-06,-2.1015e-05,0,6.18074e-05,-0.0064315
0,-0.0153961,9.14482e-06,-2.08659e-05,0,5.7322e-05,-0.00586236
0,-0.0144381,1.00628e-05,-2.06903e-05,0,5.31623e-05,-0.00550425
0,-0.01421,1.01986e-05,-2.04937e-05,0,4.93046e-05,-0.00542965
0,-0.0144793,9.80195e-06,-2.02904e-05,0,4.5727e-05,-0.00554242
0,-0.0158504,8.23387e-06,-2.00924e-05,0,4.2409e-05,-0.00608738
0,-0.0163093,7.63821e-06,-1.99198e-05,0,3.9332e-05,-0.00625108
0,-0.0187866,4.89996e-06,-1.97641e-05,0,3.64783e-05,-0.00723469
0,-0.0211891,2.2519e-06,-1.96524e-05,0,3.38317e-05,-0.00815734
0,-0.0235056,-2.35167e-07,-1.95941e-05,0,-3.02067e-05,-0.00969209
0,-0.0262854,-3.20074e-06,-1.95864e-05,0,-0.000173576,-0.0108747
0,-0.0304898,-7.66229e-06,-1.96356e-05,0,-0.000338475,-0.0126169
0,-0.033924,-1.12812e-05,-1.97665e-05,0,-0.000510339,-0.0140255
0,-0.034209,-1.15337e-05,-1.99741e-05,0,-0.000685528,-0.0141831
-4.00741e-05,-0.0336116,-1.08401e-05,-2.02035e-05,0,-0.000861726,-0.0140305
-0.000218181,-0.0296753,-6.59694e-06,-2.04237e-05,0,-0.00103429,-0.0125515
-0.000396288,-0.022741,8.16837e-07,-2.05769e-05,0,-0.0011992,-0.00991946
-0.000574395,-0.0208825,2.81212e-06,-2.05976e-05,0,-0.00135536,-0.0093531
-0.000752502,-0.0212208,2.46591e-06,-2.05514e-05,0,-0.00150236,-0.00957917
-0.000930609,-0.0214484,2.23778e-06,-2.05003e-05,0,-0.00163998,-0.00972035
-0.00110872,-0.0225492,1.08245e-06,-2.04544e-05,0,-0.00176797,-0.0102051
-0.00128682,-0.0239077,-3.42262e-07,-2.0427e-05,0,-0.00188607,-0.0107729
0.00120667,-0.0469303,-2.75981e-05,-2.04267e-05,0,0.00067767,-0.0181733
0.00096623,-0.0464378,-2.69203e-05,-2.10356e-05,0,0.000581025,-0.0176073
0.000850461,-0.0452249,-2.54724e-05,-2.13893e-05,0,0.000495564,-0.0171605
0.000672354,-0.0429188,-2.28568e-05,-2.1906e-05,0,0.000421024,-0.0162788
0.000494247,-0.0383694,-1.78587e-05,-2.23762e-05,0,0.000358408,-0.0145141
