-8.9322,-1.6558,229.36,-0.49401,2.4626,-0.049
-8.8358,-1.9019,229.353,-0.50371,2.45657,-0.05296
-8.8103,-2.1396,229.036,-0.52565,2.45029,-0.04965
-8.9459,-2.1617,228.911,-0.53965,2.455,-0.04767
-8.9164,-2.2828,228.893,-0.54401,2.45078,-0.05071
-9.1021,-2.2175,228.481,-0.54013,2.44941,-0.05604
-9.2966,-1.8746,228.095,-0.52154,2.45343,-0.06521
-9.3828,-1.8677,227.888,-0.51208,2.43846,-0.07246
-9.4486,-2.0316,227.604,-0.52713,2.43083,-0.07236
-9.4722,-1.8146,227.393,-0.51811,2.43542,-0.06774
-9.3072,-1.8504,227.416,-0.5224,2.43357,-0.06405
-9.1219,-1.9508,227.633,-0.52027,2.41799,-0.0586
-9.1247,-2.1648,227.751,-0.53166,2.42076,-0.04858
-9.3655,-2.2243,227.736,-0.53823,2.43085,-0.03843
-9.3633,-2.2674,227.878,-0.53811,2.42551,-0.03637
-9.3135,-2.1237,227.874,-0.53194,2.42646,-0.03818
-9.3065,-1.8184,227.841,-0.51302,2.42865,-0.04118
-9.2167,-1.8435,227.849,-0.51771,2.42019,-0.04217
-9.1716,-1.8362,227.918,-0.5169,2.40905,-0.04414
-9.2292,-1.6473,227.727,-0.51242,2.41479,-0.04312
-9.0916,-1.5382,227.975,-0.49593,2.41026,-0.04751
-8.8518,-1.4823,228.331,-0.48996,2.40758,-0.05246
-8.6008,-1.1657,228.472,-0.48333,2.40943,-0.05874
-8.1516,-0.797,228.71,-0.47199,2.41047,-0.06938
-7.8538,-0.7068,228.81,-0.47896,2.40855,-0.07342
-7.4996,-0.9636,229.103,-0.48858,2.40324,-0.0696
-7.4829,-1.0613,228.971,-0.49167,2.40745,-0.06171
-7.5166,-1.3488,229.23,-0.49442,2.39963,-0.05754
-7.5812,-1.3445,229.235,-0.48937,2.40202,-0.05545
-7.6288,-1.2176,229.25,-0.4849,2.40209,-0.05407
-7.6423,-1.0902,229.164,-0.47557,2.40729,-0.0532
-7.5667,-1.2132,229.308,-0.48299,2.39685,-0.05586
-7.6238,-1.2422,229.122,-0.49442,2.4053,-0.05308
-7.592,-1.1835,229.026,-0.49713,2.41031,-0.05455
-7.4841,-1.3894,229.15,-0.50074,2.40235,-0.05689
-7.5179,-1.4274,228.919,-0.51227,2.40643,-0.05514
-7.6045,-1.2145,228.799,-0.50785,2.41551,-0.05537
-7.5,-1.3409,228.847,-0.5093,2.4057,-0.05618
-7.4791,-1.2771,228.995,-0.5031,2.40053,-0.05839
-7.4848,-1.1541,228.693,-0.50035,2.4096,-0.05548
-7.5029,-1.3529,228.726,-0.51602,2.40835,-0.05536
-7.3884,-1.5149,228.815,-0.51763,2.39925,-0.05607
-7.4561,-1.3442,228.608,-0.51264,2.4044,-0.05475
-7.4419,-1.3392,228.589,-0.50994,2.4,-0.05636
-7.4429,-1.4476,228.673,-0.51074,2.39879,-0.05763
-7.51,-1.3873,228.543,-0.50657,2.40339,-0.0591
-7.6778,-1.6573,228.517,-0.51265,2.41159,-0.05952
-7.9176,-2.2887,228.777,-0.53708,2.40891,-0.06119
-8.4145,-2.3972,228.568,-0.53684,2.42852,-0.05532
-8.8453,-2.2629,228.465,-0.53807,2.44662,-0.05202
-8.8823,-2.431,228.592,-0.53596,2.44407,-0.04972
-8.8205,-2.3713,228.736,-0.52452,2.44181,-0.04969
-8.7836,-2.0804,228.783,-0.5116,2.44018,-0.05119
-8.6179,-2.0416,229.161,-0.50864,2.43266,-0.0543
-8.4694,-1.5644,229.244,-0.49252,2.43598,-0.05871
-8.3137,-1.2973,229.364,-0.4937,2.43349,-0.06136
-8.0176,-1.0797,229.397,-0.48558,2.42669,-0.06401
-7.9179,-0.9234,229.449,-0.48534,2.42427,-0.0636
-7.8671,-1.0015,229.102,-0.49536,2.42079,-0.05666
-7.7019,-1.0195,229.141,-0.48472,2.41143,-0.05756
-7.6373,-1.2111,229.28,-0.48561,2.4029,-0.05936
-7.6759,-1.2697,229.202,-0.49459,2.40633,-0.05839
-7.7461,-1.1067,228.946,-0.49078,2.4129,-0.05787
-7.5914,-1.219,229.271,-0.48948,2.40205,-0.06396
-7.637,-1.0707,229.235,-0.4857,2.40532,-0.06428
-7.6586,-1.0725,229.143,-0.48058,2.41092,-0.06352
-7.7439,-1.0491,229.132,-0.472,2.41093,-0.06677
-7.7915,-1.1505,229.139,-0.46861,2.40505,-0.06927
-7.8402,-1.2815,228.915,-0.47183,2.40364,-0.06628
-7.8838,-1.5217,228.871,-0.4788,2.39522,-0.06332
-8.0091,-1.6548,228.844,-0.47477,2.39729,-0.06046
-8.154,-1.7757,228.727,-0.47911,2.40144,-0.05854
-8.2368,-1.8071,228.774,-0.47618,2.39855,-0.06079
-8.1942,-1.9067,228.966,-0.47618,2.39394,-0.06391
-8.2597,-1.7252,228.954,-0.47413,2.40087,-0.06596
-8.2732,-1.4219,228.693,-0.46835,2.41279,-0.06868
-8.0461,-1.3934,229.011,-0.46254,2.39806,-0.07676
-7.9961,-1.208,228.94,-0.46073,2.39987,-0.08007
-7.9042,-1.2149,228.914,-0.4636,2.40038,-0.08161
-7.9693,-1.1556,228.889,-0.46841,2.40162,-0.08043
-7.9482,-1.0735,228.905,-0.46684,2.39536,-0.081
-7.8986,-1.0547,228.964,-0.46214,2.39439,-0.08264
-8.0338,-1.0091,228.96,-0.46834,2.40286,-0.08139
-7.9757,-1.08,229.015,-0.46764,2.39652,-0.08403
-7.999,-0.9731,228.97,-0.46855,2.40104,-0.08426
-8.011,-1.1155,228.857,-0.47849,2.40292,-0.08314
-7.9678,-1.2482,228.911,-0.4816,2.40214,-0.08209
-8.0277,-1.3171,228.943,-0.49046,2.40305,-0.07999
-8.1195,-1.1541,228.883,-0.49223,2.41006,-0.07827
-8.1115,-1.2106,228.866,-0.49248,2.4134,-0.07767
-8.0053,-1.3325,229.126,-0.48978,2.39852,-0.08053
-8.0358,-1.2945,228.974,-0.49042,2.40394,-0.08021
-8.0018,-1.2452,229.091,-0.4827,2.40426,-0.08272
-7.972,-1.2342,229.246,-0.48163,2.39959,-0.08566
-8.0556,-1.0951,229.106,-0.47748,2.40438,-0.0851
-8.083,-0.9547,229.042,-0.47453,2.41323,-0.08597
-7.9975,-1.1268,229.271,-0.48301,2.39869,-0.08594
-7.9796,-1.1064,229.266,-0.48145,2.40381,-0.08673
-8.0122,-0.9818,229.161,-0.48169,2.40754,-0.08649
-8.0678,-0.9604,229.136,-0.48201,2.40863,-0.08755
-8.0303,-1.0308,229.233,-0.47591,2.4021,-0.09127
-8.159,-0.8444,229.005,-0.47219,2.41115,-0.09159
-8.1098,-1.0294,229.291,-0.47676,2.40432,-0.09321
-8.1432,-1.1291,229.32,-0.48042,2.40466,-0.09281
-8.2662,-0.9056,228.942,-0.478,2.41948,-0.09014
-8.1534,-1.0235,229.048,-0.47709,2.41132,-0.08979
-8.0837,-1.0566,229.222,-0.47361,2.40674,-0.09267
-8.1406,-1,229.118,-0.4766,2.41016,-0.09274
-8.2372,-0.8058,229.179,-0.47023,2.41819,-0.0934
-8.2423,-0.8471,229.137,-0.46804,2.41651,-0.09246
-8.2411,-0.8335,228.99,-0.46294,2.41668,-0.09234
-8.2681,-0.8063,228.98,-0.46446,2.42352,-0.09213
-8.1763,-0.9619,229.179,-0.46892,2.41248,-0.09354
-8.1294,-1.0477,229.348,-0.47582,2.4096,-0.09396
-8.19,-0.853,229.068,-0.46694,2.41868,-0.09358
-8.1503,-0.9269,229.087,-0.4675,2.4193,-0.09234
-8.1453,-1.052,229.098,-0.47052,2.41509,-0.09292
-8.182,-1.0747,229.135,-0.47873,2.41717,-0.09036
-8.1711,-1.1105,229.067,-0.48038,2.41358,-0.08995
-8.3112,-0.7463,228.988,-0.46575,2.42742,-0.09163
-8.1962,-0.9551,229.136,-0.46605,2.41479,-0.09336
-8.2621,-0.856,229.008,-0.4676,2.42107,-0.09195
-8.214,-0.9152,229.081,-0.46477,2.41434,-0.09432
-8.2821,-1.0204,229.113,-0.474,2.41802,-0.09358
-8.2309,-1.188,229.163,-0.48089,2.41078,-0.09294
-8.3341,-0.9687,229.05,-0.46582,2.41267,-0.09447
-8.3079,-1.0945,229.048,-0.47712,2.41245,-0.09152
-8.4451,-0.8873,228.95,-0.46889,2.41741,-0.09032
-8.3875,-0.9348,229.018,-0.46942,2.41747,-0.09021
-8.3674,-1.033,228.967,-0.4713,2.41562,-0.09163
-8.3782,-1.0448,229.047,-0.47478,2.41005,-0.09237
-8.3441,-0.963,229.121,-0.46766,2.41083,-0.09422
-8.3988,-0.8974,229.023,-0.46709,2.41983,-0.09554
-8.3553,-0.9241,229.091,-0.47253,2.41599,-0.09532
-8.3529,-0.9187,228.994,-0.4645,2.42172,-0.09596
-8.3519,-1.1195,229.209,-0.47701,2.41961,-0.09482
-8.3532,-1.0343,229.175,-0.47249,2.41417,-0.09559
-8.5103,-0.7931,228.981,-0.46444,2.42552,-0.09301
-8.4293,-1.064,228.988,-0.47646,2.41716,-0.09154
-8.3821,-1.0955,229.135,-0.47069,2.41056,-0.09248
-8.4915,-0.994,228.897,-0.47629,2.42091,-0.08904
-8.4421,-0.9515,229.018,-0.47199,2.41765,-0.091
-8.4096,-1.046,228.984,-0.47239,2.4124,-0.08978
-8.4829,-0.9641,229.014,-0.47711,2.41798,-0.08796
-8.5277,-1.0518,229.077,-0.48521,2.42069,-0.0872
-8.3767,-0.8974,229.1,-0.48007,2.41169,-0.08763
-8.3814,-0.7006,228.928,-0.47114,2.41311,-0.08694
-8.3172,-0.7768,229.056,-0.47505,2.40969,-0.08765
-8.1243,-0.849,229.123,-0.47519,2.39843,-0.08843
-8.1169,-0.7199,229.061,-0.47292,2.398,-0.08648
-8.1457,-0.5812,228.969,-0.47106,2.4083,-0.08381
-8.1241,-0.5915,229.099,-0.47451,2.4037,-0.0842
-7.9811,-0.8031,229.25,-0.48166,2.39486,-0.08233
-8.048,-0.7014,229.22,-0.48163,2.40057,-0.08025
-8.047,-0.5588,229.181,-0.47132,2.40095,-0.08269
-8.0525,-0.5833,229.321,-0.46979,2.39798,-0.08122
-8.0801,-0.6395,229.351,-0.47634,2.40151,-0.07597
-8.1018,-0.5685,229.226,-0.4714,2.40585,-0.0723
-8.0453,-0.7897,229.388,-0.48047,2.39778,-0.06972
-8.0077,-0.8166,229.364,-0.48039,2.39874,-0.06748
-8.1144,-0.7387,229.155,-0.48242,2.40995,-0.06504
-8.0063,-0.971,229.384,-0.48532,2.4052,-0.06426
-8.0221,-1.0928,229.389,-0.49068,2.40514,-0.06374
-8.0523,-0.9492,229.347,-0.4839,2.41088,-0.06313
-7.9619,-1.0519,229.612,-0.48329,2.4032,-0.06593
-7.9747,-1.1229,229.627,-0.48047,2.40059,-0.06742
-7.986,-0.9775,229.512,-0.47223,2.40038,-0.0726
-8.0908,-1.0952,229.367,-0.48538,2.40423,-0.07152
-8.0718,-1.1018,229.382,-0.48278,2.40038,-0.07236
-8.125,-1.0351,229.483,-0.47802,2.40351,-0.07305
-8.1542,-0.9848,229.307,-0.47746,2.40415,-0.07319
-8.0795,-1.0506,229.364,-0.47035,2.39588,-0.07484
-8.1955,-0.9561,229.329,-0.47023,2.40144,-0.07513
-8.2113,-0.8899,229.335,-0.46736,2.40338,-0.0763
-8.1615,-0.9942,229.345,-0.46865,2.39988,-0.07767
-8.1124,-1.0845,229.282,-0.47527,2.39584,-0.07672
-8.2159,-0.8561,229.084,-0.46423,2.40616,-0.0774
-8.1364,-0.9706,229.259,-0.47143,2.39738,-0.07703
-8.1252,-1.0771,229.245,-0.47286,2.39782,-0.07803
-8.0751,-1.0174,229.27,-0.46775,2.39719,-0.07884
-8.1364,-0.8095,229.038,-0.45948,2.40726,-0.07796
-8.0606,-0.9648,229.144,-0.46796,2.40244,-0.08009
-8.0359,-0.9939,229.218,-0.4703,2.39778,-0.08111
-8.0287,-1.0441,229.106,-0.472,2.3979,-0.0827
-8.0788,-0.9242,229.076,-0.46777,2.40287,-0.08432
-8.0807,-1.0138,229.187,-0.46479,2.39502,-0.08651
-8.1165,-0.9634,229.024,-0.46602,2.40339,-0.08546
-8.1982,-0.7719,228.968,-0.46021,2.40612,-0.08618
-8.0986,-0.9917,229.13,-0.46428,2.39637,-0.08716
-8.1287,-1.0337,229.092,-0.46953,2.39998,-0.08486
-8.1558,-0.9413,228.996,-0.46536,2.41096,-0.08503
-8.1846,-0.8164,228.887,-0.46333,2.41542,-0.08368
-8.1357,-0.9413,228.847,-0.46766,2.41222,-0.08325
-8.0943,-0.9562,228.989,-0.46526,2.40746,-0.08452
-8.0455,-0.954,228.998,-0.46429,2.40423,-0.08541
-8.1033,-0.939,228.998,-0.46721,2.40767,-0.08542
-8.1535,-0.9566,228.834,-0.47204,2.40839,-0.08192
-8.1059,-0.8657,228.859,-0.46441,2.40575,-0.08217
-7.9022,-1.1284,229.071,-0.46753,2.39165,-0.0851
-7.9186,-1.0756,229.101,-0.47422,2.39944,-0.08406
-7.7934,-1.059,229.108,-0.46938,2.39798,-0.0853
-7.764,-1.0288,229.018,-0.46808,2.39743,-0.08667
-7.711,-0.9817,229.118,-0.46225,2.3963,-0.08908
-7.7158,-0.911,228.93,-0.46262,2.39722,-0.08767
-7.7208,-0.9138,228.865,-0.47127,2.40544,-0.08413
-7.6748,-0.8294,228.958,-0.45415,2.39964,-0.08767
-7.7336,-0.8695,228.841,-0.46316,2.40446,-0.08527
-7.7668,-1.0378,228.948,-0.46937,2.40497,-0.08463
-7.9044,-1.1781,229.011,-0.48087,2.40138,-0.08345
-7.9759,-1.0808,228.84,-0.47382,2.40792,-0.08531
-7.9638,-0.8766,228.785,-0.46233,2.40599,-0.08732
-7.9983,-0.8781,228.89,-0.4657,2.40862,-0.08833
-7.9652,-0.9832,228.961,-0.47074,2.40356,-0.08903
-7.9987,-0.9313,228.894,-0.46617,2.40143,-0.08916
-7.9408,-0.9978,228.878,-0.46377,2.39611,-0.08871
-8.0495,-0.9963,228.879,-0.46915,2.4013,-0.08932
-8.0881,-0.9273,228.809,-0.46171,2.40447,-0.09067
-8.0857,-1.0184,228.729,-0.46409,2.40375,-0.08856
-8.0479,-1.0436,228.875,-0.46174,2.39721,-0.09098
-8.0578,-1.141,228.92,-0.4688,2.39317,-0.09008
-8.0875,-0.9478,228.744,-0.45682,2.40187,-0.09272
-8.0335,-1.2456,228.793,-0.46938,2.39976,-0.09177
-8.1078,-1.1657,228.736,-0.47065,2.40321,-0.08971
-8.0907,-1.262,228.802,-0.46807,2.40077,-0.09057
-8.0962,-1.2475,228.719,-0.46681,2.39998,-0.09169
-8.1312,-1.245,228.814,-0.46372,2.4001,-0.09227
-8.1022,-1.3379,228.743,-0.47451,2.39891,-0.09076
-8.1068,-1.2818,228.854,-0.46894,2.39687,-0.0931
-8.1931,-1.1928,228.791,-0.46608,2.39971,-0.09202
-8.2469,-1.316,228.824,-0.47557,2.40065,-0.0881
-8.1641,-1.3282,228.806,-0.47024,2.39602,-0.08814
-8.1788,-1.36,228.859,-0.47443,2.39726,-0.08969
-8.2418,-1.2467,228.819,-0.47016,2.40108,-0.0891
-8.2592,-1.3985,228.794,-0.4807,2.40095,-0.08782
-8.2834,-1.3444,228.828,-0.4765,2.40229,-0.09028
-8.4523,-1.1425,228.506,-0.46889,2.41392,-0.08948
-8.4064,-1.2543,228.696,-0.47176,2.40678,-0.09071
-8.4425,-1.1884,228.67,-0.47059,2.40457,-0.09195
-8.3782,-1.2585,228.649,-0.47227,2.401,-0.09236
-8.443,-1.2559,228.709,-0.47374,2.40203,-0.09426
-8.4674,-1.2017,228.705,-0.46974,2.40712,-0.09665
-8.491,-1.1091,228.631,-0.45881,2.40194,-0.09849
-8.4862,-1.0953,228.727,-0.45855,2.39936,-0.10009
-8.5223,-1.1632,228.852,-0.46316,2.39794,-0.09981
-8.6309,-1.1375,228.726,-0.46031,2.40568,-0.09962
-8.7309,-1.1447,228.63,-0.46656,2.41121,-0.09765
-8.7479,-1.0639,228.69,-0.46453,2.40833,-0.09938
-8.7169,-1.0943,228.586,-0.46722,2.41284,-0.09885
-8.6349,-1.2365,228.89,-0.46452,2.39981,-0.10136
-8.7912,-1.1253,228.665,-0.47128,2.40615,-0.09777
-8.8028,-1.066,228.649,-0.46799,2.40938,-0.09924
-8.746,-1.2041,228.798,-0.47215,2.40345,-0.0991
-8.8403,-1.0788,228.736,-0.46349,2.40797,-0.09898
-8.8067,-1.2098,228.627,-0.47454,2.41414,-0.09409
-8.6418,-1.3606,228.832,-0.47602,2.40268,-0.09636
-8.8035,-1.2004,228.745,-0.472,2.41322,-0.09434
-8.7556,-1.1474,228.871,-0.47002,2.41056,-0.095
-8.6516,-1.3391,228.914,-0.47567,2.40102,-0.09649
-8.7168,-1.2336,228.792,-0.47418,2.40983,-0.09374
-8.8272,-1.1011,228.609,-0.47255,2.41464,-0.09401
-8.7608,-1.1479,228.812,-0.47085,2.40724,-0.09541
-8.7763,-1.2234,228.84,-0.47811,2.40658,-0.09533
-8.8014,-1.0801,228.752,-0.4714,2.41149,-0.09266
-8.7976,-1.1452,228.652,-0.47821,2.41562,-0.0917
-8.7833,-1.1972,228.927,-0.48016,2.40717,-0.09425
-8.8259,-1.0802,228.693,-0.47281,2.4136,-0.09453
-8.7758,-1.1919,228.78,-0.48114,2.41104,-0.09375
-8.7629,-1.1302,228.809,-0.47778,2.41003,-0.09444
-8.7704,-1.0431,228.722,-0.47294,2.41576,-0.09636
-8.7605,-0.976,228.7,-0.46966,2.41446,-0.09803
-8.6844,-1.1355,228.892,-0.47824,2.41085,-0.09802
-8.6869,-1.0818,228.862,-0.47264,2.40847,-0.09925
-8.6659,-1.1336,228.746,-0.47503,2.41274,-0.09769
-8.6707,-1.1039,228.785,-0.47449,2.40967,-0.09746
-8.692,-1.0027,228.685,-0.47381,2.41633,-0.09608
-8.5752,-1.0855,228.608,-0.47659,2.41194,-0.0945
-8.4713,-1.0942,228.593,-0.47466,2.40611,-0.09585
-8.4601,-0.9942,228.459,-0.47216,2.40784,-0.09347
-8.3843,-1.0408,228.605,-0.47494,2.40386,-0.09211
-8.2982,-1.108,228.443,-0.47552,2.40132,-0.08884
-8.2177,-1.0345,228.488,-0.47978,2.39743,-0.08632
-8.2023,-1.0261,228.59,-0.4731,2.39666,-0.0871
-8.2768,-1.0178,228.489,-0.47934,2.40527,-0.08488
-8.2782,-0.8929,228.551,-0.46714,2.40592,-0.08374
-8.2626,-0.7364,228.538,-0.46275,2.40936,-0.08554
-8.3002,-0.7465,228.609,-0.46414,2.41646,-0.08474
-8.2198,-0.7692,229.038,-0.45798,2.40773,-0.08997
-8.335,-0.4985,228.743,-0.452,2.42258,-0.09118
-8.3053,-0.3081,228.755,-0.43522,2.4262,-0.09866
-8.2993,-0.4382,229.18,-0.43727,2.41683,-0.10157
-8.1664,-0.3587,229.357,-0.42831,2.41341,-0.10258
-8.2191,-0.2917,229.372,-0.42038,2.41741,-0.10041
-8.2685,-0.3041,229.422,-0.4194,2.41829,-0.0996
-8.1525,-0.6003,229.578,-0.42746,2.40767,-0.09619
-8.3739,-0.4906,229.361,-0.43144,2.42257,-0.08742
-8.4577,-0.6725,229.5,-0.43421,2.42481,-0.08432
-8.6032,-0.7855,229.536,-0.43814,2.43345,-0.08148
-8.7624,-0.8087,229.635,-0.43821,2.43821,-0.08063
-8.8944,-0.9657,229.66,-0.44687,2.44575,-0.07997
-8.9133,-1.2598,229.73,-0.46038,2.44751,-0.07997
-8.9082,-1.3868,230.189,-0.461,2.44852,-0.07669
-9.1007,-1.2575,229.969,-0.46045,2.46408,-0.07208
-9.1338,-1.3157,230.007,-0.46139,2.45269,-0.0766
-8.9117,-0.8974,230.085,-0.43624,2.44752,-0.07789
-8.8456,-0.685,230.108,-0.42197,2.44865,-0.08454
-8.9007,-0.4314,230.207,-0.40701,2.44254,-0.08951
-8.9289,-0.2443,230.349,-0.39556,2.44511,-0.09073
-8.9826,-0.0957,230.503,-0.38678,2.44861,-0.0888
-8.9433,-0.0766,230.578,-0.37793,2.44934,-0.0957
-8.8352,-0.1228,230.466,-0.38087,2.45307,-0.10122
-8.8122,-0.1051,230.43,-0.3855,2.45168,-0.10503
-8.8656,-0.1967,230.407,-0.38939,2.45621,-0.10516
-8.7481,-0.3522,230.589,-0.38727,2.44941,-0.10516
-8.6701,-0.5088,230.381,-0.40184,2.44717,-0.09631
-8.6066,-0.6398,230.248,-0.41378,2.44453,-0.08875
-8.4776,-0.7241,230.178,-0.41829,2.43389,-0.08687
-8.2849,-0.8183,230.297,-0.4151,2.42946,-0.08917
-8.2366,-0.9264,230.13,-0.42673,2.42468,-0.08637
-8.1891,-0.9362,230.05,-0.43121,2.42535,-0.08571
-7.8539,-1.2981,230.173,-0.44677,2.40915,-0.08629
-7.782,-1.309,229.982,-0.45426,2.40942,-0.08177
-7.8322,-1.3191,229.765,-0.45821,2.41228,-0.07873
-7.8958,-1.2261,229.763,-0.45215,2.41852,-0.07975
-7.9521,-1.3602,229.813,-0.45732,2.41449,-0.08555
-8.0763,-1.1236,229.663,-0.4479,2.41321,-0.09187
-8.1688,-0.8193,229.637,-0.43413,2.41956,-0.10363
-8.2194,-0.7455,229.583,-0.43458,2.41981,-0.1048
-8.3416,-0.7007,229.523,-0.43256,2.42085,-0.10649
-8.4515,-0.6444,229.668,-0.42782,2.4256,-0.10731
-8.5354,-0.5876,229.769,-0.4179,2.42082,-0.1108
-8.6391,-0.7147,229.77,-0.42409,2.42246,-0.10973
-8.8613,-0.7251,229.554,-0.43086,2.43392,-0.1072
-8.9876,-0.7983,229.53,-0.43791,2.43597,-0.10446
-9.125,-1.0029,229.685,-0.44056,2.43398,-0.1031
-9.3682,-0.9235,229.434,-0.44346,2.44528,-0.10339
-9.3609,-1.0697,229.413,-0.44242,2.43997,-0.10873
-9.3829,-1.1408,229.308,-0.44373,2.44104,-0.10995
-9.3303,-1.1012,229.31,-0.44325,2.43925,-0.11273
-9.3302,-1.1323,229.343,-0.43385,2.43182,-0.11373
-9.451,-1.081,229.407,-0.42558,2.4364,-0.11881
-9.6701,-1.1554,229.426,-0.42996,2.44698,-0.1213
-9.7196,-1.4169,229.793,-0.43135,2.44234,-0.12201
-9.8455,-1.3395,229.828,-0.41356,2.44731,-0.12316
-9.8891,-1.3053,229.796,-0.41002,2.44631,-0.12952
-9.9715,-1.2322,229.805,-0.4061,2.44271,-0.13929
-10.1539,-1.0252,229.679,-0.39701,2.44687,-0.14253
-10.2687,-1.0048,229.434,-0.39303,2.45295,-0.13936
-10.3737,-1.1557,229.536,-0.40423,2.45683,-0.13741
-10.375,-1.2756,229.602,-0.40299,2.44609,-0.13663
-10.4578,-1.4454,229.46,-0.41073,2.45031,-0.133
-10.5106,-1.3903,229.242,-0.41647,2.45284,-0.1297
-10.5587,-1.4651,229.131,-0.41632,2.44984,-0.12639
-10.504,-1.7236,229.128,-0.42515,2.44464,-0.12288
-10.4691,-1.779,228.979,-0.42524,2.44658,-0.12247
-10.4064,-2.0013,228.713,-0.43304,2.44315,-0.12037
-10.4364,-2.075,228.698,-0.43281,2.44218,-0.1224
-10.4815,-2.1255,228.512,-0.42947,2.4495,-0.12435
-10.4487,-2.2803,228.751,-0.42849,2.44333,-0.12869
-10.5124,-2.2418,228.719,-0.42666,2.44561,-0.12689
-10.6167,-2.3932,228.645,-0.4261,2.44267,-0.1248
-10.8624,-2.4391,228.607,-0.41863,2.44589,-0.12368
-11.0128,-2.5587,228.557,-0.42035,2.44522,-0.12695
-11.0232,-2.3298,228.443,-0.39557,2.44161,-0.13234
-11.1459,-2.323,228.377,-0.38851,2.44111,-0.13702
-11.4235,-2.1455,228.286,-0.38833,2.45452,-0.1392
-11.5227,-2.0921,228.285,-0.37733,2.45421,-0.14263
-11.3878,-2.1459,228.28,-0.37929,2.44533,-0.14442
-11.333,-2.0858,228.236,-0.37845,2.44219,-0.14631
-11.3457,-1.9689,228.322,-0.37178,2.44856,-0.15059
-11.1971,-1.7274,228.346,-0.36465,2.44846,-0.15546
-10.9913,-0.9787,228.764,-0.33825,2.45455,-0.17083
-11.017,-0.868,228.683,-0.34311,2.45596,-0.17083
-10.7805,-0.8998,228.865,-0.34392,2.44884,-0.17437
-10.5119,-0.8677,228.693,-0.33913,2.4445,-0.176
-10.5832,-1.0532,228.276,-0.35544,2.44205,-0.16398
-10.8263,-0.8892,228.073,-0.34825,2.44373,-0.158
-11.4638,0.0117,225.768,-0.33812,2.45721,-0.15549
-9.4371,8.923,178.836,-0.39798,2.15035,-0.20045
-13.7814,3.4125,204.932,-0.35432,2.44919,-0.13099
-15.8269,-0.1172,204.393,-0.53205,2.5704,-0.10653
-14.6841,-1.0833,194.47,-0.63132,2.45638,-0.10891
-13.7855,-1.1588,184.795,-0.68082,2.39126,-0.12596
-11.9208,0.3102,165.623,-0.76117,2.23559,-0.14047
-11.5513,2.0479,150.481,-0.79955,2.16541,-0.13039
-11.4764,3.7434,135.105,-0.83557,2.10169,-0.10648
-12.7,7.2062,122.455,-0.69984,2.08619,-0.10649
-15.9722,7.6579,109.762,-0.66212,2.1392,-0.10337
-18.8473,4.8039,94.1128,-0.83117,2.17365,-0.04112
-17.2503,3.0885,75.8985,-0.99357,2.02414,0.00393
-11.8054,3.5459,58.5666,-0.90454,1.74348,-0.02017
-3.295,0.5354,32.09,-0.67022,1.36362,-0.0096
4.2142,-0.7005,3.4597,-0.66169,1.00935,0.02109
11.6129,11.2251,-4.9327,-0.78244,0.63939,-0.08347
6.9191,24.5969,4.64,-0.59177,0.71821,-0.22011
-22.2773,20.3693,49.4602,-0.45897,1.82032,-0.17439
-30.4368,10.5732,83.7011,-0.5776,2.24353,-0.06239
-32.4624,1.5963,119.978,-0.69894,2.52482,0.02989
-28.8227,-4.9818,167.299,-0.70275,2.78081,0.03687
-18.0594,-4.9265,210.462,-0.50734,2.62175,-0.03589
-13.6141,-2.1744,224.476,-0.33402,2.54895,-0.12907
-13.0978,-1.5035,227.785,-0.3007,2.54407,-0.13698
-13.1445,-1.56,227.785,-0.34429,2.56276,-0.07985
-12.2698,-1.6654,227.098,-0.40059,2.54973,-0.03849
-11.3154,-1.8268,225.736,-0.45153,2.53875,-0.02964
-11.344,-2.9743,224.844,-0.54188,2.5305,-0.00838
-11.897,-3.6497,226.045,-0.56547,2.57115,0.0074
-11.9382,-4.1797,227.106,-0.58471,2.58465,0.01509
-11.9306,-4.4089,227.555,-0.59381,2.59333,0.01617
-11.9248,-5.0385,228.037,-0.6189,2.59542,0.01031
-12.0454,-6.1681,228.27,-0.67549,2.60774,0.00496
-12.4845,-7.2314,228.676,-0.73735,2.62759,0.01629
-12.7979,-7.8903,228.944,-0.77735,2.64493,0.04485
-12.9796,-7.77,228.867,-0.76679,2.65723,0.05699
-12.8992,-7.1755,228.401,-0.7339,2.6473,0.05831
-12.3456,-6.1889,228.072,-0.67825,2.61276,0.05381
-11.9781,-5.4685,227.936,-0.63722,2.598,0.05032
-11.6429,-5.1854,227.884,-0.62219,2.58291,0.04852
-11.126,-5.0027,228.123,-0.60608,2.55593,0.04595
-10.9966,-4.7052,227.976,-0.5971,2.55974,0.04764
-10.6695,-4.2735,228.003,-0.57661,2.55616,0.03933
-10.4261,-3.8846,228,-0.56211,2.54988,0.02631
-10.3601,-3.5775,227.973,-0.55551,2.54208,0.0148
-10.2007,-3.3111,227.951,-0.54577,2.52798,-0.00049
-9.9814,-2.8133,227.794,-0.53019,2.52039,-0.00959
-9.6989,-2.4895,227.727,-0.51633,2.51369,-0.01253
-9.5141,-2.3827,227.674,-0.51744,2.50119,-0.01507
-9.4005,-2.3572,227.702,-0.51645,2.50774,-0.01424
-9.445,-2.3617,228.007,-0.51037,2.51501,-0.01759
-9.6217,-2.4506,228.283,-0.52023,2.52439,-0.01818
-9.8326,-2.6216,228.273,-0.54419,2.52593,-0.01266
-10.0951,-2.5626,228.032,-0.54813,2.52815,-0.01069
-10.1931,-2.5209,228.118,-0.54204,2.52094,-0.01404
-10.1631,-2.372,228.042,-0.53556,2.52449,-0.01907
-10.044,-2.1418,228.083,-0.52496,2.52276,-0.02133
-9.9457,-2.1546,228.106,-0.52743,2.52464,-0.02097
-9.8792,-2.2134,228.128,-0.53129,2.53336,-0.01867
-9.8826,-2.3449,228.383,-0.53053,2.53429,-0.01819
-10.109,-2.152,228.346,-0.52521,2.55445,-0.01603
-10.0127,-2.5938,228.567,-0.54366,2.54609,-0.01525
-10.1983,-2.533,228.384,-0.54083,2.55372,-0.01772
-10.2532,-2.678,228.277,-0.54718,2.55286,-0.02152
-10.2444,-2.767,228.362,-0.54384,2.54448,-0.02478
-10.1987,-2.7501,228.356,-0.5456,2.54988,-0.02483
-10.1633,-2.6441,228.492,-0.54174,2.54812,-0.02329
-10.1286,-2.5092,228.553,-0.54002,2.55214,-0.02494
-10.1056,-2.4555,228.697,-0.53711,2.55366,-0.02706
-10.1065,-2.3709,228.745,-0.53407,2.54995,-0.02751
-10.1409,-2.4984,228.675,-0.54278,2.55538,-0.0252
-10.1372,-2.5609,228.63,-0.54576,2.55262,-0.02334
-10.2932,-2.3294,228.663,-0.53676,2.56097,-0.02376
-10.1618,-2.555,228.797,-0.54818,2.54965,-0.02418
-10.1132,-2.4792,228.809,-0.54217,2.54922,-0.02473
-9.9526,-2.5641,228.711,-0.54356,2.53599,-0.02333
-9.9281,-2.1713,228.533,-0.52778,2.53757,-0.02414
-9.5666,-1.8835,228.185,-0.51288,2.52129,-0.03089
-9.1352,-1.8313,228.131,-0.50957,2.49933,-0.03576
-8.8886,-1.6424,228.026,-0.50203,2.4848,-0.03802
-8.6736,-1.5204,227.895,-0.49856,2.48196,-0.03186
-8.4476,-1.654,227.936,-0.51301,2.48249,-0.02618
-8.2912,-1.6632,228.018,-0.507,2.47433,-0.02314
-8.1906,-1.7282,227.877,-0.50602,2.47369,-0.01986
-8.1621,-1.8046,228.003,-0.50933,2.47531,-0.01934
-8.0657,-1.9659,228.255,-0.51197,2.47721,-0.01947
-7.9475,-1.8819,228.215,-0.5032,2.47602,-0.02277
-7.7975,-1.8812,228.392,-0.49647,2.47038,-0.02544
-7.7393,-1.9493,228.403,-0.50429,2.47237,-0.02508
-7.8325,-1.8229,228.332,-0.49981,2.48474,-0.02279
-7.7644,-1.8155,228.551,-0.49288,2.48486,-0.02218
-7.6352,-1.8519,228.614,-0.4916,2.48389,-0.02195
-7.5595,-1.9403,228.649,-0.49755,2.4804,-0.02442
-7.4745,-1.8586,228.572,-0.48625,2.4775,-0.02903
-7.5161,-1.9289,228.713,-0.48959,2.46888,-0.03053
-7.6849,-1.9626,228.699,-0.49539,2.47457,-0.02584
-7.6868,-1.9538,228.795,-0.48966,2.4754,-0.02402
-7.7705,-1.7675,228.645,-0.48942,2.47619,-0.02225
-7.7118,-1.9476,228.681,-0.49374,2.46504,-0.02171
-7.8318,-1.6565,228.466,-0.48338,2.46767,-0.02277
-7.9494,-1.6205,228.402,-0.48576,2.47023,-0.02207
-8.0311,-1.6561,228.488,-0.48797,2.47133,-0.0221
-8.1159,-1.5766,228.543,-0.48468,2.47467,-0.0231
-8.083,-1.5913,228.626,-0.48012,2.47583,-0.02457
-8.0033,-1.553,228.753,-0.4728,2.47671,-0.02622
-7.862,-1.6732,228.669,-0.47585,2.47356,-0.02535
-7.877,-1.6812,228.753,-0.48083,2.47437,-0.02411
-7.8227,-1.7682,228.77,-0.48688,2.475,-0.02365
-7.8299,-1.6761,228.831,-0.47509,2.47413,-0.02364
-7.8921,-1.6068,228.866,-0.47914,2.48257,-0.02175
-7.9139,-1.5268,228.697,-0.47518,2.48437,-0.0222
-7.9156,-1.5386,228.812,-0.47186,2.47764,-0.0236
-8.0481,-1.5734,228.792,-0.47221,2.48632,-0.0226
-8.0869,-1.5434,228.768,-0.47828,2.4903,-0.02233
-8.0871,-1.5196,228.83,-0.47312,2.48962,-0.02132
-8.1719,-1.4397,228.768,-0.47032,2.4941,-0.01907
-8.2277,-1.3769,228.799,-0.46711,2.49799,-0.0186
-8.2014,-1.4787,228.902,-0.47298,2.4953,-0.01752
-8.1323,-1.7012,229.039,-0.47959,2.4945,-0.01876
-8.1555,-1.4132,229.101,-0.46576,2.49612,-0.01861
-8.1231,-1.3445,229.156,-0.4589,2.49629,-0.02092
-8.0716,-1.4001,229.085,-0.46264,2.4974,-0.02046
-8.1862,-1.4058,228.998,-0.46772,2.49896,-0.01806
-8.286,-1.3369,229.008,-0.45924,2.50647,-0.01956
-8.1735,-1.235,229.069,-0.45667,2.50408,-0.01977
-8.1319,-1.3194,229.095,-0.46242,2.50074,-0.01922
-8.089,-1.3108,228.988,-0.4579,2.49889,-0.02117
-8.1335,-1.2546,228.861,-0.4599,2.49495,-0.02231
-8.2735,-1.28,228.915,-0.46289,2.50262,-0.02458
-8.2853,-1.2231,229.079,-0.45618,2.49891,-0.02823
-8.4018,-1.2581,229.104,-0.45669,2.49397,-0.02865
-8.5523,-1.178,228.977,-0.45838,2.49892,-0.02732
-8.5632,-1.3445,228.959,-0.46322,2.49931,-0.02664
-8.5819,-1.3222,228.98,-0.45539,2.50471,-0.02667
-8.5819,-1.3095,228.994,-0.45389,2.50184,-0.02719
-8.6514,-1.2424,228.873,-0.45184,2.51002,-0.02704
-8.6218,-1.1996,229.011,-0.45126,2.51183,-0.02568
-8.6194,-1.2794,229.208,-0.45416,2.51328,-0.02667
-8.5623,-1.363,229.141,-0.45519,2.51187,-0.02684
-8.5611,-1.313,229.025,-0.45477,2.51608,-0.02573
-8.4804,-1.2084,229.074,-0.45232,2.51252,-0.02306
-8.4796,-1.1869,229.012,-0.44943,2.50797,-0.02332
-8.4403,-1.1642,228.984,-0.45219,2.50614,-0.02115
-8.3791,-1.129,229.01,-0.45414,2.50329,-0.01632
-8.335,-1.1933,229.202,-0.45115,2.49874,-0.01958
-8.3907,-1.1581,229.071,-0.45059,2.49507,-0.02064
-8.6268,-1.0915,228.869,-0.44615,2.50022,-0.02516
-8.7362,-0.9911,229.082,-0.43621,2.50795,-0.02815
-8.7527,-1.1833,229.074,-0.44371,2.50922,-0.02709
-8.6509,-1.2652,229.155,-0.44316,2.51032,-0.02704
-8.7247,-1.0204,228.847,-0.43803,2.51849,-0.02429
-8.6816,-0.9956,228.884,-0.44182,2.52037,-0.02278
-8.6408,-1.0636,228.901,-0.44624,2.51835,-0.02084
-8.4672,-1.1749,228.997,-0.45058,2.51153,-0.01997
-8.4655,-1.028,228.938,-0.44298,2.51008,-0.02115
-8.5094,-1.0419,229.089,-0.44102,2.50983,-0.02356
-8.509,-1.109,229.043,-0.44341,2.51518,-0.02421
-8.6083,-1.1293,228.982,-0.44559,2.5172,-0.02649
-8.7619,-1.1971,229.031,-0.4474,2.52668,-0.02879
-8.7553,-1.2671,229.118,-0.44735,2.5258,-0.0308
-8.8084,-1.2054,229.322,-0.44616,2.51922,-0.03366
-8.9601,-1.1135,229.223,-0.45179,2.52918,-0.03046
-8.8685,-1.2225,229.231,-0.4444,2.52171,-0.03189
-8.8926,-1.1212,229.238,-0.44959,2.51783,-0.03013
-8.9586,-0.9747,229.213,-0.44689,2.52728,-0.02908
-8.99,-0.9381,229.063,-0.44985,2.53603,-0.02528
-8.877,-1.1177,229.211,-0.4502,2.52623,-0.02673
-8.8823,-1.0658,229.294,-0.44819,2.52978,-0.02614
-8.9555,-0.9787,229.188,-0.44653,2.53575,-0.02551
-8.9217,-0.9956,229.209,-0.44689,2.53018,-0.02576
-8.9155,-1.038,229.14,-0.4493,2.52706,-0.02654
-8.9137,-1.1757,229.134,-0.45727,2.51939,-0.02506
-8.961,-1.065,229.121,-0.45394,2.52476,-0.02523
-8.9276,-1.1174,229.113,-0.45481,2.51907,-0.02541
-8.9271,-1.0383,229.091,-0.44992,2.52126,-0.02345
-8.9058,-1.1742,229.063,-0.45583,2.51956,-0.02175
-8.8264,-1.2819,229.268,-0.45318,2.51711,-0.02251
-8.8363,-1.3627,229.346,-0.45943,2.51022,-0.02184
-8.9342,-1.1299,229.161,-0.45593,2.52411,-0.01953
-8.8697,-1.1426,229.278,-0.45238,2.51516,-0.02148
-8.8421,-1.1897,229.267,-0.4553,2.51476,-0.02056
-8.9139,-1.1112,229.155,-0.45762,2.51655,-0.01941
-8.7924,-1.2327,229.188,-0.45726,2.51002,-0.01945
-8.791,-1.2726,229.299,-0.45979,2.50576,-0.01957
-8.8488,-1.2031,229.235,-0.45741,2.5089,-0.01763
-8.8597,-1.273,229.118,-0.4662,2.50895,-0.01495
-8.9097,-1.2196,229.182,-0.46294,2.51275,-0.0147
-8.8352,-1.2323,229.192,-0.46134,2.50847,-0.01558
-8.8468,-1.2129,229.163,-0.45978,2.50679,-0.01593
-8.875,-1.1766,229.125,-0.45885,2.51345,-0.01552
-8.8522,-1.2008,229.044,-0.46093,2.5171,-0.01447
-8.8283,-1.2077,229.186,-0.45917,2.50687,-0.01665
-8.8116,-1.3297,229.17,-0.46375,2.50824,-0.01528
-8.8022,-1.2917,229.017,-0.46699,2.51239,-0.01286
-8.8121,-1.2943,229.214,-0.46973,2.51684,-0.01429
-8.7538,-1.2405,229.307,-0.46013,2.51265,-0.01529
-8.7064,-1.2368,229.201,-0.45695,2.50735,-0.01542
-8.7359,-1.2434,229.158,-0.45591,2.50793,-0.01437
-8.7912,-1.0286,229.16,-0.44671,2.51175,-0.01601
-8.7583,-1.2123,229.115,-0.45848,2.5122,-0.0143
-8.722,-1.1922,229.197,-0.45098,2.51189,-0.01374
-8.7981,-1.1884,229.208,-0.45401,2.5198,-0.01484
-8.8019,-1.2213,229.268,-0.45894,2.51903,-0.0131
-8.7933,-1.1647,229.249,-0.45589,2.515,-0.01417
-8.775,-1.2681,229.244,-0.45931,2.51943,-0.01363
-8.7463,-1.2824,229.251,-0.46044,2.515,-0.01265
-8.768,-1.2044,229.312,-0.45579,2.51676,-0.01291
-8.7513,-1.2224,229.373,-0.45859,2.51443,-0.01339
-8.7588,-1.2187,229.357,-0.45931,2.51665,-0.01378
-8.7553,-1.0672,229.168,-0.4533,2.52345,-0.0127
-8.7148,-1.1866,229.338,-0.45468,2.51523,-0.01271
-8.8004,-1.0763,229.142,-0.45448,2.5228,-0.01002
-8.747,-1.2252,229.409,-0.45983,2.5178,-0.01317
-8.8021,-1.2167,229.168,-0.46235,2.52547,-0.0104
-8.7403,-1.2717,229.328,-0.46511,2.52199,-0.0106
-8.7903,-1.1672,229.257,-0.46074,2.52053,-0.01038
-8.8039,-1.1258,229.315,-0.45701,2.51978,-0.01149
-8.7661,-1.1902,229.354,-0.46059,2.518,-0.01004
-8.7578,-1.2192,229.267,-0.46078,2.51839,-0.01054
-8.7541,-1.105,229.252,-0.45206,2.51724,-0.01305
-8.7709,-1.1806,229.296,-0.45713,2.51219,-0.01342
-8.7864,-1.1618,229.118,-0.4579,2.51589,-0.01216
-8.7839,-1.2122,229.056,-0.46395,2.51264,-0.0094
-8.6411,-1.3797,229.379,-0.46242,2.50563,-0.01356
-8.7777,-1.0857,229.114,-0.45352,2.51077,-0.01345
-8.7183,-1.1643,229.049,-0.46024,2.50852,-0.0121
-8.6999,-1.3103,229.309,-0.46443,2.50284,-0.01414
-8.6311,-1.403,229.355,-0.46393,2.50496,-0.01329
-8.7088,-1.2258,229.234,-0.46166,2.51168,-0.0122
-8.764,-1.0983,229.289,-0.45323,2.51241,-0.01412
-8.6579,-1.2287,229.38,-0.45264,2.50826,-0.0156
-8.6932,-1.2264,229.239,-0.45761,2.50948,-0.01441
-8.7048,-1.2753,229.285,-0.4644,2.50655,-0.01497
-8.7585,-1.1714,229.252,-0.4635,2.51076,-0.01437
-8.7703,-1.1381,229.207,-0.46249,2.51285,-0.01335
-8.7603,-1.2449,229.242,-0.46411,2.51642,-0.01146
-8.7094,-1.2183,229.471,-0.46131,2.51218,-0.01357
-8.6733,-1.3303,229.448,-0.46827,2.51127,-0.01382
-8.7759,-1.1592,229.323,-0.46223,2.51489,-0.01229
-8.7004,-1.3427,229.385,-0.46697,2.50893,-0.01162
-8.7443,-1.2866,229.288,-0.46823,2.51274,-0.01144
-8.6989,-1.3443,229.428,-0.46876,2.51045,-0.01233
-8.6747,-1.2993,229.351,-0.46741,2.50928,-0.01261
-8.6463,-1.3564,229.371,-0.46516,2.50677,-0.01254
-8.6911,-1.2701,229.328,-0.46162,2.50648,-0.0125
-8.707,-1.3246,229.241,-0.46622,2.50695,-0.01215
-8.6783,-1.3839,229.403,-0.47109,2.50241,-0.01105
-8.7588,-1.267,229.137,-0.46811,2.50925,-0.00985
-8.7179,-1.2351,229.228,-0.4625,2.50457,-0.01121
-8.7152,-1.2758,229.24,-0.46482,2.50561,-0.01156
-8.7864,-1.2331,229.252,-0.46102,2.51058,-0.01179
-8.7818,-1.1745,229.261,-0.46055,2.5123,-0.01072
-8.7207,-1.27,229.314,-0.46617,2.50231,-0.01123
-8.7423,-1.2282,229.256,-0.461,2.50728,-0.01193
-8.7131,-1.3376,229.28,-0.47151,2.50823,-0.01041
-8.7418,-1.3495,229.354,-0.47078,2.5081,-0.01106
-8.6946,-1.321,229.332,-0.46491,2.50205,-0.01236
-8.7592,-1.2747,229.224,-0.47012,2.50639,-0.0111
-8.7363,-1.402,229.37,-0.47148,2.50579,-0.01135
-8.6851,-1.3998,229.402,-0.47397,2.50232,-0.01248
-8.8169,-1.1874,229.179,-0.46737,2.50889,-0.01143
-8.7412,-1.1675,229.279,-0.45815,2.5077,-0.01344
-8.7499,-1.2614,229.29,-0.46618,2.50774,-0.01244
-8.6681,-1.2943,229.274,-0.46318,2.50312,-0.01299
-8.7203,-1.2282,229.246,-0.46222,2.50191,-0.01318
-8.714,-1.1971,229.357,-0.459,2.50118,-0.01498
-8.7004,-1.3565,229.392,-0.47002,2.50108,-0.01353
-8.7276,-1.3466,229.348,-0.47055,2.50123,-0.01265
-8.6645,-1.432,229.453,-0.47128,2.49695,-0.0133
-8.7378,-1.2643,229.341,-0.46631,2.50083,-0.01309
-8.7806,-1.2224,229.367,-0.46787,2.50556,-0.01236
-8.7001,-1.3491,229.549,-0.46615,2.49976,-0.01439
-8.7044,-1.264,229.328,-0.46293,2.50185,-0.01218
-8.8209,-1.1825,229.227,-0.46579,2.51188,-0.01084
-8.7653,-1.2044,229.315,-0.46379,2.50337,-0.01368
-8.7184,-1.2521,229.411,-0.45911,2.49794,-0.01396
-8.74,-1.2931,229.295,-0.46709,2.49962,-0.01324
-8.7598,-1.3245,229.358,-0.4692,2.50169,-0.01428
-8.7554,-1.2872,229.222,-0.47128,2.50411,-0.01213
-8.7214,-1.305,229.21,-0.46846,2.49757,-0.01245
-8.6965,-1.2921,229.361,-0.45947,2.49387,-0.01489
-8.7191,-1.3713,229.267,-0.46952,2.4989,-0.01275
-8.7075,-1.3062,229.387,-0.46435,2.49724,-0.01531
-8.673,-1.3037,229.327,-0.46792,2.49756,-0.01332
-8.7203,-1.251,229.326,-0.46302,2.49896,-0.01392
-8.7464,-1.1707,229.336,-0.46052,2.50115,-0.01442
-8.7653,-1.1317,229.309,-0.46073,2.50263,-0.01452
-8.7606,-1.29,229.35,-0.46984,2.49836,-0.01306
-8.756,-1.1584,229.297,-0.46067,2.50158,-0.01482
-8.7865,-1.2526,229.337,-0.46794,2.5035,-0.01289
-8.7328,-1.3124,229.307,-0.46905,2.5007,-0.01281
-8.6337,-1.4448,229.444,-0.46832,2.49139,-0.01261
-8.7235,-1.3093,229.341,-0.46675,2.49732,-0.01182
-8.735,-1.3185,229.334,-0.46905,2.49794,-0.01246
-8.7612,-1.2711,229.13,-0.46646,2.50174,-0.01034
-8.7207,-1.3111,229.288,-0.4675,2.49832,-0.01377
-8.7094,-1.3195,229.326,-0.46461,2.49981,-0.01423
-8.711,-1.2784,229.278,-0.46738,2.50071,-0.01288
-8.7397,-1.2746,229.243,-0.46619,2.50546,-0.01367
-8.7435,-1.2639,229.275,-0.46689,2.50319,-0.01255
-8.7129,-1.3214,229.264,-0.46906,2.50129,-0.01298
-8.6937,-1.3379,229.347,-0.46721,2.5,-0.01383
-8.7415,-1.261,229.335,-0.46101,2.50284,-0.01324
-8.7571,-1.2726,229.344,-0.466,2.50491,-0.01247
-8.7543,-1.2367,229.449,-0.46371,2.51058,-0.01341
-8.6824,-1.3073,229.45,-0.46501,2.49728,-0.01393
-8.6539,-1.2681,229.471,-0.46251,2.49519,-0.01423
-8.6838,-1.2545,229.455,-0.45943,2.49757,-0.01459
-8.7469,-1.1681,229.245,-0.45602,2.50634,-0.01211
-8.7844,-1.2851,229.327,-0.47024,2.50762,-0.01043
-8.7663,-1.246,229.271,-0.46753,2.50726,-0.01093
-8.6519,-1.449,229.501,-0.46874,2.49623,-0.01299
-8.6418,-1.4672,229.55,-0.47042,2.49383,-0.01288
-8.763,-1.2472,229.238,-0.46557,2.50773,-0.01242
-8.7764,-1.201,229.345,-0.4639,2.50676,-0.01232
-8.7772,-1.2405,229.269,-0.46629,2.50668,-0.01157
-8.7513,-1.1445,229.274,-0.45785,2.50323,-0.01216
-8.7768,-1.2262,229.266,-0.46793,2.50765,-0.01059
-8.6673,-1.4146,229.437,-0.47066,2.49691,-0.01228
-8.6985,-1.3756,229.438,-0.46829,2.50165,-0.01244
-8.7134,-1.316,229.317,-0.47126,2.50566,-0.01058
-8.7294,-1.2596,229.32,-0.46336,2.5037,-0.01162
-8.7131,-1.2345,229.218,-0.46574,2.50315,-0.0112
-8.7159,-1.1224,229.381,-0.45518,2.50336,-0.01422
-8.7164,-1.2886,229.302,-0.46637,2.50454,-0.01167
-8.6755,-1.2713,229.44,-0.46822,2.50463,-0.01199
-8.7502,-1.1874,229.316,-0.46411,2.50583,-0.01126
-8.7337,-1.1825,229.341,-0.46239,2.50387,-0.01191
-8.7211,-1.162,229.312,-0.46062,2.50723,-0.01147
-8.6886,-1.2701,229.356,-0.46327,2.50246,-0.01268
-8.6974,-1.3415,229.362,-0.46967,2.50076,-0.01156
-8.71,-1.2468,229.294,-0.46312,2.49875,-0.01134
-8.7523,-1.1431,229.357,-0.4591,2.5038,-0.01127
-8.755,-1.1134,229.338,-0.45664,2.50549,-0.0122
-8.7233,-1.2341,229.342,-0.46405,2.50267,-0.0112
-8.6658,-1.4064,229.434,-0.47276,2.494,-0.01146
-8.6767,-1.3274,229.459,-0.46531,2.49568,-0.01357
-8.6377,-1.4718,229.506,-0.47181,2.49238,-0.01353
-8.7382,-1.277,229.462,-0.46593,2.49663,-0.01334
-8.7121,-1.2336,229.35,-0.4633,2.50228,-0.01198
-8.7638,-1.1893,229.373,-0.46121,2.50291,-0.01286
-8.7294,-1.3235,229.321,-0.4683,2.49899,-0.01148
-8.7948,-1.2488,229.384,-0.46537,2.50388,-0.01197
-8.6682,-1.3759,229.528,-0.46615,2.49579,-0.01282
-8.7108,-1.2134,229.304,-0.46485,2.50428,-0.01301
-8.7703,-1.2896,229.264,-0.46838,2.50764,-0.01132
-8.6202,-1.4058,229.503,-0.46736,2.49619,-0.01411
-8.7097,-1.2479,229.456,-0.462,2.49903,-0.01457
-8.7094,-1.3221,229.46,-0.47003,2.49889,-0.01206
-8.7424,-1.2268,229.455,-0.46415,2.50115,-0.01442
-8.6968,-1.4768,229.43,-0.47492,2.50158,-0.01209
-8.6863,-1.3937,229.339,-0.47011,2.49908,-0.01241
-8.6479,-1.3326,229.397,-0.46389,2.49395,-0.01466
-8.7281,-1.3524,229.353,-0.46771,2.49714,-0.01204
-8.7332,-1.2913,229.399,-0.46162,2.49546,-0.0137
-8.8152,-1.192,229.318,-0.46741,2.49966,-0.01234
-8.6692,-1.3889,229.464,-0.46959,2.49227,-0.01309
-8.7089,-1.362,229.55,-0.46412,2.49281,-0.0139
-8.7354,-1.3247,229.391,-0.46238,2.49604,-0.01359
-8.7101,-1.2486,229.545,-0.46078,2.49561,-0.01539
-8.7764,-1.3439,229.387,-0.47422,2.50308,-0.01218
-8.7679,-1.1758,229.352,-0.46206,2.5041,-0.01254
-8.7515,-1.3031,229.349,-0.46561,2.50155,-0.01257
-8.786,-1.2391,229.447,-0.46854,2.50072,-0.0123
-8.7223,-1.2207,229.491,-0.46393,2.50053,-0.01327
-8.7735,-1.1442,229.517,-0.45814,2.49862,-0.01499
-8.8122,-1.1649,229.418,-0.46442,2.50274,-0.01435
-8.7357,-1.2676,229.454,-0.4656,2.49801,-0.01335
-8.736,-1.2293,229.54,-0.45975,2.49701,-0.01494
-8.7886,-1.2839,229.466,-0.46683,2.4979,-0.01313
-8.7534,-1.4083,229.521,-0.4756,2.49516,-0.01178
-8.7259,-1.2961,229.623,-0.4667,2.49747,-0.01526
-8.7616,-1.2741,229.457,-0.46888,2.49632,-0.01419
-8.7376,-1.2935,229.472,-0.46667,2.49266,-0.01524
-8.7728,-1.1895,229.439,-0.46277,2.50172,-0.01287
-8.7273,-1.2036,229.377,-0.46471,2.49605,-0.0154
-8.7489,-1.3547,229.466,-0.46964,2.50085,-0.01351
-8.6959,-1.2579,229.44,-0.45874,2.49626,-0.01518
-8.7639,-1.3046,229.476,-0.46826,2.50038,-0.01451
-8.8207,-1.1858,229.336,-0.46474,2.50742,-0.01299
-8.7813,-1.2674,229.439,-0.46668,2.49912,-0.01306
-8.747,-1.2367,229.461,-0.46181,2.50016,-0.01554
-8.7118,-1.2668,229.373,-0.46387,2.49881,-0.0136
-8.7085,-1.3044,229.395,-0.46623,2.49832,-0.01356
-8.7874,-1.3653,229.415,-0.47295,2.49849,-0.01293
-8.747,-1.273,229.449,-0.46619,2.49948,-0.01384
-8.6869,-1.335,229.475,-0.47023,2.49363,-0.01436
-8.7328,-1.2833,229.444,-0.46793,2.49745,-0.01217
-8.7753,-1.1483,229.4,-0.45947,2.50555,-0.01246
-8.8446,-1.0697,229.344,-0.45937,2.50875,-0.01325
-8.7157,-1.2305,229.499,-0.46234,2.49999,-0.0142
-8.7533,-1.1852,229.435,-0.46414,2.50502,-0.01298
-8.6986,-1.301,229.463,-0.46812,2.49833,-0.01394
-8.7452,-1.2745,229.491,-0.47,2.50102,-0.01342
-8.7503,-1.2486,229.373,-0.46813,2.50202,-0.0118
-8.758,-1.2143,229.478,-0.46161,2.496,-0.01416
-8.7367,-1.14,229.558,-0.45508,2.49392,-0.01566
-8.771,-1.1731,229.57,-0.46015,2.49731,-0.01508
-8.686,-1.2577,229.469,-0.46326,2.49961,-0.01348
-8.7132,-1.2798,229.518,-0.46592,2.49521,-0.01362
-8.7335,-1.2331,229.523,-0.46233,2.49773,-0.01344
-8.7432,-1.3257,229.543,-0.4689,2.49611,-0.0124
-8.7253,-1.2772,229.456,-0.46615,2.50096,-0.01247
-8.7007,-1.2806,229.393,-0.46852,2.50364,-0.01241
-8.6639,-1.3688,229.548,-0.46982,2.49543,-0.01371
-8.8014,-1.101,229.337,-0.45791,2.50967,-0.01287
-8.7607,-1.1654,229.396,-0.46206,2.49793,-0.01415
-8.6557,-1.2687,229.417,-0.46229,2.49501,-0.01478
-8.7568,-1.2133,229.348,-0.46815,2.50648,-0.01254
-8.781,-1.2123,229.376,-0.46801,2.49974,-0.01352
-8.7805,-1.2928,229.42,-0.47033,2.50124,-0.01349
-8.7155,-1.2819,229.362,-0.46496,2.50322,-0.01413
-8.7383,-1.2185,229.29,-0.4664,2.50032,-0.01346
-8.7511,-1.1796,229.45,-0.4644,2.50005,-0.01351
-8.727,-1.2176,229.418,-0.46375,2.49816,-0.01483
-8.6681,-1.2338,229.431,-0.46139,2.49246,-0.01479
-8.6444,-1.3894,229.546,-0.46734,2.48955,-0.01521
-8.6702,-1.32,229.525,-0.46552,2.49299,-0.01428
-8.7553,-1.2489,229.322,-0.46754,2.5027,-0.01258
-8.7306,-1.1389,229.446,-0.4604,2.49961,-0.01492
-8.7072,-1.3556,229.343,-0.4737,2.49985,-0.01301
-8.8051,-1.2225,229.225,-0.47202,2.50268,-0.01238
-8.7722,-1.2043,229.337,-0.46374,2.50107,-0.01349
-8.7059,-1.366,229.393,-0.47023,2.49403,-0.01349
-8.7014,-1.3498,229.465,-0.46895,2.49922,-0.01332
-8.6865,-1.3147,229.498,-0.46703,2.49823,-0.01381
-8.7599,-1.2216,229.26,-0.46768,2.50334,-0.01278
-8.7746,-1.2063,229.371,-0.46211,2.49669,-0.01445
-8.7564,-1.2714,229.357,-0.46852,2.49844,-0.01361
-8.7664,-1.2754,229.332,-0.47371,2.50192,-0.01311
-8.6822,-1.3058,229.45,-0.46842,2.49545,-0.01445
-8.6942,-1.316,229.436,-0.46699,2.49442,-0.01494
-8.7767,-1.1585,229.398,-0.46023,2.50334,-0.01341
-8.7707,-1.1234,229.47,-0.4622,2.50386,-0.01464
-8.8177,-1.0583,229.386,-0.45885,2.5023,-0.01411
-8.7986,-1.1738,229.441,-0.46581,2.50588,-0.01393
-8.719,-1.1963,229.473,-0.46508,2.50304,-0.01389
-8.7721,-1.1457,229.403,-0.46223,2.50118,-0.01455
-8.7415,-1.3062,229.455,-0.46697,2.50116,-0.01325
-8.7823,-1.1246,229.364,-0.46058,2.5042,-0.01393
-8.6789,-1.2928,229.475,-0.463,2.49285,-0.01419
-8.6991,-1.3673,229.491,-0.47145,2.49443,-0.01334
-8.735,-1.1981,229.377,-0.46385,2.4997,-0.01472
-8.6837,-1.2531,229.509,-0.46006,2.49601,-0.01647
-8.6974,-1.338,229.535,-0.47429,2.49396,-0.01379
-8.7153,-1.357,229.569,-0.4695,2.49678,-0.01482
-8.7472,-1.2732,229.49,-0.46374,2.49918,-0.01568
-8.7772,-1.2083,229.496,-0.46301,2.49848,-0.01463
-8.7359,-1.2152,229.495,-0.4644,2.50117,-0.01492
-8.6939,-1.354,229.599,-0.4691,2.49493,-0.01453
-8.7381,-1.3257,229.417,-0.47101,2.49859,-0.01292
-8.8058,-1.1079,229.393,-0.46106,2.5046,-0.01343
-8.7909,-1.2048,229.318,-0.46771,2.501,-0.01308
-8.746,-1.3387,229.54,-0.47019,2.4972,-0.01357
-8.8109,-1.1092,229.292,-0.46257,2.50474,-0.01209
-8.7542,-1.2559,229.457,-0.46948,2.49472,-0.01385
-8.7451,-1.3039,229.407,-0.47118,2.49585,-0.01344
-8.7019,-1.4236,229.543,-0.47438,2.49955,-0.01407
-8.748,-1.2732,229.31,-0.46963,2.49833,-0.01319
-8.7816,-1.0785,229.331,-0.45326,2.50126,-0.01481
-8.7684,-1.2357,229.411,-0.4659,2.50006,-0.01306
-8.7141,-1.3486,229.376,-0.47047,2.50061,-0.01411
-8.7918,-1.1864,229.372,-0.46323,2.50338,-0.01379
-8.6917,-1.3621,229.427,-0.46817,2.49947,-0.01426
-8.754,-1.3011,229.425,-0.47195,2.49743,-0.01364
-8.6564,-1.3332,229.594,-0.46302,2.48994,-0.01717
-8.7133,-1.2439,229.511,-0.46211,2.50042,-0.01603
-8.7351,-1.1409,229.46,-0.45717,2.50319,-0.01591
-8.6543,-1.3963,229.638,-0.46698,2.49573,-0.01601
-8.7094,-1.3996,229.521,-0.46955,2.49674,-0.01287
-8.737,-1.2349,229.51,-0.46585,2.50213,-0.01383
-8.7312,-1.2544,229.436,-0.4672,2.50358,-0.01269
-8.735,-1.2111,229.492,-0.45964,2.50119,-0.01465
-8.742,-1.1933,229.305,-0.45957,2.50173,-0.0139
-8.7207,-1.3544,229.353,-0.47134,2.49825,-0.01239
-8.7614,-1.2234,229.312,-0.46717,2.5084,-0.01158
-8.7261,-1.1817,229.359,-0.45973,2.50206,-0.01432
-8.7243,-1.2796,229.47,-0.46348,2.49785,-0.01377
-8.6594,-1.4285,229.517,-0.46908,2.49853,-0.01295
-8.8008,-1.1384,229.307,-0.46263,2.50718,-0.01284
-8.7604,-1.2038,229.45,-0.46712,2.50161,-0.01273
-8.7694,-1.2311,229.477,-0.46519,2.50202,-0.01345
-8.7228,-1.343,229.428,-0.47025,2.50382,-0.01234
-8.7618,-1.1884,229.355,-0.46416,2.50938,-0.01234
-8.6957,-1.2991,229.425,-0.46853,2.50127,-0.01305
-8.7199,-1.2246,229.364,-0.46988,2.50234,-0.0122
-8.6782,-1.2294,229.396,-0.46604,2.50431,-0.01282
-8.6783,-1.2548,229.457,-0.46327,2.49964,-0.0136
-8.7507,-1.2415,229.364,-0.46708,2.50035,-0.01245
-8.7282,-1.3118,229.41,-0.46859,2.50586,-0.01243
-8.6207,-1.4132,229.504,-0.46637,2.49783,-0.01375
-8.7145,-1.3403,229.402,-0.47451,2.50113,-0.0118
-8.7041,-1.1052,229.389,-0.45511,2.50244,-0.01405
-8.6932,-1.2565,229.354,-0.46374,2.50611,-0.01213
-8.7307,-1.2441,229.416,-0.46488,2.50271,-0.01357
-8.7283,-1.3056,229.464,-0.46672,2.50213,-0.01345
-8.712,-1.407,229.422,-0.47397,2.50125,-0.01149
-8.79,-1.2337,229.327,-0.46899,2.50336,-0.01201
-8.7574,-1.2585,229.409,-0.46776,2.50172,-0.01278
-8.7991,-1.2596,229.369,-0.47261,2.51158,-0.01114
-8.7515,-1.2741,229.31,-0.46683,2.5083,-0.01121
-8.7829,-1.1788,229.338,-0.46315,2.50589,-0.01061
-8.7699,-1.231,229.342,-0.46273,2.50622,-0.01234
-8.6788,-1.3193,229.53,-0.46329,2.49676,-0.01315
-8.7645,-1.225,229.309,-0.46399,2.50522,-0.01204
-8.778,-1.2368,229.339,-0.46492,2.50611,-0.0108
-8.7563,-1.204,229.313,-0.46537,2.50384,-0.01124
-8.7716,-1.1916,229.298,-0.46377,2.50788,-0.01046
-8.7003,-1.3417,229.444,-0.46647,2.49908,-0.012
-8.6794,-1.4103,229.393,-0.47204,2.49738,-0.01274
-8.685,-1.293,229.388,-0.4606,2.49619,-0.01307
-8.72,-1.2952,229.449,-0.46862,2.5041,-0.01144
-8.7211,-1.2106,229.365,-0.45947,2.49796,-0.01276
-8.751,-1.137,229.124,-0.46132,2.50523,-0.01161
-8.7769,-1.3395,229.272,-0.47131,2.50479,-0.01016
-8.7425,-1.4239,229.444,-0.474,2.50238,-0.01056
-8.7754,-1.2087,229.274,-0.46674,2.50559,-0.01031
-8.7815,-1.2315,229.361,-0.46278,2.49944,-0.01089
-8.7893,-1.1696,229.259,-0.45927,2.50699,-0.01099
-8.758,-1.2235,229.324,-0.46254,2.50441,-0.01185
-8.717,-1.1839,229.417,-0.4597,2.49812,-0.01459
-8.7265,-1.3201,229.331,-0.46433,2.4984,-0.01247
-8.8267,-1.1352,229.09,-0.4647,2.51237,-0.00942
-8.7444,-1.2246,229.402,-0.46023,2.50252,-0.0133
-8.7096,-1.3925,229.328,-0.47213,2.49516,-0.01043
-8.7274,-1.3283,229.374,-0.46749,2.50057,-0.01257
-8.7013,-1.2965,229.361,-0.46495,2.5027,-0.01234
-8.7737,-1.1876,229.265,-0.45982,2.50615,-0.01253
-8.7262,-1.2043,229.38,-0.46057,2.49919,-0.01301
-8.7751,-1.1713,229.443,-0.46099,2.50084,-0.01439
-8.7344,-1.3596,229.355,-0.46675,2.49976,-0.01135
-8.7551,-1.2871,229.377,-0.46331,2.50127,-0.01249
-8.7918,-1.2911,229.242,-0.47201,2.50261,-0.01028
-8.7607,-1.283,229.392,-0.46553,2.49925,-0.01178
-8.7869,-1.3083,229.345,-0.47089,2.50171,-0.01048
-8.8031,-1.1337,229.396,-0.46229,2.50195,-0.01162
-8.7407,-1.2094,229.382,-0.46551,2.49566,-0.01321
-8.6614,-1.3149,229.466,-0.46649,2.49408,-0.01454
-8.7306,-1.1354,229.474,-0.4541,2.49737,-0.01528
-8.833,-1.1091,229.185,-0.45864,2.50745,-0.01042
-8.706,-1.1941,229.343,-0.45957,2.49473,-0.0123
-8.67,-1.3112,229.337,-0.46444,2.49334,-0.01279
-8.7031,-1.3215,229.403,-0.4658,2.49361,-0.01347
-8.707,-1.2833,229.341,-0.46661,2.4979,-0.0124
-8.7322,-1.366,229.446,-0.4707,2.49594,-0.01276
-8.7067,-1.3705,229.38,-0.4707,2.49691,-0.01173
-8.7389,-1.2672,229.359,-0.46367,2.49906,-0.01309
-8.7464,-1.208,229.262,-0.46488,2.50261,-0.01221
-8.7151,-1.2071,229.337,-0.45995,2.4991,-0.01277
-8.6825,-1.3516,229.45,-0.46959,2.49295,-0.01322
-8.7486,-1.2669,229.271,-0.46961,2.5026,-0.01076
-8.7207,-1.3678,229.45,-0.47145,2.49912,-0.01213
-8.7279,-1.2438,229.396,-0.46558,2.49816,-0.01277
-8.7341,-1.2533,229.358,-0.46612,2.49698,-0.01252
-8.7175,-1.3167,229.423,-0.46831,2.50189,-0.01263
-8.768,-1.2905,229.474,-0.46339,2.50061,-0.01223
-8.6954,-1.3883,229.446,-0.46617,2.49633,-0.01212
-8.6941,-1.3186,229.427,-0.46641,2.49751,-0.01255
-8.8197,-1.2049,229.253,-0.47138,2.50515,-0.01079
-8.7436,-1.2305,229.301,-0.46325,2.50274,-0.01221
-8.7715,-1.2255,229.314,-0.46403,2.50541,-0.01186
-8.6441,-1.3426,229.538,-0.46701,2.49229,-0.01492
-8.7895,-1.1814,229.387,-0.46483,2.50328,-0.01222
-8.7018,-1.2897,229.506,-0.46424,2.49365,-0.01362
-8.7499,-1.1668,229.27,-0.46279,2.50303,-0.01155
-8.7208,-1.4123,229.347,-0.47511,2.49902,-0.01094
-8.834,-1.128,229.307,-0.46345,2.50368,-0.01073
-8.6734,-1.4312,229.602,-0.47442,2.49298,-0.0129
-8.7698,-1.2142,229.406,-0.46441,2.50237,-0.01147
-8.7131,-1.2948,229.525,-0.46606,2.49598,-0.01359
-8.7748,-1.2539,229.336,-0.46795,2.50167,-0.01227
-8.6573,-1.3328,229.429,-0.4647,2.49361,-0.01371
-8.7057,-1.2419,229.357,-0.45973,2.50325,-0.01258
-8.6794,-1.3719,229.458,-0.46659,2.49354,-0.01219
-8.6864,-1.3593,229.538,-0.47165,2.49765,-0.01221
-8.7637,-1.1152,229.192,-0.46351,2.50591,-0.01109
-8.6594,-1.2723,229.369,-0.46582,2.49677,-0.01242
-8.736,-1.1927,229.304,-0.46267,2.49778,-0.01305
-8.7444,-1.2398,229.256,-0.46347,2.50239,-0.01146
-8.6977,-1.232,229.408,-0.46518,2.49886,-0.01167
-8.6985,-1.2443,229.439,-0.46222,2.50063,-0.01317
-8.7494,-1.2058,229.395,-0.46199,2.50475,-0.01317
-8.7561,-1.217,229.305,-0.46666,2.50163,-0.01119
-8.7563,-1.2807,229.29,-0.46919,2.5048,-0.01146
-8.6584,-1.309,229.398,-0.46386,2.49658,-0.01332
-8.7527,-1.2098,229.314,-0.46332,2.50384,-0.0127
-8.7484,-1.2954,229.265,-0.47268,2.50758,-0.01001
-8.6764,-1.344,229.574,-0.4677,2.49579,-0.01305
-8.677,-1.3035,229.48,-0.46548,2.49549,-0.01301
-8.7023,-1.1923,229.344,-0.46092,2.50234,-0.01326
-8.7176,-1.1864,229.375,-0.46002,2.49736,-0.01306
-8.7544,-1.2417,229.441,-0.46452,2.50287,-0.01228
-8.7075,-1.2698,229.386,-0.46743,2.49974,-0.01246
-8.7319,-1.1712,229.561,-0.45699,2.49604,-0.01649
-8.7536,-1.1667,229.369,-0.46742,2.50073,-0.01279
-8.6382,-1.4035,229.426,-0.46835,2.48908,-0.01339
-8.7922,-1.1772,229.236,-0.46529,2.50527,-0.0108
-8.802,-1.1723,229.347,-0.46707,2.50479,-0.01218
-8.7328,-1.2627,229.336,-0.46635,2.49986,-0.01303
-8.628,-1.3361,229.542,-0.46468,2.48929,-0.0152
-8.7305,-1.2502,229.368,-0.46535,2.49431,-0.01251
-8.7225,-1.4355,229.449,-0.47644,2.49737,-0.01151
-8.798,-1.1953,229.274,-0.46584,2.50631,-0.01109
-8.7368,-1.2207,229.345,-0.46539,2.49933,-0.01233
-8.7325,-1.2606,229.334,-0.46779,2.50278,-0.01296
-8.6789,-1.371,229.5,-0.46951,2.49501,-0.01287
-8.7342,-1.2854,229.436,-0.46326,2.49441,-0.01404
-8.7821,-1.0532,229.287,-0.45348,2.50202,-0.01393
-8.7776,-1.243,229.252,-0.46992,2.50675,-0.01087
-8.66,-1.4941,229.569,-0.47593,2.49266,-0.0137
-8.7063,-1.3138,229.452,-0.47177,2.49481,-0.01361
-8.7334,-1.2769,229.427,-0.46722,2.50237,-0.01227
-8.7444,-1.105,229.482,-0.45551,2.50179,-0.01419
-8.7703,-1.0279,229.344,-0.45365,2.50023,-0.01433
-8.7737,-1.092,229.281,-0.45899,2.50422,-0.01344
-8.7266,-1.114,229.341,-0.4521,2.50138,-0.01344
-8.7495,-1.2666,229.337,-0.47084,2.50284,-0.01216
-8.736,-1.2307,229.481,-0.46335,2.50149,-0.01453
-8.7558,-1.2422,229.254,-0.46726,2.50328,-0.0117
-8.6711,-1.2459,229.304,-0.45928,2.49457,-0.01332
-8.8043,-1.1407,229.308,-0.46325,2.50479,-0.01142
-8.7507,-1.2095,229.345,-0.46625,2.50026,-0.0123
-8.7424,-1.2431,229.409,-0.46813,2.49491,-0.01344
-8.7383,-1.2537,229.305,-0.46794,2.49891,-0.01115
-8.7321,-1.2346,229.332,-0.46355,2.50116,-0.01241
-8.7118,-1.2384,229.367,-0.46845,2.50143,-0.01228
-8.729,-1.1855,229.339,-0.46507,2.50087,-0.01275
-8.6954,-1.2419,229.429,-0.46442,2.49726,-0.01327
-8.7325,-1.2311,229.311,-0.46203,2.50081,-0.01231
-8.7405,-1.1921,229.324,-0.46299,2.50273,-0.01315
-8.7934,-1.1479,229.407,-0.46195,2.50519,-0.01316
-8.7739,-1.1423,229.222,-0.46053,2.50522,-0.01228
-8.7543,-1.1827,229.341,-0.46321,2.50205,-0.01307
-8.7423,-1.132,229.407,-0.46099,2.50473,-0.01435
-8.7456,-1.1166,229.308,-0.46002,2.5081,-0.01321
-8.8021,-1.2073,229.263,-0.4718,2.5084,-0.01084
-8.7562,-1.2526,229.393,-0.46913,2.50397,-0.01269
-8.7977,-1.0876,229.2,-0.46599,2.50839,-0.01129
-8.7522,-1.1951,229.406,-0.4598,2.50254,-0.01308
-8.7037,-1.2306,229.523,-0.46274,2.49954,-0.01423
-8.715,-1.2155,229.344,-0.46124,2.5007,-0.01364
-8.6744,-1.2326,229.449,-0.46181,2.49773,-0.01447
-8.6863,-1.242,229.327,-0.46663,2.50215,-0.01228
-8.6515,-1.2629,229.418,-0.46106,2.49796,-0.01497
-8.711,-1.2327,229.448,-0.46617,2.50117,-0.01354
-8.7666,-1.2095,229.391,-0.46475,2.50457,-0.01313
-8.7244,-1.2642,229.36,-0.46932,2.50071,-0.01277
-8.6964,-1.2522,229.407,-0.46598,2.50018,-0.01352
-8.7361,-1.2693,229.444,-0.47151,2.50014,-0.01287
-8.7691,-1.1087,229.307,-0.46121,2.50971,-0.01284
-8.7581,-1.2179,229.23,-0.46831,2.51042,-0.01015
-8.7154,-1.2229,229.356,-0.46458,2.5014,-0.01296
-8.6905,-1.289,229.438,-0.47224,2.50191,-0.0128
-8.7752,-1.1637,229.318,-0.46548,2.50709,-0.01249
-8.7012,-1.1935,229.403,-0.4645,2.50219,-0.01487
-8.6613,-1.2823,229.488,-0.46544,2.49187,-0.01457
-8.6782,-1.2456,229.29,-0.4642,2.49905,-0.0129
-8.728,-1.202,229.218,-0.46698,2.50505,-0.01244
-8.7014,-1.2074,229.311,-0.46659,2.50071,-0.0139
-8.6962,-1.2456,229.404,-0.4678,2.5052,-0.01259
-8.6899,-1.3028,229.336,-0.47286,2.50131,-0.01249
-8.6254,-1.3168,229.535,-0.46494,2.49835,-0.01377
-8.682,-1.2277,229.44,-0.46546,2.49827,-0.01448
-8.6246,-1.3802,229.439,-0.4721,2.49433,-0.01353
-8.6609,-1.3338,229.51,-0.47242,2.49625,-0.01315
-8.6776,-1.1924,229.438,-0.46316,2.49882,-0.01377
-8.7772,-1.1654,229.35,-0.46385,2.50988,-0.01206
-8.7253,-1.315,229.461,-0.47112,2.50003,-0.01329
-8.7244,-1.1987,229.536,-0.46231,2.49876,-0.01516
-8.7692,-1.1203,229.463,-0.45875,2.50402,-0.0141
-8.6617,-1.2654,229.531,-0.46449,2.49492,-0.01641
-8.6804,-1.3451,229.611,-0.47046,2.49412,-0.0152
-8.6404,-1.3279,229.578,-0.4725,2.49923,-0.01504
-8.6131,-1.3865,229.59,-0.47388,2.49781,-0.01424
-8.6131,-1.3865,229.59,-0.47388,2.49781,-0.01424
-8.6131,-1.3865,229.59,-0.47388,2.49781,-0.01424
-8.6131,-1.3865,229.59,-0.47388,2.49781,-0.01424
-8.8206,-1.2164,229.467,-0.47586,2.50666,-0.01143
-8.7353,-1.1848,229.474,-0.46478,2.50357,-0.01433
-8.7299,-1.1497,229.586,-0.46246,2.49808,-0.0158
-8.7315,-1.1698,229.372,-0.4661,2.50408,-0.01345
-8.7602,-1.1178,229.423,-0.45971,2.5024,-0.0143
-8.7063,-1.2266,229.426,-0.46551,2.49748,-0.01306
-8.6727,-1.2885,229.566,-0.46813,2.49816,-0.01475
-8.6994,-1.2171,229.361,-0.46613,2.50333,-0.01343
-8.6531,-1.1778,229.579,-0.45765,2.49434,-0.01573
-8.6989,-1.2237,229.329,-0.46465,2.49398,-0.01373
-8.705,-1.184,229.464,-0.46269,2.49724,-0.01514
-8.6488,-1.357,229.562,-0.46906,2.49775,-0.01463
-8.743,-1.1681,229.527,-0.46294,2.50169,-0.01449
-8.7743,-1.1406,229.388,-0.46905,2.50824,-0.01195
-8.6693,-1.3321,229.578,-0.47044,2.49639,-0.01427
-8.7307,-1.1966,229.45,-0.4626,2.49832,-0.01443
-8.6852,-1.2,229.498,-0.46799,2.50213,-0.01397
-8.649,-1.3117,229.588,-0.4686,2.49322,-0.01506
-8.6656,-1.2158,229.501,-0.46375,2.49565,-0.01571
-8.7285,-1.17,229.454,-0.46492,2.49926,-0.0149
-8.7205,-1.0926,229.405,-0.46031,2.49892,-0.01572
-8.7366,-1.1363,229.427,-0.45934,2.5028,-0.01506
-8.797,-1.0069,229.34,-0.46107,2.50449,-0.01482
-8.8002,-1.0912,229.399,-0.46085,2.5039,-0.01453
-8.7703,-1.102,229.409,-0.46386,2.50362,-0.01308
-8.7913,-1.0605,229.342,-0.46239,2.50689,-0.01327
-8.8536,-1.0118,229.284,-0.46392,2.50892,-0.01395
-8.7808,-1.061,229.344,-0.46098,2.5063,-0.01376
-8.7527,-1.1305,229.462,-0.46334,2.49799,-0.01482
-8.6996,-1.2521,229.424,-0.46489,2.50105,-0.0141
-8.7091,-1.2466,229.462,-0.47071,2.50046,-0.01368
-8.6955,-1.2323,229.622,-0.4643,2.49511,-0.01583
-8.8137,-1.0863,229.467,-0.45875,2.50521,-0.01308
-8.7724,-1.1381,229.572,-0.46731,2.50306,-0.01412
-8.7618,-1.1208,229.396,-0.46541,2.50407,-0.01252
-8.7501,-1.1209,229.463,-0.46161,2.50038,-0.01474
-8.7477,-1.0991,229.379,-0.45556,2.50106,-0.01483
-8.8063,-1.1395,229.394,-0.46482,2.50562,-0.01281
-8.7543,-1.1991,229.512,-0.46473,2.50393,-0.01431
-8.8132,-1.0996,229.446,-0.46228,2.50858,-0.01297
-8.7609,-1.096,229.441,-0.4605,2.5089,-0.01342
-8.7358,-1.0992,229.512,-0.45731,2.50075,-0.01498
-8.7074,-1.1597,229.525,-0.45914,2.5027,-0.01498
-8.6864,-1.1562,229.523,-0.46062,2.50119,-0.01536
-8.7789,-1.1186,229.38,-0.46507,2.50702,-0.01327
-8.7169,-1.0748,229.491,-0.45492,2.49975,-0.01571
-8.7262,-1.1808,229.532,-0.46138,2.50029,-0.01485
-8.7498,-1.1495,229.503,-0.46727,2.50052,-0.01398
-8.7559,-1.1327,229.527,-0.46301,2.50319,-0.01507
-8.6874,-1.2142,229.533,-0.46358,2.49714,-0.01424
-8.6635,-1.2453,229.531,-0.46471,2.49888,-0.01371
-8.7167,-1.224,229.473,-0.46466,2.50474,-0.01366
-8.7059,-1.1959,229.411,-0.46314,2.50397,-0.01367
-8.7694,-1.1724,229.375,-0.46446,2.51173,-0.01299
-8.7091,-1.1594,229.33,-0.46536,2.50572,-0.01287
-8.7276,-1.2335,229.443,-0.46787,2.5049,-0.01222
-8.6858,-1.2171,229.551,-0.46246,2.49798,-0.01511
-8.664,-1.2319,229.568,-0.46459,2.49917,-0.01552
-8.7895,-1.1926,229.361,-0.47048,2.50811,-0.0123
-8.7684,-1.1355,229.518,-0.46148,2.5046,-0.01372
-8.6806,-1.2322,229.536,-0.46375,2.49896,-0.01384
-8.7261,-1.2428,229.45,-0.46926,2.50202,-0.01283
-8.7509,-1.1646,229.526,-0.4658,2.5019,-0.01362
-8.7245,-1.2088,229.548,-0.46948,2.50234,-0.01213
-8.7387,-1.1477,229.462,-0.46355,2.50346,-0.01212
-8.7423,-1.1112,229.489,-0.45979,2.50247,-0.0127
-8.8025,-1.0716,229.342,-0.46799,2.51037,-0.01161
-8.7226,-1.2495,229.516,-0.46967,2.50165,-0.01356
-8.6874,-1.3063,229.588,-0.47175,2.49754,-0.01386
-8.6506,-1.2604,229.697,-0.46194,2.49208,-0.01547
-8.7402,-1.1747,229.458,-0.46683,2.5056,-0.01232
-8.7259,-1.2409,229.45,-0.46908,2.50361,-0.01266
-8.7486,-1.1372,229.425,-0.46307,2.50389,-0.01262
-8.7009,-1.2182,229.444,-0.46518,2.50102,-0.01402
-8.7102,-1.194,229.636,-0.46349,2.50056,-0.01557
-8.7978,-1.0796,229.379,-0.46432,2.50652,-0.01257
-8.7489,-1.2068,229.405,-0.46668,2.50053,-0.01263
-8.7824,-1.1554,229.436,-0.46845,2.50777,-0.01318
-8.7896,-1.1115,229.456,-0.4645,2.5021,-0.01371
-8.7811,-1.1833,229.406,-0.46487,2.5047,-0.01365
-8.6938,-1.2787,229.525,-0.46883,2.4992,-0.01424
-8.7191,-1.1652,229.463,-0.46577,2.50499,-0.01339
-8.6564,-1.2557,229.565,-0.46285,2.49422,-0.01545
-8.7734,-1.1613,229.405,-0.46451,2.50208,-0.01348
-8.7365,-1.1611,229.45,-0.46281,2.49668,-0.01512
-8.7776,-1.1196,229.538,-0.46461,2.4992,-0.01471
-8.7236,-1.2379,229.454,-0.46875,2.50161,-0.01343
-8.738,-1.1613,229.503,-0.46626,2.49793,-0.01582
-8.7114,-1.1932,229.465,-0.46446,2.49708,-0.01367
-8.7468,-1.2641,229.551,-0.46883,2.49912,-0.01346
-8.7598,-1.1769,229.374,-0.46843,2.50072,-0.01192
-8.782,-1.1249,229.408,-0.46303,2.49818,-0.01411
-8.756,-1.0898,229.42,-0.4631,2.49998,-0.01475
-8.7905,-1.1506,229.512,-0.46701,2.50405,-0.01315
-8.6866,-1.2234,229.519,-0.46387,2.49989,-0.01358
-8.7135,-1.1107,229.49,-0.45894,2.49973,-0.01521
-8.7309,-1.1678,229.511,-0.46569,2.49816,-0.01484
-8.6429,-1.3097,229.548,-0.46533,2.49508,-0.01587
-8.6356,-1.3425,229.513,-0.47122,2.494,-0.01417
-8.6694,-1.3657,229.576,-0.47015,2.49467,-0.01483
-8.7441,-1.1675,229.425,-0.46459,2.49775,-0.01488
-8.7208,-1.1227,229.526,-0.46429,2.4999,-0.01546
-8.753,-1.1221,229.504,-0.46339,2.50026,-0.01568
-8.734,-1.0662,229.589,-0.46122,2.50015,-0.01607
-8.7818,-1.0611,229.422,-0.46193,2.50264,-0.01487
-8.7072,-1.1664,229.484,-0.45918,2.49841,-0.0167
-8.6795,-1.1766,229.561,-0.46237,2.49523,-0.01689
-8.7054,-1.2369,229.449,-0.47244,2.4995,-0.01393
-8.7732,-0.9995,229.338,-0.45705,2.50376,-0.01441
-8.7449,-1.1759,229.42,-0.46523,2.50148,-0.01417
-8.6651,-1.3185,229.559,-0.46921,2.4904,-0.01578
-8.7325,-1.2044,229.436,-0.46928,2.49285,-0.01454
-8.7331,-1.0856,229.342,-0.45812,2.5013,-0.01459
-8.7718,-1.182,229.302,-0.46956,2.50309,-0.01377
-8.6972,-1.1591,229.579,-0.46118,2.49854,-0.01485
-8.7211,-1.1934,229.459,-0.46851,2.49518,-0.01399
-8.7436,-1.0387,229.458,-0.45539,2.49757,-0.01493
-8.6853,-1.2582,229.365,-0.46691,2.49654,-0.01302
-8.679,-1.1704,229.58,-0.46187,2.49865,-0.01455
-8.75,-1.1752,229.469,-0.46572,2.50076,-0.01329
-8.7101,-1.3362,229.419,-0.47394,2.4992,-0.01249
-8.6991,-1.1263,229.482,-0.45852,2.4982,-0.0164
-8.7525,-1.1082,229.493,-0.46305,2.49843,-0.01502
-8.7627,-1.1325,229.467,-0.46427,2.49903,-0.01444
-8.7432,-1.1723,229.412,-0.46517,2.50117,-0.01397
-8.7176,-1.2041,229.483,-0.46522,2.49992,-0.01424
-8.7063,-1.2749,229.453,-0.46791,2.49874,-0.01376
-8.7166,-1.2398,229.53,-0.46638,2.49818,-0.01472
-8.7491,-1.0932,229.425,-0.46168,2.50053,-0.01366
-8.7322,-1.2199,229.437,-0.46945,2.4997,-0.0137
-8.7406,-1.1909,229.49,-0.46508,2.49921,-0.01447
-8.7257,-1.1833,229.542,-0.4623,2.50176,-0.0149
-8.7171,-1.2566,229.501,-0.46586,2.49743,-0.01546
-8.7691,-1.1316,229.515,-0.46178,2.50205,-0.01548
-8.7531,-1.0027,229.437,-0.45718,2.5034,-0.01434
-8.7517,-1.138,229.493,-0.46274,2.50054,-0.01439
-8.7182,-1.2108,229.564,-0.46436,2.49923,-0.01497
-8.7848,-1.0833,229.373,-0.46135,2.50215,-0.01377
-8.7441,-1.1527,229.442,-0.46643,2.50127,-0.01407
-8.7219,-1.1524,229.53,-0.46038,2.49797,-0.01597
-8.689,-1.2188,229.619,-0.4642,2.49638,-0.01407
-8.6863,-1.2727,229.585,-0.46795,2.4987,-0.01371
-8.8325,-1.1576,229.528,-0.47059,2.50571,-0.01272
-8.6823,-1.274,229.551,-0.46935,2.49632,-0.0144
-8.7845,-1.1544,229.389,-0.467,2.50178,-0.01344
-8.7572,-1.1951,229.448,-0.46974,2.4973,-0.01401
-8.6835,-1.314,229.575,-0.46874,2.49515,-0.01354
-8.6872,-1.2492,229.521,-0.46609,2.4991,-0.01499
-8.7269,-1.163,229.558,-0.46219,2.49585,-0.01613
-8.7598,-1.2149,229.493,-0.4686,2.49673,-0.01277
-8.7686,-1.1136,229.427,-0.46562,2.50173,-0.01397
-8.7488,-1.1974,229.48,-0.47056,2.49537,-0.01298
-8.8031,-1.1288,229.439,-0.46569,2.50283,-0.01297
-8.8148,-1.1124,229.418,-0.4635,2.50002,-0.01427
-8.7769,-1.2053,229.376,-0.46914,2.4966,-0.01351
-8.6119,-1.4181,229.595,-0.46804,2.48872,-0.01613
-8.7137,-1.2586,229.502,-0.46694,2.49753,-0.01421
-8.714,-1.1505,229.494,-0.46034,2.49865,-0.01581
-8.7137,-1.2057,229.561,-0.4652,2.49577,-0.01511
-8.7306,-1.1867,229.504,-0.46557,2.49889,-0.01461
-8.7359,-1.2299,229.581,-0.46829,2.49988,-0.01515
-8.6251,-1.3346,229.729,-0.46677,2.48754,-0.01663
-8.7135,-1.1482,229.539,-0.46087,2.49731,-0.01542
-8.7611,-1.1406,229.399,-0.46339,2.50124,-0.01387
-8.7817,-1.056,229.385,-0.45778,2.50447,-0.01336
-8.7681,-1.104,229.37,-0.46397,2.50094,-0.01429
-8.7883,-1.0984,229.387,-0.4619,2.50196,-0.01344
-8.7082,-1.2576,229.441,-0.46642,2.49719,-0.01403
-8.699,-1.2841,229.49,-0.46954,2.49589,-0.01438
-8.7701,-1.0823,229.403,-0.46145,2.50036,-0.01533
-8.7422,-1.1425,229.485,-0.4643,2.50131,-0.01487
-8.7957,-1.0441,229.399,-0.46319,2.50621,-0.01364
-8.7508,-1.1731,229.389,-0.46677,2.50094,-0.01359
-8.7809,-1.0304,229.417,-0.45742,2.50423,-0.01335
-8.683,-1.2681,229.491,-0.46584,2.49208,-0.01446
-8.7412,-1.0811,229.408,-0.46112,2.50049,-0.01546
-8.7301,-1.0505,229.467,-0.45772,2.49562,-0.01509
-8.7132,-1.1828,229.49,-0.46376,2.49632,-0.01524
-8.748,-1.2377,229.492,-0.47135,2.49739,-0.01328
-8.7726,-0.9802,229.449,-0.45758,2.49838,-0.01498
-8.7468,-1.0913,229.555,-0.45937,2.49681,-0.01687
-8.7291,-1.1211,229.571,-0.46047,2.49517,-0.01559
-8.7845,-1.03,229.475,-0.45903,2.50241,-0.01505
-8.7635,-1.1289,229.594,-0.46128,2.49811,-0.01553
-8.7816,-1.1681,229.52,-0.46611,2.49822,-0.01401
-8.7843,-1.2023,229.299,-0.47187,2.5027,-0.01252
-8.7624,-1.1305,229.443,-0.46439,2.49843,-0.01511
-8.7836,-1.0572,229.358,-0.46323,2.5023,-0.0142
-8.6537,-1.2182,229.535,-0.45933,2.49165,-0.01634
-8.7461,-1.1166,229.491,-0.46468,2.50075,-0.0144
-8.7438,-1.1743,229.669,-0.46202,2.50023,-0.01597
-8.7438,-1.0887,229.619,-0.45795,2.50134,-0.01563
-8.7382,-1.1311,229.503,-0.46268,2.49544,-0.01571
-8.7823,-1.1388,229.436,-0.46756,2.4991,-0.0149
-8.7326,-1.085,229.538,-0.45871,2.50023,-0.01631
-8.7409,-1.1068,229.466,-0.4628,2.4994,-0.01592
-8.7496,-1.1655,229.44,-0.46674,2.50176,-0.0138
-8.7116,-1.3253,229.501,-0.47405,2.49526,-0.01352
-8.7013,-1.1804,229.512,-0.46401,2.49802,-0.0145
-8.7459,-1.1688,229.431,-0.46673,2.5006,-0.01264
-8.7308,-1.187,229.473,-0.46394,2.49915,-0.01446
-8.6922,-1.2408,229.52,-0.4678,2.50033,-0.01396
-8.7477,-1.1586,229.442,-0.46599,2.50133,-0.01383
-8.7408,-1.2537,229.435,-0.46864,2.50183,-0.01064
-8.6959,-1.2745,229.605,-0.47058,2.49304,-0.01414
-8.7415,-1.2001,229.486,-0.47154,2.50169,-0.01259
-8.7119,-1.2151,229.496,-0.46502,2.50681,-0.01322
-8.6636,-1.2274,229.635,-0.46543,2.49476,-0.01522
-8.6961,-1.2373,229.689,-0.46502,2.49481,-0.01606
-8.7917,-1.114,229.435,-0.46471,2.50217,-0.01475
-8.7902,-1.1475,229.452,-0.47023,2.50674,-0.01332
-8.7927,-1.118,229.438,-0.46529,2.49943,-0.01353
-8.6837,-1.2185,229.591,-0.46642,2.49195,-0.0162
-8.7025,-1.2463,229.612,-0.4667,2.49615,-0.01614
-8.7244,-1.2471,229.5,-0.47082,2.49211,-0.01472
-8.6252,-1.3561,229.711,-0.46646,2.48461,-0.01712
-8.6755,-1.2199,229.574,-0.46303,2.48897,-0.01623
-8.6797,-1.2944,229.441,-0.46708,2.48947,-0.01535
-8.7075,-1.1201,229.442,-0.46375,2.49266,-0.01539
