-0.215,0,-0.205,0,0
-0.215,0,-0.205,0,0
-0.215,0,-0.205,0,0
-0.215,0,-0.205,0,0
-0.215,0,-0.205,0,0
-0.215,0,-0.205,0,0
-0.215,0,-0.205,0,0
-0.215,0,-0.205,0,0
-0.215,0,-0.205,0,0
-0.215,0,-0.205,0,0
-0.215,0,-0.205,0,0
-0.215,0,-0.205,0,0
-0.215,0,-0.205,0,0
-0.215,0,-0.205,0,0
-0.215,0,-0.205,0,0
-0.215,0,-0.205,0,0
-0.215,0,-0.205,0,0
-0.215,0,-0.205,0,0
-0.215,0,-0.205,0,0
-0.215,0,-0.205,0,0
-0.215,0,-0.205,0,0
-0.215,0,-0.205,0,0
-0.215,0,-0.205,0,0
-0.215,0,-0.205,0,0
-0.215,0,-0.205,0,0
-0.215,0,-0.205,0,0
-0.215,0,-0.205,0,0
-0.215,0,-0.205,0,0
-0.215,0,-0.205,0,0
-0.215,0,-0.205,0,0
-0.215,0,-0.205,0,0
-0.215,0,-0.205,0,0
-0.215,0,-0.205,0,0
-0.215,0,-0.205,0,0
-0.215,0,-0.205,0,0
-0.215,0,-0.205,0,0
-0.215,0,-0.205,0,0
-0.215,0,-0.205,0,0
-0.215,0,-0.205,0,0
-0.215,0,-0.205,0,0
-0.215,0,-0.205,0,0
-0.215,0,-0.205,0,0
-0.215,0,-0.205,0,0
-0.215,0,-0.205,0,0
-0.215,0,-0.205,0,0
-0.215,0,-0.205,0,0
-0.215,0,-0.205,0,0
-0.215,0,-0.205,0,0
-0.215,0,-0.205,0,0
-0.215,0,-0.205,0,0
-0.215,0,-0.205,0,0
-0.215,0,-0.205,0,0
-0.215,0,-0.205,0,0
-0.215,0,-0.205,0,0
-0.215,0,-0.205,0,0
-0.215,0,-0.205,0,0
-0.215,0,-0.205,0,0
-0.215,0,-0.205,0,0
-0.215,0,-0.205,0,0
-0.215,0,-0.205,0,0
-0.215,0,-0.205,0,0
-0.215,0,-0.205,0,0
-0.215,0,-0.205,0,0
-0.215,0,-0.205,0,0
-0.215,0,-0.205,0,0
-0.215,0,-0.205,0,0
-0.215,0,-0.205,0,0
-0.215,0,-0.205,0,0
-0.215,0,-0.205,0,0
-0.215,0,-0.205,0,0
-0.215,0,-0.205,0,0
-0.215,0,-0.205,0,0
-0.215,0,-0.205,0,0
-0.215,0,-0.205,0,0
-0.215,0,-0.205,0,0
-0.215,0,-0.205,0,0
-0.215,0,-0.205,0,0
-0.215,0,-0.205,0,0
-0.215,0,-0.205,0,0
-0.215,0,-0.205,0,0
-0.215,0,-0.205,0,0
-0.215,0,-0.205,0,0
-0.215,0,-0.205,0,0
-0.215,0,-0.205,0,0
-0.215,0,-0.205,0,0
-0.215,0,-0.205,0,0
-0.215,0,-0.205,0,0
-0.215,0,-0.205,0,0
-0.215,0,-0.205,0,0
-0.215,0,-0.205,0,0
-0.215,0,-0.205,0,0
-0.215,0,-0.205,0,0
-0.215,0,-0.205,0,0
-0.215,0,-0.205,0,0
-0.215,0,-0.205,0,0
-0.215,0,-0.205,0,0
-0.215,0,-0.205,0,0
-0.215,0,-0.205,0,0
-0.215,0,-0.205,0,0
-0.215,0,-0.205,0,0
-0.215,0,-0.205,0,0
-0.215,0,-0.205,0,0
-0.215,0,-0.205,0,0
-0.215,0,-0.205,0,0
-0.215,0,-0.205,0,0
-0.215,0,-0.205,0,0
-0.215,0,-0.205,0,0
-0.215,0,-0.205031,0,0
-0.215,0,-0.205124,0,0
-0.215,0,-0.205275,0,0
-0.215,0,-0.20548,0,0
-0.215,0,-0.205734,0,0
-0.215,0,-0.206032,0,0
-0.215,0,-0.20637,0,0
-0.215,0,-0.206744,0,0
-0.215,0,-0.207149,0,0
-0.215,0,-0.207581,0,0
-0.215,0,-0.208035,0,0
-0.215,0,-0.208508,0,0
-0.215,0,-0.208993,0,0
-0.215,0,-0.209488,0,0
-0.215,0,-0.209987,0,0
-0.215,0,-0.210486,0,0
-0.215,0,-0.210981,0,0
-0.215,0,-0.211468,0,0
-0.215,0,-0.211941,0,0
-0.215,0,-0.212396,0,0
-0.215,0,-0.212829,0,0
-0.215,0,-0.213236,0,0
-0.215,0,-0.213611,0,0
-0.215,0,-0.213952,0,0
-0.215,0,-0.214252,0,0
-0.215,0,-0.214508,0,0
-0.215,0,-0.214715,0,0
-0.215,0,-0.214869,0,0
-0.215,0,-0.214965,0,0
-0.215,0,-0.215,0,0
-0.215,0,-0.215,0,0
-0.215,0,-0.215,0,0
-0.215,0,-0.215,0,0
-0.215,0,-0.215,0,0
-0.215,0,-0.215,0,0
-0.215,0,-0.215,0,0
-0.215,0,-0.215,0,0
0.235,0.206557,0,0,0
0.235,0.206557,0,0,0
0.235,0.206557,0,0,0
0.235,0.206557,0,0,0
0.235,0.206557,0,0,0
0.235,0.206557,0,0,0
0.235,0.206557,0,0,0
0.285,0.206557,0,0,0
0.304861,0.207116,0,0,0
0.281789,0.207577,0,-0.00753897,0
0.23627,0.207365,0,-2.07352e-05,0
0.234898,0.207896,0,-0.00211173,0
0.242256,0.209168,0,-0.00477842,0
0.250025,0.211085,0,-0.00653132,0
0.249986,0.212563,0,-0.00623276,0
0.252567,0.214703,0,-0.00553765,0
0.250817,0.216183,0,-0.00388337,0
0.248077,0.217368,0,-0.00233369,0
0.244016,0.217992,0,-0.00120566,0
0.238361,0.217714,0,-0.00061228,0
0.235817,0.218242,0,-0.00120573,0
0.236332,0.219585,0,-0.00252684,0
0.236927,0.221362,0,-0.00351419,0
0.235583,0.222121,0,-0.00387876,0
0.233967,0.222616,0,-0.00508092,0
0.233304,0.223496,0,-0.00748677,0
0.233148,0.224664,0,-0.01051,0
0.232877,0.225691,0,-0.0140523,0
0.232386,0.226468,0,-0.0179849,0
0.232556,0.227675,0,-0.0222263,0
0.23244,0.228576,0,-0.0268322,0
0.232427,0.229471,0,-0.0317891,0
0.232991,0.230795,0,-0.0360642,0
0.233499,0.233442,0,-0.0396272,0
0.234466,0.234068,0,-0.0413636,0
0.234676,0.234545,0,-0.0399063,0
0.234679,0.234861,0,-0.0369076,0
0.235222,0.235004,0,-0.0331609,0
0.236419,0.235011,0,-0.0268067,0
0.236419,0.235011,0,0,0
0.236419,0.235011,0,0,0
0.236419,0.235011,0,0,0
0.236419,0.235011,0,0,0
0.236419,0.235011,0,0,0
0.236419,0.235011,0,0,0
-0.245,0,-0.225288,0,0
-0.245,0,-0.225288,0,0
-0.245,0,-0.225288,0,0
-0.245,0,-0.225288,0,0
-0.245,0,-0.225288,0,0
-0.245,0,-0.225288,0,0
-0.245,0,-0.225288,0,0
-0.245,0,-0.225288,0,0
-0.295046,0,-0.225769,0,0
-0.261413,0,-0.225641,0.00246351,0
-0.224674,0,-0.225274,0.00647933,0
-0.236259,0,-0.225748,0.0108609,0
-0.235304,0,-0.225947,0.0123675,0
-0.244003,0,-0.227073,0.0146481,0
-0.243884,0,-0.227673,0.0148835,0
-0.245606,0,-0.228646,0.0152052,0
-0.244815,0,-0.229283,0.0149199,0
-0.24443,0,-0.230019,0.015045,0
-0.244927,0,-0.231024,0.0154463,0
-0.245174,0,-0.232026,0.0157605,0
-0.24534,0,-0.233051,0.0160174,0
-0.245881,0,-0.234275,0.0162915,0
-0.245801,0,-0.235263,0.0164288,0
-0.244938,0,-0.235825,0.0166655,0
-0.244381,0,-0.236474,0.0174044,0
-0.244351,0,-0.237388,0.0189148,0
-0.244444,0,-0.23836,0.0205033,0
-0.244381,0,-0.239196,0.0221556,0
-0.243696,0,-0.239479,0.0239506,0
-0.243826,0,-0.240346,0.0265174,0
-0.243199,0,-0.240525,0.0289935,0
-0.242114,0,-0.24017,0.0325956,0
-0.242349,0,-0.240911,0.0379654,0
-0.242792,0,-0.243418,0.0424953,0
-0.243251,0,-0.24384,0.0455772,0
-0.24361,0,-0.244162,0.0468416,0
-0.24393,0,-0.244375,0.0459339,0
-0.245081,0,-0.244472,0.043569,0
-0.246293,0,-0.244476,0.0349793,0
-0.246293,0,-0.244476,0,0
-0.246293,0,-0.244476,0,0
-0.246293,0,-0.244476,0,0
-0.246293,0,-0.244476,0,0
-0.246293,0,-0.244476,0,0
-0.246293,0,-0.244476,0,0
0.245,0.236225,0,0,0
0.245,0.236225,0,0,0
0.245,0.236225,0,0,0
0.245,0.236225,0,0,0
0.245,0.236225,0,0,0
0.245,0.236225,0,0,0
0.245,0.236225,0,0,0
0.245,0.236225,0,0,0
0.295,0.236452,0,0,0
0.259539,0.236453,0,-0.00306599,0
0.221638,0.235895,0,-0.00735796,0
0.232355,0.236064,0,-0.0122747,0
0.229791,0.235805,0,-0.0144494,0
0.241475,0.236723,0,-0.0178555,0
0.240335,0.236749,0,-0.0185178,0
0.242049,0.237179,0,-0.0194629,0
0.244076,0.237831,0,-0.0201862,0
0.243119,0.237924,0,-0.0202507,0
0.244853,0.238745,0,-0.0207563,0
0.24616,0.239601,0,-0.0208138,0
0.246853,0.240351,0,-0.0203536,0
0.246194,0.240587,0,-0.0195795,0
0.245421,0.240697,0,-0.0191885,0
0.245326,0.241106,0,-0.0193816,0
0.245415,0.241609,0,-0.019968,0
0.24516,0.241897,0,-0.0204749,0
0.24429,0.241729,0,-0.0211707,0
0.243466,0.241489,0,-0.0228375,0
0.242854,0.241335,0,-0.0254762,0
0.242738,0.241515,0,-0.0289252,0
0.242348,0.241434,0,-0.0326473,0
0.240909,0.240368,0,-0.0368359,0
0.240414,0.240056,0,-0.0435263,0
0.240055,0.242929,0,-0.0505714,0
0.241161,0.243077,0,-0.0550502,0
0.241302,0.243187,0,-0.058792,0
0.241968,0.243243,0,-0.0610753,0
0.242778,0.243281,0,-0.0616889,0
0.245033,0.243283,0,-0.0577606,0
0.245033,0.243283,0,0,0
0.245033,0.243283,0,0,0
0.245033,0.243283,0,0,0
0.245033,0.243283,0,0,0
0.245033,0.243283,0,0,0
0.245033,0.243283,0,0,0
-0.245,0,-0.234478,0,0
-0.245,0,-0.234478,0,0
-0.245,0,-0.234478,0,0
-0.245,0,-0.234478,0,0
-0.245,0,-0.234478,0,0
-0.245,0,-0.234478,0,0
-0.245,0,-0.234478,0,0
-0.245,0,-0.234478,0,0
-0.295,0,-0.23468,0,0
-0.249916,0,-0.234619,0.00188624,0
-0.213589,0,-0.234024,0.00799482,0
-0.21609,0,-0.233744,0.0135447,0
-0.217749,0,-0.233419,0.0172491,0
-0.228334,0,-0.233867,0.0214249,0
-0.237835,0,-0.234928,0.0234589,0
-0.239742,0,-0.235381,0.0247782,0
-0.239957,0,-0.235634,0.02558,0
-0.240978,0,-0.236132,0.0266456,0
-0.241366,0,-0.236542,0.0276216,0
-0.241844,0,-0.237038,0.0284685,0
-0.242959,0,-0.237835,0.0294744,0
-0.243378,0,-0.23844,0.0301196,0
-0.242003,0,-0.238194,0.0307743,0
-0.242814,0,-0.23902,0.0325386,0
-0.242189,0,-0.23905,0.0335693,0
-0.24177,0,-0.239156,0.0353552,0
-0.241185,0,-0.239098,0.0375402,0
-0.240546,0,-0.238926,0.0402935,0
-0.240512,0,-0.239163,0.0437064,0
-0.240418,0,-0.239333,0.0474122,0
-0.2398,0,-0.23903,0.0510681,0
-0.238822,0,-0.238338,0.0548718,0
-0.239188,0,-0.23881,0.0634709,0
-0.239691,0,-0.242434,0.0634709,0
-0.240478,0,-0.242617,0.0659956,0
-0.241026,0,-0.24275,0.067853,0
-0.241782,0,-0.242837,0.068971,0
-0.242375,0,-0.24287,0.0698431,0
-0.244583,0,-0.24287,0.0698516,0
-0.244583,0,-0.24287,0,0
-0.244583,0,-0.24287,0,0
-0.244583,0,-0.24287,0,0
-0.244583,0,-0.24287,0,0
-0.244583,0,-0.24287,0,0
-0.244583,0,-0.24287,0,0
0.245,0.232953,0,0,0
0.245,0.232953,0,0,0
0.245,0.232953,0,0,0
0.245,0.232953,0,0,0
0.245,0.232953,0,0,0
0.245,0.232953,0,0,0
0.245,0.232953,0,0,0
0.245,0.232953,0,0,0
0.295,0.233131,0,0,0
0.254573,0.233139,0,0.000538382,0
0.214164,0.232559,0,-0.00502458,0
0.224854,0.232635,0,-0.010774,0
0.226579,0.232554,0,-0.0132429,0
0.234783,0.23312,0,-0.0160245,0
0.240185,0.23385,0,-0.0174519,0
0.240929,0.234229,0,-0.018596,0
0.243516,0.235064,0,-0.0198722,0
0.242553,0.235277,0,-0.0202721,0
0.243053,0.235848,0,-0.0212538,0
0.243259,0.236386,0,-0.0222379,0
0.244407,0.237331,0,-0.0232962,0
0.244455,0.237915,0,-0.0239095,0
0.244019,0.238265,0,-0.0246043,0
0.243971,0.238792,0,-0.0256844,0
0.244462,0.239639,0,-0.0271691,0
0.24484,0.240441,0,-0.0284747,0
0.244472,0.240665,0,-0.0295346,0
0.243431,0.240522,0,-0.031325,0
0.243627,0.241136,0,-0.0342128,0
0.242982,0.241059,0,-0.0368653,0
0.241462,0.240226,0,-0.0405487,0
0.2409,0.240021,0,-0.0444966,0
0.240842,0.240202,0,-0.0491807,0
0.241692,0.243366,0,-0.0541654,0
0.242533,0.243601,0,-0.05747,0
0.242701,0.243779,0,-0.0598899,0
0.242514,0.243894,0,-0.0623239,0
0.24367,0.243937,0,-0.0617505,0
0.24543,0.243944,0,-0.0571902,0
0.24543,0.243944,0,0,0
0.24543,0.243944,0,0,0
0.24543,0.243944,0,0,0
0.24543,0.243944,0,0,0
0.24543,0.243944,0,0,0
0.24543,0.243944,0,0,0
-0.245,0,-0.234984,0,0
-0.245,0,-0.234984,0,0
-0.245,0,-0.234984,0,0
-0.245,0,-0.234984,0,0
-0.245,0,-0.234984,0,0
-0.245,0,-0.234984,0,0
-0.245,0,-0.234984,0,0
-0.245,0,-0.234984,0,0
-0.295,0,-0.235129,0,0
-0.271118,0,-0.235284,0.00461019,0
-0.234481,0,-0.234973,0.00715588,0
-0.242322,0,-0.23527,0.0106593,0
-0.246079,0,-0.235681,0.0113075,0
-0.255946,0,-0.236922,0.0115624,0
-0.259868,0,-0.238131,0.00924454,0
-0.262523,0,-0.239512,0.00566529,0
-0.265752,0,-0.241309,0.00125768,0
-0.268521,0,-0.243387,-0.0045735,0
-0.273072,0,-0.246385,-0.0112024,0
-0.276628,0,-0.24955,-0.0196843,0
-0.283617,0,-0.254594,-0.0321657,0
-0.295,0,-0.263807,-0.0447025,0
-0.295,0,-0.268127,-0.060294,0
-0.295,0,-0.272848,-0.0699947,0
-0.351759,0,-0.313695,-0.0701201,0
-0.357588,0,-0.336613,-0.070687,0
-0.347046,0,-0.32756,-0.0774648,0
-0.316819,0,-0.304671,-0.0774648,0
-0.3076,0,-0.298709,-0.0774648,0
-0.298852,0,-0.292802,-0.0774648,0
-0.297629,0,-0.293675,-0.0774648,0
-0.293585,0,-0.295297,-0.0774648,0
-0.292929,0,-0.296522,-0.0774648,0
-0.302505,0,-0.29731,-0.0774648,0
-0.306682,0,-0.297625,-0.0774648,0
-0.305714,0,-0.297629,-0.0774648,0
-0.305714,0,-0.297629,0,0
-0.305714,0,-0.297629,0,0
-0.305714,0,-0.297629,0,0
-0.305714,0,-0.297629,0,0
-0.305714,0,-0.297629,0,0
-0.305714,0,-0.297629,0,0
0.245,0.272875,0,0,0
0.245,0.272875,0,0,0
0.245,0.272875,0,0,0
0.245,0.272875,0,0,0
0.245,0.272875,0,0,0
0.245,0.272875,0,0,0
0.245,0.272875,0,0,0
0.245,0.272875,0,0,0
0.245,0.272832,0,0,0
0.244599,0.272634,0,0.0246644,0
0.238435,0.272133,0,0.0211358,0
0.245549,0.271775,0,0.0178828,0
0.243228,0.270984,0,0.0161674,0
0.252014,0.270932,0,0.0133836,0
0.24855,0.269822,0,0.0134998,0
0.249249,0.269049,0,0.0126538,0
0.251086,0.268469,0,0.0118185,0
0.248806,0.266998,0,0.0118826,0
0.247578,0.265583,0,0.0110301,0
0.247156,0.264259,0,0.00976876,0
0.246891,0.262916,0,0.00857346,0
0.247381,0.261847,0,0.0069194,0
0.24856,0.261114,0,0.00525221,0
0.248426,0.259823,0,0.0048231,0
0.247009,0.257813,0,0.00433636,0
0.246348,0.256127,0,0.00265844,0
0.246856,0.255203,0,0.000580637,0
0.246516,0.253754,0,-0.00120883,0
0.246373,0.25248,0,-0.00323691,0
0.245955,0.251078,0,-0.00529552,0
0.245804,0.249908,0,-0.00811273,0
0.246025,0.249147,0,-0.0111392,0
0.246488,0.248694,0,-0.013663,0
0.246459,0.248914,0,-0.0147884,0
0.246333,0.248348,0,-0.0170449,0
0.246225,0.247914,0,-0.0168647,0
0.24647,0.247623,0,-0.0159736,0
0.246113,0.247487,0,-0.0137994,0
0.246854,0.247478,0,-0.0105525,0
0.246854,0.247478,0,0,0
0.246854,0.247478,0,0,0
0.246854,0.247478,0,0,0
0.246854,0.247478,0,0,0
0.246854,0.247478,0,0,0
0.246854,0.247478,0,0,0
-0.245,0,-0.241726,0,0
-0.245,0,-0.241726,0,0
-0.245,0,-0.241726,0,0
-0.245,0,-0.241726,0,0
-0.245,0,-0.241726,0,0
-0.245,0,-0.241726,0,0
-0.245,0,-0.241726,0,0
-0.245,0,-0.241726,0,0
-0.295,0,-0.241903,0,0
-0.264681,0,-0.241939,0.00671398,0
-0.228623,0,-0.241437,0.0100821,0
-0.23206,0,-0.241333,0.0143206,0
-0.229911,0,-0.240969,0.0164933,0
-0.240329,0,-0.241595,0.0198079,0
-0.239666,0,-0.241467,0.020461,0
-0.244032,0,-0.242101,0.0216445,0
-0.244847,0,-0.242358,0.0215669,0
-0.245331,0,-0.242609,0.0214038,0
-0.2474,0,-0.243374,0.0212095,0
-0.249424,0,-0.244337,0.020349,0
-0.250305,0,-0.245053,0.0185648,0
-0.250207,0,-0.245435,0.0165715,0
-0.247511,0,-0.244532,0.0141557,0
-0.247064,0,-0.244582,0.0137236,0
-0.246974,0,-0.244795,0.013728,0
-0.246552,0,-0.244784,0.0137615,0
-0.24603,0,-0.244659,0.0140648,0
-0.245876,0,-0.24474,0.0151957,0
-0.244808,0,-0.244099,0.0162315,0
-0.245059,0,-0.244432,0.0186262,0
-0.244962,0,-0.244477,0.0211094,0
-0.244441,0,-0.244129,0.0231979,0
-0.24451,0,-0.244278,0.0262656,0
-0.244118,0,-0.245282,0.0286461,0
-0.245223,0,-0.245365,0.0321167,0
-0.245847,0,-0.24543,0.0317232,0
-0.24612,0,-0.245473,0.0283556,0
-0.247142,0,-0.245493,0.0232347,0
-0.248028,0,-0.245494,0.0136014,0
-0.248028,0,-0.245494,0,0
-0.248028,0,-0.245494,0,0
-0.248028,0,-0.245494,0,0
-0.248028,0,-0.245494,0,0
-0.248028,0,-0.245494,0,0
-0.248028,0,-0.245494,0,0
0.245,0.236596,0,0,0
0.245,0.236596,0,0,0
0.245,0.236596,0,0,0
0.245,0.236596,0,0,0
0.245,0.236596,0,0,0
0.245,0.236596,0,0,0
0.245,0.236596,0,0,0
0.245,0.236596,0,0,0
0.245,0.236608,0,0,0
0.197871,0.236257,0,0.00448405,0
0.207679,0.235969,0,-0.0030006,0
0.221107,0.235973,0,-0.00905427,0
0.221344,0.235628,0,-0.0122179,0
0.230973,0.236078,0,-0.0158732,0
0.240729,0.237115,0,-0.0182268,0
0.242993,0.237634,0,-0.0192844,0
0.243645,0.238019,0,-0.0198031,0
0.240574,0.237565,0,-0.0198782,0
0.241497,0.238008,0,-0.0214272,0
0.242628,0.23862,0,-0.0228479,0
0.244223,0.23953,0,-0.0239276,0
0.244803,0.240157,0,-0.0245834,0
0.24455,0.240444,0,-0.0248846,0
0.243627,0.240339,0,-0.025328,0
0.243944,0.240873,0,-0.0267451,0
0.243414,0.240898,0,-0.0280569,0
0.243212,0.241086,0,-0.029974,0
0.242746,0.241053,0,-0.0321598,0
0.241705,0.24057,0,-0.0352757,0
0.240979,0.240185,0,-0.0385254,0
0.240156,0.239641,0,-0.0426018,0
0.239581,0.239252,0,-0.0472381,0
0.239811,0.239554,0,-0.0530214,0
0.240192,0.24291,0,-0.0575393,0
0.24154,0.243051,0,-0.0606137,0
0.241739,0.243157,0,-0.0632481,0
0.241802,0.243225,0,-0.0648434,0
0.242179,0.243252,0,-0.0665992,0
0.24458,0.243252,0,-0.0687794,0
0.24458,0.243252,0,0,0
0.24458,0.243252,0,0,0
0.24458,0.243252,0,0,0
0.24458,0.243252,0,0,0
0.24458,0.243252,0,0,0
0.24458,0.243252,0,0,0
-0.245,0,-0.233363,0,0
-0.245,0,-0.233363,0,0
-0.245,0,-0.233363,0,0
-0.245,0,-0.233363,0,0
-0.245,0,-0.233363,0,0
-0.245,0,-0.233363,0,0
-0.245,0,-0.233363,0,0
-0.245,0,-0.233363,0,0
-0.295,0,-0.233525,0,0
-0.261939,0,-0.233611,0.00578668,0
-0.224302,0,-0.233172,0.00993249,0
-0.228382,0,-0.233167,0.01373,0
-0.234491,0,-0.233435,0.0159365,0
-0.243562,0,-0.234304,0.0186079,0
-0.241833,0,-0.234417,0.0187092,0
-0.241232,0,-0.234622,0.0192108,0
-0.240592,0,-0.234804,0.0202822,0
-0.238914,0,-0.234699,0.0215205,0
-0.241241,0,-0.235615,0.0238088,0
-0.241726,0,-0.236142,0.0253102,0
-0.2431,0,-0.237075,0.0267006,0
-0.244103,0,-0.238118,0.0277648,0
-0.244349,0,-0.23865,0.0283889,0
-0.244446,0,-0.239251,0.0291163,0
-0.244634,0,-0.239911,0.0300032,0
-0.24507,0,-0.240737,0.0308506,0
-0.24558,0,-0.241643,0.0316002,0
-0.245618,0,-0.242235,0.0320323,0
-0.245365,0,-0.242582,0.032349,0
-0.244999,0,-0.242785,0.0330563,0
-0.243742,0,-0.242154,0.0343945,0
-0.243209,0,-0.242051,0.0375135,0
-0.243703,0,-0.242814,0.0415358,0
-0.24394,0,-0.244615,0.04457,0
-0.244379,0,-0.244884,0.046543,0
-0.244412,0,-0.24509,0.0466238,0
-0.244587,0,-0.24523,0.0456968,0
-0.245142,0,-0.245298,0.0430313,0
-0.24646,0,-0.245303,0.0369531,0
-0.24646,0,-0.245303,0,0
-0.24646,0,-0.245303,0,0
-0.24646,0,-0.245303,0,0
-0.24646,0,-0.245303,0,0
-0.24646,0,-0.245303,0,0
-0.24646,0,-0.245303,0,0
0.245,0.238047,0,0,0
0.245,0.238047,0,0,0
0.245,0.238047,0,0,0
0.245,0.238047,0,0,0
0.245,0.238047,0,0,0
0.245,0.238047,0,0,0
0.245,0.238047,0,0,0
0.245,0.238047,0,0,0
0.295,0.23821,0,0,0
0.259021,0.238198,0,-0.00451156,0
0.212212,0.237506,0,-0.00959128,0
0.223908,0.237492,0,-0.0155833,0
0.229421,0.237507,0,-0.0178735,0
0.235047,0.237773,0,-0.0198158,0
0.237589,0.23799,0,-0.020721,0
0.240542,0.238446,0,-0.0224157,0
0.239482,0.238332,0,-0.0234606,0
0.240069,0.238555,0,-0.0249337,0
0.241921,0.239199,0,-0.0265196,0
0.241902,0.239377,0,-0.0273772,0
0.243288,0.240109,0,-0.0285607,0
0.243587,0.2405,0,-0.0293744,0
0.242295,0.240134,0,-0.029923,0
0.241545,0.23994,0,-0.0311089,0
0.241465,0.240065,0,-0.0333632,0
0.241064,0.239975,0,-0.0357595,0
0.24007,0.239433,0,-0.0385588,0
0.239851,0.239365,0,-0.0420971,0
0.239935,0.239509,0,-0.0462971,0
0.239967,0.239613,0,-0.0503022,0
0.239467,0.239258,0,-0.0542896,0
0.239081,0.238965,0,-0.0582873,0
0.239227,0.23913,0,-0.0623376,0
0.239559,0.242505,0,-0.0656778,0
0.244014,0.242609,0,-0.069225,0
0.240625,0.242687,0,-0.069225,0
0.2411,0.242736,0,-0.0701531,0
0.241808,0.242755,0,-0.0701582,0
0.244353,0.242756,0,-0.0701644,0
0.244353,0.242756,0,0,0
0.244353,0.242756,0,0,0
0.244353,0.242756,0,0,0
0.244353,0.242756,0,0,0
0.244353,0.242756,0,0,0
0.244353,0.242756,0,0,0
-0.245,0,-0.232032,0,0
-0.245,0,-0.232032,0,0
-0.245,0,-0.232032,0,0
-0.245,0,-0.232032,0,0
-0.245,0,-0.232032,0,0
-0.245,0,-0.232032,0,0
-0.245,0,-0.232032,0,0
-0.245,0,-0.232032,0,0
-0.295,0,-0.232185,0,0
-0.252481,0,-0.232197,-0.00491998,0
-0.216245,0,-0.231713,0.00115636,0
-0.230351,0,-0.231967,0.00686737,0
-0.235522,0,-0.232248,0.00875841,0
-0.252088,0,-0.233881,0.0105051,0
-0.249077,0,-0.234149,0.00936464,0
-0.247941,0,-0.234578,0.00865141,0
-0.250236,0,-0.235676,0.00842956,0
-0.248201,0,-0.235944,0.00759589,0
-0.247307,0,-0.2364,0.00733024,0
-0.245532,0,-0.236511,0.0077137,0
-0.243804,0,-0.236503,0.00879229,0
-0.242575,0,-0.236543,0.010601,0
-0.242022,0,-0.236803,0.0131977,0
-0.241704,0,-0.237121,0.0164977,0
-0.24175,0,-0.237627,0.0201507,0
-0.240937,0,-0.237595,0.0240354,0
-0.240963,0,-0.238038,0.0287749,0
-0.240426,0,-0.238053,0.0343057,0
-0.240043,0,-0.238218,0.0394798,0
-0.240349,0,-0.238797,0.0448742,0
-0.240903,0,-0.239599,0.0494628,0
-0.241963,0,-0.240848,0.0538846,0
-0.24234,0,-0.241501,0.0567795,0
-0.242776,0,-0.244023,0.0593093,0
-0.24355,0,-0.244295,0.0614421,0
-0.243515,0,-0.244501,0.0625062,0
-0.24385,0,-0.244634,0.0638872,0
-0.24479,0,-0.244683,0.0646798,0
-0.246066,0,-0.244691,0.0580501,0
-0.246066,0,-0.244691,0,0
-0.246066,0,-0.244691,0,0
-0.246066,0,-0.244691,0,0
-0.246066,0,-0.244691,0,0
-0.246066,0,-0.244691,0,0
-0.246066,0,-0.244691,0,0
0.245,0.233498,0,0,0
0.245,0.233498,0,0,0
0.245,0.233498,0,0,0
0.245,0.233498,0,0,0
0.245,0.233498,0,0,0
0.245,0.233498,0,0,0
0.245,0.233498,0,0,0
0.245,0.233498,0,0,0
0.295,0.233647,0,0,0
0.257993,0.233698,0,-0.00209518,0
0.21512,0.233126,0,-0.00666185,0
0.225959,0.233209,0,-0.0122048,0
0.22586,0.233031,0,-0.0143713,0
0.236517,0.233768,0,-0.0170884,0
0.240168,0.234313,0,-0.0183361,0
0.241877,0.234823,0,-0.0196544,0
0.242043,0.235188,0,-0.020524,0
0.240854,0.235257,0,-0.0214363,0
0.241456,0.235754,0,-0.0229969,0
0.242207,0.236379,0,-0.0246209,0
0.243121,0.237143,0,-0.0260307,0
0.242004,0.237233,0,-0.0274211,0
0.240557,0.236948,0,-0.028758,0
0.240686,0.237369,0,-0.0313358,0
0.241245,0.238054,0,-0.0342996,0
0.24189,0.238842,0,-0.0371102,0
0.24239,0.239582,0,-0.0397069,0
0.242209,0.239857,0,-0.0421218,0
0.242059,0.240121,0,-0.044649,0
0.242148,0.240546,0,-0.0476051,0
0.241439,0.240272,0,-0.0502249,0
0.240707,0.239888,0,-0.0535648,0
0.240061,0.239519,0,-0.0573389,0
0.240787,0.242864,0,-0.0615286,0
0.241977,0.243078,0,-0.0643247,0
0.242398,0.243241,0,-0.0664135,0
0.241899,0.243348,0,-0.0681055,0
0.242025,0.243394,0,-0.0692902,0
0.244632,0.243396,0,-0.0700086,0
0.244632,0.243396,0,0,0
0.244632,0.243396,0,0,0
0.244632,0.243396,0,0,0
0.244632,0.243396,0,0,0
0.244632,0.243396,0,0,0
0.244632,0.243396,0,0,0
-0.245,0,-0.234166,0,0
-0.245,0,-0.234166,0,0
-0.245,0,-0.234166,0,0
-0.245,0,-0.234166,0,0
-0.245,0,-0.234166,0,0
-0.245,0,-0.234166,0,0
-0.245,0,-0.234166,0,0
-0.245,0,-0.234166,0,0
-0.295,0,-0.23429,0,0
-0.251918,0,-0.2343,-0.000278853,0
-0.213141,0,-0.233758,0.00566084,0
-0.227687,0,-0.233924,0.0117062,0
-0.229862,0,-0.233907,0.0137773,0
-0.242918,0,-0.234947,0.0159421,0
-0.247574,0,-0.235803,0.0159391,0
-0.246872,0,-0.236169,0.0154724,0
-0.245602,0,-0.236412,0.0152255,0
-0.242975,0,-0.23626,0.0154309,0
-0.242424,0,-0.236496,0.0167271,0
-0.243105,0,-0.237102,0.0184758,0
-0.243907,0,-0.237842,0.0200285,0
-0.244073,0,-0.238391,0.0214597,0
-0.244024,0,-0.238849,0.022823,0
-0.244291,0,-0.239494,0.0245363,0
-0.244058,0,-0.23985,0.0261533,0
-0.244001,0,-0.2403,0.0282271,0
-0.243587,0,-0.240493,0.0306004,0
-0.243926,0,-0.241173,0.0335374,0
-0.243847,0,-0.241546,0.0363645,0
-0.243961,0,-0.242142,0.0392821,0
-0.243561,0,-0.242176,0.0416053,0
-0.243348,0,-0.242314,0.0442831,0
-0.243159,0,-0.242425,0.0475448,0
-0.243718,0,-0.24482,0.0509868,0
-0.244072,0,-0.245065,0.0539483,0
-0.24477,0,-0.24521,0.0548023,0
-0.245062,0,-0.245348,0.0536258,0
-0.245558,0,-0.245419,0.050911,0
-0.247271,0,-0.245427,0.0444129,0
-0.247271,0,-0.245427,0,0
-0.247271,0,-0.245427,0,0
-0.247271,0,-0.245427,0,0
-0.247271,0,-0.245427,0,0
-0.247271,0,-0.245427,0,0
-0.247271,0,-0.245427,0,0
0.245,0.236573,0,0,0
0.245,0.236573,0,0,0
0.245,0.236573,0,0,0
0.245,0.236573,0,0,0
0.245,0.236573,0,0,0
0.245,0.236573,0,0,0
0.245,0.236573,0,0,0
0.245,0.236573,0,0,0
0.295,0.236692,0,0,0
0.258884,0.236744,0,-0.00586341,0
0.214963,0.236154,0,-0.0100743,0
0.226177,0.236187,0,-0.0155404,0
0.222417,0.235729,0,-0.0174681,0
0.233821,0.236332,0,-0.0209422,0
0.231824,0.235967,0,-0.0219168,0
0.23097,0.235659,0,-0.0226977,0
0.233106,0.235869,0,-0.0243718,0
0.232837,0.235658,0,-0.025427,0
0.233796,0.23577,0,-0.0269322,0
0.233819,0.235649,0,-0.0280769,0
0.235411,0.236126,0,-0.0295415,0
0.234489,0.235673,0,-0.0306106,0
0.233273,0.234984,0,-0.0317319,0
0.233632,0.235012,0,-0.0341202,0
0.233003,0.234507,0,-0.0363607,0
0.233553,0.234675,0,-0.0393654,0
0.233276,0.234349,0,-0.0421017,0
0.233424,0.234305,0,-0.0450103,0
0.233453,0.234192,0,-0.0511799,0
0.232576,0.233353,0,-0.0511799,0
0.232045,0.23275,0,-0.0547571,0
0.232337,0.232847,0,-0.0585325,0
0.232958,0.23328,0,-0.0619585,0
0.23348,0.235159,0,-0.0646596,0
0.233969,0.235125,0,-0.0667524,0
0.234582,0.235098,0,-0.0664983,0
0.235362,0.235079,0,-0.0681743,0
0.236027,0.235069,0,-0.0687057,0
0.237328,0.235068,0,-0.069341,0
0.237328,0.235068,0,-0.069341,0
0.237328,0.235068,0,0,0
0.237328,0.235068,0,0,0
0.237328,0.235068,0,0,0
0.237328,0.235068,0,0,0
0.237328,0.235068,0,0,0
-0.245,0,-0.225885,0,0
-0.245,0,-0.225885,0,0
-0.245,0,-0.225885,0,0
-0.245,0,-0.225885,0,0
-0.245,0,-0.225885,0,0
-0.245,0,-0.225885,0,0
-0.245,0,-0.225885,0,0
-0.245,0,-0.225885,0,0
-0.295,0,-0.22591,0,0
-0.295,0,-0.226346,0,0
-0.238174,0,-0.226076,0.0099913,0
-0.231048,0,-0.226048,0.0154813,0
-0.232748,0,-0.226249,0.017339,0
-0.242176,0,-0.227191,0.0188613,0
-0.243059,0,-0.227791,0.0184779,0
-0.23996,0,-0.227929,0.0173803,0
-0.240563,0,-0.228574,0.0175595,0
-0.238415,0,-0.228686,0.0176473,0
-0.237352,0,-0.228938,0.0184212,0
-0.237253,0,-0.229429,0.0200475,0
-0.238205,0,-0.230319,0.0217401,0
-0.238344,0,-0.230974,0.0230605,0
-0.239129,0,-0.231948,0.0246095,0
-0.239372,0,-0.232729,0.025853,0
-0.239562,0,-0.233504,0.0271251,0
-0.239438,0,-0.234101,0.0284929,0
-0.239347,0,-0.234695,0.0300065,0
-0.239283,0,-0.23528,0.0319698,0
-0.239271,0,-0.236021,0.0341739,0
-0.239092,0,-0.236441,0.0359793,0
-0.238442,0,-0.236397,0.037978,0
-0.23832,0,-0.236745,0.0408574,0
-0.238544,0,-0.237352,0.0439708,0
-0.238573,0,-0.23841,0.0465853,0
-0.240023,0,-0.238631,0.0493178,0
-0.240865,0,-0.238922,0.0469621,0
-0.240665,0,-0.239119,0.0436846,0
-0.241319,0,-0.239238,0.0410718,0
-0.242728,0,-0.239276,0.0353325,0
-0.242728,0,-0.239276,0.024182,0
-0.242728,0,-0.239276,0,0
-0.242728,0,-0.239276,0,0
-0.242728,0,-0.239276,0,0
-0.242728,0,-0.239276,0,0
-0.242728,0,-0.239276,0,0
-0.242728,0,-0.239276,0,0
0.245,0.229988,0,0,0
0.245,0.229988,0,0,0
0.245,0.229988,0,0,0
0.245,0.229988,0,0,0
0.245,0.229988,0,0,0
0.245,0.229988,0,0,0
0.245,0.229988,0,0,0
0.295,0.22999,0,0,0
0.295,0.230331,0,0,0
0.244766,0.230191,0,-0.0121757,0
0.228509,0.229945,0,-0.0162273,0
0.229799,0.229978,0,-0.0186676,0
0.231611,0.230109,0,-0.0205424,0
0.236257,0.230697,0,-0.0227564,0
0.236966,0.23102,0,-0.0234289,0
0.238657,0.231606,0,-0.0243891,0
0.238608,0.231951,0,-0.0248289,0
0.238822,0.232386,0,-0.0254978,0
0.239988,0.233161,0,-0.0263917,0
0.24145,0.234179,0,-0.0269144,0
0.24226,0.235074,0,-0.0271977,0
0.242375,0.235734,0,-0.0270114,0
0.241111,0.235563,0,-0.0269249,0
0.240207,0.235605,0,-0.0274303,0
0.239902,0.235926,0,-0.0289928,0
0.239276,0.236111,0,-0.0310909,0
0.238446,0.235945,0,-0.0335219,0
0.237308,0.235472,0,-0.0357533,0
0.237229,0.23572,0,-0.0399971,0
0.236524,0.235413,0,-0.0442235,0
0.235193,0.2345,0,-0.0487646,0
0.234668,0.234194,0,-0.0541065,0
0.235921,0.235746,0,-0.0598297,0
0.237434,0.235899,0,-0.0639977,0
0.237773,0.236023,0,-0.0639856,0
0.23814,0.236113,0,-0.0661228,0
0.238629,0.236169,0,-0.0681184,0
0.239536,0.236185,0,-0.0690652,0
0.239536,0.236185,0,-0.0699865,0
0.239536,0.236185,0,0,0
0.239536,0.236185,0,0,0
0.239536,0.236185,0,0,0
0.239536,0.236185,0,0,0
0.239536,0.236185,0,0,0
0.239536,0.236185,0,0,0
-0.245,0,-0.227247,0,0
-0.245,0,-0.227247,0,0
-0.245,0,-0.227247,0,0
-0.245,0,-0.227247,0,0
-0.245,0,-0.227247,0,0
-0.245,0,-0.227247,0,0
-0.245,0,-0.227247,0,0
-0.245,0,-0.227247,0,0
-0.295,0,-0.227584,0,0
-0.264556,0,-0.227655,0.003701,0
-0.234369,0,-0.227423,0.0076823,0
-0.235971,0,-0.227633,0.0108319,0
-0.24114,0,-0.228207,0.0123455,0
-0.245829,0,-0.229083,0.0129704,0
-0.244702,0,-0.229554,0.0125716,0
-0.244782,0,-0.230204,0.0124373,0
-0.241771,0,-0.230261,0.0123108,0
-0.240734,0,-0.23062,0.0132814,0
-0.240526,0,-0.231164,0.0147806,0
-0.23923,0,-0.231331,0.0165386,0
-0.241345,0,-0.232744,0.0192017,0
-0.2414,0,-0.233462,0.0209229,0
-0.241024,0,-0.233981,0.0226938,0
-0.240888,0,-0.234594,0.0249088,0
-0.241254,0,-0.235484,0.0274999,0
-0.24125,0,-0.236163,0.0300678,0
-0.241598,0,-0.237065,0.0327544,0
-0.241179,0,-0.237572,0.0353718,0
-0.241452,0,-0.238387,0.0383771,0
-0.241004,0,-0.238592,0.0405594,0
-0.241066,0,-0.239159,0.0434245,0
-0.240993,0,-0.239561,0.0465629,0
-0.241343,0,-0.240296,0.0491658,0
-0.241772,0,-0.240655,0.0522246,0
-0.24176,0,-0.240945,0.0535693,0
-0.242734,0,-0.241114,0.0543772,0
-0.243111,0,-0.24127,0.0525742,0
-0.243879,0,-0.24134,0.0487111,0
-0.245255,0,-0.241343,0.0410115,0
-0.245255,0,-0.241343,0,0
-0.245255,0,-0.241343,0,0
-0.245255,0,-0.241343,0,0
-0.245255,0,-0.241343,0,0
-0.245255,0,-0.241343,0,0
-0.245255,0,-0.241343,0,0
0.245,0.233037,0,0,0
0.245,0.233037,0,0,0
0.245,0.233037,0,0,0
0.245,0.233037,0,0,0
0.245,0.233037,0,0,0
0.245,0.233037,0,0,0
0.245,0.233037,0,0,0
0.245,0.233037,0,0,0
0.295,0.233275,0,0,0
0.258492,0.233285,0,0.000741541,0
0.218956,0.232717,0,-0.0039317,0
0.227965,0.232826,0,-0.00919228,0
0.228862,0.232764,0,-0.01237,0
0.23997,0.233694,0,-0.0160193,0
0.240604,0.234001,0,-0.0171366,0
0.240491,0.234258,0,-0.0180743,0
0.240488,0.234552,0,-0.0192308,0
0.240241,0.234807,0,-0.0203948,0
0.242185,0.235701,0,-0.0220059,0
0.243341,0.236519,0,-0.0229619,0
0.243413,0.237043,0,-0.0236246,0
0.243729,0.237691,0,-0.0243039,0
0.244141,0.238422,0,-0.0250364,0
0.244128,0.238969,0,-0.0256159,0
0.243357,0.239069,0,-0.0264049,0
0.243264,0.239514,0,-0.0279292,0
0.243282,0.240013,0,-0.0298542,0
0.242602,0.23999,0,-0.0317774,0
0.241964,0.239905,0,-0.0345542,0
0.240026,0.238763,0,-0.0381634,0
0.239925,0.238941,0,-0.0427116,0
0.239456,0.238759,0,-0.0475167,0
0.240478,0.239895,0,-0.0528098,0
0.241878,0.243561,0,-0.0573075,0
0.241975,0.243793,0,-0.0587931,0
0.241805,0.243966,0,-0.060693,0
0.241743,0.244076,0,-0.0627032,0
0.242856,0.244114,0,-0.0637018,0
0.244835,0.244118,0,-0.0587868,0
0.244835,0.244118,0,0,0
0.244835,0.244118,0,0,0
0.244835,0.244118,0,0,0
0.244835,0.244118,0,0,0
0.244835,0.244118,0,0,0
0.244835,0.244118,0,0,0
-0.245,0,-0.234691,0,0
-0.245,0,-0.234691,0,0
-0.245,0,-0.234691,0,0
-0.245,0,-0.234691,0,0
-0.245,0,-0.234691,0,0
-0.245,0,-0.234691,0,0
-0.245,0,-0.234691,0,0
-0.245,0,-0.234691,0,0
-0.295,0,-0.234892,0,0
-0.259295,0,-0.234917,0.00162609,0
-0.221405,0,-0.2344,0.00618576,0
-0.225061,0,-0.234303,0.0106495,0
-0.232848,0,-0.234572,0.013489,0
-0.241002,0,-0.235281,0.0163114,0
-0.240915,0,-0.235476,0.0170121,0
-0.241037,0,-0.235718,0.0182203,0
-0.239379,0,-0.235632,0.0192001,0
-0.239634,0,-0.235891,0.0208702,0
-0.241221,0,-0.236572,0.0227648,0
-0.242162,0,-0.237198,0.024112,0
-0.243172,0,-0.237945,0.0253052,0
-0.243074,0,-0.238319,0.0262342,0
-0.24247,0,-0.238444,0.0272869,0
-0.242585,0,-0.238894,0.0291753,0
-0.242504,0,-0.239334,0.0308727,0
-0.242979,0,-0.24002,0.0327956,0
-0.243173,0,-0.240546,0.0343716,0
-0.243179,0,-0.240938,0.0360808,0
-0.242938,0,-0.241119,0.0378858,0
-0.241497,0,-0.240264,0.0399866,0
-0.241508,0,-0.240531,0.0436007,0
-0.241144,0,-0.240441,0.0470095,0
-0.241417,0,-0.240889,0.0511086,0
-0.241977,0,-0.243663,0.0546315,0
-0.242422,0,-0.243863,0.0569832,0
-0.242345,0,-0.244014,0.059198,0
-0.243001,0,-0.244091,0.0608692,0
-0.243616,0,-0.244145,0.0592869,0
-0.245315,0,-0.244149,0.0542177,0
-0.245315,0,-0.244149,0,0
-0.245315,0,-0.244149,0,0
-0.245315,0,-0.244149,0,0
-0.245315,0,-0.244149,0,0
-0.245315,0,-0.244149,0,0
-0.245315,0,-0.244149,0,0
0.245,0.236003,0,0,0
0.245,0.236003,0,0,0
0.245,0.236003,0,0,0
0.245,0.236003,0,0,0
0.245,0.236003,0,0,0
0.245,0.236003,0,0,0
0.245,0.236003,0,0,0
0.245,0.236003,0,0,0
0.295,0.236172,0,0,0
0.257895,0.236193,0,-0.00281709,0
0.214356,0.235549,0,-0.00731667,0
0.221252,0.235425,0,-0.0128824,0
0.218551,0.234921,0,-0.0157332,0
0.228957,0.235366,0,-0.019776,0
0.232301,0.235549,0,-0.021579,0
0.234427,0.235738,0,-0.0235088,0
0.234136,0.235615,0,-0.0258476,0
0.233864,0.235468,0,-0.0282932,0
0.237691,0.236502,0,-0.0316099,0
0.239571,0.237227,0,-0.0337666,0
0.240056,0.237589,0,-0.0354577,0
0.240187,0.237846,0,-0.0370671,0
0.23798,0.236967,0,-0.0421065,0
0.238112,0.237136,0,-0.0453681,0
0.238063,0.237213,0,-0.0453681,0
0.23819,0.237394,0,-0.0488619,0
0.238393,0.237636,0,-0.0522802,0
0.23871,0.237974,0,-0.0587715,0
0.242289,0.24088,0,-0.0618557,0
0.238133,0.237734,0,-0.06489,0
0.238339,0.237991,0,-0.06489,0
0.238154,0.237909,0,-0.0689797,0
0.238565,0.238354,0,-0.0689797,0
0.239511,0.242153,0,-0.0698644,0
0.240478,0.242291,0,-0.0700239,0
0.241069,0.242395,0,-0.0700301,0
0.235576,0.242463,0,-0.0700386,0
0.221014,0.24249,0,-0.0700484,0
0.222605,0.24249,0,-0.0700657,0
0.222605,0.24249,0,0,0
0.222605,0.24249,0,0,0
0.222605,0.24249,0,0,0
0.222605,0.24249,0,0,0
0.222605,0.24249,0,0,0
0.222605,0.24249,0,0,0
-0.245,0,-0.232107,0,0
-0.245,0,-0.232107,0,0
-0.245,0,-0.232107,0,0
-0.245,0,-0.232107,0,0
-0.245,0,-0.232107,0,0
-0.245,0,-0.232107,0,0
-0.245,0,-0.232107,0,0
-0.245,0,-0.232107,0,0
-0.295,0,-0.23226,0,0
-0.204511,0,-0.231893,-0.0146139,0
-0.21107,0,-0.231683,-0.00736277,0
-0.228653,0,-0.231975,-0.00100628,0
-0.238905,0,-0.232529,0.00203795,0
-0.246119,0,-0.233341,0.0046588,0
-0.245177,0,-0.23372,0.0053266,0
-0.25173,0,-0.235267,0.0066332,0
-0.249047,0,-0.235498,0.00586422,0
-0.247187,0,-0.235746,0.00529126,0
-0.247385,0,-0.236476,0.00556969,0
-0.248999,0,-0.237742,0.0061123,0
-0.24799,0,-0.238172,0.00574012,0
-0.246247,0,-0.238189,0.00568107,0
-0.244097,0,-0.237847,0.00690847,0
-0.241828,0,-0.237234,0.00898162,0
-0.240523,0,-0.236953,0.0128815,0
-0.239563,0,-0.236754,0.0180969,0
-0.238858,0,-0.236637,0.0244662,0
-0.239215,0,-0.237205,0.0311731,0
-0.239005,0,-0.237433,0.0385602,0
-0.238821,0,-0.237558,0.044874,0
-0.239506,0,-0.238408,0.0507173,0
-0.240372,0,-0.239433,0.0559822,0
-0.241162,0,-0.240418,0.0631581,0
-0.24195,0,-0.243477,0.0631581,0
-0.242798,0,-0.243737,0.0648873,0
-0.243359,0,-0.243935,0.0663133,0
-0.244044,0,-0.244065,0.0677389,0
-0.24412,0,-0.244121,0.0680588,0
-0.245302,0,-0.244123,0.0681022,0
-0.245302,0,-0.244123,0,0
-0.245302,0,-0.244123,0,0
-0.245302,0,-0.244123,0,0
-0.245302,0,-0.244123,0,0
-0.245302,0,-0.244123,0,0
-0.245302,0,-0.244123,0,0
0.245,0.231001,0,0,0
0.245,0.231001,0,0,0
0.245,0.231001,0,0,0
0.245,0.231001,0,0,0
0.245,0.231001,0,0,0
0.245,0.231001,0,0,0
0.245,0.231001,0,0,0
0.245,0.231001,0,0,0
0.295,0.231131,0,0,0
0.261446,0.231236,0,-0.00159943,0
0.220078,0.230787,0,-0.00589516,0
0.227066,0.230854,0,-0.0106736,0
0.224816,0.230631,0,-0.0127362,0
0.234324,0.231293,0,-0.0158916,0
0.236821,0.231699,0,-0.0169762,0
0.241464,0.232636,0,-0.0183786,0
0.241212,0.232994,0,-0.0196661,0
0.240299,0.233205,0,-0.0210219,0
0.241124,0.233849,0,-0.0230092,0
0.240922,0.234251,0,-0.0248361,0
0.243489,0.235853,0,-0.0271747,0
0.244563,0.236953,0,-0.0282865,0
0.242601,0.236656,0,-0.028985,0
0.241158,0.236446,0,-0.0303481,0
0.241827,0.23734,0,-0.0333039,0
0.243074,0.238676,0,-0.0361142,0
0.243839,0.239773,0,-0.0383954,0
0.243617,0.240201,0,-0.0400217,0
0.243136,0.240382,0,-0.041969,0
0.242457,0.240313,0,-0.0442777,0
0.242513,0.240799,0,-0.0475857,0
0.24203,0.240773,0,-0.0509079,0
0.241343,0.240486,0,-0.0541462,0
0.241879,0.24333,0,-0.0582635,0
0.242902,0.243616,0,-0.0615027,0
0.243028,0.243834,0,-0.0636325,0
0.242846,0.243978,0,-0.0652933,0
0.243334,0.244044,0,-0.0672999,0
0.245589,0.244047,0,-0.069301,0
0.245589,0.244047,0,0,0
0.245589,0.244047,0,0,0
0.245589,0.244047,0,0,0
0.245589,0.244047,0,0,0
0.245589,0.244047,0,0,0
0.245589,0.244047,0,0,0
-0.245,0,-0.23537,0,0
-0.245,0,-0.23537,0,0
-0.245,0,-0.23537,0,0
-0.245,0,-0.23537,0,0
-0.245,0,-0.23537,0,0
-0.245,0,-0.23537,0,0
-0.245,0,-0.23537,0,0
-0.245,0,-0.23537,0,0
-0.295,0,-0.235452,0,0
-0.260452,0,-0.23555,0.00698135,0
-0.218561,0,-0.235055,0.0105374,0
-0.233924,0,-0.235317,0.015401,0
-0.23383,0,-0.235279,0.0162697,0
-0.240398,0,-0.235809,0.0172126,0
-0.246216,0,-0.236672,0.01768,0
-0.242115,0,-0.236415,0.0175952,0
-0.240342,0,-0.236331,0.0185743,0
-0.240777,0,-0.23664,0.0203431,0
-0.243132,0,-0.237542,0.0223444,0
-0.245107,0,-0.238554,0.0236489,0
-0.24669,0,-0.239626,0.024394,0
-0.247234,0,-0.240414,0.0243979,0
-0.245963,0,-0.240389,0.0240995,0
-0.245181,0,-0.240509,0.0247478,0
-0.245038,0,-0.240915,0.026048,0
-0.245005,0,-0.241369,0.0276493,0
-0.245532,0,-0.242185,0.0295368,0
-0.245495,0,-0.242631,0.0311224,0
-0.245364,0,-0.242982,0.0328807,0
-0.244911,0,-0.243037,0.034863,0
-0.244364,0,-0.24295,0.0374975,0
-0.243926,0,-0.242877,0.0412004,0
-0.243736,0,-0.242979,0.0452543,0
-0.243687,0,-0.244874,0.0501873,0
-0.244085,0,-0.245095,0.0537911,0
-0.244815,0,-0.245226,0.0551997,0
-0.245173,0,-0.245353,0.0548496,0
-0.245358,0,-0.245419,0.0525451,0
-0.247005,0,-0.245428,0.0481871,0
-0.247005,0,-0.245428,0,0
-0.247005,0,-0.245428,0,0
-0.247005,0,-0.245428,0,0
-0.247005,0,-0.245428,0,0
-0.247005,0,-0.245428,0,0
-0.247005,0,-0.245428,0,0
0.245,0.23734,0,0,0
0.245,0.23734,0,0,0
0.245,0.23734,0,0,0
0.245,0.23734,0,0,0
0.245,0.23734,0,0,0
0.245,0.23734,0,0,0
0.245,0.23734,0,0,0
0.245,0.23734,0,0,0
0.295,0.237436,0,0,0
0.258608,0.237494,0,-0.0039649,0
0.216567,0.236951,0,-0.0084503,0
0.229143,0.237043,0,-0.0138772,0
0.22181,0.236433,0,-0.0154765,0
0.231293,0.236819,0,-0.0189171,0
0.232653,0.23679,0,-0.020485,0
0.232054,0.236534,0,-0.0217267,0
0.232243,0.236316,0,-0.0234096,0
0.232128,0.236074,0,-0.0244928,0
0.235136,0.236706,0,-0.026517,0
0.23545,0.236708,0,-0.0274774,0
0.236631,0.237069,0,-0.0285128,0
0.237603,0.237454,0,-0.0294538,0
0.236809,0.237085,0,-0.0298649,0
0.236157,0.236713,0,-0.0306273,0
0.235645,0.236359,0,-0.0321163,0
0.23517,0.235978,0,-0.034031,0
0.235121,0.235842,0,-0.0363724,0
0.234715,0.235451,0,-0.0389679,0
0.234093,0.234861,0,-0.0418553,0
0.233253,0.234056,0,-0.0453926,0
0.232471,0.233239,0,-0.0495369,0
0.236542,0.236637,0,-0.0588436,0
0.232543,0.232976,0,-0.0588436,0
0.233497,0.23515,0,-0.0629469,0
0.234153,0.235096,0,-0.0655286,0
0.234987,0.235054,0,-0.0656935,0
0.235147,0.235025,0,-0.0670641,0
0.23552,0.235008,0,-0.0685428,0
0.23718,0.235006,0,-0.0686781,0
0.23718,0.235006,0,-0.0699941,0
0.23718,0.235006,0,0,0
0.23718,0.235006,0,0,0
0.23718,0.235006,0,0,0
0.23718,0.235006,0,0,0
0.23718,0.235006,0,0,0
0.23718,0.235006,0,0,0
-0.245,0,-0.225696,0,0
-0.245,0,-0.225696,0,0
-0.245,0,-0.225696,0,0
-0.245,0,-0.225696,0,0
-0.245,0,-0.225696,0,0
-0.245,0,-0.225696,0,0
-0.245,0,-0.225696,0,0
-0.295,0,-0.22571,0,0
-0.295,0,-0.226148,0,0
-0.250349,0,-0.226068,0.00979364,0
-0.242227,0,-0.22621,0.01434,0
-0.233697,0,-0.226111,0.0149964,0
-0.23964,0,-0.22679,0.0162896,0
-0.243851,0,-0.227686,0.016591,0
-0.243534,0,-0.228269,0.0159169,0
-0.243911,0,-0.229016,0.0153777,0
-0.241876,0,-0.229289,0.0146303,0
-0.239729,0,-0.229412,0.0145481,0
-0.239158,0,-0.229873,0.0155253,0
-0.239325,0,-0.230568,0.0169057,0
-0.23981,0,-0.231426,0.0183122,0
-0.240042,0,-0.232227,0.019609,0
-0.240211,0,-0.233025,0.0208679,0
-0.240208,0,-0.233744,0.0222986,0
-0.239731,0,-0.23417,0.0237803,0
-0.239566,0,-0.23474,0.0258585,0
-0.23978,0,-0.23554,0.0283988,0
-0.240006,0,-0.236343,0.0309251,0
-0.239961,0,-0.236921,0.0333261,0
-0.239454,0,-0.237076,0.035652,0
-0.239355,0,-0.2375,0.0384799,0
-0.239488,0,-0.238078,0.0419962,0
-0.240217,0,-0.239629,0.0454485,0
-0.240539,0,-0.239904,0.045767,0
-0.241354,0,-0.240206,0.0421658,0
-0.242011,0,-0.24043,0.0399877,0
-0.242332,0,-0.240568,0.0351187,0
-0.243167,0,-0.240613,0.0284321,0
-0.243167,0,-0.240613,0.0178693,0
-0.243167,0,-0.240613,0,0
-0.243167,0,-0.240613,0,0
-0.243167,0,-0.240613,0,0
-0.243167,0,-0.240613,0,0
-0.243167,0,-0.240613,0,0
-0.243167,0,-0.240613,0,0
0.245,0.230521,0,0,0
0.245,0.230521,0,0,0
0.245,0.230521,0,0,0
0.245,0.230521,0,0,0
0.245,0.230521,0,0,0
0.245,0.230521,0,0,0
0.245,0.230521,0,0,0
0.295,0.230522,0,0,0
0.295,0.230902,0,0,0
0.259938,0.230916,0,-0.00956736,0
0.236258,0.230683,0,-0.0134157,0
0.232008,0.230593,0,-0.0155252,0
0.232037,0.230633,0,-0.0171652,0
0.238777,0.231379,0,-0.0194602,0
0.239215,0.231717,0,-0.0200945,0
0.240604,0.232289,0,-0.0208603,0
0.240275,0.232626,0,-0.021165,0
0.23915,0.232749,0,-0.0216559,0
0.239603,0.233276,0,-0.0227375,0
0.239112,0.233531,0,-0.0238335,0
0.240409,0.234474,0,-0.0253326,0
0.241789,0.235581,0,-0.0264417,0
0.242337,0.236414,0,-0.0270201,0
0.241341,0.236456,0,-0.0272461,0
0.24063,0.236565,0,-0.0282687,0
0.240326,0.236844,0,-0.030056,0
0.239155,0.236496,0,-0.0323188,0
0.238724,0.23666,0,-0.0358647,0
0.2377,0.23619,0,-0.0390475,0
0.237262,0.236113,0,-0.0430964,0
0.236257,0.235483,0,-0.0476635,0
0.235641,0.235121,0,-0.052596,0
0.236528,0.236283,0,-0.0583376,0
0.237198,0.236438,0,-0.0625578,0
0.238092,0.236564,0,-0.0628566,0
0.238688,0.236656,0,-0.065513,0
0.239346,0.236713,0,-0.0676023,0
0.240484,0.23673,0,-0.068471,0
0.243215,0.236732,0,-0.0699956,0
0.243215,0.236732,0,0,0
0.243215,0.236732,0,0,0
0.243215,0.236732,0,0,0
0.243215,0.236732,0,0,0
0.243215,0.236732,0,0,0
0.243215,0.236732,0,0,0
-0.245,0,-0.228298,0,0
-0.245,0,-0.228298,0,0
-0.245,0,-0.228298,0,0
-0.245,0,-0.228298,0,0
-0.245,0,-0.228298,0,0
-0.245,0,-0.228298,0,0
-0.245,0,-0.228298,0,0
-0.245,0,-0.228298,0,0
-0.295,0,-0.22849,0,0
-0.243839,0,-0.228455,0.00951195,0
-0.229308,0,-0.228322,0.0139209,0
-0.238789,0,-0.22875,0.0170746,0
-0.240632,0,-0.229131,0.0177316,0
-0.247103,0,-0.230131,0.0185977,0
-0.241067,0,-0.229947,0.0170786,0
-0.240636,0,-0.230342,0.0177896,0
-0.239508,0,-0.230594,0.0187337,0
-0.239328,0,-0.231024,0.020174,0
-0.241261,0,-0.232092,0.0219824,0
-0.242481,0,-0.233124,0.0231133,0
-0.243464,0,-0.23419,0.0239425,0
-0.24345,0,-0.234931,0.0244249,0
-0.243007,0,-0.235469,0.0250767,0
-0.24319,0,-0.236301,0.0262365,0
-0.243616,0,-0.237289,0.0274496,0
-0.243834,0,-0.238175,0.0284911,0
-0.243796,0,-0.238887,0.0294806,0
-0.243689,0,-0.239521,0.0307394,0
-0.243533,0,-0.240075,0.0321048,0
-0.243237,0,-0.240463,0.0338568,0
-0.24273,0,-0.240602,0.0359516,0
-0.241624,0,-0.240106,0.0386661,0
-0.241871,0,-0.240747,0.0437124,0
-0.242279,0,-0.243252,0.0479576,0
-0.24302,0,-0.243598,0.0498526,0
-0.242814,0,-0.243863,0.0498706,0
-0.243129,0,-0.244038,0.0496201,0
-0.243856,0,-0.244117,0.0471136,0
-0.245715,0,-0.244121,0.0409546,0
-0.245715,0,-0.244121,0,0
-0.245715,0,-0.244121,0,0
-0.245715,0,-0.244121,0,0
-0.245715,0,-0.244121,0,0
-0.245715,0,-0.244121,0,0
-0.245715,0,-0.244121,0,0
0.245,0.235752,0,0,0
0.245,0.235752,0,0,0
0.245,0.235752,0,0,0
0.245,0.235752,0,0,0
0.245,0.235752,0,0,0
0.245,0.235752,0,0,0
0.245,0.235752,0,0,0
0.245,0.235752,0,0,0
0.295,0.23598,0,0,0
0.257543,0.235966,0,-0.00256985,0
0.226381,0.235538,0,-0.00760238,0
0.232105,0.2356,0,-0.0123192,0
0.230819,0.23543,0,-0.014439,0
0.240099,0.236164,0,-0.017716,0
0.238016,0.23604,0,-0.0185444,0
0.238955,0.236275,0,-0.020072,0
0.242548,0.237138,0,-0.0215592,0
0.243727,0.237717,0,-0.0220893,0
0.244888,0.23842,0,-0.0223431,0
0.245755,0.239142,0,-0.0221947,0
0.246387,0.23988,0,-0.0218559,0
0.245403,0.239964,0,-0.0211918,0
0.245064,0.24028,0,-0.0212014,0
0.242944,0.239599,0,-0.0214844,0
0.242859,0.239906,0,-0.022194,0
0.243616,0.240733,0,-0.024753,0
0.243439,0.240986,0,-0.0265396,0
0.242419,0.240599,0,-0.0285467,0
0.241716,0.240341,0,-0.0317087,0
0.241488,0.240403,0,-0.0361128,0
0.239936,0.239338,0,-0.0407873,0
0.239232,0.238854,0,-0.0453538,0
0.239663,0.239357,0,-0.0507817,0
0.240395,0.243038,0,-0.056086,0
0.241487,0.243199,0,-0.0592243,0
0.241482,0.243319,0,-0.0615973,0
0.240974,0.243395,0,-0.0636472,0
0.242116,0.243423,0,-0.0667576,0
0.244518,0.243423,0,-0.0646082,0
0.244518,0.243423,0,0,0
0.244518,0.243423,0,0,0
0.244518,0.243423,0,0,0
0.244518,0.243423,0,0,0
0.244518,0.243423,0,0,0
0.244518,0.243423,0,0,0
-0.245,0,-0.234034,0,0
-0.245,0,-0.234034,0,0
-0.245,0,-0.234034,0,0
-0.245,0,-0.234034,0,0
-0.245,0,-0.234034,0,0
-0.245,0,-0.234034,0,0
-0.245,0,-0.234034,0,0
-0.245,0,-0.234034,0,0
-0.295,0,-0.234237,0,0
-0.251755,0,-0.234195,0.00362658,0
-0.214817,0,-0.233616,0.00911463,0
-0.219942,0,-0.233469,0.014369,0
-0.220933,0,-0.233202,0.0173469,0
-0.232958,0,-0.233934,0.0208201,0
-0.238359,0,-0.234576,0.02228,0
-0.239284,0,-0.234931,0.0235931,0
-0.236781,0,-0.234612,0.0244345,0
-0.23847,0,-0.235159,0.0262603,0
-0.239859,0,-0.235774,0.0281137,0
-0.240432,0,-0.236251,0.0293955,0
-0.242022,0,-0.237196,0.030976,0
-0.24202,0,-0.23758,0.0319304,0
-0.241759,0,-0.237848,0.0329355,0
-0.242052,0,-0.238392,0.0343147,0
-0.242497,0,-0.239064,0.0359459,0
-0.242346,0,-0.239366,0.0373641,0
-0.242398,0,-0.239795,0.0390794,0
-0.242259,0,-0.240074,0.0409434,0
-0.240987,0,-0.239442,0.0429719,0
-0.240538,0,-0.23935,0.0455627,0
-0.240224,0,-0.239328,0.0495322,0
-0.239542,0,-0.238934,0.0532972,0
-0.239352,0,-0.238928,0.0575723,0
-0.239764,0,-0.242533,0.0617509,0
-0.240784,0,-0.242723,0.0646095,0
-0.241075,0,-0.242865,0.0667281,0
-0.241238,0,-0.242958,0.0684222,0
-0.242128,0,-0.242993,0.0696643,0
-0.244637,0,-0.242993,0.0699989,0
-0.244637,0,-0.242993,0,0
-0.244637,0,-0.242993,0,0
-0.244637,0,-0.242993,0,0
-0.244637,0,-0.242993,0,0
-0.244637,0,-0.242993,0,0
-0.244637,0,-0.242993,0,0
0.245,0.234515,0,0,0
0.245,0.234515,0,0,0
0.245,0.234515,0,0,0
0.245,0.234515,0,0,0
0.245,0.234515,0,0,0
0.245,0.234515,0,0,0
0.245,0.234515,0,0,0
0.245,0.234515,0,0,0
0.295,0.234688,0,0,0
0.258265,0.23472,0,-0.000231037,0
0.217361,0.234154,0,-0.00500582,0
0.226747,0.23421,0,-0.0102287,0
0.225118,0.233929,0,-0.0123589,0
0.232599,0.234341,0,-0.0151818,0
0.237924,0.234936,0,-0.0173455,0
0.239729,0.235349,0,-0.01922,0
0.241065,0.23582,0,-0.0206644,0
0.240469,0.235952,0,-0.0218283,0
0.241571,0.236532,0,-0.0234669,0
0.242868,0.237298,0,-0.0248713,0
0.243612,0.237983,0,-0.0258497,0
0.244244,0.238712,0,-0.0267807,0
0.243109,0.238641,0,-0.0273222,0
0.242604,0.238802,0,-0.0287645,0
0.242404,0.239173,0,-0.0308542,0
0.242444,0.239583,0,-0.0329967,0
0.241869,0.239564,0,-0.0351591,0
0.24136,0.239527,0,-0.0380232,0
0.240718,0.239318,0,-0.0412648,0
0.2406,0.239476,0,-0.0452948,0
0.239984,0.239183,0,-0.0493303,0
0.239536,0.238974,0,-0.053584,0
0.239405,0.239008,0,-0.0583541,0
0.239853,0.242496,0,-0.062451,0
0.24113,0.242677,0,-0.0654563,0
0.241231,0.242813,0,-0.0673533,0
0.241428,0.242903,0,-0.0687749,0
0.241878,0.242938,0,-0.0699878,0
0.24453,0.242939,0,-0.0699906,0
0.24453,0.242939,0,0,0
0.24453,0.242939,0,0,0
0.24453,0.242939,0,0,0
0.24453,0.242939,0,0,0
0.24453,0.242939,0,0,0
0.24453,0.242939,0,0,0
-0.245,0,-0.233261,0,0
-0.245,0,-0.233261,0,0
-0.245,0,-0.233261,0,0
-0.245,0,-0.233261,0,0
-0.245,0,-0.233261,0,0
-0.245,0,-0.233261,0,0
-0.245,0,-0.233261,0,0
-0.245,0,-0.233261,0,0
-0.295,0,-0.233411,0,0
-0.253725,0,-0.233425,0.000571193,0
-0.218264,0,-0.232957,0.00618565,0
-0.228869,0,-0.233092,0.0113085,0
-0.230728,0,-0.233105,0.0131008,0
-0.241947,0,-0.234047,0.0149797,0
-0.247381,0,-0.235009,0.0143202,0
-0.247959,0,-0.235613,0.0141104,0
-0.245489,0,-0.235687,0.0135195,0
-0.242573,0,-0.235495,0.0136519,0
-0.242655,0,-0.235932,0.0151322,0
-0.242998,0,-0.236482,0.0167261,0
-0.243481,0,-0.237132,0.0182738,0
-0.243251,0,-0.237535,0.0198644,0
-0.243162,0,-0.237989,0.0216215,0
-0.243486,0,-0.238654,0.0237405,0
-0.243479,0,-0.239158,0.0257333,0
-0.243471,0,-0.239653,0.0280217,0
-0.242217,0,-0.239283,0.0305393,0
-0.243015,0,-0.240286,0.0345327,0
-0.242898,0,-0.240731,0.0377582,0
-0.242909,0,-0.241136,0.0409341,0
-0.242407,0,-0.241062,0.0436942,0
-0.242276,0,-0.241264,0.0469854,0
-0.24247,0,-0.241721,0.050701,0
-0.242901,0,-0.244268,0.0540005,0
-0.243613,0,-0.244518,0.0568516,0
-0.24354,0,-0.244706,0.0588518,0
-0.244099,0,-0.244804,0.0591393,0
-0.244859,0,-0.244874,0.0569011,0
-0.246502,0,-0.244881,0.050385,0
-0.246502,0,-0.244881,0,0
-0.246502,0,-0.244881,0,0
-0.246502,0,-0.244881,0,0
-0.246502,0,-0.244881,0,0
-0.246502,0,-0.244881,0,0
-0.246502,0,-0.244881,0,0
0.245,0.23578,0,0,0
0.245,0.23578,0,0,0
0.245,0.23578,0,0,0
0.245,0.23578,0,0,0
0.245,0.23578,0,0,0
0.245,0.23578,0,0,0
0.245,0.23578,0,0,0
0.245,0.23578,0,0,0
0.295,0.235923,0,0,0
0.254814,0.235935,0,-0.00567192,0
0.212083,0.235302,0,-0.0104404,0
0.223318,0.235305,0,-0.0162652,0
0.221071,0.234887,0,-0.0186177,0
0.232583,0.235471,0,-0.0221163,0
0.231911,0.23528,0,-0.0228834,0
0.231502,0.235074,0,-0.0236373,0
0.234282,0.235472,0,-0.0249609,0
0.241725,0.237267,0,-0.0268365,0
0.243712,0.238127,0,-0.0278481,0
0.245104,0.238984,0,-0.0283411,0
0.245591,0.239626,0,-0.028375,0
0.245681,0.24015,0,-0.0283014,0
0.245591,0.2406,0,-0.028282,0
0.245424,0.240879,0,-0.0284132,0
0.244733,0.240959,0,-0.0288256,0
0.244121,0.241002,0,-0.0299311,0
0.244107,0.241392,0,-0.0317052,0
0.243469,0.241317,0,-0.0336403,0
0.242167,0.240722,0,-0.0365594,0
0.241357,0.240324,0,-0.0399606,0
0.240601,0.239886,0,-0.0443339,0
0.239562,0.239132,0,-0.0490538,0
0.239924,0.239582,0,-0.0549158,0
0.240528,0.243149,0,-0.0599961,0
0.241602,0.243318,0,-0.0633402,0
0.241715,0.243446,0,-0.0658664,0
0.241573,0.24353,0,-0.0680134,0
0.242364,0.243566,0,-0.0693347,0
0.244944,0.243567,0,-0.0699886,0
0.244944,0.243567,0,0,0
0.244944,0.243567,0,0,0
0.244944,0.243567,0,0,0
0.244944,0.243567,0,0,0
0.244944,0.243567,0,0,0
0.244944,0.243567,0,0,0
-0.245,0,-0.234098,0,0
-0.245,0,-0.234098,0,0
-0.245,0,-0.234098,0,0
-0.245,0,-0.234098,0,0
-0.245,0,-0.234098,0,0
-0.245,0,-0.234098,0,0
-0.245,0,-0.234098,0,0
-0.245,0,-0.234098,0,0
-0.295,0,-0.234221,0,0
-0.254838,0,-0.234255,0.00148559,0
-0.214335,0,-0.233714,0.00702824,0
-0.229092,0,-0.233911,0.012725,0
-0.229814,0,-0.233839,0.0145826,0
-0.23784,0,-0.234428,0.0166143,0
-0.241118,0,-0.234947,0.0173492,0
-0.241912,0,-0.235322,0.0183523,0
-0.2411,0,-0.235465,0.0194853,0
-0.239558,0,-0.235388,0.02083,0
-0.241722,0,-0.236242,0.0230836,0
-0.242362,0,-0.236812,0.0247489,0
-0.243953,0,-0.237817,0.026336,0
-0.244643,0,-0.238595,0.0272633,0
-0.244236,0,-0.238926,0.0279816,0
-0.244022,0,-0.239307,0.0291113,0
-0.243864,0,-0.23983,0.0308133,0
-0.243982,0,-0.240382,0.0324311,0
-0.243702,0,-0.24066,0.0341156,0
-0.244195,0,-0.241461,0.03629,0
-0.244202,0,-0.241909,0.0382587,0
-0.243852,0,-0.24204,0.0403118,0
-0.243003,0,-0.24169,0.0425369,0
-0.242534,0,-0.241573,0.0458334,0
-0.242401,0,-0.241714,0.049432,0
-0.242689,0,-0.244244,0.0534945,0
-0.243415,0,-0.244477,0.0569243,0
-0.243404,0,-0.244654,0.0595269,0
-0.243532,0,-0.244747,0.0618635,0
-0.244247,0,-0.244814,0.0626139,0
-0.246327,0,-0.244822,0.0586034,0
-0.246327,0,-0.244822,0,0
-0.246327,0,-0.244822,0,0
-0.246327,0,-0.244822,0,0
-0.246327,0,-0.244822,0,0
-0.246327,0,-0.244822,0,0
-0.246327,0,-0.244822,0,0
0.245,0.236667,0,0,0
0.245,0.236667,0,0,0
0.245,0.236667,0,0,0
0.245,0.236667,0,0,0
0.245,0.236667,0,0,0
0.245,0.236667,0,0,0
0.245,0.236667,0,0,0
0.245,0.236667,0,0,0
0.295,0.236786,0,0,0
0.253619,0.236797,0,-0.00305328,0
0.206616,0.236086,0,-0.00803551,0
0.220971,0.236087,0,-0.0149285,0
0.220221,0.235689,0,-0.0178698,0
0.229873,0.236023,0,-0.0214503,0
0.231006,0.235947,0,-0.0229981,0
0.231512,0.235826,0,-0.024116,0
0.233504,0.236025,0,-0.0255794,0
0.234152,0.236051,0,-0.0265866,0
0.235339,0.236282,0,-0.0275563,0
0.236521,0.236618,0,-0.0282945,0
0.244158,0.239578,0,-0.0303862,0
0.245634,0.240603,0,-0.031133,0
0.244795,0.24064,0,-0.0311072,0
0.244042,0.240631,0,-0.0315193,0
0.244036,0.240992,0,-0.0326659,0
0.24408,0.24138,0,-0.0340486,0
0.243877,0.241593,0,-0.0356615,0
0.243193,0.241426,0,-0.0372702,0
0.242398,0.241088,0,-0.0396225,0
0.241605,0.240681,0,-0.0428644,0
0.241018,0.24037,0,-0.0469764,0
0.239956,0.239577,0,-0.0514646,0
0.240024,0.239742,0,-0.0565868,0
0.240529,0.242983,0,-0.0613598,0
0.24164,0.243129,0,-0.0645105,0
0.242329,0.243241,0,-0.0668638,0
0.242436,0.243315,0,-0.0684778,0
0.242994,0.243349,0,-0.0698383,0
0.245258,0.24335,0,-0.0699827,0
0.245258,0.24335,0,0,0
0.245258,0.24335,0,0,0
0.245258,0.24335,0,0,0
0.245258,0.24335,0,0,0
0.245258,0.24335,0,0,0
0.245258,0.24335,0,0,0
-0.245,0,-0.234225,0,0
-0.245,0,-0.234225,0,0
-0.245,0,-0.234225,0,0
-0.245,0,-0.234225,0,0
-0.245,0,-0.234225,0,0
-0.245,0,-0.234225,0,0
-0.245,0,-0.234225,0,0
-0.245,0,-0.234225,0,0
-0.295,0,-0.23432,0,0
-0.257731,0,-0.234392,0.00406376,0
-0.213694,0,-0.233842,0.00877795,0
-0.229641,0,-0.234059,0.0145813,0
-0.231051,0,-0.234038,0.0162545,0
-0.242133,0,-0.234917,0.0178956,0
-0.244699,0,-0.235478,0.0180316,0
-0.243519,0,-0.235669,0.0182358,0
-0.240719,0,-0.23548,0.018847,0
-0.239684,0,-0.235504,0.0204686,0
-0.241424,0,-0.236234,0.0227729,0
-0.243716,0,-0.237329,0.0246869,0
-0.245041,0,-0.23828,0.0257534,0
-0.244149,0,-0.238433,0.0264779,0
-0.24437,0,-0.239031,0.0278127,0
-0.244623,0,-0.239671,0.0292887,0
-0.244697,0,-0.24036,0.0306605,0
-0.244762,0,-0.240913,0.0320373,0
-0.24509,0,-0.24164,0.0336185,0
-0.245277,0,-0.242276,0.0350341,0
-0.245431,0,-0.24288,0.0365265,0
-0.245587,0,-0.243356,0.0380029,0
-0.244791,0,-0.24313,0.0394014,0
-0.244668,0,-0.243401,0.0424463,0
-0.244683,0,-0.24375,0.0456078,0
-0.244998,0,-0.245252,0.0483646,0
-0.244589,0,-0.245525,0.0507903,0
-0.245203,0,-0.245738,0.0532041,0
-0.245346,0,-0.245885,0.0521035,0
-0.245727,0,-0.245963,0.049814,0
-0.247346,0,-0.245973,0.0448916,0
-0.247346,0,-0.245973,0,0
-0.247346,0,-0.245973,0,0
-0.247346,0,-0.245973,0,0
-0.247346,0,-0.245973,0,0
-0.247346,0,-0.245973,0,0
-0.247346,0,-0.245973,0,0
0.245,0.237721,0,0,0
0.245,0.237721,0,0,0
0.245,0.237721,0,0,0
0.245,0.237721,0,0,0
0.245,0.237721,0,0,0
0.245,0.237721,0,0,0
0.245,0.237721,0,0,0
0.245,0.237721,0,0,0
0.245,0.237727,0,0,0
0.245,0.237772,0,-0.00071215,0
0.245,0.237862,0,-0.00712577,0
0.245,0.237992,0,-0.0126681,0
0.245,0.238159,0,-0.014057,0
0.245,0.23836,0,-0.0170984,0
0.245,0.238592,0,-0.0175932,0
0.245,0.238852,0,-0.0184504,0
0.245,0.239136,0,-0.0198024,0
0.245,0.239441,0,-0.0199888,0
0.245,0.239764,0,-0.0201935,0
0.245,0.240101,0,-0.019839,0
0.245,0.24045,0,-0.0194503,0
0.245,0.240808,0,-0.0189777,0
0.245,0.24117,0,-0.0185651,0
0.245,0.241533,0,-0.0191733,0
0.245,0.241896,0,-0.0199397,0
0.245,0.242253,0,-0.0209505,0
0.245,0.242603,0,-0.0224259,0
0.245,0.242941,0,-0.0251602,0
0.245,0.243265,0,-0.026646,0
0.245,0.243571,0,-0.0286767,0
0.245,0.243856,0,-0.0317771,0
0.245,0.244117,0,-0.0346443,0
0.245,0.24435,0,-0.0374189,0
0.245,0.244553,0,-0.0404579,0
0.245,0.244722,0,-0.0437078,0
0.245,0.244854,0,-0.0462626,0
0.245,0.244945,0,-0.046842,0
0.245,0.244993,0,-0.0460045,0
0.245,0.245,0,-0.0411899,0
0.245,0.245,0,0,0
0.245,0.245,0,0,0
0.245,0.245,0,0,0
0.245,0.245,0,0,0
0.245,0.245,0,0,0
0.245,0.245,0,0,0
0.245,0.245,0,0,0
0.245,0.245,0,0,0
0.245,0.245,0,0,0
0.245,0.245,0,0,0
0.245,0.245,0,0,0
0.245,0.245,0,0,0
0.245,0.245,0,0,0
0.245,0.245,0,0,0
0.245,0.245,0,0,0
0.245,0.245,0,0,0
0.245,0.245,0,0,0
0.245,0.245,0,0,0
0.245,0.245,0,0,0
0.245,0.245,0,0,0
0.245,0.245,0,0,0
0.245,0.245,0,0,0
0.245,0.245,0,0,0
0.245,0.245,0,0,0
0.245,0.245,0,0,0
0.245,0.245,0,0,0
0.245,0.245,0,0,0
0.245,0.245,0,0,0
0.245,0.245,0,0,0
0.245,0.245,0,0,0
0.245,0.245,0,0,0
0.245,0.245,0,0,0
0.245,0.245,0,0,0
0.245,0.245,0,0,0
0.245,0.245,0,0,0
0.245,0.245,0,0,0
0.245,0.245,0,0,0
0.245,0.245,0,0,0
0.245,0.245,0,0,0
