-0.000419594,0,-0.000396008,0,0,0.9
-0.000419594,0,-0.000396008,0,0,0.9
-0.000419594,0,-0.000396008,0,0,0.9
-0.000419594,0,-0.000396008,0,0,0.9
-0.000419594,0,-0.000396008,0,0,0.9
-0.000419594,0,-0.000396008,0,0,0.9
-0.000419594,0,-0.000396008,0,0,0.9
-0.000419594,0,-0.000396008,0,0,0.9
-0.000419594,0,-0.000396008,0,0,0.9
-0.000419594,0,-0.000396008,0,0,0.9
-0.000419594,0,-0.000396008,0,0,0.9
-0.000419594,0,-0.000396008,0,0,0.9
-0.000419594,0,-0.000396008,0,0,0.9
-0.000419594,0,-0.000396008,0,0,0.9
-0.000419594,0,-0.000396008,0,0,0.9
-0.000419594,0,-0.000396008,0,0,0.9
-0.000419594,0,-0.000396008,0,0,0.9
-0.000419594,0,-0.000396008,0,0,0.9
-0.000419594,0,-0.000396008,0,0,0.9
-0.000419594,0,-0.000396008,0,0,0.9
-0.000419594,0,-0.000396008,0,0,0.9
-0.000419594,0,-0.000396008,0,0,0.9
-0.000419594,0,-0.000396008,0,0,0.9
-0.000419594,0,-0.000396008,0,0,0.9
-0.000419594,0,-0.000396008,0,0,0.9
-0.000419594,0,-0.000396008,0,0,0.9
-0.000419594,0,-0.000396008,0,0,0.9
-0.000419594,0,-0.000396008,0,0,0.9
-0.000419594,0,-0.000396008,0,0,0.9
-0.000419594,0,-0.000396008,0,0,0.9
-0.000419594,0,-0.000396008,0,0,0.9
-0.000419594,0,-0.000396008,0,0,0.9
-0.000419594,0,-0.000396008,0,0,0.9
-0.000419594,0,-0.000396008,0,0,0.9
-0.000419594,0,-0.000396008,0,0,0.9
-0.000419594,0,-0.000396008,0,0,0.9
-0.000419594,0,-0.000396008,0,0,0.9
-0.000419594,0,-0.000396008,0,0,0.9
-0.000419594,0,-0.000396008,0,0,0.9
-0.000419594,0,-0.000396008,0,0,0.9
-0.000419594,0,-0.000396008,0,0,0.9
-0.000419594,0,-0.000396008,0,0,0.9
-0.000419594,0,-0.000396008,0,0,0.9
-0.000419594,0,-0.000396008,0,0,0.9
-0.000419594,0,-0.000396008,0,0,0.9
-0.000419594,0,-0.000396008,0,0,0.9
-0.000419594,0,-0.000396008,0,0,0.9
-0.000419594,0,-0.000396008,0,0,0.9
-0.000419594,0,-0.000396008,0,0,0.9
-0.000419594,0,-0.000396008,0,0,0.9
-0.000419594,0,-0.000396008,0,0,0.9
-0.000419594,0,-0.000396008,0,0,0.9
-0.000419594,0,-0.000396008,0,0,0.9
-0.000419594,0,-0.000396008,0,0,0.9
-0.000419594,0,-0.000396008,0,0,0.9
-0.000419594,0,-0.000396008,0,0,0.9
-0.000419594,0,-0.000396008,0,0,0.9
-0.000419594,0,-0.000396008,0,0,0.9
-0.000419594,0,-0.000396008,0,0,0.9
-0.000419594,0,-0.000396008,0,0,0.9
-0.000419594,0,-0.000396008,0,0,0.9
-0.000419594,0,-0.000396008,0,0,0.9
-0.000419594,0,-0.000396008,0,0,0.9
-0.000419594,0,-0.000396008,0,0,0.9
-0.000419594,0,-0.000396008,0,0,0.9
-0.000419594,0,-0.000396008,0,0,0.9
-0.000419594,0,-0.000396008,0,0,0.9
-0.000419594,0,-0.000396008,0,0,0.9
-0.000419594,0,-0.000396008,0,0,0.9
-0.000419594,0,-0.000396008,0,0,0.9
-0.000419594,0,-0.000396008,0,0,0.9
-0.000419594,0,-0.000396008,0,0,0.9
-0.000419594,0,-0.000396008,0,0,0.9
-0.000419594,0,-0.000396008,0,0,0.9
-0.000419594,0,-0.000396008,0,0,0.9
-0.000419594,0,-0.000396008,0,0,0.9
-0.000419594,0,-0.000396008,0,0,0.9
-0.000419594,0,-0.000396008,0,0,0.9
-0.000419594,0,-0.000396008,0,0,0.9
-0.000419594,0,-0.000396008,0,0,0.9
-0.000419594,0,-0.000396008,0,0,0.9
-0.000419594,0,-0.000396008,0,0,0.9
-0.000419594,0,-0.000396008,0,0,0.9
-0.000419594,0,-0.000396008,0,0,0.9
-0.000419594,0,-0.000396008,0,0,0.9
-0.000419594,0,-0.000396008,0,0,0.9
-0.000419594,0,-0.000396008,0,0,0.9
-0.000419594,0,-0.000396008,0,0,0.9
-0.000419594,0,-0.000396008,0,0,0.9
-0.000419594,0,-0.000396008,0,0,0.9
-0.000419594,0,-0.000396008,0,0,0.9
-0.000419594,0,-0.000396008,0,0,0.9
-0.000419594,0,-0.000396008,0,0,0.9
-0.000419594,0,-0.000396008,0,0,0.9
-0.000419594,0,-0.000396008,0,0,0.9
-0.000419594,0,-0.000396008,0,0,0.9
-0.000419594,0,-0.000396008,0,0,0.9
-0.000419594,0,-0.000396008,0,0,0.9
-0.000419594,0,-0.000396008,0,0,0.9
-0.000419594,0,-0.000396008,0,0,0.9
-0.000419594,0,-0.000396008,0,0,0.9
-0.000419594,0,-0.000396008,0,0,0.9
-0.000419594,0,-0.000396008,0,0,0.9
-0.000419594,0,-0.000396008,0,0,0.9
-0.000419594,0,-0.000396008,0,0,0.9
-0.000419594,0,-0.000396008,0,0,0.9
-0.000419594,0,-0.000396008,0,0,0.9
-0.000419594,0,-0.000396081,0,0,0.9
-0.000419594,0,-0.000396301,0,0,0.9
-0.000419594,0,-0.000396658,0,0,0.9
-0.000419594,0,-0.00039714,0,0,0.9
-0.000419594,0,-0.000397738,0,0,0.9
-0.000419594,0,-0.000398442,0,0,0.9
-0.000419594,0,-0.00039924,0,0,0.9
-0.000419594,0,-0.000400122,0,0,0.9
-0.000419594,0,-0.000401078,0,0,0.9
-0.000419594,0,-0.000402096,0,0,0.9
-0.000419594,0,-0.000403168,0,0,0.9
-0.000419594,0,-0.000404282,0,0,0.9
-0.000419594,0,-0.000405427,0,0,0.9
-0.000419594,0,-0.000406594,0,0,0.9
-0.000419594,0,-0.000407771,0,0,0.9
-0.000419594,0,-0.000408949,0,0,0.9
-0.000419594,0,-0.000410116,0,0,0.9
-0.000419594,0,-0.000411263,0,0,0.9
-0.000419594,0,-0.000412379,0,0,0.9
-0.000419594,0,-0.000413453,0,0,0.9
-0.000419594,0,-0.000414474,0,0,0.9
-0.000419594,0,-0.000415434,0,0,0.9
-0.000419594,0,-0.00041632,0,0,0.9
-0.000419594,0,-0.000417122,0,0,0.9
-0.000419594,0,-0.00041783,0,0,0.9
-0.000419594,0,-0.000418434,0,0,0.9
-0.000419594,0,-0.000418923,0,0,0.9
-0.000419594,0,-0.000419286,0,0,0.9
-0.000419594,0,-0.000419513,0,0,0.9
-0.000419594,0,-0.000419594,0,0,0.9
-0.000419594,0,-0.000419594,0,0,0.9
-0.000419594,0,-0.000419594,0,0,0.9
-0.000419594,0,-0.000419594,0,0,0.9
-0.000419594,0,-0.000419594,0,0,0.9
-0.000419594,0,-0.000419594,0,0,0.9
-0.000419594,0,-0.000419594,0,0,0.9
-0.000419594,0,-0.000419594,0,0,0.9
0,-0.00828068,0,0,0,0.9
0,-0.00828068,0,0,0,0.9
0,-0.00828068,0,0,0,0.9
0,-0.00828068,0,0,0,0.9
0,-0.00828068,0,0,0,0.9
0,-0.00828068,0,0,0,0.9
0,-0.00828068,0,0,0,0.9
-0.040857,-0.00828068,0,0,0,0.7
-0.0432689,-0.00847986,0,0,0,0.741
0.0182254,-0.00792139,0,-0.0155912,0,0.874
0.00424599,-0.00793994,0,-0.0118533,0,0.904
0.00105452,-0.00783946,0,-0.0101028,0,0.905
0.00918923,-0.00700272,0,-0.0099344,0,0.901
0.0103573,-0.00633933,0,-0.00819041,0,0.897
0.00767274,-0.00607455,0,-0.00580624,0,0.897
0.00939523,-0.0051511,0,-0.00391029,0,0.895
0.00779257,-0.00478504,0,-0.00164465,0,0.896
0.00525613,-0.00475601,0,0.000198595,0,0.897
-0.000593431,-0.00593388,0,0.00181008,0,0.898
-0.0040527,-0.0067975,0,0.00194525,0,0.9
-0.00514485,-0.00702834,0,0.000804775,0,0.9
-0.00410461,-0.00645348,0,-0.000753365,0,0.899
-0.00168253,-0.00506421,0,-0.00259883,0,0.899
-0.000575512,-0.004149,0,-0.00342281,0,0.9
-0.00157238,-0.00435049,0,-0.00339907,0,0.9
-0.00195003,-0.00427132,0,-0.00403082,0,0.901
-0.0027438,-0.00451029,0,-0.00489034,0,0.901
-0.00372277,-0.00496727,0,-0.00659289,0,0.901
-0.00404182,-0.00501305,0,-0.00921138,0,0.901
-0.00323051,-0.00417856,0,-0.0121318,0,0.901
-0.00205075,-0.00298081,0,-0.0145245,0,0.901
-0.00203565,-0.0027492,0,-0.0156202,0,0.901
-0.0020104,-0.00253131,0,-0.0168042,0,0.901
-0.00182268,-0.001993,0,-0.0173652,0,0.9
-0.00224185,-0.00184672,0,-0.0184955,0,0.9
-0.00248496,-0.00173512,0,-0.0197218,0,0.9
-0.0032394,-0.00166116,0,-0.0215343,0,0.9
-0.0030777,-0.00162779,0,-0.0257257,0,0.9
-0.00189275,-0.00162612,0,-0.0288611,0,0.9
-0.00189275,-0.00162612,0,0,0,0.9
-0.00189275,-0.00162612,0,0,0,0.9
-0.00189275,-0.00162612,0,0,0,0.9
-0.00189275,-0.00162612,0,0,0,0.9
-0.00189275,-0.00162612,0,0,0,0.9
-0.00189275,-0.00162612,0,0,0,0.9
0,0,-0.00980817,0,0,0.899
0,0,-0.00980817,0,0,0.899
0,0,-0.00980817,0,0,0.899
0,0,-0.00980817,0,0,0.899
0,0,-0.00980817,0,0,0.899
0,0,-0.00980817,0,0,0.899
0,0,-0.00980817,0,0,0.899
0,0,-0.00980817,0,0,0.899
-0.0248868,0,-0.00991218,0,0,0.7
0.0113279,0,-0.00960187,-0.0129834,0,0.893
0.00061109,0,-0.00957202,-0.0101789,0,0.908
0.00145682,0,-0.0093363,-0.00932877,0,0.904
0.0081752,0,-0.00862529,-0.00867179,0,0.904
0.00812889,0,-0.00809782,-0.00666499,0,0.9
0.00580679,0,-0.00780597,-0.00465715,0,0.9
0.00567251,0,-0.00724976,-0.00321377,0,0.899
0.00235318,0,-0.00732054,-0.00139192,0,0.9
-0.00116827,0,-0.00767306,-0.000585559,0,0.9
-0.0031051,0,-0.00785062,-0.000921639,0,0.9
-0.00555075,0,-0.00836553,-0.00183621,0,0.9
-0.00661892,0,-0.00857354,-0.00364347,0,0.9
-0.00500676,0,-0.00771282,-0.00591737,0,0.9
-0.0023994,0,-0.00620565,-0.00806517,0,0.9
-0.00198322,0,-0.00561226,-0.00870447,0,0.9
-0.00166367,0,-0.00503655,-0.00913865,0,0.9
-0.00202079,0,-0.00486512,-0.00941614,0,0.9
-0.00221329,0,-0.00462526,-0.0100051,0,0.9
-0.00304838,0,-0.0048841,-0.0107217,0,0.9
-0.00264311,0,-0.0042848,-0.0124268,0,0.901
-0.00277527,0,-0.00409552,-0.0137843,0,0.901
-0.00235403,0,-0.00346685,-0.0153336,0,0.901
-0.00203909,0,-0.00293696,-0.0166335,0,0.902
-0.00268836,0,-0.00328838,-0.01738,0,0.902
-0.00275791,0,-0.00219834,-0.0192519,0,0.9
-0.00290861,0,-0.0020213,-0.020031,0,0.9
-0.00319021,0,-0.00188624,-0.0224482,0,0.9
-0.0031383,0,-0.00179672,-0.0253987,0,0.9
-0.00244543,0,-0.00175634,-0.028631,0,0.9
-0.00187211,0,-0.00175432,-0.0289435,0,0.9
-0.00187211,0,-0.00175432,0,0,0.9
-0.00187211,0,-0.00175432,0,0,0.9
-0.00187211,0,-0.00175432,0,0,0.9
-0.00187211,0,-0.00175432,0,0,0.9
-0.00187211,0,-0.00175432,0,0,0.9
-0.00187211,0,-0.00175432,0,0,0.9
0,-0.00806539,0,0,0,0.899
0,-0.00806539,0,0,0,0.899
0,-0.00806539,0,0,0,0.899
0,-0.00806539,0,0,0,0.899
0,-0.00806539,0,0,0,0.899
0,-0.00806539,0,0,0,0.899
0,-0.00806539,0,0,0,0.899
0,-0.00806539,0,0,0,0.899
-0.0319573,-0.0081573,0,0,0,0.7
0.0167379,-0.0078233,0,-0.0157992,0,0.893
0.00387875,-0.00779468,0,-0.011859,0,0.908
0.0006316,-0.00770224,0,-0.0104639,0,0.905
0.00322621,-0.00732728,0,-0.00979842,0,0.906
0.00473426,-0.00685241,0,-0.00859617,0,0.902
0.0012715,-0.00687543,0,-0.00720032,0,0.902
0.000410722,-0.00667708,0,-0.0065503,0,0.902
-9.66031e-05,-0.00643535,0,-0.0059013,0,0.9
-0.00367881,-0.00698448,0,-0.00550681,0,0.901
-0.0048665,-0.00713119,0,-0.00599147,0,0.9
-0.0048791,-0.00698274,0,-0.00729536,0,0.899
-0.00316072,-0.00616159,0,-0.00877738,0,0.899
-0.00415064,-0.00635252,0,-0.00932019,0,0.899
-0.00192761,-0.00508089,0,-0.0107859,0,0.9
-0.000566473,-0.00404431,0,-0.0111572,0,0.9
-0.00196523,-0.00449149,0,-0.0105012,0,0.9
-0.00181724,-0.00409937,0,-0.0108711,0,0.9
-0.002204,-0.00406545,0,-0.0112514,0,0.9
-0.00233909,-0.00390262,0,-0.0119047,0,0.901
-0.000771234,-0.0024425,0,-0.0129155,0,0.901
0.000467427,-0.0011344,0,-0.0127869,0,0.901
0.000868403,-0.000465317,0,-0.011286,0,0.901
-0.000380835,-0.00126893,0,-0.00874731,0,0.902
-0.00179397,-0.00233003,0,-0.0080662,0,0.903
-0.0030348,-0.00184505,0,-0.0094639,0,0.901
-0.00410023,-0.00170811,0,-0.0113689,0,0.901
-0.00451525,-0.00160578,0,-0.0168256,0,0.901
-0.00418275,-0.00155349,0,-0.0222582,0,0.901
-0.00321425,-0.0015187,0,-0.0292069,0,0.901
-0.00186752,-0.00151642,0,-0.0321749,0,0.901
-0.00186752,-0.00151642,0,0,0,0.901
-0.00186752,-0.00151642,0,0,0,0.901
-0.00186752,-0.00151642,0,0,0,0.901
-0.00186752,-0.00151642,0,0,0,0.901
-0.00186752,-0.00151642,0,0,0,0.901
-0.00186752,-0.00151642,0,0,0,0.901
0,0,-0.00972937,0,0,0.9
0,0,-0.00972937,0,0,0.9
0,0,-0.00972937,0,0,0.9
0,0,-0.00972937,0,0,0.9
0,0,-0.00972937,0,0,0.9
0,0,-0.00972937,0,0,0.9
0,0,-0.00972937,0,0,0.9
0,0,-0.00972937,0,0,0.9
-0.0392218,0,-0.00982789,0,0,0.7
0.0188107,0,-0.00946901,-0.0185708,0,0.896
0.0060309,0,-0.00938695,-0.0141949,0,0.91
0.00475589,0,-0.00915096,-0.0122992,0,0.911
0.0103035,0,-0.00846168,-0.0108994,0,0.91
0.0130124,0,-0.00746759,-0.00837997,0,0.907
0.0118753,0,-0.00683368,-0.00550828,0,0.903
0.00877785,0,-0.00655612,-0.00283817,0,0.902
0.00435366,0,-0.00675779,-0.000969908,0,0.903
-0.00202985,0,-0.00777005,0.000648613,0,0.902
-0.0052667,0,-0.00839243,0.000191695,0,0.902
-0.00816078,0,-0.00918436,-0.000932515,0,0.901
-0.00882954,0,-0.00937317,-0.00322654,0,0.901
-0.00683606,0,-0.0084413,-0.00623627,0,0.901
-0.00547531,0,-0.00762884,-0.00827617,0,0.902
-0.00268383,0,-0.00589046,-0.0102928,0,0.901
-0.00183739,0,-0.00504978,-0.0111692,0,0.902
-0.00152636,0,-0.00446689,-0.0114834,0,0.902
-0.00209617,0,-0.00447133,-0.0115581,0,0.902
-0.00254442,0,-0.00446303,-0.012078,0,0.903
-0.00205418,0,-0.00377008,-0.0129471,0,0.903
-0.00139939,0,-0.00292094,-0.0138621,0,0.903
-0.000844264,0,-0.00213041,-0.0140996,0,0.903
-0.000998274,0,-0.00197247,-0.0139221,0,0.904
-0.00173456,0,-0.00237737,-0.0138125,0,0.903
-0.00238752,0,-0.00182185,-0.0138125,0,0.901
-0.00295401,0,-0.0016404,-0.0146534,0,0.901
-0.00376569,0,-0.00150778,-0.0174494,0,0.901
-0.00411563,0,-0.00142126,-0.0214254,0,0.901
-0.00353879,0,-0.00138883,-0.0263641,0,0.901
-0.0018434,0,-0.00138855,-0.030454,0,0.901
-0.0018434,0,-0.00138855,0,0,0.901
-0.0018434,0,-0.00138855,0,0,0.901
-0.0018434,0,-0.00138855,0,0,0.901
-0.0018434,0,-0.00138855,0,0,0.901
-0.0018434,0,-0.00138855,0,0,0.901
-0.0018434,0,-0.00138855,0,0,0.901
0,-0.00912928,0,0,0,0.9
0,-0.00912928,0,0,0,0.9
0,-0.00912928,0,0,0,0.9
0,-0.00912928,0,0,0,0.9
0,-0.00912928,0,0,0,0.9
0,-0.00912928,0,0,0,0.9
0,-0.00912928,0,0,0,0.9
0,-0.00912928,0,0,0,0.9
-0.0364639,-0.00920769,0,0,0,0.7
0.0130616,-0.00893852,0,-0.0171743,0,0.896
-0.00363563,-0.0090142,0,-0.0136118,0,0.91
-0.00174692,-0.0088394,0,-0.0131243,0,0.908
0.00702389,-0.00811826,0,-0.012821,0,0.907
0.00693966,-0.00766454,0,-0.0107949,0,0.904
0.00481242,-0.00740041,0,-0.0087138,0,0.902
0.0038309,-0.0070556,0,-0.00704267,0,0.902
0.000624798,-0.00717989,0,-0.00555526,0,0.901
-0.00280929,-0.00759949,0,-0.00495562,0,0.901
-0.00478294,-0.00788342,0,-0.00547716,0,0.901
-0.00579312,-0.00801774,0,-0.00644049,0,0.901
-0.00480409,-0.00747601,0,-0.00805593,0,0.9
-0.00492474,-0.00731526,0,-0.00950484,0,0.9
-0.00175934,-0.00559143,0,-0.0111614,0,0.901
-0.00159512,-0.00513667,0,-0.0114653,0,0.901
-0.00259595,-0.00533386,0,-0.0114613,0,0.9
-0.00237044,-0.00487182,0,-0.0121688,0,0.9
-0.00229357,-0.00455306,0,-0.0127764,0,0.9
-0.00284939,-0.00459241,0,-0.0135584,0,0.901
-0.00225883,-0.00386246,0,-0.0147713,0,0.901
-0.00281651,-0.00402691,0,-0.0156253,0,0.901
-0.00146895,-0.00258114,0,-0.0171019,0,0.902
-0.00212954,-0.00290386,0,-0.0174762,0,0.902
-0.00292761,-0.00343069,0,-0.0183813,0,0.903
-0.00412791,-0.00279404,0,-0.0194798,0,0.901
-0.00433972,-0.00265086,0,-0.0218464,0,0.901
-0.00436123,-0.00254271,0,-0.0254509,0,0.901
-0.00391335,-0.00247256,0,-0.0299816,0,0.901
-0.00322438,-0.00244667,0,-0.0333559,0,0.901
-0.00207214,-0.00244269,0,-0.0355278,0,0.901
-0.00207214,-0.00244269,0,0,0,0.901
-0.00207214,-0.00244269,0,0,0,0.901
-0.00207214,-0.00244269,0,0,0,0.901
-0.00207214,-0.00244269,0,0,0,0.901
-0.00207214,-0.00244269,0,0,0,0.901
-0.00207214,-0.00244269,0,0,0,0.901
0,0,-0.00875593,0,0,0.9
0,0,-0.00875593,0,0,0.9
0,0,-0.00875593,0,0,0.9
0,0,-0.00875593,0,0,0.9
0,0,-0.00875593,0,0,0.9
0,0,-0.00875593,0,0,0.9
0,0,-0.00875593,0,0,0.9
0,0,-0.00875593,0,0,0.9
-0.0405262,0,-0.0088332,0,0,0.7
0.0120595,0,-0.00858311,-0.0191816,0,0.888
0.00225277,0,-0.00852947,-0.015848,0,0.904
0.00367005,0,-0.00827016,-0.0144463,0,0.901
0.00266569,0,-0.00803781,-0.0130357,0,0.899
0.00202237,0,-0.00775917,-0.0117833,0,0.894
0.00473912,0,-0.0070489,-0.0105819,0,0.891
0.00597118,0,-0.00633413,-0.00877387,0,0.889
0.00234477,0,-0.0064738,-0.00647516,0,0.888
0.00249973,0,-0.00593548,-0.00536489,0,0.886
-0.000359304,0,-0.00624252,-0.0043103,0,0.883
-0.0025154,0,-0.00657317,-0.00397936,0,0.881
-0.00259161,0,-0.0062703,-0.00464055,0,0.878
-0.000977848,0,-0.00503059,-0.00523137,0,0.87
0.00224846,0,-0.00267885,-0.00585425,0,0.859
0.00482908,0,-0.000185129,-0.00446493,0,0.85
0.00645824,0,0.00149905,-0.00247443,0,0.854
0.00453306,0,0.00225967,0.00115706,0,0.821
0.000642535,0,-0.000991672,0.00504404,0,0.837
-0.00218453,0,-0.00315998,0.00797741,0,0.835
0.00103297,0,-0.000165572,0.00467792,0,0.833
0.00314316,0,0.00201589,0.00342198,0,0.839
0.00308183,0,0.000454347,0.00813842,0,0.839
-0.000115374,0,0.00070889,0.00858641,0,0.839
-0.0098958,0,0.000901055,0.0143593,0,0.839
-0.00464549,0,0.00102482,-0.00875824,0,0.839
-0.00379396,0,0.00107414,-0.0209101,0,0.839
-0.00245857,0,0.00107478,-0.0254037,0,0.839
-0.00245857,0,0.00107478,0,0,0.839
-0.00245857,0,0.00107478,0,0,0.839
-0.00245857,0,0.00107478,0,0,0.839
-0.00245857,0,0.00107478,0,0,0.839
-0.00245857,0,0.00107478,0,0,0.839
-0.00245857,0,0.00107478,0,0,0.839
0,0.00636295,0,0,0,0.849
0,0.00636295,0,0,0,0.849
0,0.00636295,0,0,0,0.849
0,0.00636295,0,0,0,0.849
0,0.00636295,0,0,0,0.849
0,0.00636295,0,0,0,0.849
0,0.00636295,0,0,0,0.849
0,0.00636295,0,0,0,0.849
0,0.0063532,0,0,0,0.849
0.0172587,0.00645569,0,-0.00431266,0,0.899
0.0153436,0.00655656,0,-0.00149635,0,0.901
0.00705614,0.00639086,0,0.00101809,0,0.9
0.00102404,0.00602247,0,0.00225603,0,0.901
-0.00445498,0.00535528,0,0.00239058,0,0.897
-0.0101782,0.0042866,0,0.00156742,0,0.898
-0.00760341,0.00410136,0,-0.00100263,0,0.898
-0.00735659,0.00358859,0,-0.00289755,0,0.897
-0.0032317,0.00402035,0,-0.00470375,0,0.898
0.0032796,0.00547413,0,-0.00563697,0,0.899
0.00110871,0.00460268,0,-0.00413652,0,0.899
0.00174397,0.00459263,0,-0.00353464,0,0.899
0.00157922,0.00429365,0,-0.00275827,0,0.899
0.000185466,0.00337491,0,-0.00146414,0,0.898
0.00047074,0.00321745,0,-0.00154553,0,0.898
-0.00219911,0.00137723,0,-0.000789951,0,0.899
-0.000684531,0.00191362,0,-0.00215525,0,0.899
-0.00108006,0.00130777,0,-0.00247824,0,0.899
-0.00139841,0.000732834,0,-0.00300796,0,0.899
-0.00139059,0.000396259,0,-0.00387121,0,0.899
-0.0020485,-0.000447894,0,-0.0048615,0,0.9
-0.00242464,-0.00109254,0,-0.00650139,0,0.9
-0.00238567,-0.00136841,0,-0.00873485,0,0.9
-0.00296111,-0.00218168,0,-0.0109287,0,0.899
-0.00327925,-0.00148533,0,-0.013971,0,0.899
-0.00350267,-0.00167083,0,-0.0166516,0,0.899
-0.0033906,-0.00181304,0,-0.0207248,0,0.899
-0.00306093,-0.00190825,0,-0.024775,0,0.899
-0.00322744,-0.00195273,0,-0.0278838,0,0.899
-0.00203815,-0.00195565,0,-0.0312544,0,0.899
-0.00203815,-0.00195565,0,0,0,0.899
-0.00203815,-0.00195565,0,0,0,0.899
-0.00203815,-0.00195565,0,0,0,0.899
-0.00203815,-0.00195565,0,0,0,0.899
-0.00203815,-0.00195565,0,0,0,0.899
-0.00203815,-0.00195565,0,0,0,0.899
0,0,-0.0108171,0,0,0.899
0,0,-0.0108171,0,0,0.899
0,0,-0.0108171,0,0,0.899
0,0,-0.0108171,0,0,0.899
0,0,-0.0108171,0,0,0.899
0,0,-0.0108171,0,0,0.899
0,0,-0.0108171,0,0,0.899
0,0,-0.0108171,0,0,0.899
-0.044819,0,-0.0109307,0,0,0.7
0.0145499,0,-0.010581,-0.0206126,0,0.89
0.000851381,0,-0.0105603,-0.0168816,0,0.906
0.00250397,0,-0.0102767,-0.0156397,0,0.906
0.0104571,0,-0.00945403,-0.0145673,0,0.906
0.010404,0,-0.00883239,-0.011832,0,0.901
0.00922447,0,-0.00829741,-0.00889506,0,0.902
0.00790204,0,-0.00776842,-0.00646144,0,0.9
0.00595186,0,-0.00742148,-0.0038906,0,0.9
0.000344852,0,-0.00808313,-0.0017017,0,0.9
-0.000560855,0,-0.00783703,-0.0013916,0,0.899
-0.0032265,0,-0.00824186,-0.00138761,0,0.897
-0.00205977,0,-0.00742107,-0.00253853,0,0.897
-0.00252302,0,-0.00718981,-0.00304323,0,0.897
-0.000310396,0,-0.00572158,-0.00404419,0,0.899
-0.000477676,0,-0.00528516,-0.00396938,0,0.899
-0.000414708,0,-0.00473402,-0.0039056,0,0.899
-0.00103763,0,-0.00461925,-0.00387889,0,0.899
-0.00213506,0,-0.00489995,-0.00417575,0,0.899
-0.00267788,0,-0.00490654,-0.005331,0,0.9
-0.00291906,0,-0.00473393,-0.00708884,0,0.9
-0.00278168,0,-0.00429459,-0.00931352,0,0.9
-0.00283262,0,-0.0040282,-0.0113021,0,0.9
-0.00236788,0,-0.00333623,-0.0136202,0,0.9
-0.00261149,0,-0.00329529,-0.0149115,0,0.9
-0.00264,0,-0.00205388,-0.0174226,0,0.9
-0.00273851,0,-0.00184744,-0.0187749,0,0.9
-0.00287973,0,-0.00168918,-0.020964,0,0.9
-0.00318321,0,-0.00158324,-0.0235755,0,0.9
-0.00320619,0,-0.00153374,-0.0266561,0,0.9
-0.00211689,0,-0.0015305,-0.0297497,0,0.9
-0.00211689,0,-0.0015305,0,0,0.9
-0.00211689,0,-0.0015305,0,0,0.9
-0.00211689,0,-0.0015305,0,0,0.9
-0.00211689,0,-0.0015305,0,0,0.9
-0.00211689,0,-0.0015305,0,0,0.9
-0.00211689,0,-0.0015305,0,0,0.9
0,-0.00931615,0,0,0,0.899
0,-0.00931615,0,0,0,0.899
0,-0.00931615,0,0,0,0.899
0,-0.00931615,0,0,0,0.899
0,-0.00931615,0,0,0,0.899
0,-0.00931615,0,0,0,0.899
0,-0.00931615,0,0,0,0.899
0,-0.00931615,0,0,0,0.899
0,-0.00930217,0,0,0,0.899
0.0132792,-0.00911856,0,-0.0196791,0,0.909
0.00719121,-0.00895863,0,-0.0166875,0,0.911
-0.000404389,-0.00895806,0,-0.0142099,0,0.909
0.00703612,-0.00827816,0,-0.0135309,0,0.909
0.00832148,-0.00769179,0,-0.01146,0,0.906
0.00586284,-0.00740782,0,-0.00913334,0,0.902
0.00622053,-0.00679335,0,-0.00736987,0,0.901
0.00313524,-0.00680221,0,-0.00530327,0,0.901
-0.00133732,-0.00737306,0,-0.00391938,0,0.902
-0.00417789,-0.00783573,0,-0.00391674,0,0.902
-0.00457249,-0.00772442,0,-0.00499935,0,0.901
-0.00478805,-0.00757428,0,-0.0063615,0,0.9
-0.00481509,-0.00736304,0,-0.00780476,0,0.9
-0.00303322,-0.00627677,0,-0.00941774,0,0.9
-0.00167934,-0.00525012,0,-0.0103881,0,0.901
-0.00172163,-0.0048959,0,-0.010429,0,0.901
-0.00153658,-0.00440796,0,-0.0107197,0,0.901
-0.00240505,-0.00462619,0,-0.0109876,0,0.901
-0.00310814,-0.00481719,0,-0.0119684,0,0.901
-0.00307667,-0.00446244,0,-0.0135346,0,0.902
-0.00175189,-0.00312272,0,-0.0151333,0,0.902
-0.00127161,-0.00243608,0,-0.0160775,0,0.903
-0.00211805,-0.00291189,0,-0.0154347,0,0.903
-0.00287606,-0.00338927,0,-0.0159543,0,0.903
-0.0033339,-0.00233062,0,-0.017577,0,0.901
-0.00409937,-0.00217478,0,-0.0188889,0,0.901
-0.00452557,-0.0020577,0,-0.0231958,0,0.901
-0.00462093,-0.00198263,0,-0.0279168,0,0.901
-0.00401303,-0.00195282,0,-0.0333551,0,0.901
-0.00232272,-0.00195244,0,-0.0365068,0,0.901
-0.00232272,-0.00195244,0,0,0,0.901
-0.00232272,-0.00195244,0,0,0,0.901
-0.00232272,-0.00195244,0,0,0,0.901
-0.00232272,-0.00195244,0,0,0,0.901
-0.00232272,-0.00195244,0,0,0,0.901
-0.00232272,-0.00195244,0,0,0,0.901
0,0,-0.00858365,0,0,0.9
0,0,-0.00858365,0,0,0.9
0,0,-0.00858365,0,0,0.9
0,0,-0.00858365,0,0,0.9
0,0,-0.00858365,0,0,0.9
0,0,-0.00858365,0,0,0.9
0,0,-0.00858365,0,0,0.9
0,0,-0.00858365,0,0,0.9
-0.036641,0,-0.00865742,0,0,0.718
0.00929906,0,-0.0084284,-0.0166636,0,0.893
0.000511987,0,-0.00839191,-0.0137726,0,0.908
0.000575174,0,-0.00822289,-0.0127295,0,0.907
0.00934358,0,-0.00745106,-0.0122518,0,0.904
0.00818047,0,-0.00703657,-0.00991879,0,0.9
0.00844553,0,-0.00646549,-0.00764838,0,0.901
0.00656695,0,-0.00615949,-0.00522972,0,0.902
0.000296523,0,-0.00681411,-0.00336861,0,0.902
-0.00546064,0,-0.00783204,-0.00269595,0,0.903
-0.00854795,0,-0.00857345,-0.00408621,0,0.902
-0.00968324,0,-0.00894901,-0.00629365,0,0.902
-0.00888514,0,-0.00869859,-0.00942857,0,0.901
-0.00605486,0,-0.00746414,-0.0125051,0,0.901
-0.002503,0,-0.00565732,-0.0144579,0,0.9
-0.00104232,0,-0.00457746,-0.0147751,0,0.9
-0.00107187,0,-0.00421982,-0.0142104,0,0.9
-0.00114997,0,-0.0039011,-0.0138259,0,0.9
-0.00160593,0,-0.0038547,-0.0135941,0,0.9
-0.00269467,0,-0.00432049,-0.0139294,0,0.9
-0.00170196,0,-0.00329805,-0.0148049,0,0.9
-0.00141016,0,-0.0027752,-0.0152537,0,0.9
-0.00113986,0,-0.00227867,-0.0150843,0,0.901
-7.74488e-06,0,-0.00101624,-0.0152448,0,0.901
-0.000748689,0,-0.00142256,-0.0135596,0,0.901
-0.00146191,0,-0.00156025,-0.0126029,0,0.9
-0.00212458,0,-0.00139273,-0.0128397,0,0.9
-0.0026636,0,-0.00126371,-0.0148403,0,0.9
-0.00327218,0,-0.00117651,-0.0181281,0,0.9
-0.00300798,0,-0.00113445,-0.0228814,0,0.9
-0.00187941,0,-0.00113098,-0.0265222,0,0.9
-0.00187941,0,-0.00113098,0,0,0.9
-0.00187941,0,-0.00113098,0,0,0.9
-0.00187941,0,-0.00113098,0,0,0.9
-0.00187941,0,-0.00113098,0,0,0.9
-0.00187941,0,-0.00113098,0,0,0.9
-0.00187941,0,-0.00113098,0,0,0.9
0,-0.00941942,0,0,0,0.899
0,-0.00941942,0,0,0,0.899
0,-0.00941942,0,0,0,0.899
0,-0.00941942,0,0,0,0.899
0,-0.00941942,0,0,0,0.899
0,-0.00941942,0,0,0,0.899
0,-0.00941942,0,0,0,0.899
0,-0.00941942,0,0,0,0.899
-0.0448987,-0.0095212,0,0,0,0.7
0.0205047,-0.00920391,0,-0.0204557,0,0.892
0.0109598,-0.00899254,0,-0.0153025,0,0.91
0.0067914,-0.00878289,0,-0.012394,0,0.908
0.00884512,-0.00827626,0,-0.0106287,0,0.907
0.00961455,-0.00768442,0,-0.00822185,0,0.904
0.00857184,-0.00719515,0,-0.00601901,0,0.903
0.00679911,-0.00682439,0,-0.00371873,0,0.902
0.004719,-0.00661032,0,-0.00193938,0,0.903
0.000129663,-0.00701731,0,-0.000539979,0,0.903
-0.00479646,-0.00804511,0,4.16598e-05,0,0.902
-0.00723077,-0.00866419,0,-0.00112961,0,0.901
-0.00618106,-0.00814541,0,-0.00298182,0,0.901
-0.004505,-0.00724377,0,-0.00511269,0,0.901
-0.00228498,-0.00591442,0,-0.00657441,0,0.902
-0.000333399,-0.00450323,0,-0.00749895,0,0.902
0.00037287,-0.00363706,0,-0.00704669,0,0.902
0.00106975,-0.00271551,0,-0.00663013,0,0.902
0.000147513,-0.00286559,0,-0.00560998,0,0.903
-0.000393642,-0.00282396,0,-0.00493256,0,0.903
-2.69981e-05,-0.00214669,0,-0.00499054,0,0.903
-0.00069912,-0.00230921,0,-0.00453266,0,0.903
-0.0011564,-0.00237505,0,-0.0049009,0,0.903
-0.00206991,-0.0028985,0,-0.00531591,0,0.903
-0.0034296,-0.00391981,0,-0.00742261,0,0.903
-0.00386947,-0.00251375,0,-0.0107659,0,0.901
-0.00439509,-0.00235666,0,-0.0195405,0,0.901
-0.0044686,-0.00223282,0,-0.0195405,0,0.901
-0.00411251,-0.00215738,0,-0.0246202,0,0.901
-0.00381561,-0.0021267,0,-0.029592,0,0.901
-0.00224376,-0.00212616,0,-0.0329812,0,0.901
-0.00224376,-0.00212616,0,0,0,0.901
-0.00224376,-0.00212616,0,0,0,0.901
-0.00224376,-0.00212616,0,0,0,0.901
-0.00224376,-0.00212616,0,0,0,0.901
-0.00224376,-0.00212616,0,0,0,0.901
-0.00224376,-0.00212616,0,0,0,0.901
0,0,-0.00773202,0,0,0.9
0,0,-0.00773202,0,0,0.9
0,0,-0.00773202,0,0,0.9
0,0,-0.00773202,0,0,0.9
0,0,-0.00773202,0,0,0.9
0,0,-0.00773202,0,0,0.9
0,0,-0.00773202,0,0,0.9
0,0,-0.00773202,0,0,0.9
-0.0298884,0,-0.00778591,0,0,0.7
0.00801276,0,-0.00760514,-0.0148505,0,0.897
-0.00487727,0,-0.00767423,-0.0125,0,0.909
-0.00262904,0,-0.00753567,-0.0119563,0,0.906
0.00387838,0,-0.0070134,-0.0121174,0,0.904
0.00915716,0,-0.00617502,-0.0108345,0,0.895
0.00935163,0,-0.00561057,-0.00849458,0,0.897
0.0123477,0,-0.00451868,-0.00585355,0,0.898
0.00831054,0,-0.00452097,-0.00233499,0,0.897
0.00328234,0,-0.00506688,0.000206658,0,0.898
-0.00165874,0,-0.00599522,0.0012103,0,0.899
-0.00455526,0,-0.00667821,0.000927815,0,0.9
-0.00483162,0,-0.00663043,-0.000619991,0,0.9
-0.00492749,0,-0.00653212,-0.0024504,0,0.901
-0.00326806,0,-0.00560028,-0.00449424,0,0.901
-0.00214868,0,-0.00479433,-0.00590774,0,0.902
-0.00243363,0,-0.00468154,-0.00660512,0,0.902
-0.00322536,0,-0.00491693,-0.00754024,0,0.902
-0.00316823,0,-0.00466309,-0.00906768,0,0.902
-0.00310177,0,-0.00441106,-0.010981,0,0.903
-0.00295698,0,-0.00404475,-0.0130394,0,0.903
-0.00306388,0,-0.00393505,-0.0144924,0,0.903
-0.00232634,0,-0.00312103,-0.016138,0,0.902
-0.00195439,0,-0.00260299,-0.0174771,0,0.902
-0.00246152,0,-0.0028904,-0.0180112,0,0.902
-0.00291523,0,-0.0022008,-0.0190041,0,0.9
-0.00292104,0,-0.00207538,-0.0199354,0,0.9
-0.0029583,0,-0.00198064,-0.0222353,0,0.9
-0.00328373,0,-0.00191919,-0.0239391,0,0.9
-0.00219998,0,-0.0018965,-0.0272776,0,0.9
-0.00152769,0,-0.00189302,-0.0286636,0,0.9
-0.00152769,0,-0.00189302,0,0,0.9
-0.00152769,0,-0.00189302,0,0,0.9
-0.00152769,0,-0.00189302,0,0,0.9
-0.00152769,0,-0.00189302,0,0,0.9
-0.00152769,0,-0.00189302,0,0,0.9
-0.00152769,0,-0.00189302,0,0,0.9
0,-0.00756273,0,0,0,0.899
0,-0.00756273,0,0,0,0.899
0,-0.00756273,0,0,0,0.899
0,-0.00756273,0,0,0,0.899
0,-0.00756273,0,0,0,0.899
0,-0.00756273,0,0,0,0.899
0,-0.00756273,0,0,0,0.899
0,-0.00756273,0,0,0,0.899
-0.0405446,-0.00764295,0,0,0,0.7
0.0182467,-0.00735199,0,-0.0187183,0,0.893
0.00631671,-0.00728175,0,-0.0144961,0,0.909
0.000892925,-0.00723942,0,-0.0123849,0,0.908
0.00654911,-0.0067001,0,-0.0115802,0,0.908
0.00590616,-0.00635521,0,-0.00963153,0,0.904
0.00237714,-0.00634708,0,-0.00798649,0,0.902
0.00182364,-0.00607853,0,-0.00703972,0,0.902
0.00147565,-0.00577481,0,-0.00612955,0,0.901
-0.00139651,-0.0060878,0,-0.00540474,0,0.902
-0.00365844,-0.00645561,0,-0.00520413,0,0.902
-0.00384283,-0.00633214,0,-0.00611121,0,0.901
-0.00273054,-0.00573236,0,-0.00711812,0,0.901
-0.00390112,-0.00595496,0,-0.0077533,0,0.902
-0.00287484,-0.00527135,0,-0.00877567,0,0.902
-0.00106041,-0.00406066,0,-0.00989492,0,0.902
-0.0020803,-0.00433881,0,-0.00952204,0,0.902
-0.00150586,-0.00370619,0,-0.0100306,0,0.902
-0.00176884,-0.00359868,0,-0.0103527,0,0.902
-0.00217478,-0.00362968,0,-0.0106118,0,0.902
-0.000749207,-0.00229134,0,-0.0115706,0,0.902
0.000180167,-0.00125368,0,-0.011722,0,0.902
-0.000344241,-0.00140544,0,-0.0108149,0,0.902
-0.00135527,-0.00206021,0,-0.00978908,0,0.903
-0.00314672,-0.00351131,0,-0.0101492,0,0.903
-0.00369848,-0.00257636,0,-0.0125395,0,0.901
-0.0042673,-0.0024622,0,-0.0151629,0,0.901
-0.00447456,-0.00237553,0,-0.0205679,0,0.901
-0.00444729,-0.0023187,0,-0.0251687,0,0.901
-0.00376109,-0.00229384,0,-0.0315483,0,0.901
-0.00234964,-0.00229314,0,-0.0344583,0,0.901
-0.00234964,-0.00229314,0,0,0,0.901
-0.00234964,-0.00229314,0,0,0,0.901
-0.00234964,-0.00229314,0,0,0,0.901
-0.00234964,-0.00229314,0,0,0,0.901
-0.00234964,-0.00229314,0,0,0,0.901
-0.00234964,-0.00229314,0,0,0,0.901
0,0,-0.00883179,0,0,0.9
0,0,-0.00883179,0,0,0.9
0,0,-0.00883179,0,0,0.9
0,0,-0.00883179,0,0,0.9
0,0,-0.00883179,0,0,0.9
0,0,-0.00883179,0,0,0.9
0,0,-0.00883179,0,0,0.9
0,0,-0.00883179,0,0,0.9
-0.0254349,0,-0.00886551,0,0,0.7
0.00827797,0,-0.00870238,-0.0128134,0,0.897
-0.000573776,0,-0.00867137,-0.0106241,0,0.91
-2.08694e-05,0,-0.00850283,-0.00998937,0,0.907
0.00678678,0,-0.00789083,-0.00937759,0,0.906
0.0105579,0,-0.00710108,-0.00761983,0,0.9
0.00931473,0,-0.00661639,-0.00531107,0,0.898
0.0080794,0,-0.00616556,-0.00316158,0,0.899
0.00451832,0,-0.00621038,-0.0010094,0,0.9
-0.000599009,0,-0.00687469,0.000543288,0,0.901
-0.00317492,0,-0.00723604,0.000357421,0,0.901
-0.00567991,0,-0.00779655,-0.000471306,0,0.901
-0.00566841,0,-0.00763802,-0.00253652,0,0.9
-0.00414742,0,-0.00683396,-0.00444891,0,0.9
-0.00197877,0,-0.00557626,-0.00614384,0,0.901
-0.00129574,0,-0.00486602,-0.00668675,0,0.9
-0.000986616,0,-0.00432375,-0.00703906,0,0.901
-0.00148537,0,-0.00425026,-0.00716889,0,0.901
-0.00210716,0,-0.00431588,-0.00765182,0,0.901
-0.00274774,0,-0.00446399,-0.00853087,0,0.901
-0.0023597,0,-0.00389825,-0.0101241,0,0.901
-0.00193396,0,-0.00321509,-0.0115643,0,0.901
-0.000642593,0,-0.00185012,-0.0124878,0,0.901
-0.000330061,0,-0.00128739,-0.012643,0,0.901
-0.00125298,0,-0.00187161,-0.0115035,0,0.901
-0.00239393,0,-0.00193263,-0.011239,0,0.9
-0.00268124,0,-0.00177416,-0.012411,0,0.9
-0.00278574,0,-0.00168017,-0.0151099,0,0.9
-0.0034192,0,-0.00159061,-0.0185381,0,0.9
-0.00293041,0,-0.00154489,-0.024062,0,0.9
-0.00174509,0,-0.00153946,-0.0275156,0,0.9
-0.00174509,0,-0.00153946,0,0,0.9
-0.00174509,0,-0.00153946,0,0,0.9
-0.00174509,0,-0.00153946,0,0,0.9
-0.00174509,0,-0.00153946,0,0,0.9
-0.00174509,0,-0.00153946,0,0,0.9
-0.00174509,0,-0.00153946,0,0,0.9
0,-0.00867668,0,0,0,0.899
0,-0.00867668,0,0,0,0.899
0,-0.00867668,0,0,0,0.899
0,-0.00867668,0,0,0,0.899
0,-0.00867668,0,0,0,0.899
0,-0.00867668,0,0,0,0.899
0,-0.00867668,0,0,0,0.899
0,-0.00867668,0,0,0,0.899
-0.0416677,-0.00874368,0,0,0,0.7
0.0178935,-0.00847304,0,-0.0189848,0,0.893
0.00368383,-0.00843656,0,-0.0147904,0,0.91
0.0017641,-0.0082881,0,-0.0130944,0,0.908
0.00673156,-0.00775702,0,-0.0121125,0,0.909
0.00671679,-0.00732372,0,-0.0101041,0,0.905
0.00470563,-0.0069687,0,-0.00826824,0,0.906
0.00245296,-0.00685969,0,-0.00675434,0,0.907
0.00171187,-0.00656746,0,-0.00594739,0,0.906
-0.0026118,-0.00719033,0,-0.00518428,0,0.906
-0.00656537,-0.00806559,0,-0.00496248,0,0.906
-0.00767837,-0.00834156,0,-0.00626911,0,0.906
-0.0063574,-0.00778513,0,-0.00807943,0,0.905
-0.00752582,-0.00817937,0,-0.00987825,0,0.906
-0.00520197,-0.00700382,0,-0.0120337,0,0.906
-0.00338013,-0.00586462,0,-0.0135593,0,0.906
-0.00396212,-0.00594797,0,-0.0137887,0,0.907
-0.00253816,-0.0048177,0,-0.0147495,0,0.906
-0.00189762,-0.00410362,0,-0.0151882,0,0.907
-0.00228289,-0.00407069,0,-0.0150406,0,0.907
-0.0017452,-0.003387,0,-0.0152387,0,0.907
-0.000883678,-0.00239843,0,-0.0152387,0,0.907
-0.000659156,-0.00190818,0,-0.0143153,0,0.907
-0.00149793,-0.0023627,0,-0.0131375,0,0.907
-0.0022176,-0.00279136,0,-0.0127034,0,0.907
-0.00336695,-0.00329257,0,-0.0127736,0,0.906
-0.00385952,-0.00316199,0,-0.015976,0,0.906
-0.00424797,-0.00306013,0,-0.0164688,0,0.906
-0.0038733,-0.00298814,0,-0.0210953,0,0.906
-0.00333706,-0.00295203,0,-0.0243066,0,0.906
-0.00267426,-0.0029474,0,-0.0264366,0,0.906
-0.00267426,-0.0029474,0,-0.02738,0,0.906
-0.00267426,-0.0029474,0,0,0,0.906
-0.00267426,-0.0029474,0,0,0,0.906
-0.00267426,-0.0029474,0,0,0,0.906
-0.00267426,-0.0029474,0,0,0,0.906
-0.00267426,-0.0029474,0,0,0,0.906
0,0,-0.00803255,0,0,0.904
0,0,-0.00803255,0,0,0.904
0,0,-0.00803255,0,0,0.904
0,0,-0.00803255,0,0,0.904
0,0,-0.00803255,0,0,0.904
0,0,-0.00803255,0,0,0.904
0,0,-0.00803255,0,0,0.904
0,0,-0.00803255,0,0,0.904
-0.028277,0,-0.00803985,0,0,0.709
-0.0414081,0,-0.00825536,0,0,0.811
0.00318657,0,-0.00785771,-0.0123739,0,0.902
-0.00129834,0,-0.00781993,-0.0107647,0,0.906
0.00612894,0,-0.00728096,-0.0105063,0,0.905
0.00879121,0,-0.00668353,-0.00889821,0,0.901
0.00777048,0,-0.00627905,-0.00660542,0,0.901
0.00805356,0,-0.00569704,-0.00445872,0,0.902
0.00372253,0,-0.00587904,-0.00229939,0,0.902
-0.00111047,0,-0.00648502,-0.000759748,0,0.903
-0.00420337,0,-0.00701293,-0.00101435,0,0.904
-0.00691138,0,-0.00768302,-0.00187313,0,0.904
-0.0076363,0,-0.00788994,-0.003987,0,0.903
-0.0062621,0,-0.00730946,-0.0066083,0,0.903
-0.00363274,0,-0.00601851,-0.00881319,0,0.903
-0.0017759,0,-0.00485754,-0.00985757,0,0.903
-0.00172838,0,-0.00452048,-0.0100445,0,0.903
-0.00212824,0,-0.00445312,-0.0101333,0,0.903
-0.00238852,0,-0.0043389,-0.0104191,0,0.903
-0.00317465,0,-0.00462594,-0.0111771,0,0.903
-0.00334593,0,-0.004484,-0.0125658,0,0.903
-0.00233175,0,-0.00347602,-0.0141869,0,0.903
-0.00208712,0,-0.00305515,-0.0146274,0,0.904
-0.00102118,0,-0.00190936,-0.0153303,0,0.904
-0.00134051,0,-0.0019708,-0.0144418,0,0.904
-0.00220262,0,-0.00216793,-0.0139541,0,0.903
-0.00269203,0,-0.00206423,-0.0145018,0,0.903
-0.00278536,0,-0.00192802,-0.0155523,0,0.903
-0.0035819,0,-0.00183584,-0.018206,0,0.903
-0.00374594,0,-0.00177977,-0.0221279,0,0.903
-0.00230923,0,-0.00176243,-0.026785,0,0.903
-0.00230923,0,-0.00176243,-0.0265498,0,0.903
-0.00230923,0,-0.00176243,0,0,0.903
-0.00230923,0,-0.00176243,0,0,0.903
-0.00230923,0,-0.00176243,0,0,0.903
-0.00230923,0,-0.00176243,0,0,0.903
-0.00230923,0,-0.00176243,0,0,0.903
-0.00230923,0,-0.00176243,0,0,0.903
0,-0.00897257,0,0,0,0.901
0,-0.00897257,0,0,0,0.901
0,-0.00897257,0,0,0,0.901
0,-0.00897257,0,0,0,0.901
0,-0.00897257,0,0,0,0.901
0,-0.00897257,0,0,0,0.901
0,-0.00897257,0,0,0,0.901
-0.0438832,-0.00897381,0,0,0,0.735
-0.045,-0.00916291,0,0,0,0.805
0.0116276,-0.00868962,0,-0.0150904,0,0.899
-0.000341826,-0.00872473,0,-0.0120122,0,0.907
0.00577878,-0.0082439,0,-0.0114123,0,0.906
0.00545377,-0.00789401,0,-0.00976795,0,0.906
0.00376328,-0.00753064,0,-0.0081577,0,0.904
0.00313745,-0.00718086,0,-0.00698246,0,0.904
0.00210826,-0.00690464,0,-0.00603543,0,0.903
-7.46768e-05,-0.0069456,0,-0.00534062,0,0.903
-0.00521342,-0.00795195,0,-0.0045421,0,0.903
-0.00662119,-0.00822652,0,-0.00575512,0,0.903
-0.0067563,-0.00816211,0,-0.00682605,0,0.902
-0.00671621,-0.0080375,0,-0.00857853,0,0.902
-0.0049801,-0.00712047,0,-0.0102568,0,0.902
-0.00200454,-0.00547987,0,-0.0118351,0,0.902
-0.000126526,-0.00411009,0,-0.0121425,0,0.903
0.000172967,-0.00349514,0,-0.0112805,0,0.903
0.0012314,-0.00224625,0,-0.0102857,0,0.903
0.000402238,-0.00236919,0,-0.00866327,0,0.904
-0.000633713,-0.00272541,0,-0.00750915,0,0.904
-0.00120749,-0.00282516,0,-0.00730142,0,0.904
-0.000989704,-0.00234634,0,-0.00753834,0,0.905
-0.00253745,-0.00339477,0,-0.0080214,0,0.905
-0.00306315,-0.0036619,0,-0.00927067,0,0.906
-0.00371011,-0.0038855,0,-0.0120318,0,0.905
-0.00441709,-0.00374998,0,-0.0149382,0,0.905
-0.00488579,-0.00364104,0,-0.0171872,0,0.905
-0.00526856,-0.00356106,0,-0.0225302,0,0.905
-0.00536715,-0.00351161,0,-0.0284652,0,0.905
-0.00438885,-0.00349736,0,-0.0344618,0,0.905
-0.00438885,-0.00349736,0,-0.038279,0,0.905
-0.00438885,-0.00349736,0,0,0,0.905
-0.00438885,-0.00349736,0,0,0,0.905
-0.00438885,-0.00349736,0,0,0,0.905
-0.00438885,-0.00349736,0,0,0,0.905
-0.00438885,-0.00349736,0,0,0,0.905
-0.00438885,-0.00349736,0,0,0,0.905
0,0,-0.00741267,0,0,0.903
0,0,-0.00741267,0,0,0.903
0,0,-0.00741267,0,0,0.903
0,0,-0.00741267,0,0,0.903
0,0,-0.00741267,0,0,0.903
0,0,-0.00741267,0,0,0.903
0,0,-0.00741267,0,0,0.903
0,0,-0.00741267,0,0,0.903
-0.0372361,0,-0.00756072,0,0,0.7
0.00995036,0,-0.00722279,-0.0188621,0,0.892
0.00389241,0,-0.0071344,-0.0157527,0,0.904
0.00824617,0,-0.00672053,-0.0142292,0,0.903
0.00936587,0,-0.00625386,-0.0120643,0,0.901
0.007655,0,-0.00592449,-0.009498,0,0.899
0.0112315,0,-0.0049494,-0.00741221,0,0.899
0.00746377,0,-0.00490434,-0.00442222,0,0.9
-0.000155242,0,-0.00590693,-0.00194401,0,0.902
-0.00353646,0,-0.00644331,-0.00174324,0,0.902
-0.00959698,0,-0.008057,-0.0026139,0,0.902
-0.0096261,0,-0.00816703,-0.00539824,0,0.903
-0.0069562,0,-0.00723468,-0.00841145,0,0.902
-0.00380363,0,-0.00582798,-0.0107731,0,0.902
-0.000697099,0,-0.00413018,-0.0119036,0,0.902
-0.00104155,0,-0.00398127,-0.0114712,0,0.902
-0.00213149,0,-0.0043071,-0.0110604,0,0.902
-0.00252132,0,-0.00429824,-0.0114625,0,0.902
-0.00298845,0,-0.00438571,-0.0120788,0,0.902
-0.00353708,0,-0.00454043,-0.0133867,0,0.902
-0.0015009,0,-0.0027766,-0.0156479,0,0.902
-0.00124338,0,-0.00232512,-0.0157959,0,0.902
-0.00117417,0,-0.00203499,-0.0155047,0,0.902
-0.000963698,0,-0.00163542,-0.0150026,0,0.902
-0.00171742,0,-0.00214061,-0.0148632,0,0.902
-0.00311615,0,-0.0019957,-0.0142135,0,0.902
-0.00375437,0,-0.00187842,-0.0159281,0,0.902
-0.00332897,0,-0.00181011,-0.0193256,0,0.902
-0.00358877,0,-0.00174721,-0.02325,0,0.902
-0.00277656,0,-0.00171884,-0.0278574,0,0.902
-0.00167939,0,-0.00171742,-0.030037,0,0.902
-0.00167939,0,-0.00171742,0,0,0.902
-0.00167939,0,-0.00171742,0,0,0.902
-0.00167939,0,-0.00171742,0,0,0.902
-0.00167939,0,-0.00171742,0,0,0.902
-0.00167939,0,-0.00171742,0,0,0.902
-0.00167939,0,-0.00171742,0,0,0.902
0,-0.00878952,0,0,0,0.9
0,-0.00878952,0,0,0,0.9
0,-0.00878952,0,0,0,0.9
0,-0.00878952,0,0,0,0.9
0,-0.00878952,0,0,0,0.9
0,-0.00878952,0,0,0,0.9
0,-0.00878952,0,0,0,0.9
0,-0.00878952,0,0,0,0.9
-0.0315302,-0.008877,0,0,0,0.7
0.0203911,-0.00850471,0,-0.0156644,0,0.893
0.00797714,-0.00840951,0,-0.0111972,0,0.908
0.00538431,-0.0082014,0,-0.00916088,0,0.907
0.00757504,-0.0077198,0,-0.00785199,0,0.906
0.00654522,-0.00733631,0,-0.00591088,0,0.902
0.00501463,-0.00703023,0,-0.00437684,0,0.902
0.00138838,-0.00712248,0,-0.00296301,0,0.902
-0.00157719,-0.00732284,0,-0.00230478,0,0.902
-0.00465561,-0.00777379,0,-0.00264536,0,0.902
-0.00716058,-0.00831515,0,-0.00352771,0,0.901
-0.0078309,-0.00846558,0,-0.00571624,0,0.901
-0.00662928,-0.00795548,0,-0.00805378,0,0.901
-0.00641387,-0.00775547,0,-0.0101885,0,0.901
-0.00312972,-0.00604437,0,-0.0125598,0,0.901
-0.00181168,-0.00505696,0,-0.0133719,0,0.901
-0.00173548,-0.00466646,0,-0.0132728,0,0.901
-0.0022027,-0.00461793,0,-0.0133462,0,0.901
-0.0025304,-0.00452732,0,-0.0136497,0,0.901
-0.00302586,-0.00459959,0,-0.014393,0,0.901
-0.00147547,-0.00316206,0,-0.0159893,0,0.902
-0.000516029,-0.00201096,0,-0.0160667,0,0.903
-0.000847005,-0.00198234,0,-0.0156634,0,0.903
-0.00097789,-0.00182669,0,-0.014367,0,0.903
-0.00161295,-0.00217465,0,-0.0143785,0,0.903
-0.0021661,-0.0018647,0,-0.0143009,0,0.901
-0.00365352,-0.00171226,0,-0.0145387,0,0.901
-0.00397453,-0.00159834,0,-0.0182234,0,0.901
-0.00375293,-0.00152617,0,-0.0219318,0,0.901
-0.00297274,-0.00150139,0,-0.0268548,0,0.901
-0.00194385,-0.00149885,0,-0.0294722,0,0.901
-0.00194385,-0.00149885,0,0,0,0.901
-0.00194385,-0.00149885,0,0,0,0.901
-0.00194385,-0.00149885,0,0,0,0.901
-0.00194385,-0.00149885,0,0,0,0.901
-0.00194385,-0.00149885,0,0,0,0.901
-0.00194385,-0.00149885,0,0,0,0.901
0,0,-0.0103527,0,0,0.9
0,0,-0.0103527,0,0,0.9
0,0,-0.0103527,0,0,0.9
0,0,-0.0103527,0,0,0.9
0,0,-0.0103527,0,0,0.9
0,0,-0.0103527,0,0,0.9
0,0,-0.0103527,0,0,0.9
0,0,-0.0103527,0,0,0.9
-0.0345768,0,-0.0104336,0,0,0.7
0.0146105,0,-0.0101227,-0.0163845,0,0.893
0.00566054,0,-0.0100025,-0.0128667,0,0.908
0.00602701,0,-0.00969243,-0.0110975,0,0.908
0.0106364,0,-0.00900369,-0.00954656,0,0.905
0.00907559,0,-0.00853565,-0.00703576,0,0.901
0.0102912,0,-0.00774938,-0.00472331,0,0.901
0.00733626,0,-0.00748895,-0.00256326,0,0.902
0.00369173,0,-0.00753365,-0.000409801,0,0.903
-0.00168985,0,-0.00824904,0.000873949,0,0.903
-0.00323131,0,-0.00830088,0.000373767,0,0.902
-0.00621933,0,-0.00896573,-0.000598611,0,0.901
-0.00626307,0,-0.00878368,-0.00286689,0,0.901
-0.00416528,0,-0.0076748,-0.00497616,0,0.901
-0.00234128,0,-0.00648692,-0.0066657,0,0.901
-0.00123929,0,-0.00550047,-0.00745364,0,0.901
-0.000993736,0,-0.00479031,-0.00764743,0,0.901
-0.0010781,0,-0.00438948,-0.00771771,0,0.901
-0.00162118,0,-0.00432529,-0.00785075,0,0.901
-0.00166387,0,-0.0039584,-0.00821221,0,0.901
-0.00100338,0,-0.0030661,-0.00910806,0,0.901
-0.00074611,0,-0.00248704,-0.00921827,0,0.902
-0.000291992,0,-0.00173444,-0.00935258,0,0.902
-0.000562365,0,-0.00162942,-0.00877992,0,0.902
-0.00137016,0,-0.0020754,-0.00813255,0,0.902
-0.00219916,0,-0.00165345,-0.00861787,0,0.901
-0.00280389,0,-0.00145939,-0.00998964,0,0.901
-0.00325771,0,-0.00131359,-0.0127756,0,0.901
-0.00331549,0,-0.00123834,-0.0164316,0,0.901
-0.00325743,0,-0.00118675,-0.0213871,0,0.901
-0.00184611,0,-0.0011825,-0.0264666,0,0.901
-0.00184611,0,-0.0011825,0,0,0.901
-0.00184611,0,-0.0011825,0,0,0.901
-0.00184611,0,-0.0011825,0,0,0.901
-0.00184611,0,-0.0011825,0,0,0.901
-0.00184611,0,-0.0011825,0,0,0.901
-0.00184611,0,-0.0011825,0,0,0.901
0,-0.010759,0,0,0,0.9
0,-0.010759,0,0,0,0.9
0,-0.010759,0,0,0,0.9
0,-0.010759,0,0,0,0.9
0,-0.010759,0,0,0,0.9
0,-0.010759,0,0,0,0.9
0,-0.010759,0,0,0,0.9
0,-0.010759,0,0,0,0.9
-0.0327328,-0.0108221,0,0,0,0.7
0.018451,-0.0105054,0,-0.0154915,0,0.893
0.00581932,-0.0104118,0,-0.0114944,0,0.91
0.0046934,-0.0101542,0,-0.00968635,0,0.909
0.0110791,-0.00940485,0,-0.00852369,0,0.91
0.00914729,-0.00896113,0,-0.00595953,0,0.907
0.0103401,-0.00817409,0,-0.00383126,0,0.906
0.00339784,-0.00838025,0,-0.00128745,0,0.905
0.000146983,-0.0084936,0,-0.000522669,0,0.905
-0.00373569,-0.00900231,0,-0.000319531,0,0.905
-0.00769276,-0.00985256,0,-0.000870016,0,0.904
-0.00756507,-0.0096629,0,-0.00264345,0,0.903
-0.00314826,-0.00778075,0,-0.00489727,0,0.903
-0.00174654,-0.0067897,0,-0.00594883,0,0.903
-0.00103856,-0.00601948,0,-0.0062809,0,0.904
-0.000791757,-0.0054044,0,-0.00620752,0,0.904
-6.88226e-05,-0.00447579,0,-0.00620752,0,0.904
0.000681827,-0.00347944,0,-0.00601883,0,0.904
-0.000459827,-0.00371856,0,-0.00532159,0,0.904
-0.000686931,-0.00342508,0,-0.00548584,0,0.904
3.55758e-05,-0.00242784,0,-0.00502652,0,0.904
-0.000522751,-0.00243762,0,-0.00514641,0,0.904
-0.000635353,-0.00214242,0,-0.00514641,0,0.904
-0.00160765,-0.00265129,0,-0.00640137,0,0.904
-0.00327616,-0.00389206,0,-0.00640137,0,0.904
-0.00359613,-0.00221622,0,-0.0100035,0,0.901
-0.00399199,-0.0020244,0,-0.012124,0,0.901
-0.00359034,-0.00187989,0,-0.0176148,0,0.901
-0.00313601,-0.00178505,0,-0.0218917,0,0.901
-0.00287153,-0.00174828,0,-0.0247893,0,0.901
-0.0015602,-0.00174811,0,-0.0273517,0,0.901
-0.0015602,-0.00174811,0,0,0,0.901
-0.0015602,-0.00174811,0,0,0,0.901
-0.0015602,-0.00174811,0,0,0,0.901
-0.0015602,-0.00174811,0,0,0,0.901
-0.0015602,-0.00174811,0,0,0,0.901
-0.0015602,-0.00174811,0,0,0,0.901
0,0,-0.00649157,0,0,0.9
0,0,-0.00649157,0,0,0.9
0,0,-0.00649157,0,0,0.9
0,0,-0.00649157,0,0,0.9
0,0,-0.00649157,0,0,0.9
0,0,-0.00649157,0,0,0.9
0,0,-0.00649157,0,0,0.9
0,0,-0.00649157,0,0,0.9
-0.0323127,0,-0.00655437,0,0,0.7
-0.00426596,0,-0.00647432,-0.0127894,0,0.909
-0.00343155,0,-0.00642982,-0.0126285,0,0.91
-0.00547917,0,-0.00645273,-0.0122712,0,0.907
0.000891091,0,-0.00603319,-0.0127454,0,0.903
0.00817233,0,-0.00520063,-0.0118477,0,0.899
0.0119755,0,-0.00421231,-0.00942067,0,0.899
0.0106219,0,-0.00373638,-0.00615301,0,0.896
0.0113423,0,-0.00292198,-0.00377477,0,0.897
0.00372558,0,-0.00402646,-0.00020338,0,0.899
-0.000563719,0,-0.00479635,0.00109088,0,0.899
-0.00184919,0,-0.00494305,0.000924508,0,0.898
-0.00329212,0,-0.00526984,0.00026271,0,0.898
-0.00230667,0,-0.0046917,-0.00104343,0,0.899
-0.00205595,0,-0.00436799,-0.00207216,0,0.9
-0.00288969,0,-0.00459179,-0.00283932,0,0.901
-0.00482608,0,-0.00553268,-0.00407444,0,0.902
-0.005195,0,-0.00568349,-0.00645733,0,0.903
-0.00455257,0,-0.0051905,-0.00951454,0,0.903
-0.00394487,0,-0.004665,-0.0125811,0,0.903
-0.00370008,0,-0.00433599,-0.0148,0,0.903
-0.00372857,0,-0.00424818,-0.0168875,0,0.904
-0.0034274,0,-0.00388211,-0.0188822,0,0.903
-0.00297191,0,-0.00337161,-0.0210718,0,0.903
-0.0034425,0,-0.00369281,-0.0243799,0,0.902
-0.00434501,0,-0.00301864,-0.0243799,0,0.901
-0.00378666,0,-0.00293913,-0.026308,0,0.901
-0.00283188,0,-0.00287877,-0.029412,0,0.901
-0.00258065,0,-0.00283919,-0.0305464,0,0.901
-0.00212434,0,-0.002822,-0.0312761,0,0.901
-0.00150559,0,-0.00282139,-0.0306542,0,0.901
-0.00150559,0,-0.00282139,0,0,0.901
-0.00150559,0,-0.00282139,0,0,0.901
-0.00150559,0,-0.00282139,0,0,0.901
-0.00150559,0,-0.00282139,0,0,0.901
-0.00150559,0,-0.00282139,0,0,0.901
-0.00150559,0,-0.00282139,0,0,0.901
0,-0.00583365,0,0,0,0.9
0,-0.00583365,0,0,0,0.9
0,-0.00583365,0,0,0,0.9
0,-0.00583365,0,0,0,0.9
0,-0.00583365,0,0,0,0.9
0,-0.00583365,0,0,0,0.9
0,-0.00583365,0,0,0,0.9
0,-0.00583365,0,0,0,0.9
-0.0264309,-0.00587548,0,0,0,0.7
0.0214011,-0.00562353,0,-0.0135267,0,0.891
0.012295,-0.00547923,0,-0.00951778,0,0.908
0.00497649,-0.00543005,0,-0.00676682,0,0.907
0.00754185,-0.00503283,0,-0.00566878,0,0.908
0.00428195,-0.00494457,0,-0.00385241,0,0.905
0.00280616,-0.00479797,0,-0.00279522,0,0.904
-0.00174142,-0.00519424,0,-0.00193868,0,0.902
-0.00218464,-0.00512133,0,-0.00222718,0,0.902
-0.00267271,-0.00508439,0,-0.00272482,0,0.902
-0.00530912,-0.0056861,0,-0.00306282,0,0.902
-0.00420806,-0.00530119,0,-0.00459931,0,0.902
-0.00305931,-0.00475574,0,-0.00576276,0,0.901
-0.00239917,-0.0043263,0,-0.0068368,0,0.9
-0.00297541,-0.00444019,0,-0.00735243,0,0.901
-0.00163982,-0.00358533,0,-0.00825045,0,0.902
-0.00189493,-0.00352718,0,-0.00858265,0,0.902
-0.00181292,-0.00327752,0,-0.00887311,0,0.901
-0.00162904,-0.00296063,0,-0.00951708,0,0.901
-0.00239421,-0.00332559,0,-0.00982465,0,0.901
-0.00169597,-0.00263518,0,-0.0109221,0,0.901
-0.000734142,-0.00168863,0,-0.0118104,0,0.902
-0.00130655,-0.00198037,0,-0.0117326,0,0.902
-0.00202929,-0.00246265,0,-0.0114177,0,0.902
-0.00257289,-0.00284294,0,-0.0130903,0,0.902
-0.00307489,-0.00232435,0,-0.0144183,0,0.901
-0.00397667,-0.00224298,0,-0.0160557,0,0.901
-0.00429987,-0.0021809,0,-0.02016,0,0.901
-0.00426724,-0.00213976,0,-0.025,0,0.901
-0.00305658,-0.0021212,0,-0.0308905,0,0.901
-0.00179848,-0.00212028,0,-0.0332641,0,0.901
-0.00179848,-0.00212028,0,0,0,0.901
-0.00179848,-0.00212028,0,0,0,0.901
-0.00179848,-0.00212028,0,0,0,0.901
-0.00179848,-0.00212028,0,0,0,0.901
-0.00179848,-0.00212028,0,0,0,0.901
-0.00179848,-0.00212028,0,0,0,0.901
0,0,-0.0103678,0,0,0.9
0,0,-0.0103678,0,0,0.9
0,0,-0.0103678,0,0,0.9
0,0,-0.0103678,0,0,0.9
0,0,-0.0103678,0,0,0.9
0,0,-0.0103678,0,0,0.9
0,0,-0.0103678,0,0,0.9
0,0,-0.0103678,0,0,0.9
-0.040308,0,-0.0104087,0,0,0.742
0.00700738,0,-0.0102435,-0.0157338,0,0.894
0.000692998,0,-0.0101605,-0.0134647,0,0.909
0.000544693,0,-0.0099689,-0.0122411,0,0.905
0.00477696,0,-0.00947159,-0.0115328,0,0.905
0.00727155,0,-0.00882933,-0.00998075,0,0.902
0.00844003,0,-0.00811072,-0.00808599,0,0.899
0.00711334,0,-0.00766091,-0.00605695,0,0.901
0.00184886,0,-0.00800772,-0.0037993,0,0.902
-0.00302422,0,-0.00864294,-0.00291516,0,0.902
-0.00495396,0,-0.00885292,-0.00357388,0,0.901
-0.00934525,0,-0.0100335,-0.00488106,0,0.9
-0.00930176,0,-0.00996704,-0.00738092,0,0.899
-0.00572203,0,-0.00839279,-0.0106325,0,0.899
-0.00259941,0,-0.00668746,-0.0126937,0,0.9
-0.00156944,0,-0.00575975,-0.0131721,0,0.9
-0.00120432,0,-0.00511244,-0.0131333,0,0.9
-0.00150905,0,-0.00485212,-0.0129427,0,0.9
-0.00143204,0,-0.00437512,-0.0129378,0,0.9
-0.00215766,0,-0.00448022,-0.0129413,0,0.9
-0.00170187,0,-0.00376789,-0.0137581,0,0.9
-0.00130296,0,-0.00308293,-0.0143216,0,0.9
-0.0015731,0,-0.00295553,-0.014383,0,0.9
-0.00119898,0,-0.00232375,-0.0148099,0,0.901
-0.00111917,0,-0.00195605,-0.0152453,0,0.901
-0.00292231,0,-0.00237553,-0.0144936,0,0.9
-0.00286854,0,-0.0021896,-0.0160836,0,0.9
-0.0027785,0,-0.00207887,-0.0185548,0,0.9
-0.00348551,0,-0.00197255,-0.0215255,0,0.9
-0.00268352,0,-0.00191688,-0.0264388,0,0.9
-0.00172075,0,-0.0019092,-0.0291556,0,0.9
-0.00172075,0,-0.0019092,0,0,0.9
-0.00172075,0,-0.0019092,0,0,0.9
-0.00172075,0,-0.0019092,0,0,0.9
-0.00172075,0,-0.0019092,0,0,0.9
-0.00172075,0,-0.0019092,0,0,0.9
-0.00172075,0,-0.0019092,0,0,0.9
0,-0.00929269,0,0,0,0.899
0,-0.00929269,0,0,0,0.899
0,-0.00929269,0,0,0,0.899
0,-0.00929269,0,0,0,0.899
0,-0.00929269,0,0,0,0.899
0,-0.00929269,0,0,0,0.899
0,-0.00929269,0,0,0,0.899
0,-0.00929269,0,0,0,0.899
-0.0416309,-0.00934654,0,0,0,0.7
0.0234077,-0.0090564,0,-0.0193048,0,0.891
0.00939096,-0.00894245,0,-0.0143406,0,0.909
0.00457306,-0.00878899,0,-0.0118137,0,0.907
0.00711034,-0.008334,0,-0.0103786,0,0.909
0.00538826,-0.00802791,0,-0.00845195,0,0.906
0.00189627,-0.0079782,0,-0.00676923,0,0.906
0.00161574,-0.00762857,0,-0.00602903,0,0.906
-0.000413705,-0.00750802,0,-0.0051477,0,0.906
-0.00462298,-0.00815835,0,-0.00483252,0,0.906
-0.00608287,-0.00836835,0,-0.0052545,0,0.905
-0.00807279,-0.00888494,0,-0.00648491,0,0.905
-0.00689748,-0.0083753,0,-0.00840381,0,0.904
-0.00727185,-0.0084199,0,-0.00986404,0,0.904
-0.0038753,-0.00668488,0,-0.011973,0,0.904
-0.00276275,-0.00583354,0,-0.0130428,0,0.905
-0.00161368,-0.00484621,0,-0.0131111,0,0.905
-0.000233366,-0.00360655,0,-0.0131348,0,0.905
-7.97927e-05,-0.00307268,0,-0.0123263,0,0.905
-0.000502186,-0.00296704,0,-0.0113609,0,0.906
-0.00100815,-0.00296718,0,-0.0104053,0,0.906
-0.000412775,-0.00215662,0,-0.0102799,0,0.907
-0.000221317,-0.00165135,0,-0.00958742,0,0.907
-0.00162861,-0.00254454,0,-0.00910567,0,0.905
-0.00242598,-0.00304616,0,-0.00910567,0,0.907
-0.00383514,-0.00349577,0,-0.0102023,0,0.906
-0.00416248,-0.0033535,0,-0.014123,0,0.906
-0.0044685,-0.00324208,0,-0.0161162,0,0.906
-0.00467198,-0.00316416,0,-0.0206951,0,0.906
-0.00444476,-0.00312133,0,-0.0258118,0,0.906
-0.00352677,-0.00311583,0,-0.0300294,0,0.906
-0.00352677,-0.00311583,0,-0.0327512,0,0.906
-0.00352677,-0.00311583,0,0,0,0.906
-0.00352677,-0.00311583,0,0,0,0.906
-0.00352677,-0.00311583,0,0,0,0.906
-0.00352677,-0.00311583,0,0,0,0.906
-0.00352677,-0.00311583,0,0,0,0.906
-0.00352677,-0.00311583,0,0,0,0.906
0,0,-0.00751438,0,0,0.904
0,0,-0.00751438,0,0,0.904
0,0,-0.00751438,0,0,0.904
0,0,-0.00751438,0,0,0.904
0,0,-0.00751438,0,0,0.904
0,0,-0.00751438,0,0,0.904
0,0,-0.00751438,0,0,0.904
-0.0275338,0,-0.00751852,0,0,0.72
-0.0366615,0,-0.00770446,0,0,0.796
0.00530926,0,-0.00732068,-0.0120766,0,0.898
-0.00147132,0,-0.00732625,-0.0104207,0,0.901
0.0044038,0,-0.00689597,-0.00990005,0,0.905
0.00857687,0,-0.00625101,-0.00865391,0,0.902
0.00853307,0,-0.0057546,-0.00631749,0,0.9
0.00808647,0,-0.00526409,-0.00430776,0,0.9
0.00423977,0,-0.00537161,-0.00220045,0,0.9
-0.00134826,0,-0.0061449,-0.000637883,0,0.902
-0.00420726,0,-0.00663864,-0.000768765,0,0.903
-0.00786974,0,-0.00762465,-0.00189779,0,0.903
-0.00821525,0,-0.00776494,-0.00418468,0,0.903
-0.00597512,0,-0.00688948,-0.00691827,0,0.903
-0.00325951,0,-0.00557723,-0.00893701,0,0.903
-0.00217329,0,-0.00481726,-0.00976575,0,0.903
-0.0023074,0,-0.00462644,-0.010061,0,0.903
-0.00266617,0,-0.00458702,-0.010479,0,0.903
-0.00315636,0,-0.00467271,-0.0112394,0,0.903
-0.00316593,0,-0.00447503,-0.0124762,0,0.903
-0.00326684,0,-0.00435399,-0.0139,0,0.903
-0.00243164,0,-0.00351467,-0.0153966,0,0.903
-0.00196548,0,-0.0029248,-0.0161369,0,0.903
-0.00121748,0,-0.00207257,-0.0166042,0,0.903
-0.000898316,0,-0.00157484,-0.0157819,0,0.903
-0.00200925,0,-0.00209526,-0.0144319,0,0.903
-0.00237869,0,-0.00198839,-0.0148698,0,0.903
-0.00273735,0,-0.00187075,-0.0153896,0,0.903
-0.0031595,0,-0.00178386,-0.0178911,0,0.903
-0.00313845,0,-0.00173024,-0.0207721,0,0.903
-0.00217361,0,-0.00171243,-0.0240803,0,0.903
-0.00217361,0,-0.00171243,-0.0239767,0,0.903
-0.00217361,0,-0.00171243,0,0,0.903
-0.00217361,0,-0.00171243,0,0,0.903
-0.00217361,0,-0.00171243,0,0,0.903
-0.00217361,0,-0.00171243,0,0,0.903
-0.00217361,0,-0.00171243,0,0,0.903
-0.00217361,0,-0.00171243,0,0,0.903
0,-0.00866041,0,0,0,0.901
0,-0.00866041,0,0,0,0.901
0,-0.00866041,0,0,0,0.901
0,-0.00866041,0,0,0,0.901
0,-0.00866041,0,0,0,0.901
0,-0.00866041,0,0,0,0.901
0,-0.00866041,0,0,0,0.901
-0.0379251,-0.00866055,0,0,0,0.7
-0.0416215,-0.00885511,0,0,0,0.755
0.0175196,-0.00830959,0,-0.0159247,0,0.892
0.00208698,-0.00835852,0,-0.011797,0,0.904
0.00515754,-0.0079937,0,-0.0107131,0,0.906
0.00457696,-0.00768895,0,-0.00920281,0,0.906
0.00409707,-0.00733566,0,-0.0077271,0,0.903
0.00265482,-0.00710378,0,-0.00632977,0,0.903
0.0011958,-0.0069322,0,-0.00548564,0,0.902
0.000906037,-0.00659606,0,-0.00480124,0,0.902
-0.00461444,-0.00761593,0,-0.00415354,0,0.903
-0.00647734,-0.00799817,0,-0.0051604,0,0.903
-0.00711196,-0.00811794,0,-0.00655877,0,0.903
-0.00590557,-0.00755932,0,-0.00888301,0,0.902
-0.00558311,-0.00727871,0,-0.0101846,0,0.902
-0.00154722,-0.00511268,0,-0.012256,0,0.902
-0.00127406,-0.00460885,0,-0.0121901,0,0.902
-4.58981e-05,-0.00351017,0,-0.0120982,0,0.902
0.000402926,-0.00281553,0,-0.0111586,0,0.903
-0.000116935,-0.00274815,0,-0.0098597,0,0.903
-0.000852316,-0.00281648,0,-0.00899142,0,0.903
-0.000752362,-0.00241615,0,-0.00888219,0,0.904
0.000133988,-0.00136499,0,-0.00881897,0,0.904
-0.00135393,-0.00234017,0,-0.00827741,0,0.905
-0.00293808,-0.00351964,0,-0.00785971,0,0.905
-0.00388263,-0.0041426,0,-0.0103058,0,0.905
-0.00468374,-0.00402094,0,-0.0138919,0,0.905
-0.00470135,-0.00392282,0,-0.0161982,0,0.905
-0.00471184,-0.00385035,0,-0.0219186,0,0.905
-0.0045268,-0.00380563,0,-0.0267861,0,0.905
-0.00340899,-0.00379221,0,-0.0317802,0,0.905
-0.00222979,-0.00379078,0,-0.0342006,0,0.905
-0.00222979,-0.00379078,0,0,0,0.905
-0.00222979,-0.00379078,0,0,0,0.905
-0.00222979,-0.00379078,0,0,0,0.905
-0.00222979,-0.00379078,0,0,0,0.905
-0.00222979,-0.00379078,0,0,0,0.905
-0.00222979,-0.00379078,0,0,0,0.905
0,0,-0.00812213,0,0,0.901
0,0,-0.00812213,0,0,0.901
0,0,-0.00812213,0,0,0.901
0,0,-0.00812213,0,0,0.901
0,0,-0.00812213,0,0,0.901
0,0,-0.00812213,0,0,0.901
0,0,-0.00812213,0,0,0.901
0,0,-0.00812213,0,0,0.901
-0.0425718,0,-0.00822135,0,0,0.795
0.00163332,0,-0.00802371,-0.0131132,0,0.9
-0.00147516,0,-0.00796558,-0.0119154,0,0.907
0.00279502,0,-0.00765154,-0.0115328,0,0.903
0.00799612,0,-0.00703393,-0.010525,0,0.902
0.00777683,0,-0.00657193,-0.00839601,0,0.898
0.00660011,0,-0.0062203,-0.00591657,0,0.902
0.00455108,0,-0.00602222,-0.00419087,0,0.902
-0.00164703,0,-0.00679593,-0.00275038,0,0.903
-0.00415668,0,-0.00714194,-0.00292111,0,0.903
-0.00728165,0,-0.00787613,-0.00383051,0,0.902
-0.00867037,0,-0.00830869,-0.00590774,0,0.901
-0.00735236,0,-0.00782305,-0.00867754,0,0.901
-0.00390626,0,-0.00627664,-0.0111148,0,0.901
-0.00195231,0,-0.00511421,-0.0122233,0,0.901
-0.00193654,0,-0.00479795,-0.0122189,0,0.901
-0.00205291,0,-0.00455974,-0.0122995,0,0.901
-0.00262726,0,-0.00462883,-0.0125372,0,0.901
-0.00306197,0,-0.00466451,-0.01335,0,0.901
-0.00328744,0,-0.00459664,-0.0146211,0,0.901
-0.00242009,0,-0.0037144,-0.0159481,0,0.901
-0.00176891,0,-0.00294889,-0.0169545,0,0.901
-0.0010984,0,-0.00213407,-0.0171363,0,0.901
-0.00108127,0,-0.00188329,-0.0167467,0,0.902
-0.00135939,0,-0.00191947,-0.0162009,0,0.902
-0.00272451,0,-0.00207141,-0.0156366,0,0.901
-0.00338935,0,-0.0019311,-0.0170044,0,0.901
-0.00344137,0,-0.00182407,-0.0209372,0,0.901
-0.003696,0,-0.00175313,-0.0248771,0,0.901
-0.003009,0,-0.00172113,-0.0290326,0,0.901
-0.00170101,0,-0.00171953,-0.0316195,0,0.901
-0.00170101,0,-0.00171953,0,0,0.901
-0.00170101,0,-0.00171953,0,0,0.901
-0.00170101,0,-0.00171953,0,0,0.901
-0.00170101,0,-0.00171953,0,0,0.901
-0.00170101,0,-0.00171953,0,0,0.901
-0.00170101,0,-0.00171953,0,0,0.901
0,-0.00965163,0,0,0,0.9
0,-0.00965163,0,0,0,0.9
0,-0.00965163,0,0,0,0.9
0,-0.00965163,0,0,0,0.9
0,-0.00965163,0,0,0,0.9
0,-0.00965163,0,0,0,0.9
0,-0.00965163,0,0,0,0.9
0,-0.00965163,0,0,0,0.9
-0.0370611,-0.00975707,0,0,0,0.7
0.0220747,-0.00934094,0,-0.0180582,0,0.892
0.00740605,-0.00926255,0,-0.0133681,0,0.906
0.00498985,-0.00904026,0,-0.0112724,0,0.905
0.00723154,-0.00854801,0,-0.00985027,0,0.906
0.00412845,-0.00834575,0,-0.00788904,0,0.902
7.126e-05,-0.00841623,0,-0.00638782,0,0.903
-0.00153798,-0.00832664,0,-0.00591095,0,0.903
-0.0012951,-0.00794729,0,-0.00581609,0,0.901
-0.00365475,-0.00817392,0,-0.00592942,0,0.901
-0.00426873,-0.00807962,0,-0.00664872,0,0.9
-0.00448625,-0.00790133,0,-0.00753705,0,0.9
-0.00299996,-0.00706972,0,-0.00877663,0,0.899
-0.00533579,-0.00776818,0,-0.00938994,0,0.9
-0.00235056,-0.00610148,0,-0.0110532,0,0.9
-0.00184008,-0.0054731,0,-0.0116337,0,0.901
-0.00266114,-0.00556572,0,-0.0117009,0,0.901
-0.00156655,-0.00453115,0,-0.0124108,0,0.901
-0.00135694,-0.00400329,0,-0.0125033,0,0.901
-0.00159189,-0.00379255,0,-0.0125349,0,0.901
-0.00109499,-0.00306812,0,-0.0127601,0,0.902
-0.000640727,-0.00234532,0,-0.012579,0,0.902
-0.000693345,-0.00197388,0,-0.0120651,0,0.903
-0.00178492,-0.00263971,0,-0.0110862,0,0.903
-0.00307315,-0.00358805,0,-0.0125299,0,0.903
-0.00395242,-0.00263375,0,-0.0141419,0,0.901
-0.00435131,-0.00247926,0,-0.0169921,0,0.901
-0.00452281,-0.00236381,0,-0.0214143,0,0.901
-0.00398096,-0.00229068,0,-0.0264325,0,0.901
-0.00314857,-0.00226312,0,-0.0307987,0,0.901
-0.00181402,-0.00226299,0,-0.0330191,0,0.901
-0.00181402,-0.00226299,0,0,0,0.901
-0.00181402,-0.00226299,0,0,0,0.901
-0.00181402,-0.00226299,0,0,0,0.901
-0.00181402,-0.00226299,0,0,0,0.901
-0.00181402,-0.00226299,0,0,0,0.901
-0.00181402,-0.00226299,0,0,0,0.901
0,0,-0.00990959,0,0,0.9
0,0,-0.00990959,0,0,0.9
0,0,-0.00990959,0,0,0.9
0,0,-0.00990959,0,0,0.9
0,0,-0.00990959,0,0,0.9
0,0,-0.00990959,0,0,0.9
0,0,-0.00990959,0,0,0.9
0,0,-0.00990959,0,0,0.9
-0.0297116,0,-0.00997573,0,0,0.7
0.0165017,0,-0.00966864,-0.0151264,0,0.896
0.00595507,0,-0.00956489,-0.0114532,0,0.91
0.00322832,0,-0.00938333,-0.00957314,0,0.91
0.010185,0,-0.00863405,-0.0086178,0,0.909
0.0116322,0,-0.00791956,-0.00630147,0,0.905
0.00819653,0,-0.00764014,-0.00359659,0,0.903
0.00911133,0,-0.00665791,-0.00157009,0,0.903
0.00217879,0,-0.00736629,0.000579452,0,0.904
-0.00265127,0,-0.0080678,0.00131718,0,0.903
-0.00552326,0,-0.00859918,0.000756469,0,0.903
-0.00876845,0,-0.00951417,-0.00064877,0,0.902
-0.00969418,0,-0.00982432,-0.00285354,0,0.901
-0.00683437,0,-0.00854406,-0.00600072,0,0.902
-0.00489042,0,-0.00743127,-0.00846735,0,0.902
-0.00280822,0,-0.0060496,-0.0101714,0,0.902
-0.0023673,0,-0.00542693,-0.0109577,0,0.901
-0.00270202,0,-0.00528572,-0.011394,0,0.902
-0.003152,0,-0.0052547,-0.0121067,0,0.902
-0.00388557,0,-0.00548529,-0.0131294,0,0.902
-0.00301603,0,-0.00454707,-0.0151196,0,0.902
-0.00299899,0,-0.00426127,-0.0166726,0,0.903
-0.00243856,0,-0.00352002,-0.018011,0,0.903
-0.00214376,0,-0.00300021,-0.0190828,0,0.903
-0.00290719,0,-0.0034652,-0.0199111,0,0.903
-0.00355502,0,-0.00258313,-0.0210927,0,0.901
-0.00388452,0,-0.00241969,-0.0221371,0,0.901
-0.00456951,0,-0.00229689,-0.0255735,0,0.901
-0.00505662,0,-0.00221678,-0.0293441,0,0.901
-0.00449428,0,-0.00218675,-0.035372,0,0.901
-0.00263696,0,-0.00218649,-0.0396139,0,0.901
-0.00263696,0,-0.00218649,0,0,0.901
-0.00263696,0,-0.00218649,0,0,0.901
-0.00263696,0,-0.00218649,0,0,0.901
-0.00263696,0,-0.00218649,0,0,0.901
-0.00263696,0,-0.00218649,0,0,0.901
-0.00263696,0,-0.00218649,0,0,0.901
0,-0.00889583,0,0,0,0.9
0,-0.00889583,0,0,0,0.9
0,-0.00889583,0,0,0,0.9
0,-0.00889583,0,0,0,0.9
0,-0.00889583,0,0,0,0.9
0,-0.00889583,0,0,0,0.9
0,-0.00889583,0,0,0,0.9
0,-0.00889583,0,0,0,0.9
-0.0303388,-0.00895735,0,0,0,0.7
0.0103261,-0.00873005,0,-0.0155817,0,0.895
-0.00378702,-0.00878848,0,-0.0127602,0,0.909
-0.00174881,-0.0086152,0,-0.0122524,0,0.908
0.00750947,-0.00787222,0,-0.0119413,0,0.908
0.00849723,-0.00731527,0,-0.00991775,0,0.905
0.00438025,-0.0072545,0,-0.00766096,0,0.903
0.00384545,-0.00685718,0,-0.00631389,0,0.902
-0.000452528,-0.00721335,0,-0.00461471,0,0.902
-0.00373086,-0.00764921,0,-0.00447618,0,0.902
-0.00560291,-0.00795459,0,-0.00517951,0,0.902
-0.0074516,-0.00841464,0,-0.00679827,0,0.901
-0.00556237,-0.00762506,0,-0.00901914,0,0.901
-0.00543029,-0.00740065,0,-0.0105539,0,0.9
-0.00134303,-0.0052702,0,-0.0125309,0,0.901
-0.00126276,-0.00485081,0,-0.0125037,0,0.901
-0.00333758,-0.00561368,0,-0.0120996,0,0.902
-0.00323137,-0.00527552,0,-0.0130998,0,0.902
-0.00310909,-0.00492317,0,-0.0140252,0,0.902
-0.00323542,-0.00475122,0,-0.0148905,0,0.902
-0.00291784,-0.00426696,0,-0.0162626,0,0.903
-0.00136769,-0.00275766,0,-0.0176256,0,0.903
-0.000515687,-0.00174397,0,-0.0181262,0,0.903
-0.00163832,-0.00245057,0,-0.0165301,0,0.903
-0.0020328,-0.00258953,0,-0.0170719,0,0.903
-0.00307493,-0.00226604,0,-0.0173762,0,0.901
-0.00366586,-0.0021162,0,-0.018659,0,0.901
-0.00426107,-0.00200302,0,-0.022204,0,0.901
-0.00400881,-0.00192831,0,-0.0260321,0,0.901
-0.00307056,-0.00189888,0,-0.0309044,0,0.901
-0.00183885,-0.00189835,0,-0.0328456,0,0.901
-0.00183885,-0.00189835,0,0,0,0.901
-0.00183885,-0.00189835,0,0,0,0.901
-0.00183885,-0.00189835,0,0,0,0.901
-0.00183885,-0.00189835,0,0,0,0.901
-0.00183885,-0.00189835,0,0,0,0.901
-0.00183885,-0.00189835,0,0,0,0.901
0,0,-0.00882503,0,0,0.9
0,0,-0.00882503,0,0,0.9
0,0,-0.00882503,0,0,0.9
0,0,-0.00882503,0,0,0.9
0,0,-0.00882503,0,0,0.9
0,0,-0.00882503,0,0,0.9
0,0,-0.00882503,0,0,0.9
0,0,-0.00882503,0,0,0.9
-0.0195719,0,-0.00885117,0,0,0.7
0.00746921,0,-0.00869373,-0.0103788,0,0.897
0.000472122,0,-0.00863682,-0.00868044,0,0.909
-0.00242482,0,-0.00857954,-0.0079317,0,0.907
0.00623937,0,-0.00789843,-0.00787066,0,0.906
0.00670474,0,-0.0074198,-0.00625531,0,0.901
0.00694368,0,-0.00687286,-0.00427709,0,0.898
0.00578558,0,-0.00648691,-0.00279711,0,0.898
0.00245166,0,-0.00658778,-0.000952614,0,0.9
-0.00158024,0,-0.00708712,2.32166e-05,0,0.901
-0.00318483,0,-0.00722116,-0.000501491,0,0.901
-0.00459663,0,-0.00742622,-0.00133395,0,0.901
-0.0044048,0,-0.0071507,-0.00299241,0,0.901
-0.00491761,0,-0.00715326,-0.00439839,0,0.901
-0.00349301,0,-0.00627876,-0.00631226,0,0.901
-0.00329967,0,-0.00591073,-0.00754149,0,0.901
-0.00338976,0,-0.00568836,-0.00891007,0,0.901
-0.00414397,0,-0.00589438,-0.0103073,0,0.901
-0.00525183,0,-0.00642223,-0.0122447,0,0.902
-0.0053313,0,-0.00630892,-0.0150036,0,0.901
-0.00489142,0,-0.00577594,-0.0183404,0,0.901
-0.00371823,0,-0.00465656,-0.0212332,0,0.901
-0.0024526,0,-0.00338942,-0.0232172,0,0.902
-0.00186571,0,-0.00264697,-0.0241129,0,0.902
-0.00237019,0,-0.00289543,-0.0238802,0,0.902
-0.00312722,0,-0.00249498,-0.0239571,0,0.9
-0.00310612,0,-0.00235144,-0.024303,0,0.9
-0.00365781,0,-0.00224302,-0.0261135,0,0.9
-0.00367264,0,-0.00218654,-0.0282901,0,0.9
-0.00315994,0,-0.00214673,-0.0322287,0,0.9
-0.00219203,0,-0.00214274,-0.0344472,0,0.9
-0.00219203,0,-0.00214274,0,0,0.9
-0.00219203,0,-0.00214274,0,0,0.9
-0.00219203,0,-0.00214274,0,0,0.9
-0.00219203,0,-0.00214274,0,0,0.9
-0.00219203,0,-0.00214274,0,0,0.9
-0.00219203,0,-0.00214274,0,0,0.9
0,-0.00899767,0,0,0,0.899
0,-0.00899767,0,0,0,0.899
0,-0.00899767,0,0,0,0.899
0,-0.00899767,0,0,0,0.899
0,-0.00899767,0,0,0,0.899
0,-0.00899767,0,0,0,0.899
0,-0.00899767,0,0,0,0.899
0,-0.00899767,0,0,0,0.899
-0.0390645,-0.00907008,0,0,0,0.702
0.0203169,-0.0087591,0,-0.0188246,0,0.894
0.00608067,-0.00869339,0,-0.0142296,0,0.91
0.00124839,-0.00860714,0,-0.0121637,0,0.909
0.00633258,-0.00806636,0,-0.0112763,0,0.91
0.00424166,-0.00771791,0,-0.00944111,0,0.906
0.00063133,-0.00775213,0,-0.00784521,0,0.906
0.000333137,-0.00745674,0,-0.0072303,0,0.907
4.30167e-05,-0.00713827,0,-0.00654943,0,0.905
-0.00371447,-0.00767645,0,-0.00626213,0,0.902
-0.0048078,-0.00775826,0,-0.00668968,0,0.901
-0.00390053,-0.00724619,0,-0.00767762,0,0.9
-0.00266073,-0.00651351,0,-0.00866115,0,0.9
-0.00434815,-0.00694551,0,-0.00903,0,0.9
-0.00160955,-0.00536825,0,-0.0101377,0,0.9
-0.00170356,-0.00514101,0,-0.0106211,0,0.9
-0.00243723,-0.00520272,0,-0.0104841,0,0.9
-0.00159431,-0.00436268,0,-0.0111826,0,0.901
-0.00161571,-0.00402292,0,-0.0114896,0,0.901
-0.00158169,-0.00365684,0,-0.0119121,0,0.901
-0.000994751,-0.00280609,0,-0.0122075,0,0.902
3.78648e-05,-0.00163535,0,-0.0122362,0,0.902
-0.000757842,-0.0019806,0,-0.0113051,0,0.903
-0.00224083,-0.00300816,0,-0.0106049,0,0.903
-0.00335306,-0.00381909,0,-0.0121832,0,0.903
-0.00399575,-0.00291327,0,-0.0145132,0,0.901
-0.00416267,-0.00277397,0,-0.017545,0,0.901
-0.00476815,-0.00266822,0,-0.0216857,0,0.901
-0.00420737,-0.00259887,0,-0.0273686,0,0.901
-0.00324925,-0.00256854,0,-0.0321992,0,0.901
-0.00186729,-0.00256768,0,-0.034373,0,0.901
-0.00186729,-0.00256768,0,0,0,0.901
-0.00186729,-0.00256768,0,0,0,0.901
-0.00186729,-0.00256768,0,0,0,0.901
-0.00186729,-0.00256768,0,0,0,0.901
-0.00186729,-0.00256768,0,0,0,0.901
-0.00186729,-0.00256768,0,0,0,0.901
0,0,-0.00996355,0,0,0.9
0,0,-0.00996355,0,0,0.9
0,0,-0.00996355,0,0,0.9
0,0,-0.00996355,0,0,0.9
0,0,-0.00996355,0,0,0.9
0,0,-0.00996355,0,0,0.9
0,0,-0.00996355,0,0,0.9
0,0,-0.00996355,0,0,0.9
-0.0294898,0,-0.0100032,0,0,0.7
0.0113445,0,-0.00980186,-0.0148683,0,0.896
0.00356092,0,-0.00970083,-0.0119792,0,0.91
0.00194757,0,-0.00951885,-0.0105173,0,0.907
0.00972917,0,-0.00877715,-0.00972404,0,0.906
0.0128969,0,-0.00794189,-0.00746286,0,0.903
0.01028,0,-0.00751467,-0.00448183,0,0.901
0.00710714,0,-0.00728827,-0.00180483,0,0.901
0.00400684,0,-0.00723643,-0.000147491,0,0.902
-0.00266632,0,-0.00823881,0.00113808,0,0.903
-0.00501397,0,-0.00857125,0.00035506,0,0.902
-0.00676052,0,-0.00891151,-0.00101025,0,0.901
-0.00819489,0,-0.00929611,-0.00322623,0,0.9
-0.00681483,0,-0.00862066,-0.00626449,0,0.9
-0.00442504,0,-0.0073258,-0.00895263,0,0.9
-0.00303368,0,-0.00632572,-0.0105593,0,0.901
-0.00312591,0,-0.00595013,-0.0114231,0,0.901
-0.0036084,0,-0.00592334,-0.0122735,0,0.901
-0.00403336,0,-0.00591145,-0.0134961,0,0.901
-0.00518676,0,-0.00648029,-0.0150065,0,0.901
-0.004401,0,-0.00566365,-0.0177674,0,0.901
-0.00385957,0,-0.00499326,-0.0203137,0,0.901
-0.0030788,0,-0.00409398,-0.0221269,0,0.901
-0.00187067,0,-0.00279253,-0.0237945,0,0.902
-0.00242728,0,-0.00305142,-0.024305,0,0.902
-0.0035035,0,-0.00266038,-0.024031,0,0.9
-0.00406412,0,-0.00249262,-0.024806,0,0.9
-0.00423635,0,-0.00236527,-0.0282004,0,0.9
-0.00395473,0,-0.00229833,-0.0316363,0,0.9
-0.00380215,0,-0.00224993,-0.036023,0,0.9
-0.00231596,0,-0.00224418,-0.039655,0,0.9
-0.00231596,0,-0.00224418,0,0,0.9
-0.00231596,0,-0.00224418,0,0,0.9
-0.00231596,0,-0.00224418,0,0,0.9
-0.00231596,0,-0.00224418,0,0,0.9
-0.00231596,0,-0.00224418,0,0,0.9
-0.00231596,0,-0.00224418,0,0,0.9
0,-0.00949761,0,0,0,0.899
0,-0.00949761,0,0,0,0.899
0,-0.00949761,0,0,0,0.899
0,-0.00949761,0,0,0,0.899
0,-0.00949761,0,0,0,0.899
0,-0.00949761,0,0,0,0.899
0,-0.00949761,0,0,0,0.899
0,-0.00949761,0,0,0,0.899
-0.0417231,-0.00956306,0,0,0,0.7
0.0222707,-0.00925414,0,-0.020301,0,0.893
0.00620543,-0.00919353,0,-0.0153128,0,0.911
0.0019461,-0.00907437,0,-0.0131994,0,0.91
0.00736101,-0.0084945,0,-0.0121795,0,0.91
0.00475605,-0.00814578,0,-0.0100654,0,0.907
0.000876613,-0.00817753,0,-0.00836578,0,0.907
-0.00102239,-0.00811397,0,-0.00767277,0,0.907
-0.00341788,-0.00826322,0,-0.00701785,0,0.906
-0.00610636,-0.0086665,0,-0.00741096,0,0.906
-0.00788806,-0.00903045,0,-0.00824134,0,0.905
-0.00722587,-0.00873294,0,-0.0097011,0,0.905
-0.00499545,-0.0077484,0,-0.0117163,0,0.901
-0.00556388,-0.00777115,0,-0.0124739,0,0.9
-0.002199,-0.00593041,0,-0.0143017,0,0.9
-0.0020624,-0.00550188,0,-0.0145823,0,0.901
-0.00165006,-0.00489142,0,-0.0145864,0,0.901
-0.000720255,-0.00391751,0,-0.0147717,0,0.901
-0.00102101,-0.00370554,0,-0.0142349,0,0.901
-0.0013691,-0.00357026,0,-0.0139752,0,0.901
-0.000825759,-0.00280695,0,-0.0140688,0,0.902
-0.00023946,-0.00197233,0,-0.0137073,0,0.902
0.000510092,-0.000979471,0,-0.0134407,0,0.902
-0.00167018,-0.00257204,0,-0.0109298,0,0.903
-0.00245603,-0.00304762,0,-0.0120683,0,0.903
-0.00363621,-0.00261377,0,-0.0134137,0,0.901
-0.00427202,-0.00245414,0,-0.0159066,0,0.901
-0.00467763,-0.00233237,0,-0.0202617,0,0.901
-0.00434852,-0.00225167,0,-0.0261399,0,0.901
-0.00335109,-0.00221495,0,-0.0315969,0,0.901
-0.00191583,-0.00221344,0,-0.0344889,0,0.901
-0.00191583,-0.00221344,0,0,0,0.901
-0.00191583,-0.00221344,0,0,0,0.901
-0.00191583,-0.00221344,0,0,0,0.901
-0.00191583,-0.00221344,0,0,0,0.901
-0.00191583,-0.00221344,0,0,0,0.901
-0.00191583,-0.00221344,0,0,0,0.901
0,0,-0.0094722,0,0,0.9
0,0,-0.0094722,0,0,0.9
0,0,-0.0094722,0,0,0.9
0,0,-0.0094722,0,0,0.9
0,0,-0.0094722,0,0,0.9
0,0,-0.0094722,0,0,0.9
0,0,-0.0094722,0,0,0.9
0,0,-0.0094722,0,0,0.9
-0.011589,0,-0.00947549,0,0,0.714
-0.000872502,0,-0.00941108,-0.0070109,0,0.896
-0.00940107,0,-0.00947087,-0.00683239,0,0.91
-0.0104393,0,-0.00950733,-0.00747516,0,0.907
-0.000212045,0,-0.00892591,-0.00879221,0,0.906
0.00895126,0,-0.00786032,-0.00847314,0,0.901
0.00965127,0,-0.0071842,-0.0065132,0,0.9
0.00844425,0,-0.00668953,-0.00419811,0,0.9
0.00530773,0,-0.00661689,-0.00158386,0,0.902
-0.00180613,0,-0.00767674,0.000261477,0,0.903
-0.00420172,0,-0.00800156,-0.000232049,0,0.902
-0.00880176,0,-0.00925297,-0.00140027,0,0.9
-0.00885207,0,-0.00923969,-0.00450447,0,0.9
-0.00850055,0,-0.00906021,-0.00742783,0,0.9
-0.00509767,0,-0.00739972,-0.0108024,0,0.9
-0.002188,0,-0.00565716,-0.0126756,0,0.9
-0.00211542,0,-0.00516208,-0.0132161,0,0.9
-0.00307738,0,-0.00541308,-0.0135268,0,0.9
-0.00433579,0,-0.005967,-0.0141836,0,0.9
-0.00546872,0,-0.00655592,-0.0156274,0,0.9
-0.00491935,0,-0.0059558,-0.018492,0,0.9
-0.00373067,0,-0.00485807,-0.0214216,0,0.9
-0.00308361,0,-0.00408782,-0.0234597,0,0.9
-0.00197147,0,-0.00288161,-0.0250432,0,0.9
-0.00192284,0,-0.00259669,-0.0250963,0,0.9
-0.00281463,0,-0.00252199,-0.0251426,0,0.9
-0.00358482,0,-0.00235009,-0.0253142,0,0.9
-0.00347895,0,-0.00221595,-0.0286364,0,0.9
-0.00436839,0,-0.00212288,-0.0312199,0,0.9
-0.00384847,0,-0.00207414,-0.0364608,0,0.9
-0.00231916,0,-0.00206742,-0.0405316,0,0.9
-0.00231916,0,-0.00206742,0,0,0.9
-0.00231916,0,-0.00206742,0,0,0.9
-0.00231916,0,-0.00206742,0,0,0.9
-0.00231916,0,-0.00206742,0,0,0.9
-0.00231916,0,-0.00206742,0,0,0.9
-0.00231916,0,-0.00206742,0,0,0.9
0,-0.00937888,0,0,0,0.9
0,-0.00937888,0,0,0,0.9
0,-0.00937888,0,0,0,0.9
0,-0.00937888,0,0,0,0.9
0,-0.00937888,0,0,0,0.9
0,-0.00937888,0,0,0,0.9
0,-0.00937888,0,0,0,0.9
0,-0.00937888,0,0,0,0.9
0,-0.00937191,0,0,0,0.9
0,-0.0093131,0,-0.0171677,0,0.9
0,-0.00919791,0,-0.0155418,0,0.9
0,-0.00903052,0,-0.0141842,0,0.9
0,-0.00881508,0,-0.0138995,0,0.9
0,-0.00855578,0,-0.0125055,0,0.9
0,-0.00825676,0,-0.0119752,0,0.9
0,-0.00792222,0,-0.0116862,0,0.9
0,-0.0075563,0,-0.0110406,0,0.9
0,-0.00716319,0,-0.0112959,0,0.9
0,-0.00674705,0,-0.0122452,0,0.9
0,-0.00631204,0,-0.0132019,0,0.9
0,-0.00586234,0,-0.015134,0,0.9
0,-0.00540212,0,-0.0161032,0,0.9
0,-0.00493554,0,-0.0178149,0,0.9
0,-0.00446677,0,-0.0183384,0,0.9
0,-0.00399998,0,-0.0187471,0,0.9
0,-0.00353934,0,-0.0186267,0,0.9
0,-0.00308901,0,-0.0186687,0,0.9
0,-0.00265318,0,-0.0182848,0,0.9
0,-0.00223599,0,-0.018059,0,0.9
0,-0.00184163,0,-0.0171079,0,0.9
0,-0.00147425,0,-0.0167964,0,0.9
0,-0.00113804,0,-0.0141016,0,0.9
0,-0.000837152,0,-0.0150211,0,0.9
0,-0.00057576,0,-0.017992,0,0.9
0,-0.000358032,0,-0.0228961,0,0.9
0,-0.000188137,0,-0.0277464,0,0.9
0,-7.0242e-05,0,-0.0337731,0,0.9
0,-8.51632e-06,0,-0.0378973,0,0.9
0,0,0,-0.0394321,0,0.9
0,0,0,0,0,0.9
0,0,0,0,0,0.9
0,0,0,0,0,0.9
0,0,0,0,0,0.9
0,0,0,0,0,0.9
0,0,0,0,0,0.9
0,0,0,0,0,0.9
0,0,0,0,0,0.9
0,0,0,0,0,0.9
0,0,0,0,0,0.9
0,0,0,0,0,0.9
0,0,0,0,0,0.9
0,0,0,0,0,0.9
0,0,0,0,0,0.9
0,0,0,0,0,0.9
0,0,0,0,0,0.9
0,0,0,0,0,0.9
0,0,0,0,0,0.9
0,0,0,0,0,0.9
0,0,0,0,0,0.9
0,0,0,0,0,0.9
0,0,0,0,0,0.9
0,0,0,0,0,0.9
0,0,0,0,0,0.9
0,0,0,0,0,0.9
0,0,0,0,0,0.9
0,0,0,0,0,0.9
0,0,0,0,0,0.9
0,0,0,0,0,0.9
0,0,0,0,0,0.9
0,0,0,0,0,0.9
0,0,0,0,0,0.9
0,0,0,0,0,0.9
0,0,0,0,0,0.9
0,0,0,0,0,0.9
0,0,0,0,0,0.9
0,0,0,0,0,0.9
0,0,0,0,0,0.9
0,0,0,0,0,0.9
