-8.5717,-1.453,228.913,-0.48487,2.40144,-0.07012
-8.4876,-1.4862,228.962,-0.48025,2.3944,-0.07137
-8.5508,-1.5829,228.811,-0.49301,2.40487,-0.06884
-8.5648,-1.5448,228.83,-0.48704,2.40186,-0.06904
-8.6019,-1.4783,228.76,-0.48766,2.4031,-0.06754
-8.5307,-1.6549,228.967,-0.49578,2.39857,-0.0682
-8.6215,-1.58,228.9,-0.49221,2.39895,-0.06787
-8.6208,-1.6167,228.872,-0.49693,2.40414,-0.06598
-8.5894,-1.7103,228.81,-0.50167,2.40049,-0.06534
-8.6454,-1.5649,228.878,-0.49026,2.40337,-0.06831
-8.5835,-1.6909,229.069,-0.49376,2.39427,-0.06972
-8.6741,-1.5263,228.864,-0.49027,2.405,-0.06866
-8.6769,-1.5415,228.99,-0.48811,2.40401,-0.07074
-8.5781,-1.6173,228.922,-0.49113,2.39778,-0.07057
-8.6373,-1.5417,228.947,-0.49264,2.40032,-0.06965
-8.6286,-1.7043,228.933,-0.50013,2.39808,-0.06787
-8.6707,-1.5816,228.982,-0.4966,2.40534,-0.06911
-8.6315,-1.6474,228.896,-0.49547,2.40396,-0.06693
-8.6796,-1.5415,228.894,-0.49555,2.40685,-0.06813
-8.7567,-1.3861,228.812,-0.48481,2.41285,-0.06848
-8.7071,-1.5819,228.858,-0.49287,2.40687,-0.06812
-8.6795,-1.5431,228.885,-0.4901,2.40646,-0.06821
-8.7344,-1.4212,228.874,-0.48271,2.41128,-0.06815
-8.6731,-1.5734,228.811,-0.49357,2.40726,-0.06544
-8.6497,-1.7075,228.957,-0.49594,2.40311,-0.06548
-8.7374,-1.6406,228.8,-0.49625,2.40953,-0.06493
-8.6376,-1.715,229.084,-0.49057,2.40049,-0.06683
-8.6634,-1.7003,228.976,-0.49419,2.40352,-0.06611
-8.7276,-1.5396,228.964,-0.48743,2.40593,-0.06572
-8.7157,-1.6312,228.94,-0.49152,2.40402,-0.06612
-8.7347,-1.6146,228.958,-0.4949,2.40737,-0.0659
-8.7403,-1.6851,228.836,-0.50377,2.40723,-0.06403
-8.7591,-1.6074,228.923,-0.49561,2.41182,-0.06567
-8.7466,-1.7025,229.01,-0.49868,2.40768,-0.0654
-8.8159,-1.5525,228.787,-0.49444,2.41073,-0.06485
-8.7816,-1.657,228.829,-0.49608,2.40956,-0.06484
-8.7408,-1.7219,228.935,-0.49881,2.40056,-0.06481
-8.7569,-1.759,228.909,-0.50068,2.40535,-0.06407
-8.6496,-1.7848,228.927,-0.5019,2.40214,-0.06371
-8.6782,-1.7391,229.053,-0.49843,2.39691,-0.06481
-8.6828,-1.728,228.972,-0.49818,2.40408,-0.06542
-8.736,-1.6725,228.841,-0.5067,2.40692,-0.06233
-8.8032,-1.5804,228.801,-0.49556,2.41301,-0.0611
-8.7355,-1.6177,228.851,-0.4948,2.40853,-0.06175
-8.677,-1.5862,228.848,-0.49408,2.40375,-0.06166
-8.6705,-1.7399,228.923,-0.50304,2.4043,-0.06014
-8.6807,-1.6067,228.902,-0.49428,2.40521,-0.06123
-8.5594,-1.7318,229.031,-0.49837,2.39578,-0.05981
-8.5639,-1.8546,228.981,-0.50697,2.39451,-0.0572
-8.4953,-2.0496,229.014,-0.5109,2.38567,-0.05714
-8.5537,-1.9502,228.826,-0.50601,2.39069,-0.0537
-8.5785,-1.8484,228.843,-0.50092,2.39333,-0.05227
-8.6231,-1.8222,228.68,-0.49981,2.39101,-0.04988
-8.5723,-1.914,228.688,-0.50893,2.38696,-0.04756
-8.5082,-2.0169,228.699,-0.51137,2.37928,-0.0459
-8.5578,-1.8695,228.503,-0.50613,2.38944,-0.04378
-8.4423,-1.954,228.631,-0.50924,2.38143,-0.04322
-8.4653,-1.8149,228.602,-0.50291,2.3818,-0.04365
-8.4748,-1.7963,228.459,-0.50297,2.37825,-0.04385
-8.6229,-1.6806,228.3,-0.49826,2.38977,-0.04243
-8.7099,-1.6598,228.394,-0.49646,2.38563,-0.04644
-8.888,-1.7617,228.429,-0.50508,2.39038,-0.04554
-9.0323,-1.7459,228.354,-0.49946,2.39607,-0.04866
-9.1038,-1.737,228.368,-0.50114,2.40103,-0.04931
-9.1499,-1.8013,228.418,-0.50436,2.40417,-0.04949
-9.2735,-1.578,228.488,-0.49729,2.41105,-0.05018
-9.1726,-1.848,228.916,-0.49626,2.39928,-0.05262
-9.2403,-1.6187,228.756,-0.48177,2.40931,-0.05142
-9.2467,-1.6395,228.905,-0.48183,2.4153,-0.04997
-9.1569,-1.4701,229.028,-0.46661,2.41569,-0.05113
-9.0914,-1.3652,229.02,-0.46312,2.41779,-0.04874
-8.8101,-1.2816,229.242,-0.44991,2.40592,-0.05059
-8.5636,-1.025,229.313,-0.4415,2.40178,-0.05073
-8.1882,-1.0729,229.522,-0.43983,2.39207,-0.05263
-7.9566,-1.1433,229.812,-0.44165,2.38499,-0.05211
-7.8225,-1.0534,229.887,-0.43222,2.3807,-0.05013
-7.6979,-1.0321,229.84,-0.42792,2.37932,-0.04521
-7.7215,-1.0995,229.825,-0.43169,2.3806,-0.04228
-7.7867,-1.2981,229.845,-0.44159,2.38005,-0.039
-7.7617,-1.4001,229.943,-0.43666,2.37283,-0.03906
-7.8836,-1.2482,229.879,-0.42927,2.37857,-0.03715
-7.9398,-1.2777,229.872,-0.43756,2.37996,-0.03626
-7.9716,-1.4054,229.863,-0.44905,2.37761,-0.03236
-7.9141,-1.3847,229.713,-0.45451,2.37768,-0.03362
-7.9673,-1.3157,229.404,-0.45653,2.38445,-0.03291
-8.0109,-1.2413,229.315,-0.45671,2.38633,-0.03352
-7.932,-1.652,229.447,-0.47479,2.37757,-0.03297
-8.0695,-1.5822,229.333,-0.47722,2.38534,-0.03196
-8.1588,-1.6707,229.411,-0.47902,2.38589,-0.03263
-8.2447,-1.6634,229.344,-0.47909,2.3937,-0.0329
-8.3342,-1.678,229.429,-0.47576,2.39293,-0.03703
-8.3759,-1.717,229.238,-0.47547,2.39375,-0.03808
-8.4099,-1.7998,229.227,-0.47827,2.3983,-0.04075
-8.4644,-1.7887,229.237,-0.47631,2.39664,-0.04274
-8.478,-1.7536,229.293,-0.47046,2.39593,-0.04495
-8.4838,-1.6529,229.294,-0.46959,2.40025,-0.04638
-8.4231,-1.8427,229.212,-0.4809,2.40128,-0.04341
-8.3556,-1.7657,229.138,-0.47895,2.39551,-0.04156
-8.2812,-1.8685,229.167,-0.48514,2.39476,-0.03955
-8.3366,-2.03,229.026,-0.49678,2.39334,-0.03433
-8.429,-2.0691,228.984,-0.49708,2.39429,-0.0316
-8.4505,-2.0074,228.797,-0.4956,2.39778,-0.02727
-8.297,-2.2651,228.887,-0.51041,2.39117,-0.02547
-8.2098,-2.1932,228.751,-0.51134,2.38756,-0.02185
-8.0753,-2.1879,228.746,-0.5139,2.38701,-0.02033
-7.8983,-2.182,228.779,-0.51769,2.38555,-0.01903
-7.6614,-2.2152,228.974,-0.51577,2.37255,-0.02205
-7.6761,-1.9926,228.691,-0.51135,2.38046,-0.02169
-7.5767,-2.0153,228.743,-0.5163,2.37879,-0.02153
-7.4945,-1.9542,228.762,-0.5133,2.37315,-0.02303
-7.5036,-1.8837,228.761,-0.51272,2.37859,-0.02461
-7.4467,-1.8068,228.771,-0.50608,2.37114,-0.02643
-7.4131,-1.6887,228.726,-0.50086,2.37205,-0.02711
-7.3538,-1.8177,228.786,-0.50747,2.36571,-0.02703
-7.4134,-1.6947,228.706,-0.50805,2.37129,-0.02648
-7.3401,-1.6797,228.783,-0.5091,2.36504,-0.02921
-7.3158,-1.7161,228.763,-0.50951,2.36758,-0.03054
-7.2752,-1.7015,228.779,-0.50463,2.36435,-0.03277
-7.315,-1.6602,228.78,-0.50551,2.36605,-0.03484
-7.3615,-1.6442,228.734,-0.5132,2.36793,-0.0348
-7.3385,-1.5427,228.767,-0.50779,2.36739,-0.03783
-7.3843,-1.4508,228.831,-0.49879,2.36785,-0.03946
-7.4415,-1.4083,228.717,-0.49979,2.37041,-0.03946
-7.3833,-1.628,228.901,-0.50751,2.36359,-0.04004
-7.4425,-1.5307,228.837,-0.49906,2.36086,-0.04202
-7.514,-1.5435,228.81,-0.49473,2.36572,-0.04367
-7.5686,-1.5893,228.907,-0.49529,2.36298,-0.0454
-7.7321,-1.5498,228.746,-0.49724,2.36809,-0.04533
-7.7865,-1.6898,228.718,-0.50183,2.37165,-0.0456
-7.7995,-1.6943,228.756,-0.49729,2.3628,-0.04788
-7.8669,-1.5703,228.77,-0.48773,2.36186,-0.04844
-7.9826,-1.5421,228.798,-0.48738,2.36356,-0.04952
-8.0433,-1.5225,228.735,-0.48858,2.36937,-0.04642
-8.1732,-1.499,228.781,-0.48905,2.37231,-0.04616
-8.24,-1.5291,228.704,-0.4923,2.36974,-0.04311
-8.3365,-1.4676,228.828,-0.48849,2.37629,-0.04482
-8.4214,-1.4736,228.877,-0.4802,2.37706,-0.04534
-8.561,-1.4061,228.891,-0.4768,2.38463,-0.0462
-8.6366,-1.4798,229.084,-0.47556,2.38513,-0.04766
-8.6952,-1.4425,229.261,-0.46874,2.39112,-0.04818
-8.7141,-1.4433,229.172,-0.47158,2.39803,-0.04373
-8.6008,-1.4135,229.311,-0.45928,2.39218,-0.04343
-8.6129,-1.4569,229.43,-0.45716,2.38891,-0.04187
-8.4974,-1.4903,229.369,-0.46042,2.39545,-0.04037
-8.4212,-1.4968,229.322,-0.45712,2.39328,-0.04086
-8.2511,-1.6726,229.392,-0.46604,2.38764,-0.04624
-8.2511,-1.6726,229.392,-0.46604,2.38764,-0.04624
-8.2511,-1.6726,229.392,-0.46604,2.38764,-0.04624
-8.0809,-1.1471,229.373,-0.44415,2.38978,-0.05568
-7.8832,-1.0908,229.847,-0.42973,2.38154,-0.06654
-8.0324,-0.9679,229.582,-0.4315,2.38939,-0.0649
-8.0949,-1.0159,229.715,-0.42801,2.38556,-0.06597
-8.24,-0.8552,229.826,-0.41848,2.3881,-0.06936
-8.3626,-0.9233,229.85,-0.41851,2.39164,-0.07035
-8.705,-0.9366,229.896,-0.41883,2.40757,-0.06543
-8.9105,-1.0515,230.148,-0.4157,2.41261,-0.06623
-9.1725,-1.1272,230.117,-0.41684,2.41967,-0.06485
-9.3016,-1.2632,230.119,-0.42145,2.42149,-0.06286
-9.2631,-1.2523,230.237,-0.42018,2.41554,-0.06619
-9.3068,-1.2568,230.097,-0.41707,2.41212,-0.07069
-9.342,-1.2311,230.005,-0.42258,2.41675,-0.07266
-9.3201,-1.1555,230.027,-0.41793,2.41411,-0.07262
-9.1561,-1.1382,230.107,-0.41109,2.40682,-0.07483
-9.0665,-1.0924,229.998,-0.41572,2.40327,-0.07485
-9.0182,-0.8591,229.952,-0.40637,2.40466,-0.07648
-8.9007,-0.7609,230.064,-0.4017,2.4034,-0.08097
-8.7599,-0.7271,230.123,-0.39641,2.39731,-0.08371
-8.7316,-0.6465,230.016,-0.39309,2.39833,-0.08428
-8.7393,-0.6273,230.037,-0.40013,2.40585,-0.08485
-8.6841,-0.6623,229.93,-0.40114,2.40387,-0.08699
-8.6571,-0.7463,229.844,-0.40173,2.40029,-0.08922
-8.6605,-0.799,229.865,-0.40284,2.39694,-0.09086
-8.7094,-0.9354,229.922,-0.40546,2.39919,-0.08906
-8.8289,-0.7894,229.797,-0.4025,2.40944,-0.08488
-8.911,-0.8125,229.853,-0.39691,2.41514,-0.08281
-8.7321,-1.2261,229.936,-0.4147,2.40382,-0.0788
-8.6763,-1.0776,229.834,-0.41225,2.40642,-0.08181
-8.5299,-1.1764,229.83,-0.41988,2.40252,-0.07994
-8.4828,-1.3086,229.965,-0.42778,2.39532,-0.07478
-8.507,-1.1581,229.839,-0.41726,2.39767,-0.07176
-8.4056,-0.9898,229.856,-0.40666,2.3944,-0.07095
-8.2444,-1.0914,229.925,-0.41149,2.39024,-0.06938
-8.2296,-0.9938,230.019,-0.40922,2.38194,-0.06725
-8.1648,-1.0578,230.078,-0.41175,2.38102,-0.06431
-8.2011,-0.813,230.049,-0.4006,2.39082,-0.06437
-8.0045,-1.0668,230.097,-0.41266,2.3826,-0.06503
-7.9638,-1.0946,229.964,-0.42496,2.38698,-0.06501
-7.9628,-1.0761,229.969,-0.42306,2.3889,-0.06445
-7.8432,-1.1496,230.158,-0.41906,2.37718,-0.06929
-7.9824,-1.1016,230.036,-0.42128,2.38837,-0.06664
-8.1012,-1.286,229.999,-0.435,2.39183,-0.06308
-8.1099,-1.2144,229.909,-0.42888,2.39401,-0.06235
-8.1698,-1.1452,229.805,-0.4296,2.39481,-0.06195
-8.1584,-1.2714,229.989,-0.43297,2.39284,-0.06115
-8.2333,-1.2354,229.981,-0.43302,2.39116,-0.06012
-8.2907,-1.1635,229.974,-0.42863,2.39398,-0.05947
-8.4184,-1.0113,229.729,-0.42838,2.40498,-0.0567
-8.2411,-1.2687,229.984,-0.43097,2.38976,-0.05915
-8.2802,-1.1509,229.915,-0.42772,2.38918,-0.0587
-8.365,-1.0562,229.79,-0.42423,2.39361,-0.05788
-8.3875,-1.0936,229.816,-0.42475,2.39606,-0.05935
-8.383,-1.0778,229.825,-0.41952,2.39361,-0.06386
-8.3793,-1.108,229.815,-0.4165,2.38913,-0.06587
-8.3925,-0.9093,229.608,-0.41007,2.39275,-0.0661
-8.4054,-1.0583,229.568,-0.42308,2.39513,-0.0617
-8.4377,-1.0935,229.506,-0.42915,2.39605,-0.05949
-8.4229,-0.9981,229.569,-0.42507,2.39151,-0.05874
-8.3681,-0.9799,229.621,-0.425,2.3944,-0.0596
-8.2849,-1.1327,229.702,-0.42705,2.38647,-0.05847
-8.3008,-1.1434,229.573,-0.43049,2.3896,-0.05621
-8.3165,-0.9795,229.656,-0.41841,2.38612,-0.05778
-8.3578,-1.1392,229.626,-0.42881,2.38166,-0.05622
-8.4641,-0.9664,229.424,-0.42136,2.38834,-0.05592
-8.4133,-1.0669,229.51,-0.42427,2.38936,-0.05654
-8.336,-1.1402,229.534,-0.42916,2.38395,-0.05768
-8.2068,-1.0617,229.575,-0.41999,2.37518,-0.06069
-8.2487,-1.0598,229.508,-0.4229,2.37526,-0.05846
-8.1927,-1.1116,229.588,-0.42897,2.37677,-0.05882
-8.1244,-1.1705,229.627,-0.42786,2.37362,-0.059
-8.11,-1.1341,229.615,-0.42582,2.37348,-0.05949
-8.0887,-1.124,229.576,-0.42749,2.37754,-0.05945
-8.0921,-1.0621,229.552,-0.42157,2.37669,-0.06063
-8.072,-1.1061,229.388,-0.42845,2.37858,-0.05673
-8.031,-1.0969,229.499,-0.42511,2.37793,-0.05613
-8.0184,-1.2446,229.522,-0.42756,2.37098,-0.05313
-8.0204,-1.2241,229.47,-0.42461,2.37036,-0.05017
-8.0517,-1.2694,229.197,-0.42645,2.37768,-0.04439
-8.0522,-1.6119,229.282,-0.44093,2.36952,-0.03916
-8.0707,-1.7136,229.013,-0.44918,2.36959,-0.03248
-8.1321,-1.5971,228.952,-0.44929,2.37408,-0.03019
-8.0566,-1.6473,229.302,-0.44722,2.37032,-0.03193
-8.0145,-1.6062,229.302,-0.44532,2.37491,-0.03262
-8.0316,-1.6051,229.275,-0.44955,2.37948,-0.03178
-7.8566,-1.608,229.436,-0.43976,2.38034,-0.03313
-7.5578,-1.6669,229.487,-0.44357,2.36771,-0.03623
-7.3217,-1.7123,229.215,-0.46395,2.36579,-0.03587
-7.2485,-1.7518,229.285,-0.46732,2.35843,-0.03766
-7.2016,-1.7017,229.069,-0.46897,2.35796,-0.03821
-7.2286,-1.766,228.965,-0.48007,2.36117,-0.03741
-7.5123,-1.5908,228.832,-0.47782,2.3699,-0.0341
-7.594,-1.8319,229.166,-0.48027,2.36608,-0.03329
-7.8052,-1.8776,229.224,-0.47911,2.36507,-0.03152
-8.1841,-1.6893,229.336,-0.47078,2.38283,-0.02939
-8.2498,-2.0015,229.6,-0.47723,2.3853,-0.02544
-8.4628,-1.9541,229.537,-0.47221,2.39771,-0.02011
-8.6017,-1.7903,229.352,-0.46849,2.40682,-0.01573
-8.6133,-1.6637,229.348,-0.46202,2.40123,-0.02004
-8.6859,-1.6926,229.624,-0.46071,2.39393,-0.02446
-8.7229,-1.6085,229.725,-0.4576,2.3965,-0.02281
-8.6113,-1.5495,229.666,-0.45048,2.39799,-0.01825
-8.2105,-1.8792,229.956,-0.44947,2.38504,-0.01495
-7.9172,-2.0172,229.931,-0.4492,2.37346,-0.01287
-8.0264,-1.9703,229.815,-0.45284,2.38011,-0.01536
-7.8665,-1.831,230.011,-0.43743,2.37257,-0.02199
-7.7259,-1.7664,230.188,-0.43766,2.37122,-0.02691
-7.8255,-1.5735,230.165,-0.42121,2.38101,-0.03127
-7.8427,-1.5455,230.371,-0.41622,2.37583,-0.03536
-7.8589,-1.6332,230.342,-0.42012,2.3797,-0.03243
-8.0289,-1.5003,230.144,-0.41501,2.38642,-0.02958
-8.0926,-1.5866,230.244,-0.41317,2.38502,-0.0301
-8.1283,-1.7695,230.432,-0.42127,2.37934,-0.03017
-8.2181,-1.7122,230.692,-0.41697,2.37221,-0.02932
-8.374,-1.5597,230.49,-0.41179,2.37597,-0.02516
-8.4667,-1.5266,230.422,-0.40968,2.3836,-0.02352
-8.4929,-1.6091,230.422,-0.41201,2.38205,-0.01993
-8.73,-1.3822,230.404,-0.40345,2.39365,-0.01764
-8.8102,-1.3821,230.634,-0.3944,2.39604,-0.01928
-8.9633,-1.3334,230.632,-0.39241,2.40516,-0.01861
-9.0666,-1.4069,230.585,-0.40271,2.41123,-0.01775
-9.0827,-1.4702,230.694,-0.403,2.41904,-0.02121
-8.9503,-1.3931,231.14,-0.39185,2.4131,-0.01973
-9.0525,-1.2708,230.996,-0.3883,2.42135,-0.01884
-9.2037,-1.2994,230.783,-0.39112,2.4162,-0.01984
-9.0509,-1.4019,230.945,-0.38649,2.41256,-0.02035
-8.7681,-1.245,230.905,-0.38989,2.41275,-0.02208
-8.6146,-1.016,230.99,-0.3759,2.40683,-0.02264
-8.3489,-1.0531,231.456,-0.36376,2.3945,-0.02623
-8.2035,-1.1121,231.618,-0.36794,2.39107,-0.02656
-8.0963,-0.8759,231.367,-0.36378,2.39578,-0.02761
-8.1146,-0.9028,231.083,-0.37251,2.39655,-0.02722
-8.0817,-0.9086,231.252,-0.37007,2.39791,-0.02865
-8.0817,-0.9086,231.252,-0.37007,2.39791,-0.02865
-7.9404,-0.76,231.292,-0.35855,2.40095,-0.03421
-7.8019,-0.9426,231.622,-0.35898,2.38873,-0.03665
-7.8951,-0.8035,231.373,-0.35766,2.39978,-0.03104
-7.8817,-0.7732,231.51,-0.35092,2.39702,-0.02984
-7.8805,-0.8889,231.498,-0.35633,2.3947,-0.0286
-7.9419,-0.8648,231.415,-0.35783,2.40088,-0.02787
-7.8301,-0.8359,231.291,-0.35635,2.39918,-0.02792
-7.6217,-0.8694,231.452,-0.35523,2.38851,-0.03155
-7.4137,-0.9666,231.387,-0.36871,2.37775,-0.03185
-7.4652,-0.8051,231.294,-0.36768,2.38114,-0.03297
-7.4676,-0.8388,231.039,-0.37246,2.3779,-0.03489
-7.5124,-0.8301,230.813,-0.38387,2.37225,-0.03588
-7.5532,-0.8577,230.645,-0.38839,2.37083,-0.03711
-7.7152,-0.7505,230.272,-0.38951,2.38031,-0.03871
-7.7771,-1.006,230.303,-0.4023,2.37568,-0.04065
-7.8728,-1.0037,229.994,-0.40421,2.38035,-0.04131
-7.919,-0.95,230.08,-0.40546,2.38386,-0.04453
-7.8284,-1.0386,230.185,-0.39755,2.376,-0.04592
-7.811,-1.0865,230.135,-0.39853,2.37925,-0.0444
-7.8164,-1.1297,230.156,-0.40297,2.38469,-0.04369
-7.7781,-1.1409,230.167,-0.39656,2.37261,-0.04358
-7.9583,-1.1476,230.072,-0.40299,2.38766,-0.03878
-8.0279,-1.1477,230.098,-0.39788,2.39038,-0.03874
-8.0542,-1.3705,230.291,-0.41602,2.38471,-0.03853
-8.0407,-1.2632,230.153,-0.40829,2.38571,-0.04045
-8.0924,-1.2015,230.149,-0.40702,2.38741,-0.04231
-8.146,-1.2284,230.167,-0.41148,2.39026,-0.04478
-8.2247,-1.2636,230.021,-0.41702,2.39099,-0.04295
-8.2489,-1.2303,230.214,-0.40866,2.3851,-0.04673
-8.4064,-1.2503,230.069,-0.41883,2.39216,-0.04444
-8.3912,-1.3508,230.131,-0.42097,2.39556,-0.04499
-8.3885,-1.4255,230.012,-0.4319,2.39546,-0.04343
-8.4631,-1.2523,230.089,-0.42586,2.39992,-0.04537
-8.4416,-1.2735,230.129,-0.42331,2.39679,-0.04592
-8.409,-1.4515,230.255,-0.42721,2.39364,-0.04723
-8.493,-1.2567,230.085,-0.42452,2.39855,-0.04683
-8.4565,-1.2894,230.106,-0.42429,2.39083,-0.04834
-8.487,-1.404,230.188,-0.42719,2.38898,-0.04962
-8.6207,-1.2458,230.042,-0.42705,2.39679,-0.04747
-8.6444,-1.3699,229.982,-0.42976,2.39576,-0.04994
-8.7514,-1.2542,229.899,-0.4282,2.39909,-0.04923
-8.6922,-1.4099,229.974,-0.43613,2.39714,-0.04846
-8.8073,-1.3145,229.81,-0.43353,2.40294,-0.04818
-8.7712,-1.357,229.934,-0.42985,2.39707,-0.0505
-8.7166,-1.6073,230.032,-0.43948,2.38985,-0.05103
-8.7924,-1.3809,229.712,-0.43364,2.40054,-0.05018
-8.7587,-1.4452,229.815,-0.44009,2.39953,-0.05131
-8.6908,-1.478,229.888,-0.44121,2.3914,-0.05449
-8.703,-1.4958,229.989,-0.43782,2.38794,-0.05382
-8.7946,-1.2216,229.51,-0.43629,2.40031,-0.05072
-8.7361,-1.4846,229.714,-0.44657,2.39218,-0.05215
-8.788,-1.3929,229.754,-0.44038,2.39211,-0.05455
-8.8339,-1.3027,229.833,-0.43021,2.38925,-0.0565
-8.8708,-1.3651,229.97,-0.43509,2.394,-0.05748
-8.9154,-1.3667,230.065,-0.42805,2.3904,-0.0592
-9.0064,-1.3136,230.151,-0.42607,2.39643,-0.05728
-8.9671,-1.4879,230.318,-0.43098,2.39433,-0.05542
-8.9629,-1.3609,230.39,-0.42584,2.40088,-0.05638
-8.8092,-1.2853,230.401,-0.41454,2.39586,-0.06424
-8.9398,-0.9037,230.379,-0.40641,2.40449,-0.0689
-8.917,-1.0496,230.616,-0.40308,2.40372,-0.07318
-8.8477,-1.1715,230.836,-0.40747,2.40322,-0.0749
-8.835,-1.0434,230.471,-0.40609,2.40609,-0.07027
-8.6418,-1.3427,230.582,-0.42103,2.40289,-0.06581
-8.6397,-1.532,230.345,-0.44061,2.41067,-0.06069
-8.7379,-1.4026,230.005,-0.42779,2.40744,-0.0621
-8.7163,-1.342,230.018,-0.42204,2.40686,-0.06539
-8.6417,-1.2384,230.123,-0.40681,2.40345,-0.07485
-8.7173,-1.1532,230.012,-0.40233,2.41196,-0.07664
-8.8515,-1.275,230.136,-0.40443,2.41011,-0.07915
-9.0635,-1.1055,230.066,-0.39733,2.41766,-0.07683
-9.0876,-1.2105,230.057,-0.39823,2.42249,-0.07387
-9.1485,-1.3077,230.031,-0.4044,2.42633,-0.06842
-9.1848,-1.3989,229.959,-0.40315,2.42568,-0.06697
-9.2244,-1.4793,229.938,-0.41221,2.42232,-0.06718
-9.1814,-1.6282,229.789,-0.41776,2.4152,-0.06614
-9.2182,-1.7295,229.754,-0.41996,2.41232,-0.06505
-9.2683,-1.3464,229.466,-0.40144,2.41583,-0.06865
-9.2771,-1.2195,229.688,-0.39479,2.40983,-0.07097
-9.1887,-1.3947,229.909,-0.40238,2.40063,-0.07225
-9.2483,-1.2626,229.961,-0.39428,2.4052,-0.07331
-9.3428,-1.0864,229.815,-0.3898,2.40794,-0.07558
-9.4242,-1.0007,229.832,-0.38337,2.41125,-0.07856
-9.474,-1.2083,229.885,-0.38292,2.40575,-0.08163
-9.5075,-1.1802,229.746,-0.37825,2.4034,-0.08358
-9.4888,-1.3242,229.787,-0.37939,2.40377,-0.08388
-9.485,-1.4923,229.746,-0.38278,2.39673,-0.08145
-9.5229,-1.5022,229.586,-0.38313,2.40457,-0.08091
-9.5288,-1.7037,229.53,-0.38389,2.39298,-0.07492
-9.6708,-1.6779,229.437,-0.38951,2.40088,-0.07024
-9.8828,-1.6388,229.23,-0.38772,2.40656,-0.06699
-10.0792,-1.5507,229.122,-0.38481,2.40851,-0.06745
-10.2349,-1.4888,229.133,-0.38165,2.4141,-0.06876
-10.3413,-1.2975,228.589,-0.37887,2.42115,-0.06954
-7.2615,2.2665,192.125,-0.44307,2.4226,-0.02866
-10.4155,3.1372,206.491,-0.30252,2.4689,0.00201
-12.7843,0.8144,215.762,-0.37743,2.54259,0.00202
-13.3913,2.251,210.344,-0.27713,2.63886,-0.03482
-12.8099,3.1634,199.213,-0.21692,2.71384,-0.06052
-10.7075,1.4026,185.104,-0.30368,2.75463,-0.09577
-7.408,0.3464,165.831,-0.38805,2.82077,-0.10994
-4.6875,0.1593,150.679,-0.42838,2.86455,-0.09119
-4.1679,0.9302,135.905,-0.38816,2.98993,-0.06565
-4.954,1.164,120.672,-0.29693,3.15967,-0.03871
-5.9984,0.9556,105.873,-0.11561,3.30585,-0.01937
-6.7286,-1.3264,91.6889,0.10966,3.40874,-0.03513
-6.7674,-3.2045,72.8708,0.33615,3.53419,-0.02824
-2.4441,-2.9882,44.2887,0.44464,3.63464,0.05966
8.2547,4.9838,11.1815,0.27659,3.6599,0.25514
13.9172,17.7976,-2.2378,0.01566,3.62885,0.37248
12.0836,32.5047,-1.655,-0.05318,3.62529,0.42989
6.3965,38.8667,11.9409,-0.05544,3.59875,0.4139
-11.5741,26.7113,93.3288,-0.10227,3.32155,0.28548
-16.5013,17.9314,121.422,-0.17233,3.26192,0.21237
-19.3144,6.4345,157.911,-0.29044,3.1495,0.06146
-17.6613,0.2292,186.557,-0.34769,2.96244,-0.03817
-13.068,-1.296,219.51,-0.23676,2.66074,-0.11159
-11.0404,-0.4613,228.181,-0.16752,2.56502,-0.09042
-10.0717,-0.3589,228.303,-0.21194,2.51609,-0.03465
-8.6802,-0.3887,226.501,-0.2984,2.44929,-0.01432
-8.9648,-0.4142,224.418,-0.38174,2.43252,0.01105
-9.8508,-0.4463,223.502,-0.43127,2.45355,0.01436
-10.3015,-0.4083,222.968,-0.44312,2.46931,0.01073
-7.8753,-1.594,225.826,-0.46219,2.41204,0.00039
-8.6853,-2.2457,226.377,-0.49206,2.4227,-0.03374
-9.5801,-2.0383,226.476,-0.49808,2.43934,-0.0628
-10.62,-1.917,226.826,-0.50629,2.45132,-0.07838
-11.7921,-1.8096,227.382,-0.51584,2.47618,-0.08848
-12.6611,-2.069,228.216,-0.53547,2.50242,-0.08605
-12.8083,-2.2393,228.631,-0.5506,2.50473,-0.07648
-12.9966,-2.0841,228.833,-0.54279,2.51181,-0.07583
-13.0985,-2.2014,228.851,-0.5393,2.53301,-0.06377
-13.103,-2.4436,229.046,-0.5454,2.53113,-0.0605
-13.3851,-2.2477,228.986,-0.53217,2.54558,-0.06411
-13.3085,-2.0246,229.03,-0.52127,2.53809,-0.07201
-13.0984,-1.6745,228.983,-0.50686,2.52679,-0.07854
-12.8423,-1.6401,228.976,-0.50505,2.52123,-0.07908
-12.7949,-1.4905,229,-0.50676,2.53248,-0.0759
-12.6299,-1.7192,229.326,-0.50676,2.53051,-0.07051
-12.5458,-1.9873,229.519,-0.51813,2.53664,-0.06001
-12.3356,-1.9112,229.189,-0.50985,2.54177,-0.04955
-11.9398,-2.1853,229.206,-0.51497,2.53009,-0.04301
-11.753,-2.1742,229.156,-0.51135,2.52713,-0.04076
-11.7484,-2.0468,229.245,-0.50542,2.53109,-0.03886
-11.7499,-2.1075,229.076,-0.50599,2.54074,-0.03304
-11.7291,-2.0895,229.076,-0.50789,2.5436,-0.02944
-11.7613,-2.1043,229.118,-0.50564,2.54317,-0.02868
-11.9871,-1.9105,228.942,-0.50728,2.54614,-0.0299
-12.1623,-1.8502,228.993,-0.50749,2.54577,-0.03512
-12.1798,-1.8287,229.088,-0.51047,2.54007,-0.03991
-12.1816,-1.9374,229.158,-0.51686,2.53608,-0.04407
-12.1485,-1.989,229.217,-0.51735,2.52985,-0.0488
-12.2193,-1.8737,229.222,-0.51315,2.52636,-0.05317
-12.2523,-1.9684,229.254,-0.51726,2.53649,-0.05656
-12.2698,-1.9741,229.335,-0.51237,2.53506,-0.06103
-12.3555,-2.121,229.36,-0.52252,2.53573,-0.06139
-12.4247,-2.1922,229.347,-0.52464,2.54446,-0.06075
-12.4812,-2.2361,229.444,-0.52643,2.54942,-0.05948
-12.5887,-2.3343,229.607,-0.53443,2.55999,-0.0573
-12.6642,-2.468,229.587,-0.53729,2.57138,-0.05383
-12.6126,-2.4576,229.604,-0.53036,2.57244,-0.05367
-12.4738,-2.6714,229.828,-0.53397,2.55979,-0.05519
-12.5203,-2.6503,229.724,-0.5292,2.56925,-0.05254
-12.4318,-2.7689,229.756,-0.53356,2.56952,-0.05015
-12.4327,-2.7758,229.784,-0.53266,2.56491,-0.04822
-12.4378,-2.7869,229.785,-0.52881,2.57069,-0.04776
-12.4723,-2.8611,229.676,-0.53847,2.57241,-0.04225
-12.4975,-2.8065,229.492,-0.53897,2.57854,-0.03884
-12.4084,-2.828,229.603,-0.53518,2.56738,-0.03842
-12.2519,-2.9174,229.562,-0.53612,2.55839,-0.03814
-12.1539,-2.8724,229.499,-0.53517,2.55564,-0.03695
-12.1761,-2.8556,229.458,-0.53674,2.55547,-0.03511
-12.1415,-2.7819,229.493,-0.52502,2.55446,-0.03521
-12.191,-2.7815,229.372,-0.53158,2.55871,-0.03442
-12.1149,-2.8292,229.401,-0.53347,2.55283,-0.03762
-12.2573,-2.7313,229.33,-0.52599,2.56025,-0.03974
-12.26,-2.8801,229.31,-0.53274,2.55978,-0.0387
-12.336,-2.8983,229.34,-0.53775,2.56024,-0.0383
-12.3941,-2.8257,229.367,-0.53674,2.56773,-0.03811
-12.416,-3.0732,229.42,-0.54907,2.56373,-0.0377
-12.463,-2.964,229.381,-0.54229,2.56654,-0.03813
-12.4194,-3.1206,229.301,-0.54557,2.567,-0.03741
-12.4889,-3.0359,229.229,-0.54685,2.57032,-0.03595
-12.5922,-3.2383,229.235,-0.55583,2.57806,-0.0322
-12.5869,-3.243,229.295,-0.55482,2.57455,-0.03449
-12.7066,-3.162,229.34,-0.55658,2.57747,-0.03541
-12.6476,-3.1484,229.402,-0.5468,2.57189,-0.03976
-12.7302,-3.127,229.495,-0.54792,2.57346,-0.03915
-12.7804,-3.0675,229.539,-0.54614,2.57841,-0.04063
-12.8867,-2.9069,229.282,-0.5393,2.58592,-0.04086
-12.9313,-2.9025,229.4,-0.54131,2.58322,-0.04233
-12.8743,-2.862,229.294,-0.54177,2.58535,-0.04182
-12.7602,-2.9294,229.431,-0.54773,2.58168,-0.043
-12.6551,-2.923,229.454,-0.53957,2.57401,-0.04511
-12.6114,-2.8636,229.442,-0.54537,2.56623,-0.04343
-12.6006,-2.7822,229.351,-0.54405,2.57407,-0.04163
-12.5364,-2.8041,229.431,-0.54506,2.57211,-0.04138
-12.4942,-2.7162,229.304,-0.54287,2.57229,-0.0409
-12.4538,-2.7522,229.297,-0.54053,2.57101,-0.03964
-12.4301,-2.8653,229.276,-0.54636,2.56827,-0.03927
-12.4362,-2.8651,229.183,-0.55203,2.56776,-0.04064
-12.4112,-2.8182,229.263,-0.54404,2.56078,-0.0431
-12.4579,-2.6889,229.175,-0.53613,2.56474,-0.04332
-12.465,-2.7943,229.185,-0.54901,2.56399,-0.04167
-12.4549,-2.7828,229.072,-0.54682,2.57122,-0.04076
-12.3845,-2.8961,229.221,-0.55085,2.55883,-0.04136
-12.4192,-2.8237,229.158,-0.54784,2.56033,-0.03986
-12.419,-2.7606,229.014,-0.54332,2.56599,-0.03878
-12.4435,-2.6207,228.936,-0.54181,2.56843,-0.03967
-12.4561,-2.629,228.938,-0.53806,2.56729,-0.03962
-12.4281,-2.7425,229.026,-0.54528,2.56272,-0.03958
-12.3824,-2.7683,229.237,-0.53874,2.56358,-0.04227
-12.3826,-2.87,229.26,-0.54672,2.55929,-0.04166
-12.4656,-2.7932,229.27,-0.54402,2.56429,-0.04147
-12.4773,-2.6905,229.165,-0.53792,2.56827,-0.0411
-12.5224,-2.5938,229.115,-0.53533,2.57248,-0.04165
-12.5101,-2.7069,229.234,-0.54168,2.57085,-0.04122
-12.5118,-2.6935,229.339,-0.54186,2.57657,-0.04028
-12.4411,-2.6553,229.273,-0.53888,2.57114,-0.04084
-12.3517,-2.6954,229.384,-0.53996,2.565,-0.04175
-12.2499,-2.5837,229.327,-0.53635,2.57062,-0.04222
-12.1963,-2.6372,229.421,-0.53483,2.56244,-0.04174
-12.1471,-2.5941,229.405,-0.5343,2.55904,-0.04183
-12.1733,-2.5056,229.248,-0.5342,2.55963,-0.04001
-12.0431,-2.5928,229.296,-0.534,2.55478,-0.03977
-12.0271,-2.3919,229.129,-0.52836,2.55821,-0.03888
-11.8493,-2.3988,229.014,-0.52634,2.54881,-0.04058
-11.7762,-2.3849,229.117,-0.52984,2.54439,-0.04
-11.7351,-2.2447,228.879,-0.53255,2.54611,-0.03539
-11.6058,-2.1024,228.898,-0.52552,2.54105,-0.03529
-11.509,-2.0992,229.204,-0.51972,2.53449,-0.03541
-11.5742,-2.1005,229.378,-0.5243,2.54201,-0.03444
-11.7263,-1.9455,229.528,-0.52257,2.55536,-0.04312
-11.5093,-1.6232,229.358,-0.50865,2.55021,-0.05674
-10.8644,-1.537,229.037,-0.51026,2.5341,-0.05627
-9.8328,-1.5084,228.938,-0.50249,2.50379,-0.05104
-9.2142,-1.1862,228.511,-0.49564,2.48956,-0.04245
-8.6966,-1.3299,228.462,-0.49689,2.46429,-0.03722
-8.3887,-1.1359,228.478,-0.48154,2.45747,-0.03451
-8.1385,-1.2629,228.651,-0.48306,2.45489,-0.03444
-7.8979,-1.3655,228.738,-0.48493,2.45393,-0.03492
-7.6305,-1.425,228.824,-0.48447,2.43995,-0.039
-7.5935,-1.4519,228.891,-0.48424,2.44242,-0.04082
-7.6501,-1.5036,228.815,-0.48928,2.44193,-0.0382
-7.7715,-1.588,229.031,-0.49375,2.44507,-0.03355
-7.8932,-1.4468,228.909,-0.48661,2.4556,-0.03
-7.9352,-1.3451,229.005,-0.47733,2.45904,-0.02994
-8.0324,-1.3514,228.977,-0.47908,2.46632,-0.02875
-7.9943,-1.3108,229.12,-0.47013,2.46981,-0.0294
-8.0037,-1.3014,229.073,-0.47112,2.47739,-0.02682
-8.0114,-1.2368,228.931,-0.4674,2.48291,-0.02433
-8.0003,-1.28,229.152,-0.46104,2.47792,-0.02239
-8.1317,-1.2273,229.089,-0.46107,2.48792,-0.01948
-8.1288,-1.2475,229.143,-0.45978,2.48798,-0.02013
-8.0914,-1.325,229.365,-0.45246,2.4824,-0.0233
-8.0999,-1.412,229.269,-0.46056,2.48386,-0.02093
-8.1391,-1.2936,229.311,-0.45232,2.48489,-0.02048
-8.1685,-1.3579,229.344,-0.45484,2.48464,-0.01706
-8.2521,-1.2581,229.342,-0.453,2.49427,-0.01424
-8.2104,-1.3398,229.59,-0.45332,2.4944,-0.01501
-8.2357,-1.3913,229.582,-0.45231,2.50022,-0.01759
-8.2509,-1.3246,229.599,-0.44323,2.50228,-0.01758
-8.3182,-1.2787,229.577,-0.44559,2.50256,-0.0153
-8.3982,-1.2789,229.493,-0.44676,2.50834,-0.01223
-8.4339,-1.2613,229.457,-0.44474,2.51227,-0.0092
-8.5666,-1.3208,229.246,-0.45083,2.51239,-0.00908
-8.6056,-1.207,229.313,-0.44686,2.50424,-0.01025
-8.6202,-1.1781,229.328,-0.44667,2.50747,-0.00915
-8.575,-1.3905,229.417,-0.45508,2.50384,-0.01078
-8.5843,-1.3476,229.393,-0.457,2.50345,-0.00862
-8.6337,-1.2025,229.412,-0.44835,2.51489,-0.00949
-8.636,-1.2621,229.426,-0.45147,2.51718,-0.00642
-8.6444,-1.1308,229.41,-0.4478,2.52227,-0.00451
-8.6817,-1.3008,229.374,-0.45947,2.52366,0.00075
-8.666,-1.2691,229.508,-0.45122,2.52144,0.00032
-8.7808,-1.1951,229.464,-0.45117,2.52889,0.00092
-8.8013,-1.2978,229.356,-0.46364,2.53277,0.00296
-8.8882,-1.279,229.583,-0.46504,2.52765,0.00449
-8.984,-1.1296,229.567,-0.46342,2.52647,0.00975
-9.0035,-0.8794,229.572,-0.45019,2.52991,0.01718
-8.92,-0.8722,229.426,-0.45272,2.53248,0.01797
-8.8418,-0.8372,229.377,-0.44736,2.52756,0.01461
-8.7923,-0.8937,229.398,-0.44723,2.52064,0.01055
-8.7571,-1.0692,229.343,-0.45379,2.51126,0.00793
-8.7792,-1.0708,229.268,-0.45851,2.50702,0.00491
-8.8853,-1.0927,229.201,-0.46633,2.50423,0.00363
-8.8884,-1.0508,229.273,-0.4674,2.49426,0.00144
-8.9629,-0.9958,229.333,-0.46468,2.49192,-0.00053
-8.9819,-1.0287,229.127,-0.47008,2.48315,-0.00171
-9.0509,-0.94,229.067,-0.46777,2.48326,-0.00386
-8.92,-1.0628,229.078,-0.46981,2.47593,-0.00701
-9.033,-0.9849,228.931,-0.47595,2.48542,-0.00549
-8.874,-1.089,229.063,-0.47264,2.47133,-0.00943
-8.9382,-1.0314,229.184,-0.47181,2.4714,-0.01074
-8.9297,-1.0882,229.261,-0.47264,2.46877,-0.01262
-8.9518,-1.0503,229.153,-0.4701,2.46852,-0.01287
-8.9865,-1.0536,229.132,-0.46942,2.46976,-0.01365
-9.0072,-1.0898,229.157,-0.47167,2.46758,-0.01418
-9.0629,-0.9422,229.137,-0.46195,2.46923,-0.01671
-9.0397,-1.1217,229.092,-0.47342,2.46649,-0.01415
-9.0452,-1.0095,229.202,-0.46222,2.46777,-0.01868
-9.1077,-1.0466,229.049,-0.47051,2.46974,-0.01533
-9.0327,-1.1062,229.16,-0.46955,2.46638,-0.01751
-9.1242,-0.9992,229.079,-0.46781,2.4758,-0.01577
-9.1111,-0.9773,228.982,-0.46724,2.4774,-0.01683
-9.0172,-1.1495,229.116,-0.47149,2.46498,-0.01786
-9.0078,-1.1229,229.118,-0.47816,2.465,-0.01782
-9.0353,-1.1056,229.126,-0.47487,2.46672,-0.01782
-8.9799,-1.1874,229.165,-0.4787,2.46404,-0.01796
-8.9927,-1.1448,229.163,-0.47915,2.45969,-0.01871
-8.9894,-1.0507,229.093,-0.47028,2.46488,-0.01987
-9.0661,-1.0494,228.942,-0.47692,2.47018,-0.01699
-9.034,-1.0089,229.067,-0.47099,2.46959,-0.01973
-9.0634,-0.9841,228.98,-0.47489,2.46503,-0.01946
-9.0714,-1.078,229.143,-0.47496,2.46038,-0.02004
-9.0034,-1.0941,229.177,-0.47697,2.45983,-0.02092
-9.0277,-0.9527,229.125,-0.46397,2.45762,-0.02329
-9.0257,-1.093,229.238,-0.46882,2.45705,-0.02428
-9.0868,-1.0119,229.068,-0.47358,2.46225,-0.02306
-9.0251,-1.0528,229.173,-0.47224,2.46251,-0.02375
-9.0589,-1.106,229.128,-0.47787,2.46168,-0.02362
-9.0659,-1.0487,229.084,-0.47395,2.46385,-0.02292
-9.0792,-1.0499,229.055,-0.47433,2.4663,-0.02334
-9.0754,-1.0345,229.091,-0.47256,2.4656,-0.02396
-8.9894,-1.131,229.13,-0.47228,2.46305,-0.02445
-9.0562,-1.0161,229.026,-0.46969,2.46539,-0.02316
-9.0448,-0.9507,229.127,-0.46694,2.46209,-0.02535
-8.999,-1.1041,229.12,-0.47539,2.46071,-0.02437
-8.9719,-1.0853,229.195,-0.4706,2.45974,-0.02699
-8.9989,-1.1636,229.173,-0.47658,2.45884,-0.02567
-8.9815,-1.1173,229.132,-0.47232,2.46322,-0.02532
-8.9863,-1.0687,229.149,-0.47106,2.45774,-0.02592
-9.0472,-1.0216,228.996,-0.4733,2.46122,-0.02516
-9.0641,-0.9995,229.156,-0.46625,2.45844,-0.02658
-9.1231,-0.9143,228.982,-0.46948,2.46589,-0.02684
-9.0301,-1.0439,229.089,-0.47025,2.45984,-0.02699
-9.0135,-1.09,229.141,-0.47032,2.4571,-0.02694
-9.054,-1.073,229.203,-0.47099,2.45614,-0.02707
-9.0962,-0.9415,229.064,-0.46435,2.46087,-0.0269
-9.0617,-1.0621,229.113,-0.46955,2.45961,-0.02641
-9.0718,-1.0632,229.219,-0.4683,2.46138,-0.0265
-9.0915,-1.1391,229.23,-0.47139,2.46186,-0.02579
-9.0038,-1.1822,229.261,-0.46776,2.45898,-0.02596
-9.0694,-1.083,229.171,-0.46655,2.46387,-0.02392
-9.1195,-1.0302,229.151,-0.46883,2.46809,-0.02279
-9.0944,-0.9812,229.187,-0.46128,2.47166,-0.02263
-9.0361,-1.0783,229.219,-0.46833,2.46759,-0.02155
-9.0441,-1.0397,229.173,-0.46815,2.46544,-0.02209
-9.0192,-1.1094,229.28,-0.47142,2.46831,-0.02075
-9.0013,-1.1742,229.115,-0.47469,2.46647,-0.01836
-9.0403,-1.0193,229.079,-0.46912,2.46938,-0.01787
-9.0297,-1.033,229.164,-0.46991,2.47184,-0.01808
-9.0483,-1.0198,229.107,-0.47047,2.47356,-0.01842
-9.0068,-1.1639,229.33,-0.47777,2.46936,-0.01854
-9.0116,-1.0827,229.218,-0.4722,2.47135,-0.01766
-8.9543,-1.1231,229.219,-0.46827,2.4689,-0.01866
-9.0065,-1.1246,229.208,-0.47272,2.47582,-0.017
-9.0055,-1.0648,229.118,-0.47163,2.47598,-0.01704
-8.9853,-0.9283,229.228,-0.45759,2.46963,-0.02061
-8.9847,-0.9954,229.19,-0.46261,2.4733,-0.01875
-8.9209,-1.15,229.371,-0.46706,2.46639,-0.01982
-8.9625,-1.1425,229.249,-0.46746,2.46877,-0.02001
-9.006,-1.0878,229.202,-0.46813,2.47405,-0.01915
-9.017,-1.0744,229.087,-0.47215,2.47505,-0.01785
-9.0333,-1.0654,229.228,-0.46851,2.46715,-0.02054
-9.0074,-0.9034,229.36,-0.45845,2.471,-0.02236
-9.0042,-0.9796,229.197,-0.46336,2.47217,-0.0203
-9.0278,-1.0329,229.137,-0.46566,2.47362,-0.01893
-8.9515,-1.2069,229.282,-0.46909,2.45996,-0.02255
-8.9393,-1.1921,229.239,-0.47045,2.46816,-0.02115
-8.9127,-1.2342,229.344,-0.47109,2.4627,-0.02297
-8.992,-1.1392,229.187,-0.46706,2.47068,-0.02096
-8.9551,-1.1749,229.347,-0.46874,2.46538,-0.02149
-9.0153,-1.0411,229.302,-0.46366,2.47178,-0.02167
-8.9363,-1.1441,229.32,-0.46586,2.46842,-0.02185
-8.9982,-1.0706,229.12,-0.46856,2.47375,-0.01944
-8.9634,-1.0957,229.271,-0.46952,2.46813,-0.01893
-8.9318,-1.1921,229.287,-0.47346,2.46404,-0.01969
-8.9214,-1.2008,229.323,-0.46948,2.46259,-0.02028
-8.9654,-1.16,229.329,-0.46934,2.46845,-0.02084
-9.0399,-0.9478,229.087,-0.46265,2.47864,-0.01874
-8.9157,-1.0886,229.34,-0.46339,2.46726,-0.02122
-8.9647,-1.158,229.286,-0.46954,2.46927,-0.01975
-8.9188,-1.1294,229.283,-0.46305,2.4649,-0.02181
-8.9914,-1.0986,229.276,-0.46408,2.46742,-0.02076
-8.9161,-1.1884,229.251,-0.46816,2.46378,-0.02112
-8.9089,-1.2013,229.352,-0.46789,2.46912,-0.02068
-8.9614,-1.143,229.395,-0.46882,2.47339,-0.02089
-8.9809,-1.0591,229.317,-0.46152,2.47268,-0.02158
-8.9973,-1.1632,229.327,-0.47032,2.47375,-0.02052
-8.9891,-1.1946,229.243,-0.4702,2.47159,-0.01972
-9.009,-1.1808,229.241,-0.47192,2.47355,-0.0186
-8.9606,-1.1148,229.368,-0.46241,2.47546,-0.02107
-8.9963,-1.041,229.281,-0.4607,2.47321,-0.02183
-8.9005,-1.3013,229.496,-0.46747,2.46548,-0.023
-9.0008,-1.0375,229.394,-0.45642,2.47337,-0.02287
-8.9903,-1.1483,229.306,-0.46403,2.47572,-0.02208
-9.001,-1.068,229.32,-0.46112,2.4795,-0.02036
-8.9545,-1.1092,229.436,-0.45895,2.47551,-0.02264
-9.0834,-1.0087,229.314,-0.46099,2.48562,-0.02159
-9.0006,-1.1254,229.348,-0.45962,2.47725,-0.02147
-9.0193,-1.0929,229.387,-0.45886,2.47952,-0.02197
-8.9658,-1.1048,229.372,-0.45977,2.47673,-0.02211
-8.9538,-1.0804,229.426,-0.46116,2.4772,-0.02164
-8.9712,-1.0554,229.349,-0.45676,2.47788,-0.02235
-8.9447,-1.1754,229.509,-0.4614,2.47375,-0.02222
-8.9211,-1.1991,229.444,-0.46447,2.47695,-0.02047
-8.966,-1.209,229.397,-0.46904,2.47932,-0.0203
-9.0604,-1.0682,229.334,-0.46544,2.48676,-0.0193
-8.9922,-1.1103,229.465,-0.4645,2.47675,-0.02018
-8.9718,-1.1129,229.459,-0.46691,2.47864,-0.02145
-8.9807,-1.1533,229.403,-0.46838,2.4747,-0.02134
-8.9998,-1.0531,229.443,-0.46254,2.47247,-0.02149
-8.9834,-1.0757,229.463,-0.4609,2.47397,-0.02091
-8.9843,-1.0419,229.373,-0.46211,2.47499,-0.02072
-8.8855,-1.1983,229.495,-0.46686,2.46629,-0.02133
-8.9745,-1.0747,229.317,-0.46327,2.47644,-0.01966
-8.9544,-1.1654,229.188,-0.4703,2.4746,-0.01681
-8.9325,-1.2712,229.327,-0.47364,2.47341,-0.01746
-8.962,-1.098,229.493,-0.4627,2.47726,-0.0202
-8.987,-1.1426,229.392,-0.46815,2.47847,-0.01743
-8.9794,-1.1352,229.357,-0.46821,2.4766,-0.01684
-8.9034,-1.2307,229.472,-0.47096,2.47301,-0.01844
-8.9222,-1.3067,229.469,-0.47764,2.47279,-0.01634
-8.8474,-1.265,229.516,-0.46717,2.46953,-0.01995
-8.847,-1.2983,229.585,-0.47232,2.46864,-0.01768
-8.9379,-1.2145,229.379,-0.47079,2.47583,-0.01567
-8.9553,-1.079,229.367,-0.45892,2.47764,-0.01569
-8.9426,-1.1548,229.42,-0.46616,2.47806,-0.0128
-8.9131,-1.2413,229.454,-0.4694,2.479,-0.0136
-8.9099,-1.1075,229.478,-0.46529,2.47236,-0.01421
-8.9103,-1.1774,229.477,-0.47134,2.47777,-0.01357
-8.9408,-1.1142,229.496,-0.464,2.4778,-0.01302
-8.9934,-1.0212,229.362,-0.46463,2.48073,-0.01152
-8.9469,-1.2108,229.283,-0.47723,2.47921,-0.00995
-8.9726,-1.2164,229.354,-0.47686,2.47719,-0.00963
-8.9548,-1.1191,229.282,-0.47451,2.47657,-0.00897
-8.9095,-1.1907,229.529,-0.47217,2.47682,-0.01094
-8.919,-1.1683,229.386,-0.47506,2.47611,-0.0098
-8.938,-1.1306,229.397,-0.47539,2.48088,-0.00783
-8.8962,-1.2368,229.485,-0.47197,2.47245,-0.00885
-8.9494,-1.161,229.433,-0.46932,2.47973,-0.00785
-8.867,-1.2523,229.498,-0.46959,2.4719,-0.0082
-8.9917,-1.1219,229.327,-0.47059,2.48585,-0.00595
-8.8687,-1.3588,229.594,-0.47183,2.47863,-0.00721
-8.8966,-1.2201,229.46,-0.46774,2.48367,-0.00623
-8.8966,-1.2201,229.46,-0.46774,2.48367,-0.00623
-9.0004,-1.0903,229.314,-0.46765,2.49136,-0.00449
-8.9372,-1.2121,229.453,-0.47265,2.48651,-0.00518
-8.9062,-1.1918,229.555,-0.46675,2.48157,-0.00721
-8.9053,-1.2424,229.484,-0.47406,2.48397,-0.00504
-8.964,-1.1962,229.364,-0.47013,2.48558,-0.00585
-8.9958,-1.185,229.519,-0.47704,2.4836,-0.00673
-9.002,-1.1966,229.39,-0.47692,2.47982,-0.00603
-9.0504,-1.215,229.378,-0.4773,2.48173,-0.00611
-8.9827,-1.2569,229.412,-0.4786,2.47788,-0.0085
-9.007,-1.1416,229.374,-0.47261,2.47847,-0.00969
-9.0369,-1.052,229.349,-0.4701,2.48443,-0.00989
-9.005,-1.1861,229.294,-0.47738,2.48254,-0.00975
-8.9761,-1.1925,229.437,-0.47069,2.47389,-0.01272
-9.0563,-1.0912,229.364,-0.47089,2.48018,-0.01154
-9.0525,-1.0716,229.329,-0.46962,2.48835,-0.01217
-9.0043,-1.1914,229.353,-0.4724,2.47763,-0.01251
-9.009,-1.2266,229.481,-0.4759,2.47663,-0.013
-9.0379,-1.1076,229.264,-0.46783,2.48582,-0.01255
-9.0015,-1.2095,229.377,-0.46702,2.47539,-0.01376
-9.0073,-1.1711,229.405,-0.47028,2.47832,-0.01464
-8.9845,-1.2043,229.442,-0.4645,2.47327,-0.01632
-9.0442,-1.0782,229.269,-0.4653,2.48039,-0.01562
-8.9966,-1.11,229.429,-0.46056,2.47719,-0.01642
-9.0416,-1.1544,229.374,-0.47233,2.48138,-0.01389
-9.0446,-1.1424,229.321,-0.47191,2.48092,-0.0157
-9.0314,-1.0415,229.362,-0.46675,2.47559,-0.01627
-9.0869,-1.0441,229.332,-0.46819,2.47826,-0.01659
-8.9759,-1.189,229.404,-0.46947,2.47226,-0.01793
-9.0017,-1.1797,229.384,-0.47306,2.46891,-0.01684
-8.9975,-1.1518,229.369,-0.47225,2.47413,-0.01725
-8.9646,-1.1257,229.532,-0.46912,2.4657,-0.02011
-9.0163,-1.1251,229.358,-0.47238,2.46841,-0.01929
-9.0744,-0.9757,229.251,-0.47317,2.47822,-0.01819
-8.9423,-1.1881,229.575,-0.47039,2.46363,-0.02101
-8.9835,-1.2112,229.253,-0.47518,2.46407,-0.01809
-9.0129,-1.2362,229.318,-0.47937,2.46552,-0.01712
-9.0464,-1.1285,229.2,-0.47952,2.47152,-0.01639
-9.0055,-1.1005,229.288,-0.472,2.46633,-0.01883
-8.8832,-1.3559,229.487,-0.47853,2.45704,-0.01968
-9.0178,-1.0466,229.341,-0.4693,2.46815,-0.01904
-9.0463,-1.0344,229.15,-0.46905,2.47142,-0.01701
-9.0174,-1.1177,229.261,-0.47213,2.474,-0.01679
-8.9507,-1.07,229.409,-0.46505,2.471,-0.01621
-8.953,-1.2743,229.277,-0.48157,2.46987,-0.01417
-9.0075,-1.1829,229.402,-0.47214,2.47037,-0.01458
-8.9672,-1.1699,229.457,-0.46799,2.46752,-0.01454
-8.9843,-1.0465,229.325,-0.46259,2.47373,-0.01361
-8.9833,-1.1397,229.326,-0.46954,2.47216,-0.01226
-8.9273,-1.1918,229.481,-0.46864,2.46644,-0.01302
-8.9646,-1.1107,229.361,-0.46662,2.47104,-0.01245
-8.9924,-1.1098,229.25,-0.47194,2.47568,-0.00917
-8.9653,-1.1773,229.442,-0.47028,2.47476,-0.00962
-9.0308,-1.1065,229.4,-0.47224,2.48462,-0.00832
-9.0073,-1.2294,229.4,-0.47829,2.48237,-0.00707
-8.9578,-1.2452,229.506,-0.47138,2.47847,-0.00741
-8.9301,-1.2332,229.518,-0.47065,2.47984,-0.00924
-8.9641,-1.1556,229.321,-0.4696,2.48623,-0.00718
-8.9805,-1.1635,229.317,-0.47321,2.48468,-0.00563
-8.9531,-1.246,229.425,-0.46847,2.48957,-0.00611
-8.9322,-1.3208,229.46,-0.47529,2.48298,-0.00441
-8.9517,-1.2089,229.42,-0.47035,2.48827,-0.00507
-8.9309,-1.3323,229.536,-0.47537,2.48392,-0.00419
-8.9481,-1.227,229.436,-0.47076,2.48882,-0.00476
-8.9741,-1.1852,229.539,-0.47011,2.48983,-0.00535
-8.9021,-1.303,229.567,-0.47715,2.48153,-0.0059
-8.9391,-1.3181,229.5,-0.4726,2.48816,-0.00535
-8.958,-1.1985,229.358,-0.46923,2.49215,-0.00405
-8.9804,-1.1954,229.408,-0.46585,2.49377,-0.0045
-8.9651,-1.1555,229.459,-0.46599,2.49302,-0.00554
-8.9723,-1.0682,229.397,-0.45868,2.49376,-0.00529
-8.881,-1.3592,229.492,-0.47044,2.48497,-0.00581
-8.9122,-1.2416,229.521,-0.46819,2.48868,-0.00491
-8.9477,-1.215,229.429,-0.47325,2.49122,-0.00352
-8.9992,-1.1518,229.395,-0.46593,2.49484,-0.00268
-8.983,-1.203,229.455,-0.46745,2.49427,-0.00283
-8.9254,-1.1805,229.616,-0.46291,2.4865,-0.00641
-8.9576,-1.2592,229.494,-0.46929,2.49067,-0.00522
-8.9659,-1.2268,229.498,-0.47276,2.48984,-0.00435
-8.9126,-1.3618,229.614,-0.47216,2.48529,-0.00489
-9.0035,-1.1716,229.391,-0.4717,2.49318,-0.00361
-8.9833,-1.1994,229.479,-0.4692,2.48625,-0.00483
-8.9724,-1.1973,229.471,-0.4714,2.4911,-0.00476
-8.9518,-1.2131,229.515,-0.46692,2.49343,-0.00601
-8.9577,-1.2447,229.648,-0.46648,2.48965,-0.00606
-9.0569,-1.0753,229.439,-0.46214,2.49507,-0.00554
-9.07,-1.0904,229.329,-0.46637,2.50346,-0.00351
-8.998,-1.2009,229.338,-0.4725,2.49345,-0.00403
-9.0007,-1.148,229.451,-0.46531,2.49418,-0.00634
-8.9672,-1.1464,229.413,-0.46124,2.49101,-0.00614
-8.9672,-1.1464,229.413,-0.46124,2.49101,-0.00614
-9.007,-1.0524,229.432,-0.45912,2.4903,-0.00779
-9.0169,-1.0464,229.316,-0.46209,2.49032,-0.00626
-8.97,-1.2335,229.357,-0.47272,2.4873,-0.00428
-9.017,-1.1702,229.391,-0.47127,2.4883,-0.00535
-9.0302,-1.1484,229.423,-0.46865,2.48845,-0.0059
-9.0306,-1.051,229.426,-0.46387,2.49159,-0.00576
-8.9297,-1.2599,229.427,-0.47232,2.48786,-0.0048
-8.9926,-1.051,229.396,-0.46062,2.49212,-0.00627
-8.9746,-1.1855,229.565,-0.46926,2.48852,-0.00602
-9.0117,-1.0549,229.412,-0.4613,2.49619,-0.00645
-8.9801,-1.2769,229.612,-0.47169,2.48627,-0.00741
-8.9556,-1.1901,229.493,-0.46643,2.48758,-0.00703
-9.0606,-1.0815,229.317,-0.468,2.50017,-0.00585
-9.0025,-1.0821,229.452,-0.46782,2.48833,-0.00682
-8.9567,-1.2657,229.44,-0.47432,2.48501,-0.00631
-8.9875,-1.1469,229.403,-0.4704,2.48922,-0.00704
-9.0157,-1.1622,229.399,-0.47188,2.48961,-0.0063
-8.9739,-1.2243,229.458,-0.47476,2.48293,-0.00773
-9.0615,-1.1307,229.33,-0.46918,2.49131,-0.00683
-8.9862,-1.1984,229.424,-0.47653,2.48223,-0.00784
-8.8952,-1.342,229.609,-0.47294,2.47571,-0.00896
-8.982,-1.3337,229.34,-0.4823,2.48058,-0.00648
-8.9685,-1.1965,229.47,-0.47394,2.48024,-0.0085
-8.9761,-1.1827,229.364,-0.47208,2.48067,-0.00874
-9.0113,-1.1497,229.398,-0.4713,2.48206,-0.00842
-9.0464,-1.1785,229.334,-0.48123,2.48493,-0.0073
-8.9594,-1.1355,229.363,-0.47485,2.48136,-0.00868
-9.0119,-1.1554,229.295,-0.47536,2.48004,-0.00705
-9.0775,-1.1744,229.32,-0.48218,2.48225,-0.00579
-8.9906,-1.1841,229.393,-0.47373,2.47889,-0.00844
-9.0073,-1.1117,229.422,-0.46623,2.47962,-0.00975
-9.0644,-1.1371,229.348,-0.47703,2.4843,-0.00753
-9.0019,-1.2168,229.306,-0.47796,2.47593,-0.00809
-8.9549,-1.0548,229.314,-0.46247,2.48082,-0.01047
-9.1128,-1.0421,229.182,-0.47458,2.49263,-0.00673
-9.0584,-1.0348,229.28,-0.47407,2.48533,-0.00972
-9.0223,-1.1465,229.348,-0.47888,2.48049,-0.00945
-9.0011,-1.1847,229.37,-0.47864,2.48173,-0.01014
-8.9882,-1.1283,229.418,-0.47145,2.47569,-0.01119
-9.0295,-1.2284,229.428,-0.47524,2.48004,-0.00975
-8.9741,-1.2617,229.3,-0.48261,2.48255,-0.00808
-9.0005,-1.1649,229.353,-0.47288,2.47889,-0.01053
-9.0441,-1.12,229.474,-0.47159,2.4783,-0.01054
-9.0077,-1.149,229.376,-0.47462,2.47995,-0.01072
-9.0077,-1.149,229.376,-0.47462,2.47995,-0.01072
-9.0107,-1.1356,229.364,-0.47669,2.47711,-0.00979
-9.07,-1.0716,229.319,-0.47353,2.48361,-0.00844
-9.018,-1.1508,229.315,-0.47263,2.4796,-0.01005
-9.027,-1.1506,229.328,-0.47435,2.48217,-0.00927
-9.0618,-1.063,229.147,-0.47536,2.48533,-0.00765
-9.0372,-1.1514,229.3,-0.47313,2.48244,-0.00921
-9.0584,-1.0661,229.278,-0.47153,2.48489,-0.00888
-9.0578,-1.0283,229.168,-0.47154,2.48677,-0.00823
-9.0035,-1.2524,229.404,-0.47677,2.48117,-0.01011
-9.0124,-1.2334,229.425,-0.47627,2.48008,-0.00926
-9.0723,-1.211,229.32,-0.47622,2.48476,-0.00736
-8.959,-1.3209,229.438,-0.4754,2.4783,-0.00961
-9.0977,-1.0178,229.28,-0.46814,2.48404,-0.00946
-9.022,-1.1858,229.354,-0.47172,2.48121,-0.0104
-8.9681,-1.2042,229.474,-0.4673,2.47608,-0.01096
-9.0409,-1.0867,229.329,-0.46348,2.48215,-0.01024
-8.9448,-1.1748,229.445,-0.46245,2.47319,-0.0121
-8.989,-1.2387,229.393,-0.47083,2.48031,-0.01091
-9.0231,-1.1371,229.465,-0.47079,2.48276,-0.01047
-9.0226,-1.1432,229.403,-0.47061,2.48218,-0.01015
-9.0087,-1.1192,229.279,-0.46896,2.48326,-0.01042
-8.998,-1.2906,229.542,-0.47878,2.48027,-0.01064
-9.0684,-1.1847,229.44,-0.4744,2.4845,-0.00967
-9.0063,-1.1437,229.387,-0.46915,2.47714,-0.00997
-9.036,-1.1155,229.349,-0.4688,2.48287,-0.00861
-9.0395,-1.1597,229.375,-0.47296,2.48576,-0.00704
-9.0372,-1.1625,229.359,-0.47425,2.48718,-0.00792
-9.0174,-1.1725,229.423,-0.47753,2.48255,-0.00751
-9.0289,-1.0603,229.376,-0.46417,2.48139,-0.00988
-9.0874,-1.0979,229.3,-0.47546,2.48564,-0.0081
-9.1232,-1.1036,229.325,-0.4786,2.48732,-0.00718
-9.0205,-1.1141,229.459,-0.46902,2.47936,-0.01008
-9.029,-1.1074,229.427,-0.46939,2.47847,-0.01074
-9.0179,-1.229,229.409,-0.47623,2.47963,-0.00989
-9.0583,-1.0936,229.255,-0.47696,2.48069,-0.00803
-9.0651,-1.141,229.376,-0.47853,2.48003,-0.00731
-9.0683,-1.1146,229.289,-0.47349,2.48175,-0.00758
-9.0189,-1.2386,229.399,-0.47618,2.4734,-0.00956
-9.0342,-1.2023,229.239,-0.47872,2.48115,-0.00823
-9.0249,-1.2018,229.467,-0.47463,2.47665,-0.0098
-9.0348,-1.1966,229.369,-0.4789,2.47491,-0.0081
-9.0181,-1.137,229.474,-0.47231,2.48077,-0.00999
-9.0358,-1.0609,229.306,-0.47612,2.48266,-0.00705
-9.0635,-1.1919,229.401,-0.47749,2.48004,-0.0078
-9.0604,-1.2535,229.402,-0.48318,2.48221,-0.00709
-9.0036,-1.1732,229.39,-0.47843,2.47906,-0.00841
-9.021,-1.206,229.456,-0.48111,2.47974,-0.00849
-9.0441,-1.1375,229.381,-0.47713,2.48106,-0.00758
-9.0302,-1.1592,229.388,-0.47915,2.48152,-0.00831
-9.0838,-1.036,229.253,-0.46934,2.48451,-0.00744
-9.0601,-1.144,229.363,-0.47659,2.48294,-0.00859
-9.0686,-1.0644,229.258,-0.47195,2.48301,-0.00886
-9.0207,-1.2334,229.311,-0.48264,2.47555,-0.00819
-8.9974,-1.1833,229.41,-0.47477,2.4769,-0.0106
-9.0293,-1.2157,229.42,-0.47748,2.47288,-0.01053
-9.0069,-1.274,229.481,-0.47867,2.47562,-0.00987
-9.0474,-1.1289,229.366,-0.47401,2.48124,-0.00891
-9.0261,-1.0127,229.351,-0.46895,2.47984,-0.00955
-9.0593,-1.0465,229.395,-0.4736,2.48085,-0.0086
-9.051,-1.0016,229.363,-0.46677,2.48356,-0.00893
-9.0848,-1.1205,229.406,-0.47463,2.48066,-0.00856
-9.0616,-1.1502,229.45,-0.48004,2.48467,-0.00758
-9.0687,-1.0651,229.298,-0.47452,2.48305,-0.0091
-8.9938,-1.2916,229.519,-0.4784,2.47733,-0.00975
-9.0761,-1.1407,229.384,-0.47579,2.482,-0.00902
-9.0201,-1.2721,229.351,-0.4793,2.47768,-0.00768
-8.9879,-1.2282,229.524,-0.47558,2.4764,-0.00906
-9.0574,-1.2106,229.495,-0.47826,2.48404,-0.00866
-9.0582,-1.1128,229.523,-0.47166,2.48296,-0.00974
-9.0146,-1.2217,229.492,-0.47759,2.47922,-0.00885
-9.0555,-1.0843,229.432,-0.47526,2.48781,-0.0081
-9.0503,-1.0217,229.435,-0.4675,2.48532,-0.00961
-9.0554,-1.2271,229.432,-0.48125,2.48733,-0.0075
-8.9805,-1.3131,229.439,-0.4811,2.4787,-0.00731
-9.0594,-1.107,229.384,-0.4732,2.48199,-0.00723
-9.0405,-1.0829,229.336,-0.47081,2.49004,-0.00712
-9.0172,-1.2035,229.468,-0.47681,2.48127,-0.00812
-9.0358,-1.1217,229.371,-0.46923,2.48318,-0.00933
-8.9908,-1.194,229.39,-0.47322,2.48036,-0.00864
-9.0147,-1.2103,229.392,-0.47293,2.48096,-0.00799
-9.0057,-1.3015,229.466,-0.47786,2.47521,-0.00856
-9.0368,-1.1998,229.417,-0.47531,2.48264,-0.00873
-9.0578,-1.08,229.413,-0.46719,2.48494,-0.00948
-8.944,-1.2574,229.403,-0.47159,2.47537,-0.00912
-9.0357,-1.1392,229.427,-0.47118,2.48193,-0.00771
-9.0322,-1.1305,229.465,-0.46844,2.48435,-0.00716
-9.033,-1.159,229.431,-0.47758,2.4875,-0.00663
-9.0503,-1.0285,229.469,-0.47105,2.48886,-0.00794
-9.0362,-1.1628,229.34,-0.47915,2.48495,-0.00571
-9.0215,-1.1476,229.354,-0.47397,2.48597,-0.00697
-8.9645,-1.2368,229.563,-0.47468,2.48148,-0.00814
-8.9731,-1.2437,229.488,-0.4747,2.47701,-0.00836
-9.0261,-1.1212,229.417,-0.46932,2.48144,-0.00861
-9.0199,-1.2366,229.407,-0.47804,2.48356,-0.00596
-9.0303,-1.1208,229.363,-0.47492,2.48578,-0.00833
-9.0523,-1.0295,229.368,-0.46411,2.4889,-0.00807
-8.9899,-1.2518,229.556,-0.47378,2.47845,-0.00765
-8.9652,-1.2047,229.55,-0.47326,2.47871,-0.00894
-9.0066,-1.0291,229.363,-0.46296,2.48409,-0.00829
-9.0346,-1.0454,229.312,-0.46534,2.48756,-0.00736
-9.0137,-1.1229,229.39,-0.47156,2.48342,-0.00722
-8.9976,-1.1861,229.528,-0.46915,2.48373,-0.00805
-9.0209,-1.2101,229.368,-0.47841,2.48217,-0.0058
-9.0708,-1.005,229.351,-0.466,2.48942,-0.00664
-8.9817,-1.1465,229.508,-0.46819,2.48749,-0.00778
-9.0225,-1.1397,229.38,-0.47135,2.4855,-0.00573
-8.9581,-1.2213,229.344,-0.47542,2.48673,-0.00507
-8.9594,-1.2055,229.37,-0.47341,2.48456,-0.00521
-8.9128,-1.2946,229.413,-0.47368,2.47674,-0.00595
-9.033,-1.0734,229.389,-0.47118,2.49267,-0.00446
-9.0444,-1.0252,229.411,-0.46886,2.49052,-0.00492
-9.0019,-1.155,229.289,-0.47323,2.49192,-0.0032
-8.9322,-1.3209,229.524,-0.47594,2.47833,-0.00542
-8.9644,-1.234,229.581,-0.47346,2.48322,-0.00556
-8.9831,-1.1923,229.567,-0.4728,2.48787,-0.00688
-8.9456,-1.2222,229.384,-0.47373,2.48124,-0.0054
-9.0285,-1.0616,229.333,-0.47211,2.4908,-0.00489
-8.9941,-1.1681,229.467,-0.47518,2.48355,-0.00485
-9.0453,-1.1582,229.392,-0.47607,2.48532,-0.00425
-9.0146,-1.1139,229.403,-0.47157,2.48634,-0.00558
-8.993,-1.1298,229.484,-0.47047,2.48134,-0.00586
-9.0037,-1.1343,229.544,-0.47014,2.48528,-0.00648
-8.9911,-1.1676,229.433,-0.47396,2.48604,-0.00508
-8.9985,-1.155,229.613,-0.47341,2.48538,-0.00621
-8.971,-1.2347,229.496,-0.47644,2.48619,-0.00521
-9.0023,-1.129,229.457,-0.47179,2.48852,-0.00609
-8.9355,-1.2209,229.543,-0.4729,2.47732,-0.00699
-8.9194,-1.2658,229.734,-0.47301,2.47542,-0.0076
-8.9629,-1.1359,229.499,-0.47085,2.48055,-0.0067
-9.0097,-1.0712,229.616,-0.46899,2.47918,-0.00699
-9.0275,-1.0966,229.402,-0.47231,2.4861,-0.0052
-9.037,-1.1465,229.465,-0.47391,2.48575,-0.00448
-8.9714,-1.2436,229.554,-0.47873,2.48472,-0.004
-9.0075,-1.1365,229.473,-0.47558,2.48529,-0.00438
-8.9055,-1.3402,229.521,-0.47967,2.47456,-0.0062
-8.9741,-1.2391,229.392,-0.47637,2.48141,-0.00417
-8.9556,-1.2505,229.479,-0.47242,2.48131,-0.00562
-9.0433,-1.0554,229.431,-0.47152,2.48661,-0.0051
-8.9971,-1.1292,229.447,-0.47779,2.48376,-0.00526
-9.0359,-1.1274,229.518,-0.47633,2.48538,-0.00472
-8.9583,-1.1821,229.534,-0.4734,2.48024,-0.0067
-8.9741,-1.1432,229.446,-0.47165,2.48142,-0.00551
-9.0448,-1.0941,229.439,-0.47255,2.47843,-0.00558
-8.9457,-1.2003,229.533,-0.47458,2.47688,-0.00648
-8.9576,-1.1863,229.472,-0.47494,2.48298,-0.00467
-8.9197,-1.3571,229.669,-0.4828,2.47512,-0.00516
-9.0077,-1.1288,229.501,-0.47418,2.48205,-0.00535
-8.939,-1.1095,229.489,-0.46854,2.47845,-0.00639
-8.9644,-1.1713,229.453,-0.47298,2.48291,-0.00549
-8.9134,-1.2884,229.612,-0.47642,2.47909,-0.00607
-8.9941,-1.1344,229.477,-0.47292,2.4844,-0.00505
-9.0211,-0.9572,229.404,-0.46267,2.48872,-0.00521
-9.0184,-1.0402,229.597,-0.46654,2.48425,-0.00772
-8.9517,-1.1196,229.553,-0.46728,2.48285,-0.00834
-9.0176,-1.2173,229.452,-0.47432,2.48219,-0.00612
-8.9133,-1.2257,229.555,-0.47103,2.47875,-0.0065
-9.031,-1.0863,229.432,-0.47119,2.48328,-0.00538
-8.961,-1.1667,229.543,-0.4747,2.48066,-0.00624
-9.0097,-1.1607,229.455,-0.4721,2.4829,-0.0077
-9.0235,-1.0451,229.434,-0.46788,2.48541,-0.00785
-9.0617,-1.0711,229.406,-0.47412,2.49016,-0.00572
-8.9711,-1.2243,229.529,-0.47771,2.48222,-0.00769
-8.9294,-1.2066,229.566,-0.47346,2.47687,-0.00799
-8.982,-1.188,229.436,-0.47184,2.47859,-0.0079
-8.9907,-1.2253,229.4,-0.47667,2.48058,-0.00723
-8.9323,-1.2063,229.562,-0.47231,2.47783,-0.00829
-8.9355,-1.1561,229.506,-0.46805,2.47619,-0.00733
-8.9449,-1.2585,229.621,-0.47564,2.47849,-0.00668
-8.9403,-1.2601,229.619,-0.48111,2.47793,-0.00561
-9.0199,-1.1652,229.588,-0.47544,2.48382,-0.00484
-8.9512,-1.1475,229.531,-0.47492,2.48192,-0.00523
-8.9071,-1.3055,229.661,-0.47428,2.47787,-0.00645
-8.9275,-1.222,229.584,-0.47196,2.47516,-0.0061
-9.0174,-1.0245,229.465,-0.47112,2.48815,-0.00365
-9.0094,-1.1952,229.389,-0.47537,2.48305,-0.00333
-8.9665,-1.1273,229.457,-0.47417,2.48312,-0.00414
-9.0528,-1.0282,229.399,-0.47195,2.48916,-0.00391
-8.9709,-1.0555,229.371,-0.4682,2.48542,-0.00418
-8.9887,-1.1149,229.403,-0.47273,2.48564,-0.00507
-9.0183,-1.0907,229.501,-0.47255,2.48592,-0.00432
-9.0255,-1.057,229.515,-0.46834,2.48151,-0.004
-9.0056,-1.0401,229.556,-0.46452,2.48155,-0.00542
-8.9887,-1.0668,229.302,-0.47019,2.48542,-0.00359
-8.9468,-1.2187,229.481,-0.4747,2.47999,-0.00506
-8.992,-1.0798,229.496,-0.47195,2.48209,-0.00523
-8.9523,-1.2791,229.538,-0.48056,2.47899,-0.00428
-9.0217,-1.0579,229.394,-0.46824,2.48584,-0.00424
-9.0106,-1.0181,229.474,-0.46336,2.48428,-0.00516
-8.9447,-1.2205,229.514,-0.47475,2.48058,-0.00533
-8.9691,-1.1659,229.587,-0.47157,2.48552,-0.00628
-9.0147,-1.2201,229.485,-0.47789,2.48316,-0.00536
-9.0355,-1.0877,229.307,-0.47478,2.48324,-0.00462
-9.0371,-1.0636,229.325,-0.47134,2.48645,-0.00483
-9.0097,-1.0967,229.446,-0.47128,2.48175,-0.00532
-9.0223,-1.0507,229.509,-0.47013,2.4773,-0.0075
-9.0515,-1.0747,229.379,-0.47425,2.48115,-0.00573
-9.0106,-1.1909,229.493,-0.47653,2.48115,-0.00688
-9.0194,-1.15,229.405,-0.47333,2.47915,-0.00592
-9.0348,-1.108,229.459,-0.47498,2.47867,-0.00613
-8.9149,-1.1757,229.592,-0.47233,2.47357,-0.00862
-8.9636,-1.1122,229.518,-0.47247,2.47678,-0.00713
-8.9765,-1.2257,229.463,-0.47375,2.47833,-0.00719
-8.9647,-1.197,229.554,-0.4773,2.4791,-0.00757
-9.0245,-1.0758,229.4,-0.47276,2.48586,-0.00693
-8.9795,-1.1903,229.397,-0.47249,2.48224,-0.00713
-9.0216,-1.0544,229.41,-0.47024,2.47645,-0.00842
-9.0336,-0.8743,229.396,-0.46059,2.47645,-0.01
-8.9957,-1.1637,229.37,-0.47667,2.47234,-0.00794
-9.0232,-1.0441,229.419,-0.46726,2.47989,-0.00995
-8.9814,-1.2519,229.417,-0.48091,2.4796,-0.00684
-9.0502,-1.0631,229.395,-0.47394,2.48721,-0.00709
-9.0048,-1.0888,229.485,-0.46856,2.48053,-0.0088
-9.0741,-1.0448,229.45,-0.47202,2.48631,-0.00692
-9.0453,-1.0286,229.449,-0.47021,2.48609,-0.00612
-8.9918,-1.2409,229.473,-0.47996,2.48196,-0.00553
-9.0211,-1.1358,229.48,-0.47585,2.48181,-0.00529
-8.9906,-1.102,229.508,-0.47375,2.4834,-0.0062
-9.0248,-1.0386,229.375,-0.47383,2.48106,-0.00602
-8.9309,-1.2624,229.593,-0.48003,2.47534,-0.00748
-8.987,-1.1037,229.486,-0.47521,2.47853,-0.00725
-8.962,-1.1385,229.553,-0.47656,2.47539,-0.0101
-8.9226,-1.1591,229.506,-0.47864,2.47774,-0.01012
-8.8849,-1.1557,229.593,-0.47451,2.47637,-0.01071
-8.8879,-1.1086,229.683,-0.47558,2.48217,-0.00898
-8.7569,-0.9191,229.864,-0.46262,2.49099,-0.00363
-8.5905,-0.8884,229.823,-0.45351,2.48482,-0.00071
-8.4991,-0.8371,229.805,-0.44896,2.48023,0.00319
-8.3866,-1.0578,229.835,-0.46636,2.48084,0.01166
-8.3087,-0.8745,229.827,-0.45554,2.48962,0.0163
-8.1705,-1.0298,229.882,-0.4631,2.48485,0.01942
-8.0805,-0.9499,229.944,-0.46186,2.48221,0.02401
-7.9741,-1.0907,229.723,-0.46893,2.47214,0.02533
-8.1846,-1.3502,229.72,-0.47889,2.47223,0.01766
-8.3759,-1.305,229.667,-0.47197,2.47809,0.01097
-8.5583,-1.2149,229.537,-0.47124,2.48139,0.00767
-8.566,-1.2316,229.639,-0.46643,2.47549,0.00219
-8.6642,-1.224,229.586,-0.47416,2.47745,0.00207
-8.6415,-1.2242,229.673,-0.46575,2.47001,-0.00467
-8.7616,-1.2325,229.639,-0.46847,2.46883,-0.00816
-8.7852,-1.147,229.544,-0.46573,2.46859,-0.01016
-8.7945,-1.1673,229.634,-0.46627,2.46412,-0.0137
-8.8267,-1.2357,229.654,-0.47107,2.46076,-0.0145
-8.896,-1.2441,229.49,-0.47521,2.46338,-0.01436
-8.9458,-1.2329,229.558,-0.47229,2.46834,-0.01496
-9.0135,-1.0192,229.476,-0.46022,2.47251,-0.01588
-9.0629,-1.0737,229.389,-0.46332,2.46926,-0.01442
-9.0305,-1.0094,229.28,-0.45587,2.47069,-0.01408
-9.0103,-1.2304,229.428,-0.46418,2.46861,-0.01359
-8.9846,-1.2491,229.504,-0.46172,2.46788,-0.01657
-9.0396,-1.2109,229.641,-0.46255,2.47149,-0.01537
-9.0708,-1.1433,229.628,-0.45807,2.4756,-0.01559
-8.9503,-1.2582,229.54,-0.45383,2.47364,-0.01718
-8.883,-1.3109,229.748,-0.45211,2.4718,-0.02161
-8.8794,-1.3124,229.752,-0.44954,2.47594,-0.02409
-8.8688,-1.3232,229.778,-0.45352,2.47915,-0.02249
-8.828,-1.3063,229.673,-0.44939,2.48259,-0.02376
-8.8292,-1.1836,229.76,-0.44437,2.48639,-0.0219
-8.8273,-1.298,229.614,-0.45484,2.49318,-0.01629
-8.7842,-1.339,229.86,-0.45559,2.50058,-0.0135
-8.8357,-1.1883,229.723,-0.45571,2.51178,-0.00871
-8.8394,-1.1803,229.825,-0.4523,2.51307,-0.00664
-8.8642,-1.2548,230.033,-0.45737,2.51266,-0.00194
-8.837,-1.2854,230.196,-0.46431,2.51362,0.02359
-8.3705,-0.2976,230.063,-0.43713,2.50517,0.03307
-8.0172,0.6973,229.954,-0.41097,2.49691,0.02769
-8.2287,0.2096,229.792,-0.41859,2.49972,0.01285
-8.6781,-0.644,229.83,-0.43821,2.50373,-0.00015
-8.7807,-1.1035,229.75,-0.44827,2.4987,-0.01031
-8.9431,-1.2311,229.642,-0.46296,2.49775,-0.01179
-8.9945,-1.096,229.645,-0.45955,2.4751,-0.01359
-8.9895,-1.0868,229.814,-0.4567,2.47459,-0.01425
-9.0242,-1.0787,229.905,-0.45262,2.47635,-0.01561
-8.9173,-1.377,230.3,-0.45767,2.46946,-0.01895
-8.9967,-1.2365,230.289,-0.44949,2.487,-0.01797
-8.9609,-1.2356,230.26,-0.44925,2.49845,-0.01425
-8.9468,-1.3266,230.442,-0.45172,2.50273,-0.01039
-8.8494,-1.2556,230.351,-0.44886,2.51566,-0.00404
-8.7806,-1.3386,230.441,-0.44314,2.52187,-0.00123
-8.8266,-1.2348,230.437,-0.4457,2.53248,0.00412
-8.9152,-1.1603,230.101,-0.44469,2.53786,0.00952
-9.4817,-0.2653,229.744,-0.42308,2.54501,0.00701
-9.9084,0.2954,229.932,-0.40225,2.55037,0.00523
-9.7075,-0.1104,230.144,-0.40586,2.55248,0.00073
-9.1113,-1.1146,230.19,-0.43236,2.54442,0.00225
-8.8879,-1.3477,229.975,-0.43743,2.54178,-0.00339
-8.8917,-1.3264,229.86,-0.4396,2.53838,-0.00385
-8.9166,-1.3801,229.546,-0.4452,2.54123,-0.00353
-8.8935,-1.2705,229.301,-0.44421,2.53878,-0.00549
-8.8433,-1.2659,229.039,-0.44763,2.52797,-0.00712
-8.8315,-1.2604,229.027,-0.45006,2.51874,-0.00752
-8.8632,-1.1893,229.014,-0.45214,2.5104,-0.00787
-8.9771,-1.2617,229.086,-0.45136,2.50751,-0.00972
-9.0954,-1.1103,229.134,-0.44419,2.51901,-0.01084
-9.1239,-1.1338,229.384,-0.44294,2.51607,-0.01207
-9.1424,-1.0225,229.431,-0.43268,2.51716,-0.01328
-9.0755,-1.267,229.537,-0.44249,2.51411,-0.01416
-9.0628,-1.2409,229.349,-0.4493,2.51838,-0.01396
-9.0318,-1.1115,229.342,-0.44139,2.51306,-0.01615
-9.0523,-1.1108,229.187,-0.44109,2.51089,-0.016
-9.0126,-1.1675,229.081,-0.44978,2.50087,-0.01496
-9.0577,-1.1139,229.138,-0.45079,2.49467,-0.0157
-9.0332,-1.1913,229.148,-0.45313,2.48502,-0.01489
-9.0879,-1.1769,229.129,-0.4623,2.48754,-0.0147
-9.0114,-1.2962,229.31,-0.46593,2.47691,-0.01484
-9.0013,-1.1931,229.288,-0.46288,2.48587,-0.01334
-8.9256,-1.1153,229.399,-0.45589,2.47883,-0.01402
-9.043,-0.9801,229.335,-0.45695,2.49016,-0.0123
-8.9777,-1.0605,229.469,-0.45713,2.49539,-0.01205
-8.9805,-0.9964,229.502,-0.45271,2.49941,-0.01311
-8.8908,-1.1002,229.578,-0.45482,2.49506,-0.01484
-8.8608,-1.142,229.593,-0.45845,2.49126,-0.0153
-8.7962,-1.2301,229.696,-0.45875,2.48579,-0.01582
-8.804,-1.2161,229.479,-0.46148,2.48499,-0.01577
-8.7616,-1.1888,229.501,-0.46337,2.47412,-0.01443
-8.7505,-1.279,229.592,-0.47186,2.47278,-0.01261
-8.7521,-1.1838,229.588,-0.46432,2.47541,-0.01387
-8.7695,-1.2232,229.735,-0.46833,2.47287,-0.01543
-8.7649,-1.1887,229.747,-0.46631,2.48168,-0.01521
-8.7262,-1.317,229.931,-0.46802,2.47722,-0.01509
-8.613,-1.3144,229.999,-0.46239,2.47895,-0.01434
-8.6339,-1.1914,230.157,-0.45468,2.48243,-0.01353
-8.6596,-1.1215,230.094,-0.45295,2.49187,-0.00991
-8.64,-1.2877,230.208,-0.4556,2.49268,-0.00992
-8.7003,-1.2407,230.099,-0.45547,2.50156,-0.0078
-8.6762,-1.3681,230.089,-0.46102,2.50464,-0.0046
-8.5677,-1.3577,230.244,-0.45094,2.50111,-0.0069
-8.6536,-1.2444,230.056,-0.45586,2.51278,-0.00378
-8.635,-1.2821,229.982,-0.46026,2.51012,-0.00212
-8.6795,-1.3386,229.841,-0.46461,2.50725,-0.00087
-8.6814,-1.3054,229.839,-0.46307,2.49712,-0.00352
-8.6991,-1.3729,229.768,-0.47343,2.49418,-0.00218
-8.7613,-1.2247,229.601,-0.46726,2.49523,-0.00299
-8.7552,-1.1957,229.59,-0.47043,2.49278,-0.00529
-8.8263,-1.138,229.565,-0.47591,2.49578,-0.00629
-8.7617,-1.3387,229.595,-0.48231,2.49045,-0.00584
-8.7732,-1.1803,229.4,-0.46535,2.49507,-0.00702
-8.7042,-1.3397,229.542,-0.47156,2.49006,-0.0072
-8.7417,-1.2226,229.416,-0.46765,2.49637,-0.00698
-8.7827,-1.2175,229.465,-0.46354,2.49976,-0.00698
-8.7391,-1.3219,229.53,-0.46619,2.49403,-0.00735
-8.6969,-1.408,229.786,-0.46905,2.48977,-0.00919
-8.7488,-1.2766,229.465,-0.46298,2.49829,-0.00903
-8.7206,-1.3197,229.728,-0.46148,2.49164,-0.01266
-8.7223,-1.3971,229.746,-0.46395,2.49552,-0.01246
-8.7525,-1.3376,229.587,-0.46545,2.49482,-0.01234
-8.7031,-1.3736,229.749,-0.45777,2.48779,-0.01561
-8.8442,-1.2476,229.431,-0.461,2.49971,-0.01249
-8.8514,-1.2224,229.437,-0.4604,2.48557,-0.01299
-8.8258,-1.2371,229.456,-0.46226,2.48288,-0.01352
-8.8928,-1.191,229.404,-0.46094,2.48848,-0.01401
-8.9221,-1.1552,229.301,-0.46462,2.48958,-0.01144
-8.8786,-1.2032,229.338,-0.46455,2.48853,-0.01266
-8.953,-1.0915,229.261,-0.46204,2.49569,-0.01349
-8.9249,-1.2016,229.412,-0.46645,2.48797,-0.01404
-8.9795,-1.1769,229.352,-0.46467,2.48764,-0.01385
-8.9167,-1.3741,229.445,-0.47527,2.47857,-0.01221
-8.9385,-1.2871,229.427,-0.47667,2.47941,-0.01052
-8.9284,-1.2794,229.562,-0.47325,2.47438,-0.01257
-8.9991,-1.2111,229.499,-0.47963,2.48648,-0.00665
-8.9655,-1.0909,229.6,-0.46635,2.48931,-0.00603
-8.9377,-1.1277,229.678,-0.4682,2.48711,-0.0054
-8.9103,-1.1237,229.644,-0.46714,2.49292,-0.00328
-8.7791,-1.2671,229.922,-0.46546,2.48741,-0.00536
-8.8445,-1.2535,229.9,-0.46561,2.49915,-0.00464
-8.7816,-1.2675,230.049,-0.46117,2.49891,-0.00664
-8.7087,-1.3318,230.093,-0.45614,2.49567,-0.00902
-8.7157,-1.2226,229.907,-0.45671,2.49018,-0.00994
-8.7009,-1.4817,229.822,-0.48019,2.48613,-0.00438
-8.8625,-1.3166,229.716,-0.48061,2.48576,0.00505
-8.9999,-1.0027,229.772,-0.4749,2.48363,0.00459
-9.1878,-0.298,229.761,-0.45257,2.48973,-0.00034
-9.1847,-0.3231,229.869,-0.45126,2.48765,-0.00488
-9.2154,-0.4951,229.623,-0.44735,2.49405,-0.00682
-9.0751,-0.9516,229.746,-0.45912,2.49023,-0.01011
-9.0124,-1.1738,229.664,-0.47227,2.48305,-0.00955
-9.0079,-1.203,229.394,-0.47701,2.47408,-0.01047
-8.9782,-1.2654,229.471,-0.47737,2.4636,-0.01556
-9.1239,-1.3087,229.312,-0.48643,2.47416,-0.01435
-9.1717,-1.0975,229.133,-0.47412,2.47963,-0.01393
-9.175,-1.0419,229.295,-0.47218,2.47873,-0.01412
-9.1326,-1.118,229.308,-0.47424,2.4828,-0.01221
-9.1481,-1.074,229.421,-0.46906,2.4826,-0.01319
-9.0793,-1.1108,229.428,-0.47291,2.48467,-0.01264
-9.0569,-1.0405,229.442,-0.4686,2.48485,-0.01166
-8.9619,-1.1211,229.494,-0.4704,2.48694,-0.01074
-8.8805,-1.2457,229.549,-0.47312,2.48372,-0.01044
-8.8984,-1.1435,229.519,-0.4698,2.48724,-0.01083
-8.915,-1.1514,229.405,-0.46682,2.49296,-0.01081
-8.9554,-1.1576,229.462,-0.47255,2.49128,-0.00994
-8.9674,-1.2877,229.507,-0.48053,2.48312,-0.00942
-8.8986,-1.2169,229.372,-0.47545,2.47885,-0.00961
-8.9537,-1.126,229.447,-0.4743,2.48092,-0.009
-8.9926,-1.1457,229.361,-0.47565,2.48349,-0.00642
-8.9354,-1.2592,229.688,-0.47166,2.47331,-0.00764
-8.9034,-1.2158,229.703,-0.47494,2.47249,-0.00731
-8.9049,-1.2817,229.797,-0.48043,2.47564,-0.00431
-8.9451,-1.2728,229.622,-0.48281,2.48785,-0.00166
-8.9494,-1.1668,229.645,-0.48062,2.48846,-0.00038
-8.9224,-1.0477,229.672,-0.46984,2.48583,-0.00119
-8.9398,-1.2361,229.644,-0.48094,2.48466,0.00151
-8.9261,-1.2265,229.648,-0.4806,2.48557,0.0016
-8.9261,-1.2265,229.648,-0.4806,2.48557,0.0016
-8.9261,-1.2265,229.648,-0.4806,2.48557,0.0016
-8.8771,-1.3149,228.975,-0.48929,2.46797,-0.00568
-8.935,-1.3333,228.873,-0.49424,2.45689,-0.00751
-8.9983,-1.2263,228.749,-0.496,2.45569,-0.00613
-8.8888,-1.2011,228.722,-0.48889,2.4582,-0.00601
-8.847,-1.0759,228.94,-0.48157,2.45679,-0.00746
-8.9008,-1.0998,229.535,-0.47302,2.45864,-0.00913
-9.0126,-1.1109,229.963,-0.46825,2.46757,-0.01222
-9.1849,-1.267,229.98,-0.47511,2.48908,-0.00959
-9.1337,-1.2719,229.904,-0.4677,2.49154,-0.00913
-9.0498,-1.3577,230.018,-0.47285,2.49616,-0.00703
-8.9291,-1.2623,230.223,-0.45796,2.50448,-0.0051
-8.763,-1.2667,230.683,-0.44547,2.51325,-0.00139
-8.7586,-1.3145,230.649,-0.45397,2.52337,0.00927
-8.6031,-1.4456,230.738,-0.45215,2.51877,0.01241
-8.5626,-1.4264,230.405,-0.45927,2.51732,0.01387
-8.6302,-1.3393,230.119,-0.46385,2.50802,0.01036
-8.6615,-1.5116,229.755,-0.47496,2.4943,0.00697
-8.7834,-1.3723,229.08,-0.48512,2.49387,0.00791
-9.0556,-1.1023,228.694,-0.49557,2.4859,0.00571
-8.8239,-1.1837,229.36,-0.52623,2.46109,0.00411
-8.71,-1.1139,229.369,-0.50843,2.46055,0.00393
-8.7373,-1.1855,229.04,-0.49492,2.45114,0.00217
-8.8501,-1.2067,229.237,-0.49188,2.43716,-0.00364
-9.0963,-0.9795,229.228,-0.47747,2.45277,-0.00736
-9.2683,-1.136,229.518,-0.47333,2.46738,-0.01183
-9.2475,-1.0997,229.984,-0.45335,2.47914,-0.01577
-9.155,-1.2895,229.795,-0.46299,2.49416,-0.01394
-9.0221,-1.2561,229.322,-0.45902,2.50372,-0.01218
-8.9338,-1.1902,228.841,-0.46137,2.51053,-0.00546
-8.8215,-1.278,228.792,-0.46396,2.49506,-0.00596
-8.745,-1.3701,228.897,-0.47905,2.48319,-0.00589
-8.7781,-1.2706,228.959,-0.48209,2.4681,-0.01031
-8.8827,-1.2464,228.878,-0.48401,2.45057,-0.01358
-9.0679,-1.0293,228.928,-0.48022,2.44737,-0.01616
-9.0667,-1.0989,229.274,-0.48162,2.44437,-0.01666
-9.1219,-1.0584,229.842,-0.4732,2.44134,-0.02012
-9.2214,-1.0281,230.171,-0.46384,2.46284,-0.0208
-9.1554,-1.0886,230.152,-0.45673,2.47585,-0.01915
-9.0501,-0.9988,230.017,-0.45241,2.48686,-0.01896
-8.8896,-1.1381,230.12,-0.46174,2.48409,-0.01276
-8.8238,-1.2056,230.083,-0.46909,2.49224,-0.00631
-8.6555,-1.2598,229.875,-0.46745,2.48738,-0.00335
-8.6979,-1.1875,229.67,-0.47079,2.48501,-4e-05
-8.8047,-1.2262,229.491,-0.47634,2.48029,5e-05
-8.8146,-1.2716,229.415,-0.47848,2.47308,0.00035
-8.8994,-1.3119,229.503,-0.4846,2.47375,0.00018
-8.9927,-1.2081,229.533,-0.4831,2.46546,-0.00235
-8.9969,-1.199,229.624,-0.48006,2.46538,-0.00407
-9.0356,-1.1075,229.553,-0.47627,2.47127,-0.00469
-9.0732,-1.1236,229.483,-0.48356,2.47759,-0.00335
-9.0759,-0.9894,229.538,-0.47243,2.48142,-0.00592
-8.9521,-1.1096,229.596,-0.47206,2.47776,-0.00737
-8.9353,-1.1741,229.611,-0.47401,2.48199,-0.00578
-8.924,-1.1341,229.586,-0.46681,2.48456,-0.00544
-8.8955,-1.2415,229.571,-0.47134,2.48857,-0.00207
-8.9012,-1.1678,229.398,-0.47278,2.496,0.00084
-8.8796,-1.1159,229.592,-0.46571,2.49532,0.00063
-8.8328,-1.3792,229.722,-0.47281,2.49376,0.0015
-8.8511,-1.3571,229.701,-0.47181,2.4962,0.00176
-8.8511,-1.3571,229.701,-0.47181,2.4962,0.00176
-8.8511,-1.3571,229.701,-0.47181,2.4962,0.00176
-8.8413,-1.2696,229.665,-0.46237,2.49596,0.00349
-8.8413,-1.2696,229.665,-0.46237,2.49596,0.00349
-8.8167,-1.3697,229.774,-0.46664,2.50313,-0.00104
-8.8577,-1.1486,229.551,-0.45796,2.50427,0.00083
-8.8285,-1.201,229.878,-0.45246,2.49948,-1e-05
-8.808,-1.1514,230.118,-0.44794,2.50518,-0.00149
-8.7641,-1.2086,230.248,-0.44647,2.50911,0.00131
-8.7821,-1.2749,230.347,-0.44922,2.51583,0.00203
-8.7955,-1.2742,230.369,-0.44814,2.51468,-5e-05
-8.8083,-1.3678,230.201,-0.45684,2.51513,0.00126
-8.8633,-1.3763,229.625,-0.46543,2.51751,0.00356
-8.7951,-1.4785,229.367,-0.47793,2.50245,0.00372
-8.814,-1.3316,229.241,-0.47616,2.4912,0.00035
-8.7143,-1.2683,229.208,-0.47321,2.48238,-0.00223
-8.7003,-1.3226,229.063,-0.48236,2.48475,-0.00024
-8.6891,-1.2312,229.155,-0.4815,2.47427,-0.00145
-8.8157,-1.1863,229.045,-0.48928,2.4742,0.00032
-8.8506,-1.2174,229.292,-0.48438,2.46775,-0.00147
-8.9217,-1.1896,229.294,-0.48011,2.47459,-0.00193
-8.91,-1.2637,229.493,-0.48199,2.4683,-0.00505
-9.0072,-1.2037,229.402,-0.48176,2.47272,-0.00476
-9.0333,-1.1491,229.318,-0.47638,2.48064,-0.00455
-8.967,-1.2439,229.566,-0.47511,2.48149,-0.0054
-8.9175,-1.2999,229.587,-0.48131,2.48508,-0.00184
-8.949,-1.2495,229.52,-0.4811,2.48904,-0.00092
-8.9765,-0.956,229.349,-0.46137,2.49096,-0.0037
-8.9207,-1.1786,229.645,-0.46634,2.48176,-0.00496
-8.9246,-1.1661,229.611,-0.46064,2.4845,-0.00519
-8.952,-1.1905,229.562,-0.46432,2.48706,-0.00534
-8.9511,-1.2325,229.57,-0.46007,2.4841,-0.00676
-8.9349,-1.3141,229.608,-0.46249,2.48706,-0.0069
-8.9581,-1.3576,229.584,-0.4673,2.48957,-0.00487
-8.9677,-1.2122,229.534,-0.4549,2.49626,-0.00267
-8.9818,-1.3142,229.57,-0.46644,2.49737,0.00128
-8.923,-1.328,229.702,-0.46949,2.49851,0.00381
-8.9162,-1.1729,229.708,-0.45911,2.50222,0.00388
-8.8915,-1.1706,229.801,-0.46203,2.49786,0.00311
-8.8834,-1.2536,229.788,-0.47257,2.49236,0.00351
-8.994,-1.2164,229.646,-0.48311,2.49662,0.00535
-9.0219,-0.85,229.593,-0.46732,2.4915,0.00303
-9.0863,-0.5107,229.429,-0.45767,2.48962,0.00119
-9.0972,-0.5579,229.452,-0.46368,2.4835,0.00062
-9.1113,-0.781,229.346,-0.46882,2.48879,-0.00076
-9.0524,-1.1627,229.306,-0.48441,2.48314,0.00049
-9.0242,-1.1709,229.343,-0.4771,2.47426,-0.00221
-9.0428,-1.1851,229.418,-0.47846,2.47546,-0.00517
-9.0422,-1.1519,229.412,-0.47155,2.48233,-0.00702
-9.0407,-1.1466,229.499,-0.46565,2.4819,-0.00856
-9.0823,-1.04,229.421,-0.46061,2.48879,-0.00758
-8.9971,-1.1396,229.413,-0.46266,2.48578,-0.0071
-8.9897,-1.2493,229.459,-0.47243,2.49008,-0.00517
-8.9257,-1.3486,229.676,-0.47231,2.49224,-0.00607
-8.9185,-1.2027,229.494,-0.46062,2.49859,-0.00381
-8.9513,-1.0674,229.41,-0.45637,2.50613,-0.00293
-8.9835,-1.1507,229.444,-0.46613,2.51209,0.00303
-8.9663,-1.1987,229.487,-0.46479,2.50756,0.00302
-8.919,-1.3237,229.57,-0.47436,2.50049,0.00319
-8.9797,-1.2492,229.511,-0.47679,2.50353,0.00612
-8.8885,-1.4056,229.693,-0.48035,2.49085,0.00569
-8.9845,-1.2063,229.532,-0.47276,2.50356,0.00458
-8.9849,-1.1921,229.639,-0.47431,2.49943,0.00571
-8.9845,-1.2226,229.452,-0.47801,2.49868,0.00968
-8.9058,-1.3364,229.783,-0.47735,2.4934,0.00637
-8.9215,-1.2159,229.724,-0.47345,2.49426,0.00746
-9.0012,-1.1008,229.579,-0.47292,2.49843,0.00816
-8.9596,-1.2567,229.689,-0.48102,2.49936,0.00804
-8.9725,-1.3427,229.753,-0.48426,2.49723,0.0074
-8.99,-1.2291,229.557,-0.47479,2.4979,0.00595
-8.9839,-1.2657,229.553,-0.4776,2.49678,0.00234
-8.9403,-1.249,229.637,-0.47202,2.49134,0.00033
-9.0054,-1.1033,229.518,-0.46603,2.49644,2e-05
-9.0188,-1.2189,229.6,-0.4741,2.49283,-0.00111
-9.0156,-1.2259,229.591,-0.47648,2.4944,-0.00075
-9.0596,-1.1932,229.441,-0.47387,2.48932,-0.00375
-9.0486,-1.192,229.53,-0.47186,2.48352,-0.0056
-9.0418,-1.2177,229.419,-0.47307,2.48625,-0.00576
-9.1152,-1.0676,229.447,-0.46934,2.48667,-0.00678
-9.1469,-0.9546,229.293,-0.46467,2.49292,-0.00658
-9.1016,-1.0932,229.326,-0.47698,2.49383,-0.00486
-9.0226,-1.2308,229.387,-0.47854,2.4839,-0.00425
-9.0097,-1.0936,229.401,-0.46512,2.48371,-0.00598
-9.0342,-1.0443,229.511,-0.46479,2.4803,-0.00677
-9.066,-0.9901,229.382,-0.47069,2.48395,-0.00411
-9.0264,-1.2462,229.593,-0.48288,2.485,-0.00294
-8.9905,-1.2184,229.601,-0.48076,2.47995,-0.0029
-9.0223,-1.157,229.412,-0.48268,2.48281,-0.00131
-8.9997,-1.1413,229.562,-0.47798,2.48477,-0.00233
-9.091,-1.0078,229.451,-0.4744,2.48906,-0.00199
-8.9849,-1.2267,229.727,-0.48246,2.47578,-0.00533
-9.0095,-1.1308,229.636,-0.47527,2.47831,-0.00588
-9.0084,-1.1423,229.388,-0.47558,2.48263,-0.00349
-8.9932,-1.1263,229.463,-0.4735,2.48275,-0.00378
-9.0199,-1.095,229.499,-0.46861,2.47962,-0.00499
-8.9548,-1.2137,229.552,-0.47124,2.48347,-0.00467
-8.9869,-1.2047,229.454,-0.47286,2.48445,-0.00507
-9.071,-1.0636,229.395,-0.46698,2.48769,-0.00552
-9.0538,-1.2822,229.455,-0.4782,2.48913,-0.00405
-9.0626,-1.1754,229.436,-0.47185,2.48799,-0.0047
-9.0109,-1.0939,229.456,-0.4675,2.48252,-0.0064
-8.9874,-1.2244,229.44,-0.47352,2.48057,-0.00606
-8.9569,-1.281,229.478,-0.47308,2.48422,-0.00653
-8.9605,-1.1385,229.487,-0.46491,2.48007,-0.00796
-8.9731,-1.1198,229.495,-0.46338,2.48242,-0.00899
-8.9702,-1.2223,229.489,-0.46982,2.48567,-0.00679
-9.0405,-1.1231,229.419,-0.46494,2.48461,-0.00759
-9.0054,-1.1802,229.473,-0.47128,2.48564,-0.00671
-9.045,-1.0905,229.519,-0.46667,2.48594,-0.0068
-9.0263,-1.1117,229.478,-0.46464,2.48583,-0.0062
-8.9774,-1.0846,229.544,-0.46028,2.48642,-0.00819
-9.0016,-1.0509,229.425,-0.46159,2.49121,-0.00663
-9.0786,-1.0681,229.32,-0.47103,2.50067,-0.00382
-9.0515,-1.1656,229.508,-0.47093,2.49278,-0.00552
-9.0243,-1.0302,229.38,-0.45804,2.49588,-0.0044
-8.9783,-1.2034,229.696,-0.46332,2.48682,-0.0064
-9.0646,-0.9632,229.401,-0.46185,2.497,-0.00518
-9.0281,-1.1311,229.494,-0.47049,2.49382,-0.00496
-9.0127,-1.1769,229.444,-0.46843,2.49514,-0.00442
-8.9291,-1.1728,229.549,-0.46671,2.48647,-0.0059
-8.9386,-1.262,229.511,-0.47459,2.48754,-0.00606
-8.9934,-1.1018,229.338,-0.46365,2.49021,-0.00659
-8.9501,-1.2168,229.507,-0.47072,2.48624,-0.0086
-9.0073,-1.2039,229.416,-0.47565,2.48634,-0.0066
-8.9826,-1.169,229.531,-0.46907,2.47953,-0.0094
-9.0239,-1.0846,229.39,-0.46904,2.48509,-0.00832
-9.0498,-1.12,229.442,-0.47054,2.48563,-0.00832
-9.0334,-1.0534,229.378,-0.46535,2.4896,-0.00758
-9.0239,-1.2114,229.414,-0.47469,2.48811,-0.00529
-8.9619,-1.0778,229.368,-0.46763,2.48651,-0.00521
-8.8942,-1.2251,229.457,-0.47229,2.48186,-0.00494
-8.8719,-1.3638,229.498,-0.475,2.48419,-0.00351
-9.0034,-1.1788,229.321,-0.47629,2.49435,-0.00107
-8.9975,-1.0946,229.535,-0.46659,2.49198,-0.00438
-8.8815,-1.2796,229.756,-0.46929,2.48746,-0.00575
-8.9926,-0.9817,229.376,-0.46438,2.49763,-0.00329
-8.9618,-1.0818,229.436,-0.46595,2.49038,-0.004
-8.9047,-1.1727,229.44,-0.46971,2.48679,-0.00317
-8.9271,-1.179,229.423,-0.47438,2.48868,-0.003
-8.8436,-1.2216,229.512,-0.47261,2.4795,-0.00437
-8.8789,-1.1566,229.543,-0.46973,2.48431,-0.00502
-8.967,-1.1989,229.503,-0.47964,2.49123,-0.0018
-8.872,-1.2055,229.504,-0.4771,2.48878,-0.00153
-8.8303,-1.3041,229.508,-0.47733,2.48456,-0.003
-8.9037,-1.3063,229.552,-0.48279,2.48496,-0.00319
-8.8817,-1.4149,229.558,-0.48205,2.48369,-0.00463
-8.9078,-1.4437,229.525,-0.48465,2.48993,-0.00464
-8.9432,-1.1759,229.574,-0.47885,2.49464,-0.00151
-8.8793,-1.2788,229.721,-0.47489,2.48604,-0.00541
-8.8818,-1.281,229.708,-0.47829,2.48682,-0.00522
-8.9286,-1.1809,229.65,-0.47556,2.4852,-0.00508
-8.9146,-1.2868,229.557,-0.48197,2.4796,-0.00289
-8.8646,-1.3174,229.702,-0.47868,2.48098,-0.00144
-8.8608,-1.1829,229.621,-0.47443,2.48067,-0.00044
-8.846,-1.198,229.67,-0.47194,2.48143,-0.00011
-8.8421,-1.2504,229.694,-0.47713,2.47953,0.0014
-8.816,-1.2201,229.696,-0.47406,2.48431,0.00168
-8.886,-1.0622,229.491,-0.46776,2.48755,0.00175
-8.7382,-1.4186,229.759,-0.47981,2.47011,0.00041
-8.8092,-1.2524,229.671,-0.47194,2.47542,-0.00144
-8.8441,-1.243,229.758,-0.47297,2.47568,-0.00235
-8.8204,-1.3522,229.53,-0.47767,2.47567,-0.00368
-8.9231,-1.1878,229.427,-0.47216,2.48219,-0.00444
-8.9594,-1.1401,229.439,-0.4728,2.4831,-0.00532
-8.9078,-1.3357,229.456,-0.4794,2.4775,-0.00573
-9.0451,-1.1454,229.427,-0.47448,2.48047,-0.00663
-9.0104,-1.2247,229.466,-0.48215,2.47997,-0.00717
-8.9628,-1.1847,229.328,-0.477,2.48045,-0.00799
-8.9663,-1.2329,229.48,-0.47177,2.48011,-0.01079
-9.042,-1.1264,229.35,-0.47463,2.48681,-0.00978
-8.9656,-1.2129,229.45,-0.47649,2.47605,-0.0107
-8.9755,-1.2318,229.569,-0.48146,2.48486,-0.01034
-8.8997,-1.1771,229.655,-0.47319,2.48142,-0.01046
-8.8598,-1.2032,229.862,-0.47353,2.47883,-0.00988
-8.7804,-1.2584,229.966,-0.4689,2.47923,-0.01077
-8.7531,-1.2137,229.989,-0.46483,2.48567,-0.00938
-8.7423,-1.1218,229.974,-0.46166,2.49063,-0.01017
-8.6936,-1.1417,230.012,-0.45807,2.49325,-0.00898
-8.6932,-1.2781,229.982,-0.4655,2.49203,-0.00789
-8.7252,-1.1426,229.823,-0.46217,2.4979,-0.0078
-8.7958,-1.173,229.654,-0.46271,2.49498,-0.00673
-8.6137,-1.3758,229.637,-0.46881,2.4835,-0.00736
-8.7752,-1.1083,229.482,-0.46564,2.4933,-0.00762
-8.681,-1.3122,229.445,-0.46948,2.48722,-0.00953
-8.7173,-1.1878,229.255,-0.46541,2.48744,-0.00964
-8.6962,-1.2454,229.325,-0.46591,2.48187,-0.01195
-8.7088,-1.1727,229.388,-0.46982,2.48059,-0.01348
-8.6578,-1.331,229.595,-0.46881,2.4661,-0.01444
-8.659,-1.1896,229.64,-0.46344,2.46819,-0.01588
-8.6703,-1.2406,229.706,-0.46356,2.46811,-0.01783
-8.6642,-1.251,229.856,-0.46061,2.47108,-0.01908
-8.7988,-1.1126,229.872,-0.45688,2.47283,-0.02043
-8.8728,-1.1124,229.785,-0.45736,2.4796,-0.01934
-8.8175,-1.3265,229.884,-0.46831,2.4777,-0.01996
-8.8715,-1.3665,229.742,-0.47014,2.47574,-0.01866
-8.7896,-1.3972,229.813,-0.46898,2.47085,-0.01898
-8.8381,-1.2115,229.717,-0.45959,2.47577,-0.01937
-8.9057,-1.2093,229.682,-0.46825,2.4792,-0.01799
-8.8796,-1.3577,229.712,-0.47293,2.47409,-0.01807
-8.8781,-1.3675,229.667,-0.47379,2.46816,-0.01856
-8.8485,-1.3232,229.776,-0.46836,2.46111,-0.02219
-8.9129,-1.256,229.532,-0.47429,2.46674,-0.01885
-8.9248,-1.2428,229.46,-0.47426,2.46693,-0.01814
-8.9386,-1.1088,229.306,-0.46886,2.46689,-0.01928
-8.9071,-1.2361,229.561,-0.47336,2.4598,-0.02033
-8.9659,-1.1595,229.521,-0.47248,2.45905,-0.02074
-9.0009,-1.1939,229.562,-0.47782,2.46835,-0.01821
-8.9848,-1.1883,229.512,-0.47321,2.46627,-0.01883
-9.0219,-1.1822,229.522,-0.47521,2.47144,-0.01803
-8.9428,-1.2319,229.541,-0.4729,2.46804,-0.01922
-8.8825,-1.2678,229.516,-0.47291,2.47169,-0.01776
-8.8902,-1.3319,229.594,-0.47856,2.48224,-0.01608
-8.8853,-1.1763,229.671,-0.47113,2.48553,-0.01626
-8.746,-1.314,229.775,-0.46654,2.48028,-0.01669
-8.7901,-1.2371,229.796,-0.46531,2.4831,-0.0153
-8.8345,-1.216,229.758,-0.46711,2.48558,-0.01335
-8.6908,-1.3445,229.853,-0.46464,2.48286,-0.01268
-8.7423,-1.2978,229.811,-0.46528,2.49392,-0.01011
-8.7648,-1.272,229.75,-0.45908,2.49885,-0.00941
-8.6868,-1.2971,229.778,-0.45727,2.49057,-0.01019
-8.7461,-1.1886,229.584,-0.45506,2.50438,-0.00639
-8.6928,-1.2306,229.783,-0.45086,2.50363,-0.00589
-8.7019,-1.2719,229.752,-0.45618,2.50935,-0.0031
-8.6871,-1.3344,229.633,-0.4594,2.50667,-0.001
-8.6685,-1.4085,229.714,-0.46778,2.50897,0.00253
-8.6582,-1.4063,229.794,-0.46987,2.50626,0.00394
-8.6465,-1.3548,229.91,-0.46556,2.50337,0.0027
-8.6702,-1.3239,229.809,-0.46342,2.49971,0.00666
-8.6779,-1.2732,229.722,-0.46742,2.49899,0.00713
-8.6442,-1.2513,229.762,-0.46667,2.49487,0.00718
-8.6221,-1.3011,229.688,-0.47603,2.49428,0.00999
-8.639,-1.3463,229.688,-0.48221,2.49291,0.01168
-8.7028,-1.1917,229.684,-0.47309,2.49406,0.01022
-8.6444,-1.2905,229.69,-0.47829,2.4913,0.01014
-8.7553,-1.1531,229.498,-0.47445,2.49582,0.0105
-8.7097,-1.0522,229.544,-0.46787,2.49195,0.00786
-8.7383,-1.1093,229.705,-0.47073,2.49119,0.00629
-8.6681,-1.3411,229.747,-0.48141,2.48568,0.00566
-8.7789,-1.2515,229.666,-0.48012,2.49808,0.00641
-8.7544,-1.1536,229.744,-0.46717,2.49479,0.00218
-8.7693,-1.2714,229.793,-0.4707,2.488,0.00344
-8.8104,-1.4469,230.043,-0.48431,2.48702,0.00833
-8.778,-1.5015,230.198,-0.48732,2.48303,0.01272
-8.9136,-1.2476,229.846,-0.48026,2.50011,0.01599
-8.8306,-1.3032,229.956,-0.47682,2.48888,0.01464
-8.8471,-1.1836,229.815,-0.47512,2.49142,0.0141
-9.018,-1.1237,229.798,-0.47511,2.49165,0.01168
-9.0096,-1.1963,229.765,-0.47928,2.49011,0.00807
-9.0489,-1.1219,229.81,-0.47443,2.49396,0.00511
-9.0719,-1.0068,229.636,-0.47322,2.50611,0.00422
-8.987,-1.067,229.598,-0.46968,2.50471,-8e-05
-8.8789,-1.0627,229.71,-0.46488,2.49838,-0.00297
-8.8185,-1.1219,229.78,-0.46191,2.49683,-0.00636
-8.8423,-1.1475,229.857,-0.46322,2.49643,-0.00737
-8.766,-1.2888,229.887,-0.46797,2.49154,-0.00698
-8.8036,-1.2619,229.649,-0.47097,2.49608,-0.00552
-8.8162,-1.1224,229.483,-0.46581,2.49953,-0.00733
-8.7884,-1.1916,229.535,-0.46835,2.4951,-0.00771
-8.6354,-1.285,229.771,-0.46605,2.48829,-0.00772
-8.6252,-1.3112,229.847,-0.46644,2.48919,-0.00588
-8.6275,-1.3236,229.886,-0.46814,2.48727,-0.00521
-8.6175,-1.3002,229.955,-0.46854,2.48726,-0.00406
-8.6603,-1.354,229.866,-0.47239,2.48919,-0.00184
-8.696,-1.2451,229.788,-0.46503,2.4941,-0.00233
-8.6907,-1.2672,229.962,-0.46151,2.48698,-0.00415
-8.7246,-1.34,229.74,-0.47099,2.49086,-0.00353
-8.7813,-1.2258,229.667,-0.464,2.49352,-0.00418
-8.8234,-1.3051,229.589,-0.47417,2.49673,-0.00179
-8.7944,-1.4409,229.738,-0.47828,2.48756,-0.00536
-8.7491,-1.3728,229.739,-0.4726,2.48468,-0.00609
-8.8558,-1.314,229.581,-0.4712,2.49325,-0.00548
-8.8368,-1.3116,229.681,-0.46635,2.49017,-0.00651
-8.8089,-1.3794,229.736,-0.47029,2.47907,-0.00662
-8.8698,-1.3485,229.758,-0.47049,2.48586,-0.00638
-8.8239,-1.3535,229.795,-0.47287,2.48596,-0.00534
-8.9118,-1.2685,229.696,-0.47385,2.48758,-0.0038
-8.8982,-1.3018,229.738,-0.47315,2.48868,-0.00364
-8.8478,-1.2101,229.728,-0.46534,2.4849,-0.00581
-8.8094,-1.1943,229.768,-0.46434,2.48049,-0.00654
-8.8279,-1.2599,229.651,-0.46655,2.48572,-0.00476
-8.8289,-1.2397,229.739,-0.46588,2.48646,-0.00619
-8.8193,-1.3613,229.623,-0.47167,2.4903,-0.00526
-8.881,-1.3385,229.676,-0.47371,2.4881,-0.00467
-8.8733,-1.1304,229.717,-0.46057,2.48973,-0.00837
-8.7985,-1.3427,229.756,-0.47053,2.48509,-0.00732
-8.8507,-1.2731,229.725,-0.4744,2.48827,-0.00759
-8.8082,-1.2969,229.713,-0.47256,2.49033,-0.00844
-8.7935,-1.2956,229.838,-0.46642,2.48541,-0.00922
-8.7233,-1.3588,229.932,-0.46806,2.48029,-0.00905
-8.7233,-1.2807,229.808,-0.46297,2.48717,-0.00882
-8.7046,-1.2507,229.742,-0.46577,2.48714,-0.00887
-8.7875,-1.3661,229.786,-0.47597,2.49055,-0.00746
-8.7973,-1.2065,229.679,-0.46958,2.4928,-0.00713
-8.7501,-1.3434,229.73,-0.47434,2.49027,-0.0067
-8.7275,-1.3392,229.796,-0.47211,2.4893,-0.00719
-8.7959,-1.1926,229.573,-0.46892,2.4995,-0.00608
-8.8254,-1.1354,229.655,-0.47012,2.50252,-0.00492
-8.7586,-1.3864,229.78,-0.48031,2.49212,-0.00415
-8.7656,-1.2471,229.697,-0.47384,2.48992,-0.00371
-8.7075,-1.4227,229.852,-0.47945,2.49001,-0.00464
-8.7645,-1.2814,229.839,-0.47554,2.49404,-0.0041
-8.7789,-1.2826,229.831,-0.47667,2.49435,-0.0045
-8.7521,-1.1564,229.747,-0.46739,2.4956,-0.00297
-8.7671,-1.1917,229.746,-0.47288,2.49737,-0.0012
-8.7671,-1.1917,229.746,-0.47288,2.49737,-0.0012
-8.7336,-1.3569,229.728,-0.47528,2.49666,-7e-05
-8.752,-1.3477,229.756,-0.47422,2.49155,-7e-05
-8.7258,-1.3504,229.724,-0.47326,2.4915,0.00027
-8.7531,-1.2369,229.749,-0.46904,2.49297,-0.00058
-8.762,-1.288,229.797,-0.47163,2.49357,-0.00198
-8.8042,-1.0806,229.704,-0.46347,2.49785,-0.00095
-8.7678,-1.2821,229.694,-0.47336,2.49667,0.00046
-8.7676,-1.3306,229.726,-0.48009,2.49945,0.00101
-8.7551,-1.2433,229.7,-0.47095,2.49546,-0.00079
-8.6962,-1.4013,229.727,-0.47529,2.49161,-0.00033
-8.7787,-1.3281,229.67,-0.47672,2.50208,0.00113
-8.8,-1.258,229.719,-0.46935,2.49179,-0.00096
-8.8269,-1.2551,229.649,-0.47492,2.49653,-0.00066
-8.7513,-1.3638,229.725,-0.47642,2.49472,-0.00111
-8.8079,-1.305,229.568,-0.47227,2.49904,-0.00055
-8.8563,-1.2071,229.621,-0.47278,2.50011,-0.00197
-8.8162,-1.3227,229.707,-0.47497,2.49645,-0.00254
-8.8037,-1.3587,229.773,-0.47478,2.4986,-0.00314
-8.7706,-1.3575,229.777,-0.47581,2.49013,-0.00327
-8.8129,-1.3429,229.681,-0.47631,2.49146,-0.0033
-8.7843,-1.3305,229.789,-0.47067,2.48905,-0.00457
-8.799,-1.3134,229.674,-0.46655,2.49326,-0.0044
-8.8179,-1.2039,229.607,-0.46393,2.49753,-0.00514
-8.7721,-1.3802,229.772,-0.47573,2.49162,-0.0049
-8.7288,-1.4039,229.818,-0.47214,2.48954,-0.00627
-8.774,-1.2466,229.773,-0.46491,2.49122,-0.00668
-8.8252,-1.1855,229.674,-0.46567,2.49997,-0.00611
-8.8275,-1.3211,229.758,-0.47301,2.4911,-0.00616
-8.803,-1.3037,229.779,-0.46844,2.48781,-0.00739
-8.8078,-1.3194,229.803,-0.47009,2.48741,-0.0072
-8.8041,-1.1893,229.588,-0.4639,2.49048,-0.00727
-8.8558,-1.2311,229.586,-0.47052,2.49674,-0.00562
-8.8555,-1.1945,229.633,-0.46603,2.49936,-0.00568
-8.8001,-1.3782,229.679,-0.47552,2.48851,-0.00638
-8.7633,-1.4087,229.781,-0.47444,2.48623,-0.00725
-8.8086,-1.3401,229.744,-0.47016,2.49147,-0.00587
-8.8554,-1.1704,229.798,-0.46045,2.49201,-0.00656
-8.8595,-1.206,229.689,-0.46598,2.48967,-0.00683
-8.8214,-1.4285,229.75,-0.47977,2.4873,-0.00534
-8.826,-1.3811,229.772,-0.47349,2.49191,-0.00638
-8.7862,-1.4149,229.811,-0.47363,2.48496,-0.00572
-8.8793,-1.2872,229.637,-0.47858,2.49548,-0.00527
-8.829,-1.3081,229.566,-0.47264,2.49016,-0.00573
-8.8602,-1.21,229.559,-0.47377,2.49947,-0.00396
-8.8566,-1.2345,229.711,-0.473,2.49565,-0.00605
-8.8683,-1.2461,229.755,-0.4772,2.49289,-0.00595
-8.862,-1.3041,229.746,-0.4793,2.49585,-0.00475
-8.8501,-1.3334,229.788,-0.4794,2.49605,-0.00576
-8.9371,-1.2693,229.785,-0.4761,2.49891,-0.00397
-8.842,-1.1572,229.812,-0.46434,2.50007,-0.00548
-8.8444,-1.2318,229.931,-0.47019,2.50043,-0.00628
-8.7646,-1.3181,229.988,-0.4689,2.4937,-0.00746
-8.8374,-1.2285,229.803,-0.4686,2.49762,-0.00589
-8.7698,-1.3119,229.874,-0.46971,2.49657,-0.00574
-8.8506,-1.2842,229.744,-0.47308,2.50493,-0.0031
-8.7207,-1.2783,229.748,-0.46793,2.49995,-0.00374
-8.6404,-1.427,229.936,-0.46928,2.4947,-0.00445
-8.6935,-1.2878,229.9,-0.46215,2.50123,-0.00471
-8.6844,-1.3287,229.919,-0.46369,2.50213,-0.00416
-8.7756,-1.1883,229.635,-0.45965,2.50965,-0.00205
-8.7587,-1.252,229.716,-0.46059,2.50725,-0.00322
-8.6917,-1.3584,229.664,-0.46496,2.50018,-0.00483
-8.7326,-1.3683,229.741,-0.46726,2.49845,-0.00504
-8.7172,-1.3747,229.54,-0.46894,2.49344,-0.00386
-8.7397,-1.3332,229.613,-0.46679,2.49701,-0.00343
-8.7826,-1.345,229.636,-0.47374,2.49526,-0.00376
-8.7466,-1.4524,229.667,-0.47467,2.4918,-0.00205
-8.7481,-1.3608,229.666,-0.47106,2.49162,-0.00177
-8.7235,-1.3898,229.776,-0.4679,2.49435,-0.00253
-8.769,-1.3292,229.659,-0.46774,2.49195,-0.00124
-8.8154,-1.3434,229.761,-0.47268,2.49577,-0.00137
-8.8224,-1.246,229.74,-0.46872,2.49851,-0.00156
-8.9009,-1.1192,229.631,-0.46782,2.50192,0.00035
-8.7576,-1.3863,229.794,-0.47191,2.49012,0.00037
-8.7448,-1.2956,229.832,-0.47151,2.4896,-0.00114
-8.7389,-1.3198,229.868,-0.46957,2.48731,-0.00215
-8.814,-1.2022,229.694,-0.47196,2.49637,0.00014
-8.8138,-1.2676,229.794,-0.47467,2.48991,-0.0019
-8.794,-1.3167,229.736,-0.47593,2.49023,-0.00393
-8.7975,-1.1891,229.788,-0.46927,2.48817,-0.00643
-8.7998,-1.2129,229.733,-0.46947,2.48758,-0.00599
-8.7796,-1.2445,229.623,-0.47624,2.48746,-0.00455
-8.8378,-1.2503,229.747,-0.47844,2.48583,-0.0039
-8.8272,-1.3186,229.855,-0.48157,2.47972,-0.00164
-8.8726,-1.2473,229.898,-0.47775,2.4801,-0.00075
-8.8829,-1.2285,229.736,-0.4828,2.48718,0.00232
-8.7969,-1.2524,229.907,-0.48197,2.47694,-0.00099
-8.9103,-1.1686,229.647,-0.4797,2.49192,0.00079
-8.8681,-1.2057,229.71,-0.47379,2.49061,-0.0031
-8.8792,-1.1934,229.788,-0.47427,2.49249,-0.00507
-8.8713,-1.2454,229.775,-0.47525,2.49276,-0.00599
-8.8237,-1.4122,229.721,-0.48551,2.49315,-0.00597
-8.8358,-1.1663,229.696,-0.46851,2.49532,-0.00917
-8.7898,-1.1961,229.697,-0.46361,2.49458,-0.01039
-8.8578,-1.0831,229.539,-0.46741,2.49809,-0.00823
-8.6777,-1.2713,229.859,-0.4654,2.4864,-0.01106
-8.6944,-1.3213,229.779,-0.46689,2.4905,-0.00866
-8.7216,-1.3706,229.774,-0.47069,2.49412,-0.00756
-8.7978,-1.248,229.675,-0.47215,2.50041,-0.00567
-8.7169,-1.382,229.796,-0.47398,2.49312,-0.00434
-8.7892,-1.2495,229.75,-0.468,2.49811,-0.00334
-8.7331,-1.3385,229.858,-0.46759,2.4978,-0.00407
-8.7311,-1.2755,229.762,-0.46478,2.49914,-0.00337
-8.641,-1.519,229.856,-0.47726,2.49155,-0.00232
-8.7235,-1.4417,229.746,-0.47325,2.50017,-0.00103
-8.7992,-1.3325,229.726,-0.46864,2.50098,0
-8.7143,-1.3247,229.759,-0.46489,2.4957,-0.00066
-8.6967,-1.4467,229.625,-0.47604,2.49361,0.00278
-8.7553,-1.3426,229.674,-0.47117,2.4942,0.00213
-8.8328,-1.2155,229.688,-0.46444,2.50174,0.00091
-8.7509,-1.3461,229.812,-0.46749,2.49601,0.00137
-8.7675,-1.3601,229.767,-0.47292,2.49376,0.003
-8.7606,-1.3913,229.766,-0.47632,2.49604,0.00533
-8.752,-1.3226,229.757,-0.47822,2.49534,0.00439
-8.7634,-1.3474,229.771,-0.47721,2.5008,0.00482
-8.7508,-1.4189,229.824,-0.47977,2.49715,0.00496
-8.7634,-1.3185,229.838,-0.4744,2.49841,0.00469
-8.6878,-1.3996,229.82,-0.47689,2.49139,0.00304
-8.6742,-1.398,229.89,-0.47522,2.49322,0.00246
-8.7388,-1.2659,229.753,-0.46932,2.49819,0.00308
-8.7356,-1.2489,229.779,-0.46546,2.49897,0.00146
-8.7692,-1.3222,229.773,-0.47392,2.49807,0.00206
-8.7661,-1.2996,229.826,-0.46992,2.50223,0.00113
-8.7877,-1.3206,229.789,-0.47493,2.5027,0.00198
-8.7731,-1.3718,229.832,-0.47547,2.50098,0.0004
-8.7042,-1.3891,229.888,-0.47427,2.4928,0.00012
-8.7677,-1.3045,229.772,-0.47329,2.49636,-0.00062
-8.7657,-1.189,229.786,-0.46924,2.50001,-0.00045
-8.8096,-1.2873,229.835,-0.47394,2.49981,0
-8.8265,-1.3449,229.775,-0.48105,2.49822,0.00313
-8.8009,-1.3702,229.81,-0.4764,2.49522,0.00164
-8.825,-1.1974,229.747,-0.46857,2.49658,-0.00061
-8.8925,-1.199,229.761,-0.47033,2.50365,-6e-05
-8.9508,-1.2176,229.731,-0.47657,2.5006,0.00141
-8.9235,-1.2149,229.689,-0.47287,2.50216,0.00051
-8.8905,-1.1847,229.761,-0.46836,2.50103,-0.0005
-8.9246,-1.1147,229.75,-0.47225,2.50347,-0.00055
-8.8177,-1.259,229.855,-0.47218,2.49986,-9e-05
-8.766,-1.4079,229.88,-0.47585,2.49117,-0.00017
-8.7284,-1.3767,229.793,-0.47894,2.49075,0
-8.7727,-1.3185,229.745,-0.47404,2.50042,0.00107
-8.8002,-1.2992,229.693,-0.47021,2.49894,-0.00057
-8.7602,-1.2761,229.78,-0.46726,2.49647,-3e-05
-8.7013,-1.4701,229.841,-0.47514,2.48827,-0.00124
-8.7816,-1.1393,229.632,-0.45949,2.49989,-0.00121
-8.8169,-1.3577,229.72,-0.47303,2.50353,-0.00057
-8.7511,-1.3855,229.874,-0.47267,2.49358,-0.00284
-8.7723,-1.4188,229.79,-0.475,2.49463,-0.00282
-8.7785,-1.2391,229.791,-0.46587,2.4941,-0.00357
-8.8353,-1.2205,229.635,-0.47116,2.50013,-0.00116
-8.8179,-1.3435,229.617,-0.47516,2.4973,-0.00046
-8.6959,-1.3735,229.779,-0.4662,2.48771,-0.00298
-8.7401,-1.3255,229.846,-0.46898,2.48882,-0.00287
-8.7558,-1.3539,229.686,-0.46954,2.49168,-0.00055
-8.8991,-1.2464,229.618,-0.47529,2.50439,0.00078
-8.8434,-1.2778,229.573,-0.47209,2.50108,-0.00083
-8.789,-1.3412,229.711,-0.47399,2.49325,-0.00112
-8.8122,-1.2026,229.714,-0.47003,2.49587,-0.00267
-8.8903,-1.2605,229.583,-0.47408,2.49746,-0.00041
-8.8813,-1.3175,229.696,-0.47441,2.49843,-0.0011
-8.8531,-1.2619,229.66,-0.4738,2.49905,-0.0018
-8.8241,-1.2868,229.881,-0.4688,2.49702,-0.00312
-8.8743,-1.2232,229.667,-0.46811,2.50038,-0.0008
-8.8372,-1.3315,229.822,-0.47104,2.49728,-0.00265
-8.9029,-1.2407,229.674,-0.46999,2.50379,-0.00054
-8.8167,-1.2412,229.735,-0.46947,2.49985,-0.00058
-8.8012,-1.2671,229.8,-0.46674,2.49874,-0.00101
-8.7926,-1.2716,229.797,-0.4673,2.49885,-0.00243
-8.8921,-1.1369,229.663,-0.46428,2.50373,-0.00069
-8.8569,-1.3338,229.712,-0.47492,2.50363,-0.00037
-8.7305,-1.2924,229.886,-0.46465,2.49828,-0.00163
-8.7663,-1.3549,229.766,-0.47424,2.49885,0.0002
-8.7603,-1.3411,229.761,-0.47383,2.49946,0.00068
-8.7341,-1.3015,229.701,-0.47017,2.49619,0.00106
-8.8114,-1.254,229.732,-0.46971,2.50009,0.0016
-8.7623,-1.2341,229.779,-0.46655,2.49982,-0.00027
-8.721,-1.2707,229.832,-0.46568,2.49709,0.00073
-8.8599,-1.2155,229.681,-0.47333,2.50652,0.00334
-8.8192,-1.2076,229.794,-0.4664,2.50348,0.0019
-8.7639,-1.3837,229.835,-0.47347,2.5004,0.00215
-8.7929,-1.4489,229.734,-0.47856,2.50299,0.00354
-8.8575,-1.2254,229.638,-0.47189,2.50399,0.00303
-8.7581,-1.353,229.813,-0.47322,2.49621,0.00126
-8.7574,-1.4163,229.825,-0.47925,2.49572,0.00115
-8.7954,-1.2628,229.7,-0.46967,2.49815,-0.00032
-8.7274,-1.5113,229.88,-0.48132,2.48923,-0.00054
-8.7878,-1.2771,229.898,-0.47065,2.49624,3e-05
-8.8176,-1.3429,229.735,-0.47458,2.50201,0.00173
-8.8362,-1.256,229.707,-0.46826,2.49863,0.0022
-8.8125,-1.2979,229.756,-0.47027,2.5016,0.00174
-8.8596,-1.2442,229.728,-0.47063,2.5035,0.00201
-8.8076,-1.3408,229.867,-0.4722,2.4987,0.00161
-8.7926,-1.2611,229.875,-0.46306,2.4988,1e-05
-8.7585,-1.3806,229.875,-0.47122,2.49341,0.0023
-8.7662,-1.3387,229.766,-0.4706,2.49672,0.00269
-8.8359,-1.3641,229.762,-0.47449,2.50294,0.00416
-8.8187,-1.3471,229.678,-0.47942,2.50229,0.00498
-8.7839,-1.4018,229.82,-0.47904,2.50027,0.00331
-8.7623,-1.4125,229.824,-0.47303,2.49469,0.00277
-8.7656,-1.3564,229.81,-0.47102,2.49846,0.0031
-8.8047,-1.2557,229.756,-0.46997,2.50732,0.00307
-8.7904,-1.3946,229.812,-0.47719,2.4993,0.0036
-8.759,-1.381,229.802,-0.47527,2.49701,0.00416
-8.7862,-1.1077,229.75,-0.45914,2.50423,0.00249
-8.8008,-1.2162,229.677,-0.46421,2.50579,0.00371
-8.8515,-1.1849,229.644,-0.47206,2.50463,0.00519
-8.7716,-1.285,229.84,-0.46989,2.49955,0.00316
-8.7759,-1.2654,229.811,-0.46666,2.50279,0.00356
-8.7745,-1.2931,229.869,-0.4672,2.4997,0.00173
-8.8124,-1.2878,229.773,-0.4708,2.5055,0.0038
