-0.000527569,0,-0.000505272,0,0,0.9
-0.000527569,0,-0.000505272,0,0,0.9
-0.000527569,0,-0.000505272,0,0,0.9
-0.000527569,0,-0.000505272,0,0,0.9
-0.000527569,0,-0.000505272,0,0,0.9
-0.000527569,0,-0.000505272,0,0,0.9
-0.000527569,0,-0.000505272,0,0,0.9
-0.000527569,0,-0.000505272,0,0,0.9
-0.000527569,0,-0.000505272,0,0,0.9
-0.000527569,0,-0.000505272,0,0,0.9
-0.000527569,0,-0.000505272,0,0,0.9
-0.000527569,0,-0.000505272,0,0,0.9
-0.000527569,0,-0.000505272,0,0,0.9
-0.000527569,0,-0.000505272,0,0,0.9
-0.000527569,0,-0.000505272,0,0,0.9
-0.000527569,0,-0.000505272,0,0,0.9
-0.000527569,0,-0.000505272,0,0,0.9
-0.000527569,0,-0.000505272,0,0,0.9
-0.000527569,0,-0.000505272,0,0,0.9
-0.000527569,0,-0.000505272,0,0,0.9
-0.000527569,0,-0.000505272,0,0,0.9
-0.000527569,0,-0.000505272,0,0,0.9
-0.000527569,0,-0.000505272,0,0,0.9
-0.000527569,0,-0.000505272,0,0,0.9
-0.000527569,0,-0.000505272,0,0,0.9
-0.000527569,0,-0.000505272,0,0,0.9
-0.000527569,0,-0.000505272,0,0,0.9
-0.000527569,0,-0.000505272,0,0,0.9
-0.000527569,0,-0.000505272,0,0,0.9
-0.000527569,0,-0.000505272,0,0,0.9
-0.000527569,0,-0.000505272,0,0,0.9
-0.000527569,0,-0.000505272,0,0,0.9
-0.000527569,0,-0.000505272,0,0,0.9
-0.000527569,0,-0.000505272,0,0,0.9
-0.000527569,0,-0.000505272,0,0,0.9
-0.000527569,0,-0.000505272,0,0,0.9
-0.000527569,0,-0.000505272,0,0,0.9
-0.000527569,0,-0.000505272,0,0,0.9
-0.000527569,0,-0.000505272,0,0,0.9
-0.000527569,0,-0.000505272,0,0,0.9
-0.000527569,0,-0.000505272,0,0,0.9
-0.000527569,0,-0.000505272,0,0,0.9
-0.000527569,0,-0.000505272,0,0,0.9
-0.000527569,0,-0.000505272,0,0,0.9
-0.000527569,0,-0.000505272,0,0,0.9
-0.000527569,0,-0.000505272,0,0,0.9
-0.000527569,0,-0.000505272,0,0,0.9
-0.000527569,0,-0.000505272,0,0,0.9
-0.000527569,0,-0.000505272,0,0,0.9
-0.000527569,0,-0.000505272,0,0,0.9
-0.000527569,0,-0.000505272,0,0,0.9
-0.000527569,0,-0.000505272,0,0,0.9
-0.000527569,0,-0.000505272,0,0,0.9
-0.000527569,0,-0.000505272,0,0,0.9
-0.000527569,0,-0.000505272,0,0,0.9
-0.000527569,0,-0.000505272,0,0,0.9
-0.000527569,0,-0.000505272,0,0,0.9
-0.000527569,0,-0.000505272,0,0,0.9
-0.000527569,0,-0.000505272,0,0,0.9
-0.000527569,0,-0.000505272,0,0,0.9
-0.000527569,0,-0.000505272,0,0,0.9
-0.000527569,0,-0.000505272,0,0,0.9
-0.000527569,0,-0.000505272,0,0,0.9
-0.000527569,0,-0.000505272,0,0,0.9
-0.000527569,0,-0.000505272,0,0,0.9
-0.000527569,0,-0.000505272,0,0,0.9
-0.000527569,0,-0.000505272,0,0,0.9
-0.000527569,0,-0.000505272,0,0,0.9
-0.000527569,0,-0.000505272,0,0,0.9
-0.000527569,0,-0.000505272,0,0,0.9
-0.000527569,0,-0.000505272,0,0,0.9
-0.000527569,0,-0.000505272,0,0,0.9
-0.000527569,0,-0.000505272,0,0,0.9
-0.000527569,0,-0.000505272,0,0,0.9
-0.000527569,0,-0.000505272,0,0,0.9
-0.000527569,0,-0.000505272,0,0,0.9
-0.000527569,0,-0.000505272,0,0,0.9
-0.000527569,0,-0.000505272,0,0,0.9
-0.000527569,0,-0.000505272,0,0,0.9
-0.000527569,0,-0.000505272,0,0,0.9
-0.000527569,0,-0.000505272,0,0,0.9
-0.000527569,0,-0.000505272,0,0,0.9
-0.000527569,0,-0.000505272,0,0,0.9
-0.000527569,0,-0.000505272,0,0,0.9
-0.000527569,0,-0.000505272,0,0,0.9
-0.000527569,0,-0.000505272,0,0,0.9
-0.000527569,0,-0.000505272,0,0,0.9
-0.000527569,0,-0.000505272,0,0,0.9
-0.000527569,0,-0.000505272,0,0,0.9
-0.000527569,0,-0.000505272,0,0,0.9
-0.000527569,0,-0.000505272,0,0,0.9
-0.000527569,0,-0.000505272,0,0,0.9
-0.000527569,0,-0.000505272,0,0,0.9
-0.000527569,0,-0.000505272,0,0,0.9
-0.000527569,0,-0.000505272,0,0,0.9
-0.000527569,0,-0.000505272,0,0,0.9
-0.000527569,0,-0.000505272,0,0,0.9
-0.000527569,0,-0.000505272,0,0,0.9
-0.000527569,0,-0.000505272,0,0,0.9
-0.000527569,0,-0.000505272,0,0,0.9
-0.000527569,0,-0.000505272,0,0,0.9
-0.000527569,0,-0.000505272,0,0,0.9
-0.000527569,0,-0.000505272,0,0,0.9
-0.000527569,0,-0.000505272,0,0,0.9
-0.000527569,0,-0.000505272,0,0,0.9
-0.000527569,0,-0.000505272,0,0,0.9
-0.000527569,0,-0.000505272,0,0,0.9
-0.000527569,0,-0.000505341,0,0,0.9
-0.000527569,0,-0.00050555,0,0,0.9
-0.000527569,0,-0.000505887,0,0,0.9
-0.000527569,0,-0.000506343,0,0,0.9
-0.000527569,0,-0.000506909,0,0,0.9
-0.000527569,0,-0.000507573,0,0,0.9
-0.000527569,0,-0.000508328,0,0,0.9
-0.000527569,0,-0.000509162,0,0,0.9
-0.000527569,0,-0.000510065,0,0,0.9
-0.000527569,0,-0.000511028,0,0,0.9
-0.000527569,0,-0.000512041,0,0,0.9
-0.000527569,0,-0.000513094,0,0,0.9
-0.000527569,0,-0.000514177,0,0,0.9
-0.000527569,0,-0.00051528,0,0,0.9
-0.000527569,0,-0.000516393,0,0,0.9
-0.000527569,0,-0.000517506,0,0,0.9
-0.000527569,0,-0.00051861,0,0,0.9
-0.000527569,0,-0.000519694,0,0,0.9
-0.000527569,0,-0.000520748,0,0,0.9
-0.000527569,0,-0.000521764,0,0,0.9
-0.000527569,0,-0.00052273,0,0,0.9
-0.000527569,0,-0.000523636,0,0,0.9
-0.000527569,0,-0.000524474,0,0,0.9
-0.000527569,0,-0.000525232,0,0,0.9
-0.000527569,0,-0.000525902,0,0,0.9
-0.000527569,0,-0.000526473,0,0,0.9
-0.000527569,0,-0.000526935,0,0,0.9
-0.000527569,0,-0.000527278,0,0,0.9
-0.000527569,0,-0.000527493,0,0,0.9
-0.000527569,0,-0.000527569,0,0,0.9
-0.000527569,0,-0.000527569,0,0,0.9
-0.000527569,0,-0.000527569,0,0,0.9
-0.000527569,0,-0.000527569,0,0,0.9
-0.000527569,0,-0.000527569,0,0,0.9
-0.000527569,0,-0.000527569,0,0,0.9
-0.000527569,0,-0.000527569,0,0,0.9
-0.000527569,0,-0.000527569,0,0,0.9
0,-0.00877112,0,0,0,0.9
0,-0.00877112,0,0,0,0.9
0,-0.00877112,0,0,0,0.9
0,-0.00877112,0,0,0,0.9
0,-0.00877112,0,0,0,0.9
0,-0.00877112,0,0,0,0.9
0,-0.00877112,0,0,0,0.9
-0.045,-0.00877112,0,0,0,0.7
-0.0426197,-0.00899898,0,0,0,0.705
0.0164393,-0.00843056,0,-0.0174033,0,0.875
-0.00240525,-0.00859852,0,-0.0134849,0,0.905
-0.00290647,-0.00849394,0,-0.0127162,0,0.905
0.00679932,-0.00763566,0,-0.012861,0,0.902
0.00678639,-0.00716062,0,-0.0113492,0,0.899
0.00777976,-0.00648237,0,-0.00942175,0,0.897
0.00904441,-0.00561682,0,-0.00781293,0,0.895
0.00560201,-0.00564523,0,-0.00538698,0,0.896
0.00362719,-0.00554289,0,-0.00357114,0,0.897
2.8132e-05,-0.00608485,0,-0.00230115,0,0.898
-0.00277071,-0.00666042,0,-0.00175908,0,0.899
-0.00304198,-0.00655325,0,-0.00255338,0,0.9
-0.00303397,-0.00626088,0,-0.00349223,0,0.899
-0.00166254,-0.00530583,0,-0.00459186,0,0.899
-0.00277709,-0.00554914,0,-0.0049476,0,0.899
-0.00276961,-0.00524675,0,-0.00609312,0,0.899
-0.00296132,-0.00508334,0,-0.00746173,0,0.9
-0.00343806,-0.00513172,0,-0.00865484,0,0.9
-0.00351375,-0.00494146,0,-0.0104989,0,0.9
-0.00289469,-0.00424112,0,-0.0125702,0,0.901
-0.00284802,-0.00395994,0,-0.0144744,0,0.901
-0.00251877,-0.00345218,0,-0.0158629,0,0.901
-0.00242529,-0.00315036,0,-0.0176571,0,0.901
-0.00334958,-0.00379998,0,-0.0184212,0,0.901
-0.00362188,-0.00256267,0,-0.0212577,0,0.9
-0.00375819,-0.00241823,0,-0.0244929,0,0.9
-0.00436739,-0.00230804,0,-0.0278551,0,0.9
-0.0043192,-0.00223501,0,-0.0328949,0,0.9
-0.00434454,-0.00220206,0,-0.0367235,0,0.9
-0.0021887,-0.00220041,0,-0.0409663,0,0.9
-0.0021887,-0.00220041,0,0,0,0.9
-0.0021887,-0.00220041,0,0,0,0.9
-0.0021887,-0.00220041,0,0,0,0.9
-0.0021887,-0.00220041,0,0,0,0.9
-0.0021887,-0.00220041,0,0,0,0.9
-0.0021887,-0.00220041,0,0,0,0.9
0,0,-0.0088498,0,0,0.899
0,0,-0.0088498,0,0,0.899
0,0,-0.0088498,0,0,0.899
0,0,-0.0088498,0,0,0.899
0,0,-0.0088498,0,0,0.899
0,0,-0.0088498,0,0,0.899
0,0,-0.0088498,0,0,0.899
0,0,-0.0088498,0,0,0.899
-0.0303165,0,-0.00893238,0,0,0.7
0.0199823,0,-0.00857297,-0.0159184,0,0.898
0.00236737,0,-0.00859475,-0.0113637,0,0.907
0.00584268,0,-0.00823823,-0.0104269,0,0.906
0.00766013,0,-0.00776721,-0.00890094,0,0.905
0.00892772,0,-0.00715989,-0.0069799,0,0.901
0.00891864,0,-0.00657839,-0.00468956,0,0.901
0.00799809,0,-0.00607375,-0.00230872,0,0.9
0.00420109,0,-0.00618021,-0.000341699,0,0.9
-0.000776835,0,-0.00686051,0.00103796,0,0.901
-0.00260599,0,-0.00702637,0.000825829,0,0.9
-0.00521898,0,-0.00761949,9.65468e-05,0,0.9
-0.00563586,0,-0.00760893,-0.00180578,0,0.901
-0.00371097,0,-0.0066072,-0.00419898,0,0.9
-0.00285374,0,-0.00593421,-0.00558083,0,0.9
-0.00199191,0,-0.00517245,-0.00658597,0,0.9
-0.00205364,0,-0.00486814,-0.00717116,0,0.9
-0.00194477,0,-0.00446682,-0.00789663,0,0.9
-0.00237625,0,-0.00444158,-0.00858184,0,0.901
-0.0027632,0,-0.0044251,-0.00963715,0,0.901
-0.00260765,0,-0.00403787,-0.0111164,0,0.901
-0.00265274,0,-0.00381608,-0.0125445,0,0.901
-0.00162869,0,-0.00271677,-0.0142248,0,0.902
-0.00198468,0,-0.00277807,-0.0149112,0,0.902
-0.00289819,0,-0.00339976,-0.0156879,0,0.902
-0.00357439,0,-0.00244099,-0.0178736,0,0.901
-0.00358569,0,-0.00229051,-0.0204339,0,0.901
-0.00397849,0,-0.00217516,-0.0244246,0,0.901
-0.00415092,0,-0.00209794,-0.0291023,0,0.901
-0.00384896,0,-0.00206187,-0.0337655,0,0.901
-0.00213923,0,-0.0020595,-0.0375098,0,0.901
-0.00213923,0,-0.0020595,0,0,0.901
-0.00213923,0,-0.0020595,0,0,0.901
-0.00213923,0,-0.0020595,0,0,0.901
-0.00213923,0,-0.0020595,0,0,0.901
-0.00213923,0,-0.0020595,0,0,0.901
-0.00213923,0,-0.0020595,0,0,0.901
0,-0.00764848,0,0,0,0.9
0,-0.00764848,0,0,0,0.9
0,-0.00764848,0,0,0,0.9
0,-0.00764848,0,0,0,0.9
0,-0.00764848,0,0,0,0.9
0,-0.00764848,0,0,0,0.9
0,-0.00764848,0,0,0,0.9
0,-0.00764848,0,0,0,0.9
-0.0299922,-0.00772239,0,0,0,0.702
0.0118417,-0.00746891,0,-0.0154404,0,0.893
-0.00323566,-0.0075523,0,-0.0122676,0,0.909
-0.000546232,-0.0073622,0,-0.0118167,0,0.908
0.00432168,-0.00687915,0,-0.0113981,0,0.905
0.0026854,-0.00668499,0,-0.00989431,0,0.902
0.00386053,-0.00620155,0,-0.00869323,0,0.902
0.00374827,-0.00580892,0,-0.00722823,0,0.903
-0.00199524,-0.00651375,0,-0.00574522,0,0.903
-0.00496597,-0.00699708,0,-0.006008,0,0.903
-0.00924258,-0.00812472,0,-0.00707446,0,0.903
-0.00965547,-0.00834392,0,-0.00895801,0,0.902
-0.00804159,-0.0078041,0,-0.0113743,0,0.901
-0.0048605,-0.0064073,0,-0.0136341,0,0.901
-0.000667616,-0.0041929,0,-0.0152178,0,0.901
0.000264077,-0.00333716,0,-0.0147748,0,0.901
0.000587856,-0.00275333,0,-0.0138696,0,0.901
0.000538589,-0.00238451,0,-0.0126621,0,0.901
0.000423275,-0.00207652,0,-0.0116171,0,0.901
-0.000710084,-0.00255262,0,-0.0102976,0,0.902
-0.000772275,-0.00229946,0,-0.0100553,0,0.902
-0.000971003,-0.00218112,0,-0.0097068,0,0.902
-0.000334334,-0.00139308,0,-0.00991083,0,0.903
-0.00130357,-0.00200331,0,-0.00883615,0,0.903
-0.0014118,-0.0019088,0,-0.0101792,0,0.903
-0.0030274,-0.00162193,0,-0.010325,0,0.901
-0.0043141,-0.00148749,0,-0.0124964,0,0.901
-0.00488304,-0.00138648,0,-0.0170772,0,0.901
-0.00484971,-0.00132172,0,-0.0239338,0,0.901
-0.00423539,-0.00129588,0,-0.0305262,0,0.901
-0.00233642,-0.00129567,0,-0.0350325,0,0.901
-0.00233642,-0.00129567,0,0,0,0.901
-0.00233642,-0.00129567,0,0,0,0.901
-0.00233642,-0.00129567,0,0,0,0.901
-0.00233642,-0.00129567,0,0,0,0.901
-0.00233642,-0.00129567,0,0,0,0.901
-0.00233642,-0.00129567,0,0,0,0.901
0,0,-0.0103693,0,0,0.9
0,0,-0.0103693,0,0,0.9
0,0,-0.0103693,0,0,0.9
0,0,-0.0103693,0,0,0.9
0,0,-0.0103693,0,0,0.9
0,0,-0.0103693,0,0,0.9
0,0,-0.0103693,0,0,0.9
0,0,-0.0103693,0,0,0.9
-0.0389223,0,-0.0104512,0,0,0.7
0.0167867,0,-0.0101343,-0.0187814,0,0.894
0.00205342,0,-0.0101083,-0.0147864,0,0.909
0.00366583,0,-0.00981996,-0.0131376,0,0.909
0.0088575,0,-0.00917338,-0.011898,0,0.909
0.00936286,0,-0.0085762,-0.00957371,0,0.905
0.00847252,0,-0.00803282,-0.00725429,0,0.902
0.010196,0,-0.00706895,-0.00489172,0,0.901
0.00479606,0,-0.00735618,-0.00238297,0,0.903
-0.000556544,0,-0.0080077,-0.000881702,0,0.903
-0.00431615,0,-0.0086391,-0.000914979,0,0.902
-0.0100417,0,-0.0102566,-0.00212175,0,0.902
-0.00927974,0,-0.00994067,-0.0048458,0,0.901
-0.00554792,0,-0.00822932,-0.00795595,0,0.9
-0.0024763,0,-0.00648191,-0.00990137,0,0.901
-0.000575394,0,-0.00505726,-0.01067,0,0.901
-0.000970727,0,-0.00480649,-0.0103064,0,0.901
-0.00140215,0,-0.00462534,-0.0100981,0,0.901
-0.00229081,0,-0.00481152,-0.0101599,0,0.901
-0.00308694,0,-0.00502633,-0.0106939,0,0.901
-0.00242056,0,-0.00419109,-0.0122012,0,0.901
-0.0022418,0,-0.00373075,-0.0133844,0,0.902
-0.0019937,0,-0.00320974,-0.0142706,0,0.902
-0.00137639,0,-0.0023712,-0.0150205,0,0.902
-0.001764,0,-0.00245188,-0.0154088,0,0.902
-0.00250937,0,-0.00185068,-0.0157427,0,0.901
-0.00310609,0,-0.00165814,-0.0164942,0,0.901
-0.00345059,0,-0.00151273,-0.0191679,0,0.901
-0.00367533,0,-0.0014184,-0.0226335,0,0.901
-0.00291888,0,-0.00138358,-0.0269549,0,0.901
-0.00175797,0,-0.00137824,-0.0297712,0,0.901
-0.00175797,0,-0.00137824,0,0,0.901
-0.00175797,0,-0.00137824,0,0,0.901
-0.00175797,0,-0.00137824,0,0,0.901
-0.00175797,0,-0.00137824,0,0,0.901
-0.00175797,0,-0.00137824,0,0,0.901
-0.00175797,0,-0.00137824,0,0,0.901
0,-0.00896456,0,0,0,0.9
0,-0.00896456,0,0,0,0.9
0,-0.00896456,0,0,0,0.9
0,-0.00896456,0,0,0,0.9
0,-0.00896456,0,0,0,0.9
0,-0.00896456,0,0,0,0.9
0,-0.00896456,0,0,0,0.9
0,-0.00896456,0,0,0,0.9
-0.045,-0.00903679,0,0,0,0.741
0.0134726,-0.00878195,0,-0.0181899,0,0.894
0.00118366,-0.00875977,0,-0.0147047,0,0.91
0.00102136,-0.00858394,0,-0.0134353,0,0.909
0.00646359,-0.0080273,0,-0.0125637,0,0.91
0.00174297,-0.00793268,0,-0.0105243,0,0.907
0.00162385,-0.00759492,0,-0.00937053,0,0.906
-0.00151384,-0.00773411,0,-0.00873346,0,0.907
-0.00365243,-0.00787834,0,-0.00800395,0,0.907
-0.00684267,-0.00844143,0,-0.00829095,0,0.907
-0.00933057,-0.00907133,0,-0.00927456,0,0.906
-0.00913516,-0.00902223,0,-0.0109556,0,0.906
-0.00757763,-0.00842231,0,-0.0136866,0,0.901
-0.00600935,-0.00766022,0,-0.0153112,0,0.9
-0.0023216,-0.0057012,0,-0.0172684,0,0.9
-0.00158951,-0.0049828,0,-0.0173519,0,0.901
-0.000165038,-0.00377794,0,-0.0172668,0,0.901
0.000315268,-0.00304264,0,-0.0163329,0,0.901
0.000308352,-0.00260668,0,-0.0152458,0,0.901
-0.00042855,-0.0027209,0,-0.0138561,0,0.901
-0.000636239,-0.00252122,0,-0.0131677,0,0.902
-0.00117355,-0.0026163,0,-0.0124299,0,0.902
-0.000114174,-0.00142754,0,-0.0127634,0,0.903
-0.0021313,-0.00290731,0,-0.0114805,0,0.903
-0.00276262,-0.00327467,0,-0.0122559,0,0.903
-0.00353218,-0.00214983,0,-0.0148145,0,0.901
-0.00423338,-0.00199381,0,-0.0169613,0,0.901
-0.00469479,-0.00187537,0,-0.021757,0,0.901
-0.0046748,-0.0017963,0,-0.0272484,0,0.901
-0.004006,-0.00176372,0,-0.0325211,0,0.901
-0.00211689,-0.00176276,0,-0.037036,0,0.901
-0.00211689,-0.00176276,0,0,0,0.901
-0.00211689,-0.00176276,0,0,0,0.901
-0.00211689,-0.00176276,0,0,0,0.901
-0.00211689,-0.00176276,0,0,0,0.901
-0.00211689,-0.00176276,0,0,0,0.901
-0.00211689,-0.00176276,0,0,0,0.901
0,0,-0.00951127,0,0,0.9
0,0,-0.00951127,0,0,0.9
0,0,-0.00951127,0,0,0.9
0,0,-0.00951127,0,0,0.9
0,0,-0.00951127,0,0,0.9
0,0,-0.00951127,0,0,0.9
0,0,-0.00951127,0,0,0.9
0,0,-0.00951127,0,0,0.9
-0.0335504,0,-0.00956009,0,0,0.7
0.012066,0,-0.0093459,-0.0163102,0,0.893
0.00201351,0,-0.00928523,-0.0132215,0,0.907
0.00413872,0,-0.00899678,-0.0117269,0,0.904
0.00911583,0,-0.00836054,-0.0103349,0,0.898
0.0116719,0,-0.0075666,-0.00812611,0,0.891
0.0127784,0,-0.00672221,-0.00511107,0,0.89
0.0139352,0,-0.00570115,-0.00211862,0,0.889
0.00947326,0,-0.0056483,0.00169341,0,0.888
0.00575567,0,-0.00573114,0.00436064,0,0.887
0.00303651,0,-0.00578509,0.0058713,0,0.883
0.000470066,0,-0.00605455,0.00642199,0,0.882
-0.000478585,0,-0.00591196,0.00602428,0,0.88
0.00468979,0,-0.00265533,0.00558988,0,0.866
0.00811255,0,0.000224618,0.00663192,0,0.857
0.0114352,0,0.00377418,0.00942597,0,0.847
0.0118412,0,0.00542177,0.0137205,0,0.843
0.010175,0,0.00642178,0.0187641,0,0.826
0.00452965,0,0.00211538,0.0255838,0,0.829
0.000948641,0,-0.000614022,0.0301054,0,0.829
0.00382341,0,0.00232513,0.0293138,0,0.825
0.0045994,0,0.00340313,0.0294335,0,0.828
0.00573394,0,0.00382395,0.0330585,0,0.828
0.00014023,0,0.00415699,0.0320891,0,0.828
-0.00630409,0,0.00439307,0.0302655,0,0.828
-0.00387659,0,0.00452303,0.00640924,0,0.828
-0.00431615,0,0.0045463,-0.00311661,0,0.828
-0.00431615,0,0.0045463,-0.0163001,0,0.828
-0.00431615,0,0.0045463,0,0,0.828
-0.00431615,0,0.0045463,0,0,0.828
-0.00431615,0,0.0045463,0,0,0.828
-0.00431615,0,0.0045463,0,0,0.828
-0.00431615,0,0.0045463,0,0,0.828
0,-0.000771307,0,0,0,0.843
0,-0.000771307,0,0,0,0.843
0,-0.000771307,0,0,0,0.843
0,-0.000771307,0,0,0,0.843
0,-0.000771307,0,0,0,0.843
0,-0.000771307,0,0,0,0.843
0,-0.000771307,0,0,0,0.843
0,-0.000771258,0,0,0,0.843
0,-0.000767444,0,0,0,0.843
0.00225558,-0.000727614,0,0.00415155,0,0.898
-0.00968489,-0.00104481,0,0.00424876,0,0.896
-0.0132488,-0.00142443,0,0.00260401,0,0.895
-0.012041,-0.00166221,0,-5.4861e-05,0,0.894
-0.013306,-0.00215503,0,-0.0023135,0,0.893
-0.00655908,-0.00160822,0,-0.00524278,0,0.895
-0.000310663,-0.000686745,0,-0.00655203,0,0.894
0.00267514,4.77633e-06,0,-0.00660279,0,0.894
0.00461675,0.000684504,0,-0.00516006,0,0.893
0.000721214,-0.000301267,0,-0.00286075,0,0.895
-0.00424408,-0.00203511,0,-0.00278102,0,0.894
-0.00652314,-0.00314837,0,-0.00391867,0,0.894
-0.0080944,-0.00416492,0,-0.00633002,0,0.894
-0.00735702,-0.00415562,0,-0.00967608,0,0.894
-0.00632873,-0.00389945,0,-0.0128771,0,0.895
-0.00385731,-0.00266173,0,-0.016092,0,0.895
-0.0037699,-0.00275415,0,-0.0178894,0,0.895
-0.00537285,-0.00403129,0,-0.0192386,0,0.895
-0.00691525,-0.00539292,0,-0.0221235,0,0.896
-0.00877,-0.00711936,0,-0.0265462,0,0.897
-0.00910942,-0.00769932,0,-0.0320088,0,0.899
-0.00892581,-0.00784843,0,-0.0383727,0,0.899
-0.0077392,-0.00705101,0,-0.0440628,0,0.899
-0.00754189,-0.00642292,0,-0.0486163,0,0.898
-0.0061438,-0.00657197,0,-0.0522688,0,0.898
-0.00571695,-0.00669059,0,-0.0496245,0,0.898
-0.00243666,-0.00677605,0,-0.0519276,0,0.898
-0.00680148,-0.00682563,0,-0.0452886,0,0.898
-0.00842082,-0.00683765,0,-0.0492564,0,0.898
-0.00842082,-0.00683765,0,-0.06,0,0.898
-0.00842082,-0.00683765,0,0,0,0.898
-0.00842082,-0.00683765,0,0,0,0.898
-0.00842082,-0.00683765,0,0,0,0.898
-0.00842082,-0.00683765,0,0,0,0.898
-0.00842082,-0.00683765,0,0,0,0.898
0,0,-0.00240447,0,0,0.902
0,0,-0.00240447,0,0,0.902
0,0,-0.00240447,0,0,0.902
0,0,-0.00240447,0,0,0.902
0,0,-0.00240447,0,0,0.902
0,0,-0.00240447,0,0,0.902
0,0,-0.00240447,0,0,0.902
0,0,-0.00240447,0,0,0.902
0,0,-0.00240407,0,0,0.902
0,0,-0.00239285,0,0,0.902
-0.00431833,0,-0.00243354,-0.0277235,0,0.91
-0.0130441,0,-0.00273829,-0.026258,0,0.908
-0.00494593,0,-0.0025381,-0.0265515,0,0.908
0.00588883,0,-0.00175171,-0.0261521,0,0.907
0.0134889,0,-0.000651699,-0.023337,0,0.903
0.0188502,0,0.000690758,-0.019334,0,0.901
0.0160501,0,0.00100651,-0.0133564,0,0.899
0.0134482,0,0.00120191,-0.0086336,0,0.897
0.00959549,0,0.000883118,-0.00424796,0,0.894
0.00250745,0,-0.000843076,-0.000486489,0,0.897
-0.00202055,0,-0.00226442,0.000593447,0,0.898
-0.00787432,0,-0.00467414,6.26323e-05,0,0.897
-0.00731691,0,-0.00468802,-0.00304516,0,0.897
-0.00594581,0,-0.00422852,-0.00639069,0,0.897
-0.00513528,0,-0.00394782,-0.00914183,0,0.897
-0.00352893,0,-0.00309404,-0.0116757,0,0.898
-0.00313993,0,-0.00289003,-0.0133761,0,0.899
-0.00410077,0,-0.00360399,-0.0144,0,0.899
-0.00509394,0,-0.00441546,-0.0162341,0,0.902
-0.00470431,0,-0.00421903,-0.0188349,0,0.903
-0.00407746,0,-0.00379383,-0.0215239,0,0.902
-0.0029753,0,-0.00289957,-0.0235077,0,0.902
-0.00216574,0,-0.00218948,-0.0242504,0,0.902
-0.00141295,0,-0.001458,-0.0235926,0,0.902
-0.00148054,0,-0.00143281,-0.0220477,0,0.902
-0.00245413,0,-0.00141263,-0.0192296,0,0.902
-0.00293931,0,-0.0013979,-0.0199626,0,0.902
-0.0034977,0,-0.00138907,-0.0221675,0,0.902
-0.00412343,0,-0.00138654,-0.0253384,0,0.902
-0.00412343,0,-0.00138654,-0.0311461,0,0.902
-0.00412343,0,-0.00138654,0,0,0.902
-0.00412343,0,-0.00138654,0,0,0.902
-0.00412343,0,-0.00138654,0,0,0.902
-0.00412343,0,-0.00138654,0,0,0.902
-0.00412343,0,-0.00138654,0,0,0.902
-0.00412343,0,-0.00138654,0,0,0.902
0,-0.00785078,0,0,0,0.9
0,-0.00785078,0,0,0,0.9
0,-0.00785078,0,0,0,0.9
0,-0.00785078,0,0,0,0.9
0,-0.00785078,0,0,0,0.9
0,-0.00785078,0,0,0,0.9
0,-0.00785078,0,0,0,0.9
0,-0.00785037,0,0,0,0.9
-0.032326,-0.00807439,0,0,0,0.7
0.0172256,-0.00748524,0,-0.0167399,0,0.895
-0.00199597,-0.00767735,0,-0.0124431,0,0.907
0.00348318,-0.00728491,0,-0.0119653,0,0.91
0.00524639,-0.00685652,0,-0.0107236,0,0.907
0.00585178,-0.00628157,0,-0.00901602,0,0.905
0.00478682,-0.0059579,0,-0.00730432,0,0.904
0.00418378,-0.00558089,0,-0.00615187,0,0.903
0.000745408,-0.00587993,0,-0.00455054,0,0.904
-0.00291868,-0.00650444,0,-0.00411154,0,0.904
-0.00529872,-0.0070351,0,-0.00431061,0,0.903
-0.00608255,-0.00720165,0,-0.00553311,0,0.903
-0.00618321,-0.00715744,0,-0.00697071,0,0.903
-0.0055787,-0.00679649,0,-0.0083658,0,0.904
-0.00256405,-0.00513521,0,-0.0103338,0,0.904
-0.00296395,-0.00509863,0,-0.0109205,0,0.904
-0.00346001,-0.00516913,0,-0.0115577,0,0.905
-0.00382267,-0.00519755,0,-0.012484,0,0.905
-0.00430572,-0.005356,0,-0.013525,0,0.906
-0.00417748,-0.00510566,0,-0.0151464,0,0.906
-0.00312351,-0.00411234,0,-0.0171653,0,0.906
-0.00194759,-0.00294784,0,-0.0185278,0,0.906
-0.00315607,-0.00377965,0,-0.0186068,0,0.906
-0.00329167,-0.00374648,0,-0.0195909,0,0.906
-0.0038072,-0.00397662,0,-0.0211391,0,0.905
-0.0037669,-0.00387453,0,-0.0236975,0,0.905
-0.0036603,-0.00379274,0,-0.0238134,0,0.905
-0.00409912,-0.0037307,0,-0.0260258,0,0.905
-0.00355965,-0.00369674,0,-0.0283896,0,0.905
-0.00300433,-0.00368706,0,-0.030824,0,0.905
-0.00300433,-0.00368706,0,0,0,0.905
-0.00300433,-0.00368706,0,0,0,0.905
-0.00300433,-0.00368706,0,0,0,0.905
-0.00300433,-0.00368706,0,0,0,0.905
-0.00300433,-0.00368706,0,0,0,0.905
-0.00300433,-0.00368706,0,0,0,0.905
-0.00300433,-0.00368706,0,0,0,0.905
0,0,-0.00604312,0,0,0.903
0,0,-0.00604312,0,0,0.903
0,0,-0.00604312,0,0,0.903
0,0,-0.00604312,0,0,0.903
0,0,-0.00604312,0,0,0.903
0,0,-0.00604312,0,0,0.903
0,0,-0.00604312,0,0,0.903
0,0,-0.00604312,0,0,0.903
-0.0274083,0,-0.00616223,0,0,0.7
-7.43592e-05,0,-0.00597408,-0.0139169,0,0.891
-0.00591373,0,-0.00603981,-0.0128999,0,0.902
0.00050347,0,-0.00574556,-0.013039,0,0.902
0.00753391,0,-0.00508408,-0.0123201,0,0.9
0.00853002,0,-0.00457632,-0.0101061,0,0.898
0.00642428,0,-0.00437895,-0.00742878,0,0.9
0.00583714,0,-0.0040049,-0.00577212,0,0.898
-0.0013096,0,-0.00504543,-0.00375164,0,0.9
-0.00431465,0,-0.00560583,-0.00372338,0,0.901
-0.00746307,0,-0.00646643,-0.00457231,0,0.901
-0.00782735,0,-0.00665545,-0.0067492,0,0.903
-0.00586823,0,-0.00597468,-0.00907995,0,0.903
-0.00320952,0,-0.00479514,-0.0109077,0,0.903
-0.0025729,0,-0.00434254,-0.011607,0,0.903
-0.00354591,0,-0.00469522,-0.0119287,0,0.903
-0.00434368,0,-0.0050396,-0.012893,0,0.902
-0.00492636,0,-0.00533096,-0.0145226,0,0.903
-0.00435246,0,-0.00488493,-0.0168243,0,0.903
-0.00450355,0,-0.004901,-0.0183991,0,0.903
-0.00296768,0,-0.0036294,-0.0205559,0,0.903
-0.00198156,0,-0.00269162,-0.0217451,0,0.903
-0.00144962,0,-0.00208154,-0.0217617,0,0.903
-0.00157139,0,-0.00203574,-0.0211626,0,0.903
-0.00220106,0,-0.00245758,-0.0204196,0,0.902
-0.00282371,0,-0.00236008,-0.0204546,0,0.902
-0.0029498,0,-0.00229922,-0.0203814,0,0.902
-0.00294929,0,-0.00223582,-0.0227716,0,0.902
-0.00323134,0,-0.00219424,-0.0247947,0,0.902
-0.00222682,0,-0.00217619,-0.0280496,0,0.902
-0.00142952,0,-0.00217554,-0.0280762,0,0.902
-0.00142952,0,-0.00217554,0,0,0.902
-0.00142952,0,-0.00217554,0,0,0.902
-0.00142952,0,-0.00217554,0,0,0.902
-0.00142952,0,-0.00217554,0,0,0.902
-0.00142952,0,-0.00217554,0,0,0.902
-0.00142952,0,-0.00217554,0,0,0.902
0,-0.00636151,0,0,0,0.9
0,-0.00636151,0,0,0,0.9
0,-0.00636151,0,0,0,0.9
0,-0.00636151,0,0,0,0.9
0,-0.00636151,0,0,0,0.9
0,-0.00636151,0,0,0,0.9
0,-0.00636151,0,0,0,0.9
0,-0.00636151,0,0,0,0.9
-0.0412167,-0.00649111,0,0,0,0.735
0.0166418,-0.00612169,0,-0.0170616,0,0.89
0.00414825,-0.0061124,0,-0.0131376,0,0.905
0.0046742,-0.00588881,0,-0.0115849,0,0.905
0.00552853,-0.00556625,0,-0.0102134,0,0.905
0.00335725,-0.00542553,0,-0.00854235,0,0.902
-0.00168644,-0.00576122,0,-0.0068917,0,0.904
-0.00237107,-0.00570227,0,-0.00692908,0,0.903
-0.0030467,-0.0056806,0,-0.00692808,0,0.902
-0.00694786,-0.00650686,0,-0.00731687,0,0.902
-0.00697245,-0.00654032,0,-0.00880219,0,0.902
-0.00507084,-0.00592349,0,-0.0105991,0,0.902
-0.00492764,-0.00580441,0,-0.0118821,0,0.901
-0.00592048,-0.00616845,0,-0.0127254,0,0.901
-0.00220801,-0.00434167,0,-0.0146525,0,0.902
-0.00213935,-0.004098,0,-0.0148602,0,0.902
-0.00209054,-0.00380808,0,-0.0148867,0,0.902
-0.00169023,-0.00334234,0,-0.0149927,0,0.902
-0.001451,-0.00295615,0,-0.0150212,0,0.902
-0.00193558,-0.00309122,0,-0.0147854,0,0.902
-0.00154243,-0.0025995,0,-0.0150968,0,0.903
-0.00107116,-0.00201669,0,-0.0150351,0,0.903
-0.000795889,-0.00158144,0,-0.0151248,0,0.903
-0.00176314,-0.00225536,0,-0.0140855,0,0.903
-0.00186365,-0.00220935,0,-0.0149525,0,0.903
-0.00241871,-0.00182357,0,-0.0151104,0,0.903
-0.00313437,-0.001723,0,-0.0155377,0,0.903
-0.00394885,-0.00164744,0,-0.0185433,0,0.903
-0.00387157,-0.001599,0,-0.0221835,0,0.903
-0.0031895,-0.00157977,0,-0.0264877,0,0.903
-0.00183124,-0.00157953,0,-0.0291683,0,0.903
-0.00183124,-0.00157953,0,0,0,0.903
-0.00183124,-0.00157953,0,0,0,0.903
-0.00183124,-0.00157953,0,0,0,0.903
-0.00183124,-0.00157953,0,0,0,0.903
-0.00183124,-0.00157953,0,0,0,0.903
-0.00183124,-0.00157953,0,0,0,0.903
0,0,-0.00984775,0,0,0.901
0,0,-0.00984775,0,0,0.901
0,0,-0.00984775,0,0,0.901
0,0,-0.00984775,0,0,0.901
0,0,-0.00984775,0,0,0.901
0,0,-0.00984775,0,0,0.901
0,0,-0.00984775,0,0,0.901
0,0,-0.00984775,0,0,0.901
-0.0370728,0,-0.00992585,0,0,0.7
0.0109598,0,-0.0096677,-0.0173579,0,0.894
-0.000667546,0,-0.00965422,-0.0142082,0,0.908
-0.000395115,0,-0.00947424,-0.013229,0,0.906
0.00671826,0,-0.00879788,-0.0128065,0,0.903
0.00655102,0,-0.00832969,-0.0108254,0,0.899
0.00617742,0,-0.00785447,-0.0086245,0,0.901
0.00517629,0,-0.00743665,-0.00665111,0,0.901
0.000889735,0,-0.00770182,-0.00493938,0,0.901
-0.00233092,0,-0.00803348,-0.00422556,0,0.902
-0.00593731,0,-0.00872684,-0.00458163,0,0.901
-0.00895599,0,-0.00954982,-0.00613583,0,0.9
-0.0090156,0,-0.00952967,-0.00894421,0,0.9
-0.00585443,0,-0.00812486,-0.0121843,0,0.9
-0.00254928,0,-0.0063442,-0.0139978,0,0.901
-0.00100631,0,-0.00516237,-0.0144174,0,0.901
-0.00155064,0,-0.00503903,-0.0137313,0,0.901
-0.00200744,0,-0.00492021,-0.013628,0,0.901
-0.0021441,0,-0.00462682,-0.0139549,0,0.9
-0.00321961,0,-0.0050495,-0.0144227,0,0.9
-0.00204243,0,-0.00385274,-0.0157956,0,0.9
-0.00170952,0,-0.00326994,-0.016622,0,0.901
-0.00173368,0,-0.00297503,-0.0166361,0,0.901
-0.00126176,0,-0.00227143,-0.0173068,0,0.901
-0.00131116,0,-0.00204537,-0.0171852,0,0.901
-0.0024221,0,-0.00207976,-0.0167212,0,0.9
-0.00285946,0,-0.00189448,-0.0176551,0,0.9
-0.0028896,0,-0.00175179,-0.0203961,0,0.9
-0.00378336,0,-0.00165535,-0.0232307,0,0.9
-0.00308009,0,-0.00160882,-0.0280631,0,0.9
-0.00171122,0,-0.00160499,-0.0312839,0,0.9
-0.00171122,0,-0.00160499,0,0,0.9
-0.00171122,0,-0.00160499,0,0,0.9
-0.00171122,0,-0.00160499,0,0,0.9
-0.00171122,0,-0.00160499,0,0,0.9
-0.00171122,0,-0.00160499,0,0,0.9
-0.00171122,0,-0.00160499,0,0,0.9
0,-0.00866812,0,0,0,0.899
0,-0.00866812,0,0,0,0.899
0,-0.00866812,0,0,0,0.899
0,-0.00866812,0,0,0,0.899
0,-0.00866812,0,0,0,0.899
0,-0.00866812,0,0,0,0.899
0,-0.00866812,0,0,0,0.899
0,-0.00866812,0,0,0,0.899
-0.045,-0.00874888,0,0,0,0.755
0.0168657,-0.00844863,0,-0.0176433,0,0.896
0.00381811,-0.00840658,0,-0.0138107,0,0.91
0.00117436,-0.00828407,0,-0.0121152,0,0.91
0.00807942,-0.00752132,0,-0.0112715,0,0.91
0.00184046,-0.00763926,0,-0.00925493,0,0.907
-0.000302415,-0.0075682,0,-0.00813119,0,0.905
-0.00121212,-0.00741158,0,-0.00782647,0,0.904
-0.0041243,-0.00772152,0,-0.00726898,0,0.904
-0.007061,-0.008265,0,-0.00782028,0,0.904
-0.0103289,-0.00916184,0,-0.00895409,0,0.902
-0.0066209,-0.0079617,0,-0.0112584,0,0.901
-0.00607834,-0.00764655,0,-0.0130785,0,0.9
-0.00730655,-0.00806535,0,-0.0138346,0,0.901
-0.00230324,-0.00553334,0,-0.0163006,0,0.901
-0.000257413,-0.00410629,0,-0.0166818,0,0.901
0.00227472,-0.00219128,0,-0.0158482,0,0.901
0.00279654,-0.00132436,0,-0.0138859,0,0.901
0.00133574,-0.00180036,0,-0.011234,0,0.902
0.000571652,-0.00190266,0,-0.00947407,0,0.902
-0.000247944,-0.00214822,0,-0.00828176,0,0.903
-0.000780356,-0.00223673,0,-0.00757341,0,0.903
-0.000351173,-0.00157777,0,-0.00702463,0,0.903
-0.00228149,-0.00300151,0,-0.00924105,0,0.903
-0.00260571,-0.00310185,0,-0.00924105,0,0.903
-0.00381285,-0.00224116,0,-0.0113059,0,0.901
-0.00430259,-0.00209496,0,-0.0194261,0,0.901
-0.00447649,-0.00198197,0,-0.0194261,0,0.901
-0.00451181,-0.00190827,0,-0.02509,0,0.901
-0.00409066,-0.00188094,0,-0.030187,0,0.901
-0.00245876,-0.00188044,0,-0.0343904,0,0.901
-0.00245876,-0.00188044,0,0,0,0.901
-0.00245876,-0.00188044,0,0,0,0.901
-0.00245876,-0.00188044,0,0,0,0.901
-0.00245876,-0.00188044,0,0,0,0.901
-0.00245876,-0.00188044,0,0,0,0.901
-0.00245876,-0.00188044,0,0,0,0.901
0,0,-0.00854444,0,0,0.9
0,0,-0.00854444,0,0,0.9
0,0,-0.00854444,0,0,0.9
0,0,-0.00854444,0,0,0.9
0,0,-0.00854444,0,0,0.9
0,0,-0.00854444,0,0,0.9
0,0,-0.00854444,0,0,0.9
0,0,-0.00854444,0,0,0.9
-0.035638,0,-0.00861033,0,0,0.7
0.00214941,0,-0.00846263,-0.0148514,0,0.913
-0.00384899,0,-0.00845028,-0.0137759,0,0.912
-0.00327472,0,-0.00834358,-0.0132467,0,0.909
0.00192401,0,-0.00790253,-0.0132014,0,0.907
0.00791963,0,-0.00705926,-0.0121629,0,0.902
0.00994501,0,-0.00624842,-0.00995314,0,0.897
0.0164482,0,-0.00449638,-0.00712489,0,0.894
0.011082,0,-0.00462762,-0.00298165,0,0.898
0.00688831,0,-0.00483168,0.000260759,0,0.9
0.00226682,0,-0.00547009,0.00241473,0,0.901
-0.00165616,0,-0.0062657,0.0030751,0,0.901
-0.00347686,0,-0.0066249,0.0024908,0,0.901
-0.0029526,0,-0.00615823,0.000898473,0,0.902
-0.0019025,0,-0.00537262,-0.000490759,0,0.901
-0.00271255,0,-0.00546846,-0.00143257,0,0.901
-0.0034157,0,-0.00558466,-0.00262154,0,0.901
-0.00411199,0,-0.00577571,-0.00442904,0,0.902
-0.00381258,0,-0.00536249,-0.0067651,0,0.902
-0.00538013,0,-0.00623458,-0.00901251,0,0.902
-0.00493612,0,-0.00575281,-0.012297,0,0.902
-0.00463967,0,-0.00536276,-0.0154737,0,0.902
-0.00392482,0,-0.00460395,-0.0185495,0,0.902
-0.0030086,0,-0.00362286,-0.0213433,0,0.901
-0.00287479,0,-0.00332942,-0.0231465,0,0.901
-0.00360807,0,-0.00256869,-0.0240798,0,0.9
-0.00342752,0,-0.00243318,-0.025262,0,0.9
-0.00325289,0,-0.00233083,-0.027589,0,0.9
-0.00332095,0,-0.00227752,-0.0292158,0,0.9
-0.00257403,0,-0.00223993,-0.0321063,0,0.9
-0.00149408,0,-0.00223617,-0.0334185,0,0.9
-0.00149408,0,-0.00223617,0,0,0.9
-0.00149408,0,-0.00223617,0,0,0.9
-0.00149408,0,-0.00223617,0,0,0.9
-0.00149408,0,-0.00223617,0,0,0.9
-0.00149408,0,-0.00223617,0,0,0.9
-0.00149408,0,-0.00223617,0,0,0.9
0,-0.00687532,0,0,0,0.899
0,-0.00687532,0,0,0,0.899
0,-0.00687532,0,0,0,0.899
0,-0.00687532,0,0,0,0.899
0,-0.00687532,0,0,0,0.899
0,-0.00687532,0,0,0,0.899
0,-0.00687532,0,0,0,0.899
0,-0.00687532,0,0,0,0.899
-0.045,-0.00694325,0,0,0,0.768
0.0145534,-0.0067032,0,-0.0160266,0,0.898
0.00570197,-0.00662231,0,-0.0127107,0,0.911
0.00130145,-0.00656463,0,-0.0108948,0,0.91
0.00808297,-0.00587071,0,-0.0101217,0,0.91
0.000780426,-0.00613754,0,-0.0081688,0,0.907
0.000672261,-0.00589902,0,-0.00729725,0,0.906
-0.00343038,-0.0063064,0,-0.00688517,0,0.907
-0.00612015,-0.00672179,0,-0.0066376,0,0.909
-0.00893136,-0.00737935,0,-0.00758563,0,0.909
-0.00911429,-0.00752229,0,-0.00918649,0,0.908
-0.00863685,-0.0074671,0,-0.0109292,0,0.907
-0.00787469,-0.00725865,0,-0.0131088,0,0.907
-0.00719638,-0.00701484,0,-0.0144998,0,0.906
-0.00311286,-0.00505005,0,-0.016863,0,0.905
-0.00352515,-0.00509681,0,-0.016863,0,0.907
-0.00222242,-0.00417093,0,-0.0172632,0,0.907
-0.00181502,-0.00368915,0,-0.0170082,0,0.907
-0.00123355,-0.00305631,0,-0.0167723,0,0.907
-0.00164996,-0.00309934,0,-0.0160397,0,0.907
-0.00137849,-0.00266288,0,-0.0155048,0,0.907
-0.00154328,-0.00256902,0,-0.015209,0,0.907
-0.000739957,-0.00168443,0,-0.0145744,0,0.907
-0.00161792,-0.00224934,0,-0.0142612,0,0.908
-0.00303861,-0.00337838,0,-0.0132496,0,0.908
-0.00379681,-0.00302764,0,-0.014986,0,0.906
-0.00462179,-0.00293543,0,-0.0176245,0,0.906
-0.00511539,-0.00286533,0,-0.0198599,0,0.906
-0.00549465,-0.0028127,0,-0.0246709,0,0.906
-0.00533411,-0.0027891,0,-0.0306194,0,0.906
-0.00391523,-0.00278642,0,-0.0357083,0,0.906
-0.00391523,-0.00278642,0,0,0,0.906
-0.00391523,-0.00278642,0,0,0,0.906
-0.00391523,-0.00278642,0,0,0,0.906
-0.00391523,-0.00278642,0,0,0,0.906
-0.00391523,-0.00278642,0,0,0,0.906
-0.00391523,-0.00278642,0,0,0,0.906
0,0,-0.00834194,0,0,0.904
0,0,-0.00834194,0,0,0.904
0,0,-0.00834194,0,0,0.904
0,0,-0.00834194,0,0,0.904
0,0,-0.00834194,0,0,0.904
0,0,-0.00834194,0,0,0.904
0,0,-0.00834194,0,0,0.904
0,0,-0.00834194,0,0,0.904
-0.0344957,0,-0.00835664,0,0,0.7
-0.00878486,0,-0.0083442,-0.01325,0,0.91
-0.00127245,0,-0.00823053,-0.0139676,0,0.912
0.00184031,0,-0.00801392,-0.0129686,0,0.909
0.00540241,0,-0.00760068,-0.011777,0,0.907
0.00912753,0,-0.00692919,-0.0101144,0,0.904
0.0115004,0,-0.00612121,-0.00774949,0,0.903
0.0143482,0,-0.00501624,-0.00509695,0,0.903
0.0121253,0,-0.00457403,-0.00135322,0,0.904
0.00448011,0,-0.0054649,0.00210216,0,0.905
-0.000292743,0,-0.00618679,0.00329962,0,0.905
-0.00544023,0,-0.00743057,0.00314635,0,0.904
-0.00822997,0,-0.00830148,0.00124133,0,0.904
-0.00638753,0,-0.00754103,-0.00173191,0,0.904
-0.0042418,0,-0.00645971,-0.00427181,0,0.904
-0.00364973,0,-0.00589681,-0.00591421,0,0.904
-0.0039811,0,-0.00585378,-0.0070554,0,0.904
-0.00482829,0,-0.00617047,-0.0084708,0,0.905
-0.00543359,0,-0.00640569,-0.0100983,0,0.905
-0.00603359,0,-0.00669833,-0.0124631,0,0.905
-0.00528064,0,-0.0060264,-0.0152728,0,0.905
-0.00403792,0,-0.00489931,-0.0183155,0,0.904
-0.00350746,0,-0.00429227,-0.0199486,0,0.905
-0.00256481,0,-0.00329444,-0.0214369,0,0.905
-0.00230606,0,-0.00287281,-0.0216113,0,0.905
-0.00273534,0,-0.00289702,-0.0214469,0,0.905
-0.00316837,0,-0.00275824,-0.0219622,0,0.905
-0.00339375,0,-0.00264826,-0.0215831,0,0.905
-0.00413395,0,-0.00256961,-0.0234531,0,0.905
-0.0039996,0,-0.00252481,-0.0262465,0,0.905
-0.00316969,0,-0.00251493,-0.0297921,0,0.905
-0.00316969,0,-0.00251493,-0.0315524,0,0.905
-0.00316969,0,-0.00251493,0,0,0.905
-0.00316969,0,-0.00251493,0,0,0.905
-0.00316969,0,-0.00251493,0,0,0.905
-0.00316969,0,-0.00251493,0,0,0.905
-0.00316969,0,-0.00251493,0,0,0.905
-0.00316969,0,-0.00251493,0,0,0.905
0,-0.00691932,0,0,0,0.903
0,-0.00691932,0,0,0,0.903
0,-0.00691932,0,0,0,0.903
0,-0.00691932,0,0,0,0.903
0,-0.00691932,0,0,0,0.903
0,-0.00691932,0,0,0,0.903
0,-0.00691932,0,0,0,0.903
-0.0317697,-0.00691941,0,0,0,0.752
-0.0393418,-0.00706821,0,0,0,0.817
0.00716416,-0.00673607,0,-0.0115953,0,0.901
0.00011993,-0.00672409,0,-0.00960119,0,0.908
0.00471017,-0.0063617,0,-0.00904228,0,0.908
0.0042981,-0.00609864,0,-0.00786715,0,0.907
-0.00031472,-0.00618463,0,-0.00641296,0,0.905
-0.000852031,-0.00603534,0,-0.00603106,0,0.905
-0.00194434,-0.00600075,0,-0.00594788,0,0.903
-0.00423209,-0.00631286,0,-0.00621135,0,0.903
-0.0067975,-0.00688642,0,-0.00627493,0,0.902
-0.00571178,-0.00653795,0,-0.00787192,0,0.902
-0.00519546,-0.00629308,0,-0.00890184,0,0.902
-0.00584273,-0.00647464,0,-0.0101772,0,0.901
-0.00241927,-0.00483762,0,-0.0115149,0,0.901
-0.000460777,-0.00369809,0,-0.0121086,0,0.902
-0.00150888,-0.00395158,0,-0.0112748,0,0.902
-0.00145889,-0.00365476,0,-0.0111743,0,0.902
-0.00116143,-0.00319785,0,-0.0111843,0,0.902
-0.00183865,-0.0034034,0,-0.0109755,0,0.903
-0.00192864,-0.0032391,0,-0.0112101,0,0.903
-0.00248082,-0.00341464,0,-0.0118901,0,0.904
-0.00303973,-0.00370099,0,-0.0125071,0,0.904
-0.00269432,-0.0032589,0,-0.0148113,0,0.904
-0.00457935,-0.00481717,0,-0.0155892,0,0.905
-0.00571348,-0.00566411,0,-0.0188808,0,0.905
-0.00633727,-0.00563031,0,-0.02382,0,0.905
-0.00611831,-0.00560304,0,-0.0266621,0,0.905
-0.00610974,-0.00558291,0,-0.0328951,0,0.905
-0.00560144,-0.00557049,0,-0.0388545,0,0.905
-0.00453202,-0.00556636,0,-0.0432826,0,0.905
-0.00453202,-0.00556636,0,-0.0462965,0,0.905
-0.00453202,-0.00556636,0,0,0,0.905
-0.00453202,-0.00556636,0,0,0,0.905
-0.00453202,-0.00556636,0,0,0,0.905
-0.00453202,-0.00556636,0,0,0,0.905
-0.00453202,-0.00556636,0,0,0,0.905
-0.00453202,-0.00556636,0,0,0,0.905
0,0,-0.00738026,0,0,0.903
0,0,-0.00738026,0,0,0.903
0,0,-0.00738026,0,0,0.903
0,0,-0.00738026,0,0,0.903
0,0,-0.00738026,0,0,0.903
0,0,-0.00738026,0,0,0.903
0,0,-0.00738026,0,0,0.903
0,0,-0.00738026,0,0,0.903
-0.0276437,0,-0.00746918,0,0,0.7
0.0127393,0,-0.0071712,-0.0157656,0,0.891
0.00586476,0,-0.00706632,-0.0124608,0,0.905
0.00537624,0,-0.00683213,-0.0108127,0,0.904
0.00658481,0,-0.00644037,-0.00927249,0,0.903
0.0052855,0,-0.0061567,-0.0074805,0,0.901
0.00906523,0,-0.00524937,-0.00581757,0,0.901
0.00661595,0,-0.00505422,-0.00379888,0,0.901
0.00153667,0,-0.0055486,-0.00187579,0,0.902
-0.00168542,0,-0.00596856,-0.00114633,0,0.902
-0.00562209,0,-0.00686422,-0.00151341,0,0.901
-0.00984232,0,-0.0082204,-0.00294261,0,0.9
-0.00840357,0,-0.00777784,-0.00613654,0,0.901
-0.00566732,0,-0.00663042,-0.00909681,0,0.901
-0.00349477,0,-0.00548599,-0.011053,0,0.901
-0.00227363,0,-0.00463592,-0.0120266,0,0.901
-0.0027956,0,-0.00468925,-0.012399,0,0.901
-0.00339827,0,-0.00484876,-0.0130771,0,0.901
-0.00410572,0,-0.00514276,-0.0143783,0,0.901
-0.00432846,0,-0.00515487,-0.0161745,0,0.901
-0.00292713,0,-0.00393795,-0.0186376,0,0.901
-0.00261939,0,-0.00350362,-0.0198075,0,0.901
-0.00192293,0,-0.0027352,-0.0206393,0,0.902
-0.00158343,0,-0.00224375,-0.020877,0,0.902
-0.00200456,0,-0.00244976,-0.0205871,0,0.902
-0.00347425,0,-0.00228657,-0.02055,0,0.901
-0.00351784,0,-0.00220102,-0.0217488,0,0.901
-0.00313523,0,-0.00211147,-0.0248993,0,0.901
-0.00337884,0,-0.00205213,-0.0273885,0,0.901
-0.00278356,0,-0.00202536,-0.0301575,0,0.901
-0.00160035,0,-0.00202402,-0.0316341,0,0.901
-0.00160035,0,-0.00202402,0,0,0.901
-0.00160035,0,-0.00202402,0,0,0.901
-0.00160035,0,-0.00202402,0,0,0.901
-0.00160035,0,-0.00202402,0,0,0.901
-0.00160035,0,-0.00202402,0,0,0.901
-0.00160035,0,-0.00202402,0,0,0.901
0,-0.00840219,0,0,0,0.9
0,-0.00840219,0,0,0,0.9
0,-0.00840219,0,0,0,0.9
0,-0.00840219,0,0,0,0.9
0,-0.00840219,0,0,0,0.9
0,-0.00840219,0,0,0,0.9
0,-0.00840219,0,0,0,0.9
0,-0.00840219,0,0,0,0.9
-0.0251329,-0.00846655,0,0,0,0.7
0.0193006,-0.0081318,0,-0.01337,0,0.893
0.00615471,-0.00807015,0,-0.00946178,0,0.906
0.00531522,-0.00783121,0,-0.00772713,0,0.906
0.00603578,-0.00746133,0,-0.00648714,0,0.907
0.00488175,-0.00714719,0,-0.00489673,0,0.903
0.00406689,-0.00681305,0,-0.00356876,0,0.902
0.00276221,-0.00657357,0,-0.00231891,0,0.902
0.0017674,-0.00632807,0,-0.00143587,0,0.901
-0.00111407,-0.00661144,0,-0.000928456,0,0.902
-0.00367906,-0.00702673,0,-0.000942402,0,0.901
-0.00504008,-0.00726606,0,-0.00206283,0,0.901
-0.00224918,-0.00602022,0,-0.00404201,0,0.9
-0.00416805,-0.0065544,0,-0.00479466,0,0.9
-0.00161129,-0.0051001,0,-0.00625653,0,0.9
-8.32385e-05,-0.00395225,0,-0.00684868,0,0.901
-0.000394891,-0.00372195,0,-0.00621367,0,0.901
-0.000126619,-0.00316107,0,-0.00600788,0,0.901
-0.00106849,-0.00340824,0,-0.00559802,0,0.901
-0.00216018,-0.00386452,0,-0.00586601,0,0.901
-0.00192683,-0.00342003,0,-0.00716993,0,0.902
-0.00213117,-0.00326427,0,-0.00841806,0,0.903
-0.00233827,-0.00320507,0,-0.00956962,0,0.903
-0.0026782,-0.00330754,0,-0.0107854,0,0.904
-0.0036761,-0.00404601,0,-0.0132756,0,0.903
-0.00470647,-0.00275771,0,-0.0157699,0,0.901
-0.00569276,-0.00263346,0,-0.0191462,0,0.901
-0.0057327,-0.0025406,0,-0.0260581,0,0.901
-0.00590111,-0.00248178,0,-0.0327134,0,0.901
-0.0047118,-0.00245956,0,-0.0395346,0,0.901
-0.00241392,-0.00245951,0,-0.0445691,0,0.901
-0.00241392,-0.00245951,0,0,0,0.901
-0.00241392,-0.00245951,0,0,0,0.901
-0.00241392,-0.00245951,0,0,0,0.901
-0.00241392,-0.00245951,0,0,0,0.901
-0.00241392,-0.00245951,0,0,0,0.901
-0.00241392,-0.00245951,0,0,0,0.901
0,0,-0.0102476,0,0,0.901
0,0,-0.0102476,0,0,0.901
0,0,-0.0102476,0,0,0.901
0,0,-0.0102476,0,0,0.901
0,0,-0.0102476,0,0,0.901
0,0,-0.0102476,0,0,0.901
0,0,-0.0102476,0,0,0.901
0,0,-0.0102476,0,0,0.901
-0.0247834,0,-0.0102962,0,0,0.7
0.0158361,0,-0.0100089,-0.0141751,0,0.895
0.00495151,0,-0.00991632,-0.0107092,0,0.909
0.00176708,0,-0.00976483,-0.0090137,0,0.909
0.00420598,0,-0.00932156,-0.00833997,0,0.906
0.00530582,0,-0.00878848,-0.00711282,0,0.9
0.00934889,0,-0.00776888,-0.00565542,0,0.9
0.0113228,0,-0.00674507,-0.00288929,0,0.901
0.00906565,0,-0.00634825,-0.000104663,0,0.901
0.00358347,0,-0.00687931,0.00250232,0,0.902
-0.000792905,0,-0.00751587,0.00356113,0,0.901
-0.00572399,0,-0.00872553,0.00320994,0,0.9
-0.00728748,0,-0.0091089,0.00117612,0,0.9
-0.00586323,0,-0.00834513,-0.00187681,0,0.9
-0.00365996,0,-0.00706886,-0.00443901,0,0.901
-0.00280099,0,-0.00628284,-0.00600151,0,0.901
-0.00183986,0,-0.00535403,-0.00704982,0,0.901
-0.00264878,0,-0.00545345,-0.00760549,0,0.901
-0.00313217,0,-0.00541899,-0.00869865,0,0.901
-0.00361614,0,-0.00544176,-0.0104085,0,0.901
-0.00354756,0,-0.00509704,-0.012562,0,0.901
-0.00340189,0,-0.00470072,-0.0147622,0,0.901
-0.0026743,0,-0.00382945,-0.0171114,0,0.902
-0.0016309,0,-0.00257005,-0.0186494,0,0.902
-0.00215917,0,-0.00279422,-0.0193073,0,0.902
-0.00256248,0,-0.00218611,-0.0195994,0,0.901
-0.00320097,0,-0.00200627,-0.0196915,0,0.901
-0.00280766,0,-0.00190054,-0.0220584,0,0.901
-0.00314533,0,-0.00180143,-0.0245863,0,0.901
-0.00283458,0,-0.00175362,-0.0279814,0,0.901
-0.00194347,0,-0.00174968,-0.0300931,0,0.901
-0.00194347,0,-0.00174968,0,0,0.901
-0.00194347,0,-0.00174968,0,0,0.901
-0.00194347,0,-0.00174968,0,0,0.901
-0.00194347,0,-0.00174968,0,0,0.901
-0.00194347,0,-0.00174968,0,0,0.901
-0.00194347,0,-0.00174968,0,0,0.901
0,-0.00905567,0,0,0,0.9
0,-0.00905567,0,0,0,0.9
0,-0.00905567,0,0,0,0.9
0,-0.00905567,0,0,0,0.9
0,-0.00905567,0,0,0,0.9
0,-0.00905567,0,0,0,0.9
0,-0.00905567,0,0,0,0.9
0,-0.00905567,0,0,0,0.9
-0.0423414,-0.00912902,0,0,0,0.757
0.0152249,-0.00884763,0,-0.0153731,0,0.897
0.00446039,-0.00877255,0,-0.0119012,0,0.91
0.00250587,-0.00860454,0,-0.0102928,0,0.91
0.00818753,-0.00798643,0,-0.00938491,0,0.91
0.00326696,-0.0078492,0,-0.00722522,0,0.907
0.0022024,-0.00758433,0,-0.0060304,0,0.907
-0.00105867,-0.00770795,0,-0.00527712,0,0.904
-0.00223794,-0.00763535,0,-0.00485344,0,0.904
-0.00527652,-0.00810501,0,-0.00511289,0,0.903
-0.00666428,-0.00834476,0,-0.00591536,0,0.902
-0.00585699,-0.00795492,0,-0.00739869,0,0.902
-0.00551009,-0.00766451,0,-0.00900398,0,0.902
-0.00583016,-0.00762771,0,-0.00994953,0,0.901
-0.00134154,-0.00526588,0,-0.0121112,0,0.902
-0.00171058,-0.00508145,0,-0.0120202,0,0.902
-0.00073814,-0.00414416,0,-0.0121671,0,0.902
-1.63784e-05,-0.00327841,0,-0.0119491,0,0.902
-0.000494236,-0.00319066,0,-0.0111525,0,0.903
-0.00122715,-0.00331198,0,-0.0106226,0,0.901
-0.00100939,-0.00280164,0,-0.0107526,0,0.901
-0.00163031,-0.00301198,0,-0.0107526,0,0.904
-0.00186222,-0.00292651,0,-0.0112849,0,0.904
-0.00377319,-0.00437126,0,-0.011619,0,0.904
-0.00450503,-0.00487958,0,-0.0149383,0,0.904
-0.00488864,-0.00331877,0,-0.019076,0,0.902
-0.00471359,-0.00318498,0,-0.022524,0,0.902
-0.00488568,-0.00308642,0,-0.0272544,0,0.902
-0.0045634,-0.003021,0,-0.0322285,0,0.902
-0.0038229,-0.00299462,0,-0.0363641,0,0.902
-0.00227585,-0.00299401,0,-0.0390999,0,0.902
-0.00227585,-0.00299401,0,0,0,0.902
-0.00227585,-0.00299401,0,0,0,0.902
-0.00227585,-0.00299401,0,0,0,0.902
-0.00227585,-0.00299401,0,0,0,0.902
-0.00227585,-0.00299401,0,0,0,0.902
-0.00227585,-0.00299401,0,0,0,0.902
0,0,-0.00728459,0,0,0.901
0,0,-0.00728459,0,0,0.901
0,0,-0.00728459,0,0,0.901
0,0,-0.00728459,0,0,0.901
0,0,-0.00728459,0,0,0.901
0,0,-0.00728459,0,0,0.901
0,0,-0.00728459,0,0,0.901
0,0,-0.00728459,0,0,0.901
-0.0288799,0,-0.00732845,0,0,0.7
0.00313978,0,-0.00720575,-0.0145042,0,0.897
-0.000841561,0,-0.00715903,-0.0132357,0,0.909
-0.00419934,0,-0.00716977,-0.0124023,0,0.908
0.00129701,0,-0.0067692,-0.012184,0,0.907
0.00329274,0,-0.00634919,-0.0113058,0,0.903
0.00921087,0,-0.00527076,-0.00996654,0,0.898
0.00979923,0,-0.00459114,-0.00762223,0,0.899
0.00565513,0,-0.00472874,-0.00448194,0,0.898
0.00322038,0,-0.00476562,-0.0024989,0,0.898
-0.001386,0,-0.00560649,-0.0013304,0,0.898
-0.00599486,0,-0.00685864,-0.00135917,0,0.899
-0.00564024,0,-0.00666406,-0.00339841,0,0.9
-0.00547197,0,-0.00651153,-0.00532495,0,0.9
-0.00377555,0,-0.00561762,-0.00744928,0,0.901
-0.00350229,0,-0.00530394,-0.00875521,0,0.902
-0.00339296,0,-0.00505364,-0.0101338,0,0.902
-0.00471511,0,-0.00568579,-0.0113411,0,0.902
-0.00537287,0,-0.00600356,-0.0136665,0,0.902
-0.00569477,0,-0.00614559,-0.0164193,0,0.902
-0.00583596,0,-0.00616692,-0.0200487,0,0.902
-0.00441396,0,-0.00495126,-0.0239798,0,0.902
-0.00333312,0,-0.00392126,-0.0263926,0,0.902
-0.0028504,0,-0.0033555,-0.0279569,0,0.902
-0.00281507,0,-0.00318523,-0.0285663,0,0.902
-0.00346966,0,-0.00249297,-0.0293832,0,0.9
-0.00377774,0,-0.00238291,-0.0295797,0,0.9
-0.00354199,0,-0.00229935,-0.0319231,0,0.9
-0.00363263,0,-0.00224455,-0.0339114,0,0.9
-0.00290853,0,-0.00222367,-0.0354456,0,0.9
-0.00160205,0,-0.0022199,-0.0369088,0,0.9
-0.00160205,0,-0.0022199,0,0,0.9
-0.00160205,0,-0.0022199,0,0,0.9
-0.00160205,0,-0.0022199,0,0,0.9
-0.00160205,0,-0.0022199,0,0,0.9
-0.00160205,0,-0.0022199,0,0,0.9
-0.00160205,0,-0.0022199,0,0,0.9
0,-0.00748811,0,0,0,0.899
0,-0.00748811,0,0,0,0.899
0,-0.00748811,0,0,0,0.899
0,-0.00748811,0,0,0,0.899
0,-0.00748811,0,0,0,0.899
0,-0.00748811,0,0,0,0.899
0,-0.00748811,0,0,0,0.899
0,-0.00748811,0,0,0,0.899
-0.0238212,-0.00752016,0,0,0,0.707
0.0178241,-0.00729475,0,-0.0125271,0,0.894
0.0109748,-0.00712944,0,-0.00909572,0,0.91
0.00540827,-0.00700964,0,-0.00656503,0,0.909
0.00870414,-0.00652464,0,-0.00545496,0,0.91
0.00770397,-0.00604287,0,-0.00354121,0,0.906
0.00353593,-0.00607687,0,-0.00199318,0,0.905
0.000795283,-0.00612776,0,-0.00104037,0,0.905
-0.000663644,-0.00610252,0,-0.000875157,0,0.906
-0.00149637,-0.00601968,0,-0.000978414,0,0.906
-0.00318426,-0.00624242,0,-0.000859262,0,0.906
-0.00330585,-0.00608419,0,-0.00183871,0,0.906
-0.00340998,-0.0059246,0,-0.00257025,0,0.906
-0.00332539,-0.00568467,0,-0.00377609,0,0.905
-0.00332094,-0.00547683,0,-0.00434294,0,0.905
-0.00157284,-0.00433993,0,-0.00554386,0,0.905
-0.00126274,-0.0038681,0,-0.00575026,0,0.905
-9.39079e-05,-0.00283974,0,-0.00607703,0,0.906
-0.000327552,-0.00264735,0,-0.00581399,0,0.906
-0.00126736,-0.00299768,0,-0.00531157,0,0.906
-0.00154328,-0.00293633,0,-0.00555536,0,0.906
-0.00184864,-0.00295046,0,-0.00612309,0,0.907
-0.00139102,-0.00234652,0,-0.00699789,0,0.907
-0.0024215,-0.00303609,0,-0.00920738,0,0.907
-0.00255018,-0.00299248,0,-0.010653,0,0.907
-0.00325541,-0.00311498,0,-0.01404,0,0.906
-0.00368288,-0.00300591,0,-0.01404,0,0.906
-0.00391951,-0.00292313,0,-0.0152813,0,0.906
-0.00410617,-0.0028657,0,-0.0192348,0,0.906
-0.00355414,-0.00283527,0,-0.0235356,0,0.906
-0.00280794,-0.0028315,0,-0.026284,0,0.906
-0.00280794,-0.0028315,0,-0.0277185,0,0.906
-0.00280794,-0.0028315,0,0,0,0.906
-0.00280794,-0.0028315,0,0,0,0.906
-0.00280794,-0.0028315,0,0,0,0.906
-0.00280794,-0.0028315,0,0,0,0.906
-0.00280794,-0.0028315,0,0,0,0.906
-0.00280794,-0.0028315,0,0,0,0.906
0,0,-0.00756624,0,0,0.904
0,0,-0.00756624,0,0,0.904
0,0,-0.00756624,0,0,0.904
0,0,-0.00756624,0,0,0.904
0,0,-0.00756624,0,0,0.904
0,0,-0.00756624,0,0,0.904
0,0,-0.00756624,0,0,0.904
-0.0432504,0,-0.00757969,0,0,0.7
-0.045,0,-0.00792509,0,0,0.725
0.0107808,0,-0.0072649,-0.0203851,0,0.886
-0.00284171,0,-0.00741467,-0.0167524,0,0.901
0.00231559,0,-0.00704013,-0.0162983,0,0.904
0.0016207,0,-0.00682958,-0.0148623,0,0.901
0.00509562,0,-0.00615697,-0.0134068,0,0.9
0.00698613,0,-0.00544704,-0.0113779,0,0.901
0.00376716,0,-0.00548383,-0.00904536,0,0.901
0.0010823,0,-0.0056215,-0.00739297,0,0.901
-0.0018339,0,-0.00602682,-0.00653424,0,0.901
-0.00834698,0,-0.00781167,-0.00627993,0,0.901
-0.00736897,0,-0.00749524,-0.00866091,0,0.903
-0.00551419,0,-0.00672814,-0.010757,0,0.903
-0.00441672,0,-0.00612453,-0.0121424,0,0.903
-0.00181424,0,-0.00464731,-0.0133239,0,0.903
-0.00306604,0,-0.00505916,-0.0132626,0,0.903
-0.0046097,0,-0.00577387,-0.0136396,0,0.903
-0.00486822,0,-0.00580443,-0.0153831,0,0.904
-0.00398276,0,-0.00505857,-0.0172339,0,0.904
-0.00332301,0,-0.00440597,-0.0184859,0,0.904
-0.00269784,0,-0.0037322,-0.019578,0,0.904
-0.00236885,0,-0.00321508,-0.0200904,0,0.904
-0.00247724,0,-0.0031219,-0.0203992,0,0.904
-0.00280145,0,-0.00325022,-0.0203662,0,0.904
-0.00286177,0,-0.00274817,-0.0214877,0,0.903
-0.003526,0,-0.00262597,-0.0218072,0,0.903
-0.00348627,0,-0.00255107,-0.0220625,0,0.903
-0.00321677,0,-0.00247535,-0.0247923,0,0.903
-0.00320772,0,-0.00242928,-0.0263318,0,0.903
-0.00243421,0,-0.00241503,-0.0280622,0,0.903
-0.00243421,0,-0.00241503,-0.0276834,0,0.903
-0.00243421,0,-0.00241503,0,0,0.903
-0.00243421,0,-0.00241503,0,0,0.903
-0.00243421,0,-0.00241503,0,0,0.903
-0.00243421,0,-0.00241503,0,0,0.903
-0.00243421,0,-0.00241503,0,0,0.903
-0.00243421,0,-0.00241503,0,0,0.903
0,-0.0086666,0,0,0,0.902
0,-0.0086666,0,0,0,0.902
0,-0.0086666,0,0,0,0.902
0,-0.0086666,0,0,0,0.902
0,-0.0086666,0,0,0,0.902
0,-0.0086666,0,0,0,0.902
0,-0.0086666,0,0,0,0.902
-0.0302768,-0.00866751,0,0,0,0.7
-0.0348999,-0.00881309,0,0,0,0.791
0.0209467,-0.0082572,0,-0.0122035,0,0.897
0.00726864,-0.00820609,0,-0.00802929,0,0.905
0.00871669,-0.00781329,0,-0.00632546,0,0.908
0.00741895,-0.00746771,0,-0.00456241,0,0.907
0.00112982,-0.00756083,0,-0.00278663,0,0.905
0.000248219,-0.00735549,0,-0.00230746,0,0.906
-0.00250392,-0.00752325,0,-0.00214612,0,0.905
-0.00322433,-0.00743396,0,-0.00257558,0,0.905
-0.00527473,-0.00775088,0,-0.00282256,0,0.905
-0.00388937,-0.00715505,0,-0.0041161,0,0.904
-0.00157868,-0.00608162,0,-0.00484735,0,0.903
-0.00131112,-0.00562638,0,-0.00539911,0,0.903
-0.00282858,-0.00596525,0,-0.00502082,0,0.903
-0.0005842,-0.00452488,0,-0.00593442,0,0.903
-0.00168222,-0.00475038,0,-0.0057932,0,0.904
-0.00180012,-0.00448001,0,-0.00608086,0,0.904
-0.00096787,-0.00360279,0,-0.00685826,0,0.904
-0.00178761,-0.00382122,0,-0.00679991,0,0.904
-0.00184476,-0.00356596,0,-0.00725175,0,0.905
-0.00136731,-0.00289857,0,-0.00828238,0,0.905
-0.00133552,-0.00258843,0,-0.00856847,0,0.905
-0.0027086,-0.00350759,0,-0.00912877,0,0.905
-0.00337716,-0.00391058,0,-0.0103536,0,0.905
-0.00452593,-0.00471045,0,-0.0132955,0,0.905
-0.00506954,-0.00460448,0,-0.0174975,0,0.905
-0.00504158,-0.00451916,0,-0.020132,0,0.905
-0.00518655,-0.00445506,0,-0.0255564,0,0.905
-0.00466384,-0.00441658,0,-0.0309768,0,0.905
-0.00375287,-0.00440549,0,-0.0353718,0,0.905
-0.00375287,-0.00440549,0,0,0,0.905
-0.00375287,-0.00440549,0,0,0,0.905
-0.00375287,-0.00440549,0,0,0,0.905
-0.00375287,-0.00440549,0,0,0,0.905
-0.00375287,-0.00440549,0,0,0,0.905
-0.00375287,-0.00440549,0,0,0,0.905
-0.00375287,-0.00440549,0,0,0,0.905
0,0,-0.00678928,0,0,0.903
0,0,-0.00678928,0,0,0.903
0,0,-0.00678928,0,0,0.903
0,0,-0.00678928,0,0,0.903
0,0,-0.00678928,0,0,0.903
0,0,-0.00678928,0,0,0.903
0,0,-0.00678928,0,0,0.903
0,0,-0.00678928,0,0,0.903
-0.0282231,0,-0.00689569,0,0,0.7
0.0102302,0,-0.00660439,-0.0151387,0,0.894
-8.6479e-05,0,-0.00662535,-0.0122842,0,0.906
0.000369307,0,-0.00647287,-0.0111619,0,0.903
0.00674659,0,-0.0058515,-0.0106335,0,0.9
0.00819484,0,-0.00530477,-0.00877793,0,0.898
0.0119229,0,-0.00431702,-0.00654792,0,0.899
0.0125585,0,-0.00350748,-0.00343615,0,0.898
0.00792143,0,-0.00370124,-0.000352843,0,0.898
0.00389657,0,-0.0040939,0.00192525,0,0.899
-0.00174599,0,-0.00529324,0.0031452,0,0.9
-0.00535984,0,-0.00629944,0.00257924,0,0.901
-0.00598187,0,-0.00647361,0.000509326,0,0.901
-0.00522888,0,-0.00610413,-0.00180244,0,0.902
-0.00408962,0,-0.00546972,-0.00406724,0,0.902
-0.00403241,0,-0.00530447,-0.00576083,0,0.902
-0.00387712,0,-0.0050768,-0.0075593,0,0.902
-0.00520577,0,-0.00578328,-0.0092013,0,0.903
-0.00508612,0,-0.0056265,-0.0117672,0,0.903
-0.00511952,0,-0.00557286,-0.0147398,0,0.903
-0.00479778,0,-0.00523044,-0.0176653,0,0.903
-0.00377157,0,-0.00430501,-0.0204545,0,0.903
-0.0028718,0,-0.00341771,-0.0223256,0,0.903
-0.0027495,0,-0.00317544,-0.023399,0,0.903
-0.00322308,0,-0.00349219,-0.0242252,0,0.903
-0.00389747,0,-0.00272742,-0.0249806,0,0.903
-0.00364159,0,-0.00263859,-0.0260282,0,0.903
-0.00337436,0,-0.00257221,-0.0283071,0,0.903
-0.00320917,0,-0.00253829,-0.0298449,0,0.903
-0.0026231,0,-0.00251573,-0.0318701,0,0.903
-0.00181532,0,-0.00251425,-0.0323846,0,0.903
-0.00181532,0,-0.00251425,0,0,0.903
-0.00181532,0,-0.00251425,0,0,0.903
-0.00181532,0,-0.00251425,0,0,0.903
-0.00181532,0,-0.00251425,0,0,0.903
-0.00181532,0,-0.00251425,0,0,0.903
-0.00181532,0,-0.00251425,0,0,0.903
0,-0.00822786,0,0,0,0.9
0,-0.00822786,0,0,0,0.9
0,-0.00822786,0,0,0,0.9
0,-0.00822786,0,0,0,0.9
0,-0.00822786,0,0,0,0.9
0,-0.00822786,0,0,0,0.9
0,-0.00822786,0,0,0,0.9
0,-0.00822786,0,0,0,0.9
-0.0448938,-0.0083293,0,0,0,0.74
0.0239469,-0.00793142,0,-0.0179635,0,0.893
0.0108185,-0.00781272,0,-0.0129607,0,0.909
0.00297507,-0.00777912,0,-0.0102545,0,0.91
0.00745011,-0.00723268,0,-0.00923294,0,0.909
0.00206105,-0.00720458,0,-0.00727618,0,0.907
0.000687996,-0.00703646,0,-0.00628796,0,0.904
-0.00151591,-0.00708044,0,-0.00586307,0,0.903
-0.0021685,-0.00695302,0,-0.00554855,0,0.904
-0.00444973,-0.0072719,0,-0.00563142,0,0.904
-0.0053209,-0.00735941,0,-0.0065075,0,0.903
-0.0049757,-0.00710403,0,-0.00756934,0,0.903
-0.00566455,-0.00721585,0,-0.00882941,0,0.902
-0.00631727,-0.00738167,0,-0.009657,0,0.903
-0.00304263,-0.00567394,0,-0.012016,0,0.903
-0.00422655,-0.00605818,0,-0.0124162,0,0.903
-0.00299019,-0.00512937,0,-0.0136364,0,0.903
-0.00157834,-0.00397149,0,-0.0145919,0,0.903
-0.000970952,-0.00324806,0,-0.0143614,0,0.903
-0.000861536,-0.00282593,0,-0.0143614,0,0.902
-0.00103878,-0.002646,0,-0.0139063,0,0.903
-0.000838544,-0.00219557,0,-0.0136195,0,0.903
-0.00036452,-0.0015099,0,-0.0120245,0,0.901
-0.00141591,-0.00217272,0,-0.0127489,0,0.903
-0.00211412,-0.00260568,0,-0.013589,0,0.903
-0.00310451,-0.00209903,0,-0.0153654,0,0.901
-0.00383045,-0.00196141,0,-0.0190634,0,0.901
-0.0041731,-0.00185561,0,-0.0190634,0,0.901
-0.00365686,-0.00178855,0,-0.0240948,0,0.901
-0.00270895,-0.00176341,0,-0.0282774,0,0.901
-0.00164379,-0.0017632,0,-0.0296832,0,0.901
-0.00164379,-0.0017632,0,0,0,0.901
-0.00164379,-0.0017632,0,0,0,0.901
-0.00164379,-0.0017632,0,0,0,0.901
-0.00164379,-0.0017632,0,0,0,0.901
-0.00164379,-0.0017632,0,0,0,0.901
-0.00164379,-0.0017632,0,0,0,0.901
0,0,-0.00969159,0,0,0.9
0,0,-0.00969159,0,0,0.9
0,0,-0.00969159,0,0,0.9
0,0,-0.00969159,0,0,0.9
0,0,-0.00969159,0,0,0.9
0,0,-0.00969159,0,0,0.9
0,0,-0.00969159,0,0,0.9
0,0,-0.00969159,0,0,0.9
-0.0296919,0,-0.00974896,0,0,0.7
0.00998265,0,-0.00952302,-0.0143891,0,0.897
-0.00247754,0,-0.00954,-0.0118158,0,0.909
-0.00732752,0,-0.00959876,-0.0110322,0,0.908
-0.000818553,0,-0.0091345,-0.0115222,0,0.906
0.00706306,0,-0.00814059,-0.0113483,0,0.899
0.00871413,0,-0.00739523,-0.00924681,0,0.9
0.0124484,0,-0.00610643,-0.00681396,0,0.898
0.00804651,0,-0.00613614,-0.00330657,0,0.9
0.00298462,0,-0.00662325,-0.000956556,0,0.901
-0.00136549,0,-0.00730496,9.86178e-05,0,0.901
-0.00534328,0,-0.0082468,-0.00023054,0,0.902
-0.00819875,0,-0.00912249,-0.00183815,0,0.901
-0.00705456,0,-0.00855978,-0.00484746,0,0.902
-0.00401726,0,-0.00697457,-0.00776226,0,0.902
-0.00347533,0,-0.00640542,-0.00928502,0,0.902
-0.00319438,0,-0.00593489,-0.0105689,0,0.902
-0.00413636,0,-0.00620807,-0.0116354,0,0.902
-0.00557401,0,-0.00687084,-0.0134714,0,0.903
-0.00599372,0,-0.00698942,-0.0157699,0,0.903
-0.00501757,0,-0.00607241,-0.0192626,0,0.903
-0.00434043,0,-0.00532845,-0.0223354,0,0.903
-0.0036216,0,-0.00450289,-0.024464,0,0.902
-0.00216325,0,-0.00299604,-0.0265711,0,0.902
-0.00234865,0,-0.00293562,-0.0269007,0,0.902
-0.00279861,0,-0.00266368,-0.0266285,0,0.901
-0.00278503,0,-0.00250484,-0.0263523,0,0.901
-0.00302855,0,-0.00238487,-0.0271286,0,0.901
-0.00339572,0,-0.00230705,-0.0279366,0,0.901
-0.00297756,0,-0.00227467,-0.0303182,0,0.901
-0.00182254,0,-0.00227392,-0.0320084,0,0.901
-0.00182254,0,-0.00227392,0,0,0.901
-0.00182254,0,-0.00227392,0,0,0.901
-0.00182254,0,-0.00227392,0,0,0.901
-0.00182254,0,-0.00227392,0,0,0.901
-0.00182254,0,-0.00227392,0,0,0.901
-0.00182254,0,-0.00227392,0,0,0.901
0,-0.00817124,0,0,0,0.9
0,-0.00817124,0,0,0,0.9
0,-0.00817124,0,0,0,0.9
0,-0.00817124,0,0,0,0.9
0,-0.00817124,0,0,0,0.9
0,-0.00817124,0,0,0,0.9
0,-0.00817124,0,0,0,0.9
0,-0.00817124,0,0,0,0.9
-0.0335821,-0.00822981,0,0,0,0.711
0.0186893,-0.00795264,0,-0.0158274,0,0.894
0.0067618,-0.00787085,0,-0.0117531,0,0.911
0.000718741,-0.00783346,0,-0.00976791,0,0.91
0.00576553,-0.00732458,0,-0.00915507,0,0.91
0.0010654,-0.00728383,0,-0.00757835,0,0.908
-0.00256987,-0.00745103,0,-0.0063621,0,0.908
-0.00279823,-0.00728392,0,-0.00669727,0,0.907
-0.00425172,-0.00736978,0,-0.00652949,0,0.907
-0.00664044,-0.00779384,0,-0.00696424,0,0.907
-0.00591561,-0.00751326,0,-0.00818576,0,0.906
-0.00601813,-0.00744341,0,-0.00910711,0,0.906
-0.00624223,-0.00742504,0,-0.0105589,0,0.905
-0.00649628,-0.00743388,0,-0.0115842,0,0.901
-0.00302174,-0.0056479,0,-0.0137984,0,0.901
-0.00356489,-0.00568429,0,-0.0144227,0,0.901
-0.0030539,-0.00516202,0,-0.0150407,0,0.902
-0.00207572,-0.00428139,0,-0.015844,0,0.901
-0.00122983,-0.00341193,0,-0.0161375,0,0.901
-0.00176574,-0.00349541,0,-0.0157998,0,0.902
-0.00204233,-0.00342951,0,-0.0159311,0,0.902
-0.00300774,-0.00397136,0,-0.0162379,0,0.903
-0.00177392,-0.00272912,0,-0.0184093,0,0.903
-0.00267065,-0.00329986,0,-0.0192942,0,0.903
-0.00345553,-0.00384487,0,-0.0192942,0,0.903
-0.00393053,-0.00266265,0,-0.0237075,0,0.901
-0.00241773,-0.00253293,0,-0.0275573,0,0.901
-0.00527583,-0.00243515,0,-0.0275573,0,0.901
-0.0047517,-0.00237318,0,-0.0325848,0,0.901
-0.00415893,-0.00234682,0,-0.0373575,0,0.901
-0.00225353,-0.00234605,0,-0.0412415,0,0.901
-0.00225353,-0.00234605,0,0,0,0.901
-0.00225353,-0.00234605,0,0,0,0.901
-0.00225353,-0.00234605,0,0,0,0.901
-0.00225353,-0.00234605,0,0,0,0.901
-0.00225353,-0.00234605,0,0,0,0.901
-0.00225353,-0.00234605,0,0,0,0.901
0,0,-0.00883477,0,0,0.9
0,0,-0.00883477,0,0,0.9
0,0,-0.00883477,0,0,0.9
0,0,-0.00883477,0,0,0.9
0,0,-0.00883477,0,0,0.9
0,0,-0.00883477,0,0,0.9
0,0,-0.00883477,0,0,0.9
0,0,-0.00883477,0,0,0.9
-0.0287559,0,-0.00887523,0,0,0.7
0.00892974,0,-0.00870085,-0.0148421,0,0.898
-0.00181613,0,-0.00869842,-0.0123677,0,0.91
-0.00419232,0,-0.00866199,-0.0119434,0,0.908
0.0025924,0,-0.00814847,-0.0119266,0,0.907
0.0048994,0,-0.00762019,-0.0107212,0,0.903
0.00917384,0,-0.00664291,-0.0091663,0,0.899
0.0132148,0,-0.00535841,-0.00682447,0,0.899
0.00791435,0,-0.00554593,-0.0029871,0,0.9
0.00282286,0,-0.00606351,-0.000419949,0,0.901
-0.00120412,0,-0.00668223,0.000560383,0,0.901
-0.0055442,0,-0.00775099,0.000416994,0,0.9
-0.0087808,0,-0.0088144,-0.00142382,0,0.9
-0.00612732,0,-0.00768008,-0.00466949,0,0.9
-0.00409518,0,-0.0065775,-0.00710924,0,0.9
-0.00274372,0,-0.00562942,-0.00863614,0,0.9
-0.00276025,0,-0.00534419,-0.00956474,0,0.901
-0.00347424,0,-0.00549173,-0.0106219,0,0.901
-0.0039113,0,-0.00552842,-0.0122055,0,0.901
-0.00509046,0,-0.00614669,-0.014096,0,0.901
-0.00470511,0,-0.00568681,-0.0170732,0,0.901
-0.00463693,0,-0.00541659,-0.0203005,0,0.901
-0.0039877,0,-0.00470915,-0.0229761,0,0.902
-0.00339388,0,-0.00401365,-0.0252721,0,0.902
-0.00280974,0,-0.00330873,-0.0272364,0,0.902
-0.00407958,0,-0.00284248,-0.0278785,0,0.9
-0.00429764,0,-0.00270484,-0.0290334,0,0.9
-0.00395996,0,-0.00260034,-0.0322455,0,0.9
-0.00395323,0,-0.00253181,-0.0350468,0,0.9
-0.00323575,0,-0.00250205,-0.0374406,0,0.9
-0.00180007,0,-0.00250099,-0.0390564,0,0.9
-0.00180007,0,-0.00250099,0,0,0.9
-0.00180007,0,-0.00250099,0,0,0.9
-0.00180007,0,-0.00250099,0,0,0.9
-0.00180007,0,-0.00250099,0,0,0.9
-0.00180007,0,-0.00250099,0,0,0.9
-0.00180007,0,-0.00250099,0,0,0.9
0,-0.00824172,0,0,0,0.899
0,-0.00824172,0,0,0,0.899
0,-0.00824172,0,0,0,0.899
0,-0.00824172,0,0,0,0.899
0,-0.00824172,0,0,0,0.899
0,-0.00824172,0,0,0,0.899
0,-0.00824172,0,0,0,0.899
0,-0.00824172,0,0,0,0.899
-0.035787,-0.00829767,0,0,0,0.7
0.017873,-0.00804025,0,-0.0177479,0,0.891
0.00707298,-0.00794422,0,-0.0137368,0,0.91
0.00012027,-0.00793149,0,-0.0115453,0,0.909
0.00587398,-0.00739921,0,-0.0108638,0,0.909
0.000242696,-0.00750058,0,-0.00913994,0,0.907
-0.000622775,-0.00733393,0,-0.00819387,0,0.906
-0.00596649,-0.00787028,0,-0.00771268,0,0.907
-0.00653873,-0.00789696,0,-0.00814113,0,0.907
-0.00825178,-0.00824418,0,-0.00897348,0,0.907
-0.00820689,-0.00823164,0,-0.0104506,0,0.906
-0.00718061,-0.00788455,0,-0.0119585,0,0.905
-0.00817174,-0.00821482,0,-0.0133557,0,0.905
-0.00588802,-0.00721937,0,-0.0149722,0,0.904
-0.00323153,-0.00579299,0,-0.0170002,0,0.9
-0.00297031,-0.00540193,0,-0.0172699,0,0.9
-0.00176342,-0.00443922,0,-0.0178768,0,0.901
-0.00130905,-0.00383436,0,-0.0176154,0,0.901
-0.000665145,-0.00305355,0,-0.0174465,0,0.9
-0.00105546,-0.00300146,0,-0.0168118,0,0.901
-0.000400727,-0.00218056,0,-0.0163162,0,0.901
-0.00169641,-0.00292152,0,-0.0155145,0,0.902
-0.00154384,-0.00254076,0,-0.0151394,0,0.902
-0.0019865,-0.00270721,0,-0.015799,0,0.903
-0.00335458,-0.00376517,0,-0.0160709,0,0.903
-0.00409694,-0.00281435,0,-0.0185541,0,0.901
-0.00444023,-0.0026885,0,-0.0208525,0,0.901
-0.00481962,-0.0025925,0,-0.025395,0,0.901
-0.00487118,-0.00252887,0,-0.030102,0,0.901
-0.00421244,-0.00249992,0,-0.035973,0,0.901
-0.00227336,-0.00249873,0,-0.0399228,0,0.901
-0.00227336,-0.00249873,0,0,0,0.901
-0.00227336,-0.00249873,0,0,0,0.901
-0.00227336,-0.00249873,0,0,0,0.901
-0.00227336,-0.00249873,0,0,0,0.901
-0.00227336,-0.00249873,0,0,0,0.901
-0.00227336,-0.00249873,0,0,0,0.901
0,0,-0.00890431,0,0,0.9
0,0,-0.00890431,0,0,0.9
0,0,-0.00890431,0,0,0.9
0,0,-0.00890431,0,0,0.9
0,0,-0.00890431,0,0,0.9
0,0,-0.00890431,0,0,0.9
0,0,-0.00890431,0,0,0.9
0,0,-0.00890431,0,0,0.9
-0.0331208,0,-0.00894464,0,0,0.7
0.0122495,0,-0.00875297,-0.0165965,0,0.894
0.00269411,0,-0.00868689,-0.0134849,0,0.909
0.00363722,0,-0.00845015,-0.0121146,0,0.908
0.00531913,0,-0.00807302,-0.0108896,0,0.909
0.00611063,0,-0.00760678,-0.00931629,0,0.905
0.00743938,0,-0.00697842,-0.00756352,0,0.905
0.0123577,0,-0.00564133,-0.00547256,0,0.904
0.00821368,0,-0.00562629,-0.00263014,0,0.905
0.00292425,0,-0.00615773,-0.000424294,0,0.906
-0.00217832,0,-0.00704332,0.000586371,0,0.905
-0.00978757,0,-0.00920035,7.10923e-05,0,0.904
-0.0111474,0,-0.00976574,-0.0023257,0,0.903
-0.00868358,0,-0.00880898,-0.00589917,0,0.904
-0.00462915,0,-0.00687891,-0.00925439,0,0.9
-0.00317703,0,-0.0058973,-0.0109325,0,0.899
-0.00200628,0,-0.00493881,-0.0119256,0,0.899
-0.00264656,0,-0.00500807,-0.0121986,0,0.9
-0.00309203,0,-0.00500636,-0.0130147,0,0.9
-0.0043671,0,-0.00565062,-0.0143066,0,0.9
-0.00458997,0,-0.00561854,-0.0168157,0,0.9
-0.0042399,0,-0.0051558,-0.019792,0,0.9
-0.00374991,0,-0.00456738,-0.0225123,0,0.901
-0.0032089,0,-0.00390757,-0.0251224,0,0.901
-0.00226617,0,-0.00286683,-0.0273345,0,0.901
-0.00371613,0,-0.00233259,-0.0275865,0,0.9
-0.00447983,0,-0.00217971,-0.0280715,0,0.9
-0.00429655,0,-0.00206307,-0.0317177,0,0.9
-0.00422934,0,-0.00200123,-0.0353315,0,0.9
-0.00405951,0,-0.00195546,-0.0395862,0,0.9
-0.00270864,0,-0.00194914,-0.0434955,0,0.9
-0.00270864,0,-0.00194914,0,0,0.9
-0.00270864,0,-0.00194914,0,0,0.9
-0.00270864,0,-0.00194914,0,0,0.9
-0.00270864,0,-0.00194914,0,0,0.9
-0.00270864,0,-0.00194914,0,0,0.9
-0.00270864,0,-0.00194914,0,0,0.9
0,-0.00951619,0,0,0,0.899
0,-0.00951619,0,0,0,0.899
0,-0.00951619,0,0,0,0.899
0,-0.00951619,0,0,0,0.899
0,-0.00951619,0,0,0,0.899
0,-0.00951619,0,0,0,0.899
0,-0.00951619,0,0,0,0.899
0,-0.00951619,0,0,0,0.899
-0.0422734,-0.00957074,0,0,0,0.7
0.021624,-0.00929192,0,-0.0206084,0,0.892
0.0130549,-0.00909442,0,-0.0158131,0,0.91
0.00607096,-0.00895704,0,-0.0127052,0,0.911
0.00751592,-0.00852995,0,-0.0110461,0,0.912
0.00187609,-0.0084595,0,-0.00885148,0,0.909
0.00236531,-0.00802463,0,-0.00806805,0,0.907
-0.00326739,-0.00850777,0,-0.0069487,0,0.907
-0.00586634,-0.00878682,0,-0.00694218,0,0.908
-0.00873197,-0.00932677,0,-0.00760505,0,0.908
-0.00958175,-0.00953496,0,-0.00922952,0,0.907
-0.00853539,-0.00918926,0,-0.0112162,0,0.906
-0.00872462,-0.00921477,0,-0.013108,0,0.905
-0.00587175,-0.00794218,0,-0.0151646,0,0.904
-0.00481675,-0.00725398,0,-0.0166567,0,0.904
-0.00494667,-0.00709555,0,-0.0172057,0,0.905
-0.00347127,-0.00602411,0,-0.0182487,0,0.906
-0.00268619,-0.0052293,0,-0.0189489,0,0.905
-0.00207095,-0.00450036,0,-0.0189489,0,0.906
-0.00221153,-0.00426797,0,-0.0183495,0,0.906
-0.00132327,-0.00327261,0,-0.0183495,0,0.907
-0.0010064,-0.00268612,0,-0.0179828,0,0.907
-0.00129471,-0.00259076,0,-0.016585,0,0.907
-0.000810841,-0.00187415,0,-0.0168275,0,0.907
-0.00308218,-0.00366329,0,-0.0150016,0,0.907
-0.00363369,-0.0034844,0,-0.0159746,0,0.906
-0.00418831,-0.00333638,0,-0.0187118,0,0.906
-0.0043153,-0.00322044,0,-0.0197631,0,0.906
-0.00441042,-0.00313937,0,-0.023627,0,0.906
-0.00403494,-0.00309535,0,-0.0275598,0,0.906
-0.00318309,-0.00308907,0,-0.0301848,0,0.906
-0.00318309,-0.00308907,0,-0.031724,0,0.906
-0.00318309,-0.00308907,0,0,0,0.906
-0.00318309,-0.00308907,0,0,0,0.906
-0.00318309,-0.00308907,0,0,0,0.906
-0.00318309,-0.00308907,0,0,0,0.906
-0.00318309,-0.00308907,0,0,0,0.906
-0.00318309,-0.00308907,0,0,0,0.906
0,0,-0.00768266,0,0,0.904
0,0,-0.00768266,0,0,0.904
0,0,-0.00768266,0,0,0.904
