-0.214999,0,-0.204999,0,0
-0.214999,0,-0.204999,0,0
-0.214999,0,-0.204999,0,0
-0.214999,0,-0.204999,0,0
-0.214999,0,-0.204999,0,0
-0.214999,0,-0.204999,0,0
-0.214999,0,-0.204999,0,0
-0.214999,0,-0.204999,0,0
-0.214999,0,-0.204999,0,0
-0.214999,0,-0.204999,0,0
-0.214999,0,-0.204999,0,0
-0.214999,0,-0.204999,0,0
-0.214999,0,-0.204999,0,0
-0.214999,0,-0.204999,0,0
-0.214999,0,-0.204999,0,0
-0.214999,0,-0.204999,0,0
-0.214999,0,-0.204999,0,0
-0.214999,0,-0.204999,0,0
-0.214999,0,-0.204999,0,0
-0.214999,0,-0.204999,0,0
-0.214999,0,-0.204999,0,0
-0.214999,0,-0.204999,0,0
-0.214999,0,-0.204999,0,0
-0.214999,0,-0.204999,0,0
-0.214999,0,-0.204999,0,0
-0.214999,0,-0.204999,0,0
-0.214999,0,-0.204999,0,0
-0.214999,0,-0.204999,0,0
-0.214999,0,-0.204999,0,0
-0.214999,0,-0.204999,0,0
-0.214999,0,-0.204999,0,0
-0.214999,0,-0.204999,0,0
-0.214999,0,-0.204999,0,0
-0.214999,0,-0.204999,0,0
-0.214999,0,-0.204999,0,0
-0.214999,0,-0.204999,0,0
-0.214999,0,-0.204999,0,0
-0.214999,0,-0.204999,0,0
-0.214999,0,-0.204999,0,0
-0.214999,0,-0.204999,0,0
-0.214999,0,-0.204999,0,0
-0.214999,0,-0.204999,0,0
-0.214999,0,-0.204999,0,0
-0.214999,0,-0.204999,0,0
-0.214999,0,-0.204999,0,0
-0.214999,0,-0.204999,0,0
-0.214999,0,-0.204999,0,0
-0.214999,0,-0.204999,0,0
-0.214999,0,-0.204999,0,0
-0.214999,0,-0.204999,0,0
-0.214999,0,-0.204999,0,0
-0.214999,0,-0.204999,0,0
-0.214999,0,-0.204999,0,0
-0.214999,0,-0.204999,0,0
-0.214999,0,-0.204999,0,0
-0.214999,0,-0.204999,0,0
-0.214999,0,-0.204999,0,0
-0.214999,0,-0.204999,0,0
-0.214999,0,-0.204999,0,0
-0.214999,0,-0.204999,0,0
-0.214999,0,-0.204999,0,0
-0.214999,0,-0.204999,0,0
-0.214999,0,-0.204999,0,0
-0.214999,0,-0.204999,0,0
-0.214999,0,-0.204999,0,0
-0.214999,0,-0.204999,0,0
-0.214999,0,-0.204999,0,0
-0.214999,0,-0.204999,0,0
-0.214999,0,-0.204999,0,0
-0.214999,0,-0.204999,0,0
-0.214999,0,-0.204999,0,0
-0.214999,0,-0.204999,0,0
-0.214999,0,-0.204999,0,0
-0.214999,0,-0.204999,0,0
-0.214999,0,-0.204999,0,0
-0.214999,0,-0.204999,0,0
-0.214999,0,-0.204999,0,0
-0.214999,0,-0.204999,0,0
-0.214999,0,-0.204999,0,0
-0.214999,0,-0.204999,0,0
-0.214999,0,-0.204999,0,0
-0.214999,0,-0.204999,0,0
-0.214999,0,-0.204999,0,0
-0.214999,0,-0.204999,0,0
-0.214999,0,-0.204999,0,0
-0.214999,0,-0.204999,0,0
-0.214999,0,-0.204999,0,0
-0.214999,0,-0.204999,0,0
-0.214999,0,-0.204999,0,0
-0.214999,0,-0.204999,0,0
-0.214999,0,-0.204999,0,0
-0.214999,0,-0.204999,0,0
-0.214999,0,-0.204999,0,0
-0.214999,0,-0.204999,0,0
-0.214999,0,-0.204999,0,0
-0.214999,0,-0.204999,0,0
-0.214999,0,-0.204999,0,0
-0.214999,0,-0.204999,0,0
-0.214999,0,-0.204999,0,0
-0.214999,0,-0.204999,0,0
-0.214999,0,-0.204999,0,0
-0.214999,0,-0.204999,0,0
-0.214999,0,-0.204999,0,0
-0.214999,0,-0.204999,0,0
-0.214999,0,-0.204999,0,0
-0.214999,0,-0.204999,0,0
-0.214999,0,-0.204999,0,0
-0.214999,0,-0.20503,0,0
-0.214999,0,-0.205124,0,0
-0.214999,0,-0.205275,0,0
-0.214999,0,-0.20548,0,0
-0.214999,0,-0.205733,0,0
-0.214999,0,-0.206031,0,0
-0.214999,0,-0.20637,0,0
-0.214999,0,-0.206744,0,0
-0.214999,0,-0.207149,0,0
-0.214999,0,-0.207581,0,0
-0.214999,0,-0.208035,0,0
-0.214999,0,-0.208507,0,0
-0.214999,0,-0.208993,0,0
-0.214999,0,-0.209488,0,0
-0.214999,0,-0.209987,0,0
-0.214999,0,-0.210486,0,0
-0.214999,0,-0.210981,0,0
-0.214999,0,-0.211467,0,0
-0.214999,0,-0.21194,0,0
-0.214999,0,-0.212396,0,0
-0.214999,0,-0.212829,0,0
-0.214999,0,-0.213236,0,0
-0.214999,0,-0.213611,0,0
-0.214999,0,-0.213951,0,0
-0.214999,0,-0.214252,0,0
-0.214999,0,-0.214508,0,0
-0.214999,0,-0.214715,0,0
-0.214999,0,-0.214869,0,0
-0.214999,0,-0.214965,0,0
-0.214999,0,-0.214999,0,0
-0.214999,0,-0.214999,0,0
-0.214999,0,-0.214999,0,0
-0.214999,0,-0.214999,0,0
-0.214999,0,-0.214999,0,0
-0.214999,0,-0.214999,0,0
-0.214999,0,-0.214999,0,0
-0.214999,0,-0.214999,0,0
0.235,0.208022,0,0,0
0.235,0.208022,0,0,0
0.235,0.208022,0,0,0
0.235,0.208022,0,0,0
0.235,0.208022,0,0,0
0.235,0.208022,0,0,0
0.235,0.208022,0,0,0
0.285,0.208022,0,0,0
0.304238,0.20867,0,0,0
0.281022,0.209008,0,-0.00380087,0
0.235238,0.20876,0,0.00356841,0
0.232157,0.209163,0,0.00111548,0
0.239599,0.210325,0,-0.00176926,0
0.2469,0.212047,0,-0.00403062,0
0.247489,0.21348,0,-0.0040462,0
0.251211,0.215669,0,-0.00390407,0
0.249619,0.217069,0,-0.00280679,0
0.245934,0.217894,0,-0.00110495,0
0.242668,0.218599,0,-0.000214342,0
0.238061,0.218589,0,0.000216456,0
0.235912,0.218819,0,-0.000156184,0
0.236917,0.220665,0,-0.00120104,0
0.236965,0.222131,0,-0.0017989,0
0.237112,0.223659,0,-0.00236838,0
0.236333,0.224648,0,-0.0027522,0
0.234815,0.225029,0,-0.003696,0
0.234284,0.225944,0,-0.00566018,0
0.23432,0.227178,0,-0.0085524,0
0.233614,0.22775,0,-0.0114615,0
0.234006,0.229128,0,-0.0157951,0
0.233728,0.22989,0,-0.0189167,0
0.233634,0.230707,0,-0.0223743,0
0.233729,0.231593,0,-0.0262377,0
0.234376,0.234074,0,-0.0294317,0
0.234904,0.23468,0,-0.0308396,0
0.235059,0.235143,0,-0.0301063,0
0.235476,0.235449,0,-0.0280779,0
0.235442,0.235588,0,-0.0237468,0
0.236651,0.235594,0,-0.0176084,0
0.236651,0.235594,0,0,0
0.236651,0.235594,0,0,0
0.236651,0.235594,0,0,0
0.236651,0.235594,0,0,0
0.236651,0.235594,0,0,0
0.236651,0.235594,0,0,0
-0.245,0,-0.225596,0,0
-0.245,0,-0.225596,0,0
-0.245,0,-0.225596,0,0
-0.245,0,-0.225596,0,0
-0.245,0,-0.225596,0,0
-0.245,0,-0.225596,0,0
-0.245,0,-0.225596,0,0
-0.245,0,-0.225596,0,0
-0.295,0,-0.225863,0,0
-0.243089,0,-0.225764,-0.000796196,0
-0.228085,0,-0.225653,0.00715678,0
-0.228615,0,-0.225722,0.0106276,0
-0.233871,0,-0.226139,0.013597,0
-0.241102,0,-0.22707,0.0162471,0
-0.241099,0,-0.227578,0.0168838,0
-0.244486,0,-0.228708,0.0176921,0
-0.245584,0,-0.229684,0.0178695,0
-0.243882,0,-0.230102,0.0174417,0
-0.244268,0,-0.231049,0.0178506,0
-0.244468,0,-0.231991,0.0181877,0
-0.243846,0,-0.232642,0.0186366,0
-0.244265,0,-0.233743,0.0189091,0
-0.245402,0,-0.235227,0.0198499,0
-0.245081,0,-0.236044,0.020066,0
-0.244812,0,-0.236854,0.0207019,0
-0.244198,0,-0.237404,0.0215171,0
-0.243883,0,-0.238048,0.0229762,0
-0.243903,0,-0.238904,0.024985,0
-0.243311,0,-0.239252,0.0269509,0
-0.242849,0,-0.23961,0.0298249,0
-0.24167,0,-0.239248,0.0334084,0
-0.242123,0,-0.240213,0.0384057,0
-0.241975,0,-0.240595,0.0431416,0
-0.242478,0,-0.243075,0.0480302,0
-0.24296,0,-0.243486,0.0502108,0
-0.243086,0,-0.2438,0.0515415,0
-0.243368,0,-0.244011,0.0516386,0
-0.243893,0,-0.244109,0.0490544,0
-0.246112,0,-0.244116,0.0437723,0
-0.246112,0,-0.244116,0,0
-0.246112,0,-0.244116,0,0
-0.246112,0,-0.244116,0,0
-0.246112,0,-0.244116,0,0
-0.246112,0,-0.244116,0,0
-0.246112,0,-0.244116,0,0
0.245,0.23435,0,0,0
0.245,0.23435,0,0,0
0.245,0.23435,0,0,0
0.245,0.23435,0,0,0
0.245,0.23435,0,0,0
0.245,0.23435,0,0,0
0.245,0.23435,0,0,0
0.245,0.23435,0,0,0
0.295,0.23455,0,0,0
0.262102,0.234605,0,-0.00533573,0
0.221856,0.234077,0,-0.00912533,0
0.227516,0.234074,0,-0.0133111,0
0.232881,0.234255,0,-0.0156369,0
0.240257,0.2349,0,-0.0183195,0
0.239614,0.235011,0,-0.0192471,0
0.23958,0.235194,0,-0.0203365,0
0.238585,0.2352,0,-0.021616,0
0.238328,0.235316,0,-0.0233857,0
0.239554,0.235904,0,-0.0256036,0
0.241715,0.236902,0,-0.0273338,0
0.243101,0.237814,0,-0.0285666,0
0.24338,0.23837,0,-0.0292326,0
0.242394,0.238332,0,-0.0297696,0
0.242424,0.238749,0,-0.031018,0
0.242673,0.239297,0,-0.0324757,0
0.242911,0.239854,0,-0.0341451,0
0.242407,0.239912,0,-0.0356305,0
0.241984,0.239957,0,-0.0376745,0
0.241507,0.239918,0,-0.040196,0
0.241119,0.239892,0,-0.0432562,0
0.240403,0.239527,0,-0.0468366,0
0.239993,0.23937,0,-0.0510255,0
0.240261,0.23979,0,-0.0554644,0
0.240558,0.242912,0,-0.0594146,0
0.24112,0.243103,0,-0.0623041,0
0.241426,0.243246,0,-0.0649019,0
0.241649,0.243338,0,-0.0668117,0
0.242182,0.243375,0,-0.0686973,0
0.244564,0.243375,0,-0.0708815,0
0.244564,0.243375,0,0,0
0.244564,0.243375,0,0,0
0.244564,0.243375,0,0,0
0.244564,0.243375,0,0,0
0.244564,0.243375,0,0,0
0.244564,0.243375,0,0,0
-0.245,0,-0.234605,0,0
-0.245,0,-0.234605,0,0
-0.245,0,-0.234605,0,0
-0.245,0,-0.234605,0,0
-0.245,0,-0.234605,0,0
-0.245,0,-0.234605,0,0
-0.245,0,-0.234605,0,0
-0.245,0,-0.234605,0,0
-0.295,0,-0.234779,0,0
-0.255765,0,-0.234788,0.000236485,0
-0.216977,0,-0.234235,0.00539804,0
-0.222271,0,-0.234122,0.0104578,0
-0.221979,0,-0.23382,0.0133098,0
-0.233333,0,-0.23449,0.0168384,0
-0.240348,0,-0.235317,0.0187111,0
-0.241614,0,-0.23573,0.0197381,0
-0.239329,0,-0.235544,0.020589,0
-0.239514,0,-0.235787,0.0221874,0
-0.241052,0,-0.236448,0.0242765,0
-0.24113,0,-0.236851,0.0256985,0
-0.243326,0,-0.238036,0.0273185,0
-0.244406,0,-0.238956,0.0282169,0
-0.243732,0,-0.239101,0.0285109,0
-0.243056,0,-0.239189,0.0293324,0
-0.243114,0,-0.239642,0.0307148,0
-0.243134,0,-0.240068,0.0324609,0
-0.243033,0,-0.240404,0.0340911,0
-0.243228,0,-0.240932,0.0362809,0
-0.242997,0,-0.241128,0.0382832,0
-0.24235,0,-0.240931,0.0405701,0
-0.241458,0,-0.240463,0.0433997,0
-0.241163,0,-0.240438,0.0473138,0
-0.241397,0,-0.240854,0.0515741,0
-0.241988,0,-0.243528,0.0553531,0
-0.242451,0,-0.24373,0.0579208,0
-0.242672,0,-0.243882,0.0603462,0
-0.243109,0,-0.243981,0.0627501,0
-0.244144,0,-0.244017,0.06245,0
-0.246087,0,-0.244023,0.0561639,0
-0.246087,0,-0.244023,0,0
-0.246087,0,-0.244023,0,0
-0.246087,0,-0.244023,0,0
-0.246087,0,-0.244023,0,0
-0.246087,0,-0.244023,0,0
-0.246087,0,-0.244023,0,0
0.245,0.235227,0,0,0
0.245,0.235227,0,0,0
0.245,0.235227,0,0,0
0.245,0.235227,0,0,0
0.245,0.235227,0,0,0
0.245,0.235227,0,0,0
0.245,0.235227,0,0,0
0.245,0.235227,0,0,0
0.295,0.235346,0,0,0
0.256485,0.2354,0,-0.00835318,0
0.215633,0.234831,0,-0.0121271,0
0.223941,0.234797,0,-0.0172463,0
0.220808,0.234351,0,-0.0195131,0
0.230411,0.234763,0,-0.0228575,0
0.232011,0.234811,0,-0.0241427,0
0.23157,0.234623,0,-0.0249732,0
0.23162,0.234489,0,-0.026137,0
0.231775,0.234376,0,-0.0273677,0
0.232956,0.234564,0,-0.0288664,0
0.233919,0.234785,0,-0.0301325,0
0.242992,0.238263,0,-0.0329588,0
0.245623,0.239815,0,-0.0340055,0
0.245044,0.24005,0,-0.0338462,0
0.242872,0.239354,0,-0.0336357,0
0.243028,0.239825,0,-0.0352882,0
0.243404,0.240445,0,-0.036828,0
0.243403,0.240833,0,-0.0385197,0
0.242691,0.240687,0,-0.0400879,0
0.241621,0.240174,0,-0.0423619,0
0.240824,0.239787,0,-0.0456391,0
0.240506,0.239723,0,-0.0497099,0
0.239991,0.23945,0,-0.0540521,0
0.239951,0.239561,0,-0.0585476,0
0.240335,0.242738,0,-0.0627086,0
0.241132,0.24291,0,-0.0653536,0
0.242133,0.243041,0,-0.0675901,0
0.242463,0.243128,0,-0.0688144,0
0.2429,0.243164,0,-0.0699218,0
0.245348,0.243165,0,-0.0699203,0
0.245348,0.243165,0,0,0
0.245348,0.243165,0,0,0
0.245348,0.243165,0,0,0
0.245348,0.243165,0,0,0
0.245348,0.243165,0,0,0
0.245348,0.243165,0,0,0
-0.245,0,-0.234132,0,0
-0.245,0,-0.234132,0,0
-0.245,0,-0.234132,0,0
-0.245,0,-0.234132,0,0
-0.245,0,-0.234132,0,0
-0.245,0,-0.234132,0,0
-0.245,0,-0.234132,0,0
-0.245,0,-0.234132,0,0
-0.295,0,-0.234255,0,0
-0.262003,0,-0.234345,-0.00371586,0
-0.224285,0,-0.233938,0.00100274,0
-0.235912,0,-0.234199,0.00539411,0
-0.24683,0,-0.234916,0.00684682,0
-0.258351,0,-0.236355,0.00735149,0
-0.260779,0,-0.237466,0.00461926,0
-0.261775,0,-0.238624,0.00122209,0
-0.264826,0,-0.240377,-0.00291677,0
-0.268157,0,-0.242556,-0.00772235,0
-0.273281,0,-0.245757,-0.0138624,0
-0.276807,0,-0.248911,-0.0222758,0
-0.280268,0,-0.252516,-0.0327241,0
-0.295,0,-0.263517,-0.0459957,0
-0.295,0,-0.267757,-0.0699577,0
-0.295,0,-0.272738,-0.0699577,0
-0.355651,0,-0.319117,-0.0701237,0
-0.356685,0,-0.33332,-0.0724484,0
-0.345601,0,-0.326434,-0.0774648,0
-0.31859,0,-0.305973,-0.0774648,0
-0.310323,0,-0.301762,-0.0774648,0
-0.299708,0,-0.294375,-0.0774648,0
-0.30085,0,-0.296338,-0.0774648,0
-0.295627,0,-0.297892,-0.0774648,0
-0.301378,0,-0.298993,-0.0774648,0
-0.307165,0,-0.299599,-0.0774648,0
-0.306613,0,-0.299708,-0.0774648,0
-0.306613,0,-0.299708,-0.0774648,0
-0.306613,0,-0.299708,0,0
-0.306613,0,-0.299708,0,0
-0.306613,0,-0.299708,0,0
-0.306613,0,-0.299708,0,0
-0.306613,0,-0.299708,0,0
0.245,0.275907,0,0,0
0.245,0.275907,0,0,0
0.245,0.275907,0,0,0
0.245,0.275907,0,0,0
0.245,0.275907,0,0,0
0.245,0.275907,0,0,0
0.245,0.275907,0,0,0
0.245,0.275905,0,0,0
0.245,0.275753,0,0,0
0.250318,0.275538,0,0.0327789,0
0.253922,0.275233,0,0.0286582,0
0.254861,0.274806,0,0.0278731,0
0.256742,0.274392,0,0.0266582,0
0.25816,0.273948,0,0.0261126,0
0.257302,0.273217,0,0.0259485,0
0.258573,0.272725,0,0.0256453,0
0.259254,0.272157,0,0.0262089,0
0.259469,0.271466,0,0.0265887,0
0.256444,0.269778,0,0.0276043,0
0.258264,0.269487,0,0.0281604,0
0.257886,0.26846,0,0.0289913,0
0.25884,0.267998,0,0.0296788,0
0.259369,0.267408,0,0.0315991,0
0.257562,0.265581,0,0.0338234,0
0.257515,0.264641,0,0.0355628,0
0.257832,0.263955,0,0.0373762,0
0.257439,0.262823,0,0.0392996,0
0.256385,0.261222,0,0.0413131,0
0.255274,0.259532,0,0.0429067,0
0.249951,0.254341,0,0.0435323,0
0.248571,0.252182,0,0.0436458,0
0.250629,0.253126,0,0.0422472,0
0.252387,0.253467,0,0.0436184,0
0.251501,0.252876,0,0.0497914,0
0.249338,0.252405,0,0.0505252,0
0.245521,0.252065,0,0.0519993,0
0.242032,0.251868,0,0.0474362,0
0.241812,0.251821,0,0.0324532,0
0.241812,0.251821,0,0.0167303,0
0.241812,0.251821,0,0,0
0.241812,0.251821,0,0,0
0.241812,0.251821,0,0,0
0.241812,0.251821,0,0,0
0.241812,0.251821,0,0,0
-0.245,0,-0.249764,0,0
-0.245,0,-0.249764,0,0
-0.245,0,-0.249764,0,0
-0.245,0,-0.249764,0,0
-0.245,0,-0.249764,0,0
-0.245,0,-0.249764,0,0
-0.245,0,-0.249764,0,0
-0.245,0,-0.249764,0,0
-0.245,0,-0.249763,0,0
-0.245,0,-0.249741,0,0
-0.200379,0,-0.249014,-0.0160978,0
-0.223292,0,-0.248934,-0.00763545,0
-0.221565,0,-0.248282,-0.00325407,0
-0.22541,0,-0.247847,0.0015981,0
-0.232962,0,-0.247911,0.00585458,0
-0.23728,0,-0.247946,0.0083498,0
-0.243878,0,-0.248676,0.00976335,0
-0.247942,0,-0.24935,0.00966199,0
-0.254436,0,-0.251044,0.00888169,0
-0.251692,0,-0.250377,0.00678474,0
-0.248422,0,-0.249274,0.00603739,0
-0.249561,0,-0.24968,0.00703678,0
-0.251179,0,-0.250422,0.0078997,0
-0.250976,0,-0.250388,0.00756532,0
-0.250151,0,-0.249983,0.00729804,0
-0.249186,0,-0.249409,0.00749593,0
-0.247603,0,-0.248337,0.00865657,0
-0.24714,0,-0.247908,0.0112461,0
-0.241384,0,-0.243498,0.0122572,0
-0.239879,0,-0.241965,0.0144046,0
-0.241333,0,-0.242762,0.0187723,0
-0.241588,0,-0.242673,0.0209671,0
-0.241022,0,-0.241891,0.0224255,0
-0.240655,0,-0.241436,0.0244668,0
-0.240729,0,-0.241215,0.0273221,0
-0.241875,0,-0.241037,0.0261883,0
-0.243255,0,-0.240908,0.0254012,0
-0.243882,0,-0.24083,0.0193673,0
-0.244352,0,-0.240808,0.0110107,0
-0.244352,0,-0.240808,0.00130869,0
-0.244352,0,-0.240808,0,0
-0.244352,0,-0.240808,0,0
-0.244352,0,-0.240808,0,0
-0.244352,0,-0.240808,0,0
-0.244352,0,-0.240808,0,0
-0.244352,0,-0.240808,0,0
0.245,0.230588,0,0,0
0.245,0.230588,0,0,0
0.245,0.230588,0,0,0
0.245,0.230588,0,0,0
0.245,0.230588,0,0,0
0.245,0.230588,0,0,0
0.245,0.230588,0,0,0
0.245,0.230588,0,0,0
0.295,0.231176,0,0,0
0.254367,0.230934,0,-0.00443846,0
0.225959,0.230451,0,-0.0103085,0
0.219147,0.230016,0,-0.0141777,0
0.227492,0.230353,0,-0.0184519,0
0.23502,0.231095,0,-0.0215206,0
0.236013,0.2314,0,-0.0225113,0
0.238499,0.23208,0,-0.0237036,0
0.237383,0.232146,0,-0.0241116,0
0.237077,0.232359,0,-0.0249481,0
0.238662,0.233168,0,-0.0261202,0
0.240151,0.234098,0,-0.0270545,0
0.240166,0.23457,0,-0.0276025,0
0.23721,0.233661,0,-0.0279507,0
0.237297,0.234034,0,-0.0300512,0
0.236988,0.234192,0,-0.0322317,0
0.236156,0.233989,0,-0.0347722,0
0.235419,0.23377,0,-0.0379306,0
0.234874,0.233604,0,-0.0418433,0
0.235177,0.234017,0,-0.0463207,0
0.235025,0.234096,0,-0.0505876,0
0.235084,0.234322,0,-0.054731,0
0.234739,0.234188,0,-0.058355,0
0.234566,0.234169,0,-0.0618834,0
0.235122,0.235324,0,-0.0648891,0
0.23683,0.235449,0,-0.0670106,0
0.23789,0.235549,0,-0.0674075,0
0.23804,0.235624,0,-0.067997,0
0.238815,0.235666,0,-0.0685347,0
0.239696,0.235678,0,-0.0686465,0
0.239696,0.235678,0,0,0
0.239696,0.235678,0,0,0
0.239696,0.235678,0,0,0
0.239696,0.235678,0,0,0
0.239696,0.235678,0,0,0
0.239696,0.235678,0,0,0
0.239696,0.235678,0,0,0
-0.245,0,-0.225762,0,0
-0.245,0,-0.225762,0,0
-0.245,0,-0.225762,0,0
-0.245,0,-0.225762,0,0
-0.245,0,-0.225762,0,0
-0.245,0,-0.225762,0,0
-0.245,0,-0.225762,0,0
-0.245,0,-0.225762,0,0
-0.295,0,-0.226148,0,0
-0.267895,0,-0.226249,0.00115919,0
-0.240037,0,-0.226128,0.00477874,0
-0.240581,0,-0.226435,0.00714817,0
-0.243637,0,-0.227025,0.00792517,0
-0.247155,0,-0.227915,0.00834541,0
-0.243588,0,-0.228141,0.00730552,0
-0.247562,0,-0.229502,0.00814507,0
-0.246015,0,-0.230031,0.00752639,0
-0.243507,0,-0.230251,0.00730567,0
-0.24201,0,-0.230606,0.00820697,0
-0.239414,0,-0.230447,0.00934979,0
-0.239125,0,-0.230991,0.0120966,0
-0.23922,0,-0.231689,0.015095,0
-0.23963,0,-0.232558,0.0182901,0
-0.240267,0,-0.233591,0.0215363,0
-0.240547,0,-0.234492,0.0245136,0
-0.240183,0,-0.234958,0.0275285,0
-0.240253,0,-0.235689,0.0311663,0
-0.240288,0,-0.236538,0.0347947,0
-0.24082,0,-0.23758,0.0381594,0
-0.240818,0,-0.238186,0.0413307,0
-0.240575,0,-0.238537,0.0437189,0
-0.240536,0,-0.239002,0.0467684,0
-0.240878,0,-0.239882,0.0498531,0
-0.24167,0,-0.240266,0.0526977,0
-0.242555,0,-0.240506,0.0529717,0
-0.242881,0,-0.240756,0.051627,0
-0.243475,0,-0.240919,0.0486494,0
-0.243803,0,-0.24099,0.0428943,0
-0.245054,0,-0.240993,0.0345784,0
-0.245054,0,-0.240993,0,0
-0.245054,0,-0.240993,0,0
-0.245054,0,-0.240993,0,0
-0.245054,0,-0.240993,0,0
-0.245054,0,-0.240993,0,0
-0.245054,0,-0.240993,0,0
0.245,0.231116,0,0,0
0.245,0.231116,0,0,0
0.245,0.231116,0,0,0
0.245,0.231116,0,0,0
0.245,0.231116,0,0,0
0.245,0.231116,0,0,0
0.245,0.231116,0,0,0
0.245,0.231116,0,0,0
0.295,0.231354,0,0,0
0.264293,0.231462,0,-0.00830841,0
0.232016,0.231137,0,-0.0119013,0
0.234428,0.231258,0,-0.0153232,0
0.234185,0.231321,0,-0.0169698,0
0.240618,0.232031,0,-0.0192127,0
0.237854,0.231981,0,-0.019483,0
0.240099,0.2326,0,-0.021041,0
0.240634,0.233071,0,-0.0220124,0
0.241287,0.233637,0,-0.0229776,0
0.242147,0.234345,0,-0.0238654,0
0.241768,0.234731,0,-0.0245111,0
0.243017,0.23574,0,-0.0256348,0
0.242693,0.236184,0,-0.0262414,0
0.241857,0.236339,0,-0.0271039,0
0.2419,0.236897,0,-0.0287449,0
0.241525,0.237339,0,-0.0305548,0
0.241827,0.238039,0,-0.0326423,0
0.241418,0.23826,0,-0.0345471,0
0.240782,0.238258,0,-0.036857,0
0.240464,0.238413,0,-0.0397902,0
0.240182,0.238562,0,-0.0432833,0
0.239386,0.238218,0,-0.0470495,0
0.23902,0.238174,0,-0.0510542,0
0.239474,0.238832,0,-0.0558711,0
0.240097,0.242028,0,-0.0596774,0
0.241018,0.24227,0,-0.0619024,0
0.240764,0.242451,0,-0.064032,0
0.240695,0.242568,0,-0.0656828,0
0.240968,0.242614,0,-0.0677249,0
0.243619,0.242615,0,-0.0701308,0
0.243619,0.242615,0,0,0
0.243619,0.242615,0,0,0
0.243619,0.242615,0,0,0
0.243619,0.242615,0,0,0
0.243619,0.242615,0,0,0
0.243619,0.242615,0,0,0
-0.245,0,-0.233174,0,0
-0.245,0,-0.233174,0,0
-0.245,0,-0.233174,0,0
-0.245,0,-0.233174,0,0
-0.245,0,-0.233174,0,0
-0.245,0,-0.233174,0,0
-0.245,0,-0.233174,0,0
-0.245,0,-0.233174,0,0
-0.295,0,-0.233352,0,0
-0.258394,0,-0.233393,0.00342045,0
-0.22353,0,-0.232971,0.00823423,0
-0.230584,0,-0.233072,0.0122426,0
-0.238455,0,-0.233509,0.0141888,0
-0.246273,0,-0.234387,0.0158829,0
-0.241952,0,-0.234266,0.015188,0
-0.241992,0,-0.234589,0.0159475,0
-0.242246,0,-0.234987,0.0169591,0
-0.241515,0,-0.235187,0.0179648,0
-0.243265,0,-0.236067,0.0194927,0
-0.244081,0,-0.236818,0.0204902,0
-0.244616,0,-0.237548,0.0211654,0
-0.244514,0,-0.238067,0.0217965,0
-0.243716,0,-0.238235,0.0225226,0
-0.243522,0,-0.238658,0.0240011,0
-0.243534,0,-0.239179,0.0259241,0
-0.243819,0,-0.239865,0.0278388,0
-0.244333,0,-0.240737,0.0298482,0
-0.24438,0,-0.241286,0.0315475,0
-0.244407,0,-0.241802,0.0333381,0
-0.24407,0,-0.241981,0.035283,0
-0.243427,0,-0.241858,0.0376855,0
-0.243149,0,-0.241976,0.0407875,0
-0.243323,0,-0.242451,0.0445853,0
-0.244015,0,-0.244462,0.0480791,0
-0.244445,0,-0.244731,0.0495841,0
-0.244493,0,-0.244938,0.0489526,0
-0.24442,0,-0.245078,0.0474786,0
-0.244791,0,-0.245146,0.0447288,0
-0.246406,0,-0.245152,0.0396605,0
-0.246406,0,-0.245152,0,0
-0.246406,0,-0.245152,0,0
-0.246406,0,-0.245152,0,0
-0.246406,0,-0.245152,0,0
-0.246406,0,-0.245152,0,0
-0.246406,0,-0.245152,0,0
0.245,0.236706,0,0,0
0.245,0.236706,0,0,0
0.245,0.236706,0,0,0
0.245,0.236706,0,0,0
0.245,0.236706,0,0,0
0.245,0.236706,0,0,0
0.245,0.236706,0,0,0
0.245,0.236706,0,0,0
0.295,0.236835,0,0,0
0.249274,0.236814,0,-0.00936345,0
0.215706,0.236266,0,-0.0137757,0
0.221546,0.236114,0,-0.0187271,0
0.218846,0.235483,0,-0.0211084,0
0.230634,0.236111,0,-0.0246736,0
0.235494,0.236546,0,-0.0264166,0
0.236462,0.236665,0,-0.0279317,0
0.23717,0.236802,0,-0.0297422,0
0.237051,0.236792,0,-0.0312104,0
0.241772,0.238212,0,-0.0338539,0
0.244109,0.23926,0,-0.0344802,0
0.244462,0.239765,0,-0.0345933,0
0.243432,0.239683,0,-0.034263,0
0.24261,0.239614,0,-0.0345906,0
0.242438,0.239815,0,-0.0356238,0
0.242947,0.2404,0,-0.0371107,0
0.243006,0.240741,0,-0.0383616,0
0.24218,0.240464,0,-0.039697,0
0.240975,0.239832,0,-0.041674,0
0.239601,0.238947,0,-0.0446862,0
0.239263,0.238791,0,-0.0489617,0
0.239294,0.238912,0,-0.0581632,0
0.243188,0.242479,0,-0.062175,0
0.23931,0.239097,0,-0.0655534,0
0.239873,0.242466,0,-0.0655534,0
0.244082,0.2426,0,-0.0690192,0
0.241222,0.242698,0,-0.0699573,0
0.241557,0.242764,0,-0.0699573,0
0.242268,0.242789,0,-0.0700534,0
0.244622,0.242789,0,-0.0700542,0
0.244622,0.242789,0,0,0
0.244622,0.242789,0,0,0
0.244622,0.242789,0,0,0
0.244622,0.242789,0,0,0
0.244622,0.242789,0,0,0
0.244622,0.242789,0,0,0
-0.245,0,-0.232631,0,0
-0.245,0,-0.232631,0,0
-0.245,0,-0.232631,0,0
-0.245,0,-0.232631,0,0
-0.245,0,-0.232631,0,0
-0.245,0,-0.232631,0,0
-0.245,0,-0.232631,0,0
-0.245,0,-0.232631,0,0
-0.295,0,-0.232783,0,0
-0.195,0,-0.232343,-0.00992634,0
-0.198338,0,-0.231943,-0.000569034,0
-0.221885,0,-0.232221,0.00747848,0
-0.228226,0,-0.232361,0.0107629,0
-0.240682,0,-0.233357,0.0133935,0
-0.24975,0,-0.234757,0.0137232,0
-0.253117,0,-0.235949,0.0127387,0
-0.248259,0,-0.23575,0.0106447,0
-0.245073,0,-0.235624,0.0100551,0
-0.242734,0,-0.235504,0.0107181,0
-0.242308,0,-0.235832,0.0123665,0
-0.242221,0,-0.236264,0.0147049,0
-0.241411,0,-0.236378,0.0167761,0
-0.242279,0,-0.237238,0.0198101,0
-0.242944,0,-0.23807,0.0225364,0
-0.242438,0,-0.23829,0.0250424,0
-0.241471,0,-0.238153,0.0280796,0
-0.241805,0,-0.2388,0.0320207,0
-0.241121,0,-0.238828,0.036054,0
-0.241432,0,-0.23944,0.0402183,0
-0.241623,0,-0.239957,0.0439588,0
-0.242384,0,-0.24095,0.0479182,0
-0.242909,0,-0.241769,0.0510473,0
-0.2431,0,-0.242261,0.0533705,0
-0.243405,0,-0.244264,0.0555678,0
-0.244055,0,-0.244528,0.0575883,0
-0.24421,0,-0.244728,0.0590265,0
-0.24503,0,-0.244831,0.0583522,0
-0.245827,0,-0.244904,0.0535982,0
-0.247281,0,-0.244912,0.0453124,0
-0.247281,0,-0.244912,0,0
-0.247281,0,-0.244912,0,0
-0.247281,0,-0.244912,0,0
-0.247281,0,-0.244912,0,0
-0.247281,0,-0.244912,0,0
-0.247281,0,-0.244912,0,0
0.245,0.233306,0,0,0
0.245,0.233306,0,0,0
0.245,0.233306,0,0,0
0.245,0.233306,0,0,0
0.245,0.233306,0,0,0
0.245,0.233306,0,0,0
0.245,0.233306,0,0,0
0.245,0.233306,0,0,0
0.295,0.233416,0,0,0
0.24654,0.233413,0,-0.00934406,0
0.211829,0.232874,0,-0.0141488,0
0.222122,0.232881,0,-0.0197804,0
0.219494,0.232379,0,-0.0221849,0
0.22997,0.232985,0,-0.0255543,0
0.232063,0.233145,0,-0.0268155,0
0.230515,0.232845,0,-0.0276104,0
0.226666,0.231956,0,-0.0286367,0
0.226306,0.23159,0,-0.0308096,0
0.228869,0.232024,0,-0.0336314,0
0.230909,0.232501,0,-0.0359846,0
0.233014,0.233194,0,-0.0379104,0
0.234698,0.233911,0,-0.0393478,0
0.235969,0.234598,0,-0.0409272,0
0.232789,0.233031,0,-0.0426356,0
0.231608,0.232319,0,-0.0426356,0
0.232654,0.232896,0,-0.045663,0
0.233295,0.233299,0,-0.0481417,0
0.233811,0.233671,0,-0.0506128,0
0.23308,0.233133,0,-0.0523668,0
0.232539,0.232687,0,-0.0547704,0
0.23178,0.232015,0,-0.0574801,0
0.23094,0.231224,0,-0.060467,0
0.231428,0.231594,0,-0.0639513,0
0.232779,0.234249,0,-0.0665767,0
0.234069,0.234272,0,-0.0680006,0
0.234628,0.234289,0,-0.0688396,0
0.234656,0.234302,0,-0.0688396,0
0.235493,0.234308,0,-0.0688797,0
0.237197,0.234308,0,0,0
0.237197,0.234308,0,0,0
0.237197,0.234308,0,0,0
0.237197,0.234308,0,0,0
0.237197,0.234308,0,0,0
0.237197,0.234308,0,0,0
0.237197,0.234308,0,0,0
-0.245,0,-0.225603,0,0
-0.245,0,-0.225603,0,0
-0.245,0,-0.225603,0,0
-0.245,0,-0.225603,0,0
-0.245,0,-0.225603,0,0
-0.245,0,-0.225603,0,0
-0.245,0,-0.225603,0,0
-0.245,0,-0.225603,0,0
-0.295,0,-0.225642,0,0
-0.20492,0,-0.225497,-0.00725838,0
-0.199317,0,-0.225188,-0.00123334,0
-0.22204,0,-0.225488,0.00635998,0
-0.226296,0,-0.22564,0.0101827,0
-0.235807,0,-0.226428,0.0133992,0
-0.237158,0,-0.226896,0.0144797,0
-0.236478,0,-0.227197,0.0154399,0
-0.236281,0,-0.227568,0.0165047,0
-0.235401,0,-0.227801,0.0176924,0
-0.235809,0,-0.228335,0.0195219,0
-0.236309,0,-0.228965,0.021241,0
-0.237515,0,-0.229907,0.0230489,0
-0.237713,0,-0.230565,0.0245806,0
-0.237714,0,-0.231163,0.026132,0
-0.236759,0,-0.231416,0.0278076,0
-0.236815,0,-0.232,0.0299175,0
-0.236547,0,-0.232366,0.0321817,0
-0.236507,0,-0.232862,0.0347213,0
-0.236772,0,-0.233555,0.0377063,0
-0.237216,0,-0.234387,0.0405069,0
-0.237395,0,-0.235035,0.043285,0
-0.236834,0,-0.235011,0.0457606,0
-0.236228,0,-0.234886,0.0486995,0
-0.236096,0,-0.235111,0.0523353,0
-0.236386,0,-0.236457,0.0559225,0
-0.236938,0,-0.236734,0.0591008,0
-0.237484,0,-0.236953,0.0587676,0
-0.237539,0,-0.23711,0.0608318,0
-0.237731,0,-0.237199,0.0630184,0
-0.238983,0,-0.237219,0.0642084,0
-0.238983,0,-0.237219,0.05819,0
-0.238983,0,-0.237219,0,0
-0.238983,0,-0.237219,0,0
-0.238983,0,-0.237219,0,0
-0.238983,0,-0.237219,0,0
-0.238983,0,-0.237219,0,0
-0.238983,0,-0.237219,0,0
0.245,0.228853,0,0,0
0.245,0.228853,0,0,0
0.245,0.228853,0,0,0
0.245,0.228853,0,0,0
0.245,0.228853,0,0,0
0.245,0.228853,0,0,0
0.245,0.228853,0,0,0
0.295,0.228854,0,0,0
0.295,0.229157,0,0,0
0.240615,0.229006,0,-0.0111371,0
0.224424,0.228731,0,-0.0152667,0
0.225186,0.228678,0,-0.0184267,0
0.229853,0.228927,0,-0.021497,0
0.23459,0.229491,0,-0.0239779,0
0.234852,0.229727,0,-0.0249985,0
0.238713,0.230674,0,-0.0264814,0
0.239062,0.231157,0,-0.0270656,0
0.240721,0.232058,0,-0.0275252,0
0.241504,0.232849,0,-0.0278694,0
0.242112,0.23367,0,-0.0278108,0
0.242989,0.234692,0,-0.0277826,0
0.242755,0.235284,0,-0.0274451,0
0.241879,0.23535,0,-0.0272682,0
0.241985,0.236057,0,-0.0274208,0
0.2416,0.236474,0,-0.0281177,0
0.241014,0.236713,0,-0.0293553,0
0.2404,0.236844,0,-0.0309927,0
0.239878,0.236983,0,-0.0335239,0
0.238549,0.236509,0,-0.0366753,0
0.237533,0.236054,0,-0.0402769,0
0.23715,0.236041,0,-0.0450293,0
0.236597,0.23581,0,-0.0500329,0
0.236609,0.236257,0,-0.0552563,0
0.237373,0.236456,0,-0.0600686,0
0.237787,0.236617,0,-0.0609531,0
0.238832,0.236736,0,-0.0642929,0
0.239391,0.236809,0,-0.0661565,0
0.239608,0.236834,0,-0.067584,0
0.239608,0.236834,0,-0.0693678,0
0.239608,0.236834,0,0,0
0.239608,0.236834,0,0,0
0.239608,0.236834,0,0,0
0.239608,0.236834,0,0,0
0.239608,0.236834,0,0,0
0.239608,0.236834,0,0,0
-0.245,0,-0.228337,0,0
-0.245,0,-0.228337,0,0
-0.245,0,-0.228337,0,0
-0.245,0,-0.228337,0,0
-0.245,0,-0.228337,0,0
-0.245,0,-0.228337,0,0
-0.245,0,-0.228337,0,0
-0.245,0,-0.228337,0,0
-0.295,0,-0.228629,0,0
-0.266501,0,-0.228734,0.00149436,0
-0.231276,0,-0.228407,0.00535559,0
-0.234363,0,-0.228596,0.0093225,0
-0.237949,0,-0.228984,0.0114082,0
-0.243301,0,-0.229783,0.0130555,0
-0.241966,0,-0.230103,0.0131359,0
-0.241444,0,-0.230515,0.01392,0
-0.240357,0,-0.230806,0.0148786,0
-0.240738,0,-0.231411,0.0163165,0
-0.242113,0,-0.23238,0.0178832,0
-0.24392,0,-0.233654,0.0190415,0
-0.243604,0,-0.234269,0.0195651,0
-0.242531,0,-0.23455,0.0202288,0
-0.242292,0,-0.23514,0.02155,0
-0.242373,0,-0.23588,0.0233817,0
-0.242624,0,-0.236723,0.0252837,0
-0.242921,0,-0.237608,0.0272319,0
-0.242639,0,-0.23811,0.0291211,0
-0.243076,0,-0.239085,0.0314642,0
-0.243142,0,-0.239782,0.0336304,0
-0.242748,0,-0.240071,0.0358339,0
-0.242235,0,-0.240166,0.0382988,0
-0.241783,0,-0.240251,0.0414111,0
-0.241815,0,-0.240699,0.045827,0
-0.241873,0,-0.243251,0.0497141,0
-0.242935,0,-0.243502,0.0514333,0
-0.242948,0,-0.243764,0.0514103,0
-0.243345,0,-0.243938,0.0506363,0
-0.243483,0,-0.244016,0.0470909,0
-0.245395,0,-0.24402,0.0415928,0
-0.245395,0,-0.24402,0,0
-0.245395,0,-0.24402,0,0
-0.245395,0,-0.24402,0,0
-0.245395,0,-0.24402,0,0
-0.245395,0,-0.24402,0,0
-0.245395,0,-0.24402,0,0
0.245,0.235302,0,0,0
0.245,0.235302,0,0,0
0.245,0.235302,0,0,0
0.245,0.235302,0,0,0
0.245,0.235302,0,0,0
0.245,0.235302,0,0,0
0.245,0.235302,0,0,0
0.245,0.235302,0,0,0
0.295,0.235532,0,0,0
0.259002,0.235534,0,-0.00403156,0
0.227316,0.23512,0,-0.0087413,0
0.230196,0.23509,0,-0.0132608,0
0.228496,0.234859,0,-0.0157276,0
0.238525,0.235607,0,-0.0193565,0
0.239938,0.235893,0,-0.0205569,0
0.240714,0.236189,0,-0.021349,0
0.242272,0.236724,0,-0.0222816,0
0.24189,0.236921,0,-0.0227571,0
0.242719,0.237462,0,-0.0235999,0
0.243868,0.238197,0,-0.0242665,0
0.244964,0.239043,0,-0.0245962,0
0.245442,0.239727,0,-0.0244523,0
0.244476,0.239763,0,-0.0242595,0
0.243862,0.239881,0,-0.0246152,0
0.243436,0.240056,0,-0.0256471,0
0.243404,0.240433,0,-0.0272077,0
0.242918,0.240488,0,-0.0288977,0
0.242343,0.240421,0,-0.0310915,0
0.241791,0.240295,0,-0.0343107,0
0.239883,0.239056,0,-0.0381061,0
0.23921,0.238651,0,-0.0431531,0
0.238586,0.238225,0,-0.0483999,0
0.239405,0.239083,0,-0.0542687,0
0.239936,0.242829,0,-0.0589265,0
0.240518,0.242994,0,-0.0617945,0
0.240889,0.243118,0,-0.0649106,0
0.24039,0.243197,0,-0.0667503,0
0.241191,0.243226,0,-0.0685336,0
0.244173,0.243226,0,-0.0699821,0
0.244173,0.243226,0,0,0
0.244173,0.243226,0,0,0
0.244173,0.243226,0,0,0
0.244173,0.243226,0,0,0
0.244173,0.243226,0,0,0
0.244173,0.243226,0,0,0
-0.245,0,-0.234064,0,0
-0.245,0,-0.234064,0,0
-0.245,0,-0.234064,0,0
-0.245,0,-0.234064,0,0
-0.245,0,-0.234064,0,0
-0.245,0,-0.234064,0,0
-0.245,0,-0.234064,0,0
-0.245,0,-0.234064,0,0
-0.295,0,-0.234268,0,0
-0.254181,0,-0.234248,-0.000204537,0
-0.217084,0,-0.233694,0.00543641,0
-0.222687,0,-0.233607,0.010534,0
-0.230722,0,-0.23385,0.0134839,0
-0.244239,0,-0.235019,0.0160058,0
-0.243729,0,-0.235287,0.0160625,0
-0.241929,0,-0.235341,0.0158544,0
-0.241677,0,-0.235601,0.0167199,0
-0.241272,0,-0.235819,0.017772,0
-0.242599,0,-0.23653,0.0192394,0
-0.24397,0,-0.237397,0.0203877,0
-0.24515,0,-0.238329,0.0211097,0
-0.245296,0,-0.238938,0.0212595,0
-0.243998,0,-0.238858,0.0213865,0
-0.243528,0,-0.239103,0.0224495,0
-0.243431,0,-0.239516,0.0241187,0
-0.243413,0,-0.239962,0.0260446,0
-0.243422,0,-0.240415,0.0281257,0
-0.24304,0,-0.240569,0.0304632,0
-0.242964,0,-0.240906,0.0333244,0
-0.242643,0,-0.241016,0.0364468,0
-0.242236,0,-0.240989,0.0403522,0
-0.241101,0,-0.240334,0.0443711,0
-0.24148,0,-0.240898,0.0484022,0
-0.24202,0,-0.24365,0.0522846,0
-0.242884,0,-0.243864,0.0552464,0
-0.243339,0,-0.243989,0.057092,0
-0.243714,0,-0.244107,0.0564743,0
-0.244276,0,-0.244164,0.0537563,0
-0.245867,0,-0.244169,0.0473483,0
-0.245867,0,-0.244169,0,0
-0.245867,0,-0.244169,0,0
-0.245867,0,-0.244169,0,0
-0.245867,0,-0.244169,0,0
-0.245867,0,-0.244169,0,0
-0.245867,0,-0.244169,0,0
0.245,0.2349,0,0,0
0.245,0.2349,0,0,0
0.245,0.2349,0,0,0
0.245,0.2349,0,0,0
0.245,0.2349,0,0,0
0.245,0.2349,0,0,0
0.245,0.2349,0,0,0
0.245,0.2349,0,0,0
0.295,0.235033,0,0,0
0.247832,0.235011,0,-0.008294,0
0.214732,0.234478,0,-0.0127841,0
0.221898,0.234393,0,-0.0180545,0
0.218802,0.233902,0,-0.0204805,0
0.229134,0.234336,0,-0.0241275,0
0.230653,0.234345,0,-0.0255817,0
0.23637,0.235148,0,-0.0272921,0
0.237775,0.235499,0,-0.0291475,0
0.23863,0.235839,0,-0.0304993,0
0.240688,0.236621,0,-0.0321487,0
0.241539,0.237185,0,-0.0331745,0
0.242381,0.237836,0,-0.034155,0
0.242827,0.238409,0,-0.0350371,0
0.241538,0.238162,0,-0.035732,0
0.240876,0.238134,0,-0.037147,0
0.240869,0.238425,0,-0.0393048,0
0.240821,0.238684,0,-0.0415976,0
0.240488,0.238728,0,-0.0442105,0
0.243215,0.241001,0,-0.050761,0
0.242926,0.241139,0,-0.054709,0
0.238218,0.237601,0,-0.054709,0
0.237951,0.237499,0,-0.0591018,0
0.237453,0.237164,0,-0.0631103,0
0.237944,0.237694,0,-0.0665564,0
0.239234,0.241728,0,-0.0689046,0
0.240494,0.241887,0,-0.0696536,0
0.240916,0.242004,0,-0.0699998,0
0.240852,0.242082,0,-0.0700039,0
0.23822,0.242113,0,-0.0700102,0
0.225517,0.242114,0,-0.0700179,0
0.225517,0.242114,0,0,0
0.225517,0.242114,0,0,0
0.225517,0.242114,0,0,0
0.225517,0.242114,0,0,0
0.225517,0.242114,0,0,0
0.225517,0.242114,0,0,0
-0.245,0,-0.231195,0,0
-0.245,0,-0.231195,0,0
-0.245,0,-0.231195,0,0
-0.245,0,-0.231195,0,0
-0.245,0,-0.231195,0,0
-0.245,0,-0.231195,0,0
-0.245,0,-0.231195,0,0
-0.245,0,-0.231195,0,0
-0.295,0,-0.231324,0,0
-0.254045,0,-0.231368,-0.0108477,0
-0.211948,0,-0.23082,-0.00472118,0
-0.224075,0,-0.23093,0.00208553,0
-0.227325,0,-0.230962,0.00534977,0
-0.239345,0,-0.231916,0.00844595,0
-0.24715,0,-0.233143,0.00930246,0
-0.246577,0,-0.23362,0.0093408,0
-0.248597,0,-0.234632,0.00958475,0
-0.248485,0,-0.235341,0.00910786,0
-0.248415,0,-0.236094,0.00894101,0
-0.247463,0,-0.236568,0.00873223,0
-0.245853,0,-0.236726,0.00877837,0
-0.245039,0,-0.237099,0.00991953,0
-0.243409,0,-0.236997,0.0114566,0
-0.241823,0,-0.23676,0.0139719,0
-0.240937,0,-0.23678,0.0179338,0
-0.241176,0,-0.237406,0.0228042,0
-0.241334,0,-0.237989,0.027953,0
-0.241543,0,-0.238608,0.0331125,0
-0.241293,0,-0.238986,0.038454,0
-0.241203,0,-0.23933,0.0433876,0
-0.241346,0,-0.239835,0.0480552,0
-0.241566,0,-0.240385,0.0524128,0
-0.242467,0,-0.241534,0.0563111,0
-0.243045,0,-0.24414,0.0591279,0
-0.243865,0,-0.244437,0.0615339,0
-0.244562,0,-0.244663,0.06319,0
-0.2449,0,-0.244811,0.0639279,0
-0.245217,0,-0.244867,0.0626895,0
-0.246404,0,-0.244877,0.0547393,0
-0.246404,0,-0.244877,0,0
-0.246404,0,-0.244877,0,0
-0.246404,0,-0.244877,0,0
-0.246404,0,-0.244877,0,0
-0.246404,0,-0.244877,0,0
-0.246404,0,-0.244877,0,0
0.245,0.233053,0,0,0
0.245,0.233053,0,0,0
0.245,0.233053,0,0,0
0.245,0.233053,0,0,0
0.245,0.233053,0,0,0
0.245,0.233053,0,0,0
0.245,0.233053,0,0,0
0.245,0.233053,0,0,0
0.295,0.233174,0,0,0
0.255647,0.233225,0,-0.0049896,0
0.21066,0.232618,0,-0.00958763,0
0.222749,0.23267,0,-0.0157339,0
0.22078,0.232322,0,-0.0183533,0
0.231315,0.232887,0,-0.0219407,0
0.23422,0.233202,0,-0.0230933,0
0.234053,0.233217,0,-0.0236022,0
0.232591,0.232959,0,-0.0243324,0
0.232322,0.232874,0,-0.0253808,0
0.233672,0.233232,0,-0.026986,0
0.233773,0.233294,0,-0.0282712,0
0.234382,0.233562,0,-0.0295422,0
0.235516,0.23412,0,-0.0310109,0
0.235922,0.234437,0,-0.0322244,0
0.235721,0.234473,0,-0.0332186,0
0.234979,0.234173,0,-0.034487,0
0.234751,0.23412,0,-0.036239,0
0.234799,0.234233,0,-0.0384915,0
0.23403,0.233758,0,-0.0408806,0
0.233542,0.233428,0,-0.0436774,0
0.233129,0.233114,0,-0.0471909,0
0.232683,0.232741,0,-0.050937,0
0.23222,0.232321,0,-0.059016,0
0.233098,0.233094,0,-0.0623319,0
0.233994,0.235207,0,-0.0642381,0
0.234505,0.23526,0,-0.0642381,0
0.234802,0.235301,0,-0.0640885,0
0.234972,0.235329,0,-0.0658774,0
0.235491,0.235344,0,-0.0677787,0
0.237158,0.235346,0,-0.0679945,0
0.237158,0.235346,0,-0.066848,0
0.237158,0.235346,0,0,0
0.237158,0.235346,0,0,0
0.237158,0.235346,0,0,0
0.237158,0.235346,0,0,0
0.237158,0.235346,0,0,0
0.237158,0.235346,0,0,0
-0.245,0,-0.226349,0,0
-0.245,0,-0.226349,0,0
-0.245,0,-0.226349,0,0
-0.245,0,-0.226349,0,0
-0.245,0,-0.226349,0,0
-0.245,0,-0.226349,0,0
-0.245,0,-0.226349,0,0
-0.295,0,-0.226375,0,0
-0.295,0,-0.227007,0,0
-0.273184,0,-0.227118,0.00791658,0
-0.243007,0,-0.226884,0.0101752,0
-0.236889,0,-0.22691,0.0107949,0
-0.243013,0,-0.227685,0.0120941,0
-0.243936,0,-0.228307,0.0116664,0
-0.242414,0,-0.228689,0.0106944,0
-0.243378,0,-0.229478,0.0107636,0
-0.242429,0,-0.229965,0.0104406,0
-0.242129,0,-0.230587,0.0104998,0
-0.24171,0,-0.231178,0.0108673,0
-0.239598,0,-0.231118,0.0112589,0
-0.238316,0,-0.231237,0.0127623,0
-0.239017,0,-0.232148,0.0152036,0
-0.239675,0,-0.233112,0.017355,0
-0.239366,0,-0.233601,0.0192146,0
-0.238408,0,-0.233659,0.0212908,0
-0.237525,0,-0.233647,0.0243116,0
-0.238356,0,-0.234751,0.028218,0
-0.238669,0,-0.235525,0.031561,0
-0.238698,0,-0.236074,0.0349772,0
-0.237917,0,-0.236034,0.0382387,0
-0.237722,0,-0.236281,0.0414793,0
-0.238374,0,-0.237241,0.044676,0
-0.239094,0,-0.238787,0.0478152,0
-0.23955,0,-0.239102,0.049856,0
-0.24049,0,-0.239296,0.0465934,0
-0.240902,0,-0.239491,0.0447786,0
-0.241461,0,-0.23961,0.0409866,0
-0.241876,0,-0.239647,0.0345789,0
-0.241876,0,-0.239647,0.0263232,0
-0.241876,0,-0.239647,0,0
-0.241876,0,-0.239647,0,0
-0.241876,0,-0.239647,0,0
-0.241876,0,-0.239647,0,0
-0.241876,0,-0.239647,0,0
-0.241876,0,-0.239647,0,0
0.245,0.229214,0,0,0
0.245,0.229214,0,0,0
0.245,0.229214,0,0,0
0.245,0.229214,0,0,0
0.245,0.229214,0,0,0
0.245,0.229214,0,0,0
0.245,0.229214,0,0,0
0.295,0.229217,0,0,0
0.295,0.229582,0,0,0
0.244221,0.229422,0,-0.0100626,0
0.231962,0.229294,0,-0.0154705,0
0.22631,0.229072,0,-0.0181637,0
0.229196,0.229213,0,-0.0208643,0
0.233884,0.229741,0,-0.0235272,0
0.233099,0.229786,0,-0.0245536,0
0.234297,0.230157,0,-0.0261976,0
0.235012,0.230528,0,-0.0277575,0
0.235981,0.231041,0,-0.0292741,0
0.238227,0.232066,0,-0.0307513,0
0.240264,0.233244,0,-0.0318343,0
0.240217,0.233762,0,-0.032099,0
0.23953,0.233988,0,-0.0322958,0
0.238833,0.234143,0,-0.0332374,0
0.238526,0.234435,0,-0.0345738,0
0.238224,0.234708,0,-0.0362938,0
0.238139,0.235085,0,-0.0385193,0
0.237233,0.234863,0,-0.0409378,0
0.236675,0.234793,0,-0.044046,0
0.236312,0.234823,0,-0.0477646,0
0.236333,0.235116,0,-0.0516859,0
0.235957,0.235053,0,-0.0556074,0
0.235789,0.235126,0,-0.0631087,0
0.235967,0.235738,0,-0.0631087,0
0.23653,0.235913,0,-0.0661713,0
0.237093,0.236053,0,-0.0666094,0
0.237567,0.236159,0,-0.0685943,0
0.237941,0.236223,0,-0.0695087,0
0.238908,0.236241,0,-0.0699861,0
0.238908,0.236241,0,0,0
0.238908,0.236241,0,0,0
0.238908,0.236241,0,0,0
0.238908,0.236241,0,0,0
0.238908,0.236241,0,0,0
0.238908,0.236241,0,0,0
0.238908,0.236241,0,0,0
-0.245,0,-0.227118,0,0
-0.245,0,-0.227118,0,0
-0.245,0,-0.227118,0,0
-0.245,0,-0.227118,0,0
-0.245,0,-0.227118,0,0
-0.245,0,-0.227118,0,0
-0.245,0,-0.227118,0,0
-0.245,0,-0.227118,0,0
-0.295,0,-0.227455,0,0
-0.260835,0,-0.227484,-0.000958927,0
-0.229577,0,-0.227178,0.00404091,0
-0.237433,0,-0.227574,0.00818424,0
-0.244205,0,-0.228302,0.00975748,0
-0.247782,0,-0.229165,0.0103862,0
-0.245532,0,-0.229551,0.00955039,0
-0.247065,0,-0.230501,0.00927934,0
-0.247549,0,-0.231407,0.00899272,0
-0.245949,0,-0.231868,0.00812587,0
-0.244857,0,-0.23238,0.00805363,0
-0.242847,0,-0.232508,0.00840334,0
-0.242093,0,-0.232973,0.00984674,0
-0.24124,0,-0.233319,0.011742,0
-0.240663,0,-0.233739,0.0142286,0
-0.24037,0,-0.234255,0.0172425,0
-0.2404,0,-0.234928,0.0206433,0
-0.239536,0,-0.235007,0.0242071,0
-0.239215,0,-0.235377,0.0286378,0
-0.239385,0,-0.236055,0.0339352,0
-0.23947,0,-0.236786,0.0389221,0
-0.239393,0,-0.237223,0.0431788,0
-0.239878,0,-0.238099,0.0476454,0
-0.24047,0,-0.239062,0.0512677,0
-0.240816,0,-0.239782,0.0543464,0
-0.241632,0,-0.242467,0.0571355,0
-0.242541,0,-0.242803,0.058067,0
-0.242301,0,-0.243054,0.0588351,0
-0.243031,0,-0.243182,0.0579786,0
-0.243843,0,-0.243267,0.0533936,0
-0.245264,0,-0.243273,0.0449312,0
-0.245264,0,-0.243273,0,0
-0.245264,0,-0.243273,0,0
-0.245264,0,-0.243273,0,0
-0.245264,0,-0.243273,0,0
-0.245264,0,-0.243273,0,0
-0.245264,0,-0.243273,0,0
0.245,0.231635,0,0,0
0.245,0.231635,0,0,0
0.245,0.231635,0,0,0
0.245,0.231635,0,0,0
0.245,0.231635,0,0,0
0.245,0.231635,0,0,0
0.245,0.231635,0,0,0
0.245,0.231635,0,0,0
0.295,0.23181,0,0,0
0.253399,0.231836,0,-0.00793449,0
0.215739,0.231289,0,-0.0123491,0
0.221998,0.231249,0,-0.0172383,0
0.223409,0.231113,0,-0.0196553,0
0.231311,0.231603,0,-0.0223995,0
0.237393,0.232405,0,-0.0240889,0
0.239242,0.232935,0,-0.0253038,0
0.238172,0.23301,0,-0.0263067,0
0.237451,0.233107,0,-0.0275451,0
0.23873,0.233755,0,-0.0295175,0
0.239702,0.234423,0,-0.0313179,0
0.240844,0.235271,0,-0.0329778,0
0.240504,0.235563,0,-0.0343298,0
0.239706,0.23561,0,-0.0356747,0
0.239307,0.235795,0,-0.0379123,0
0.239158,0.236085,0,-0.0405796,0
0.24004,0.237015,0,-0.0437003,0
0.243173,0.2396,0,-0.0490028,0
0.240913,0.238439,0,-0.0490028,0
0.240176,0.238267,0,-0.0512956,0
0.239634,0.238165,0,-0.0574643,0
0.243092,0.241465,0,-0.0608993,0
0.239347,0.23849,0,-0.0639454,0
0.239249,0.238637,0,-0.0666092,0
0.240059,0.242214,0,-0.0681204,0
0.241593,0.242452,0,-0.0689997,0
0.241564,0.242635,0,-0.0689997,0
0.241738,0.24275,0,-0.0697447,0
0.242473,0.242794,0,-0.0699902,0
0.24446,0.242794,0,-0.0699925,0
0.24446,0.242794,0,0,0
0.24446,0.242794,0,0,0
0.24446,0.242794,0,0,0
0.24446,0.242794,0,0,0
0.24446,0.242794,0,0,0
0.24446,0.242794,0,0,0
-0.245,0,-0.233343,0,0
-0.245,0,-0.233343,0,0
-0.245,0,-0.233343,0,0
-0.245,0,-0.233343,0,0
-0.245,0,-0.233343,0,0
-0.245,0,-0.233343,0,0
-0.245,0,-0.233343,0,0
-0.245,0,-0.233343,0,0
-0.295,0,-0.23352,0,0
-0.252219,0,-0.233505,-0.0055461,0
-0.216078,0,-0.23298,0.000778637,0
-0.225843,0,-0.233048,0.00638782,0
-0.230157,0,-0.233143,0.00899261,0
-0.246693,0,-0.234579,0.0118558,0
-0.244658,0,-0.234754,0.0114906,0
-0.246344,0,-0.235448,0.0118868,0
-0.243911,0,-0.235461,0.0116862,0
-0.24192,0,-0.235419,0.0124177,0
-0.242438,0,-0.23595,0.0140137,0
-0.241534,0,-0.236064,0.0153452,0
-0.241769,0,-0.236555,0.0176407,0
-0.241474,0,-0.236833,0.0198548,0
-0.241632,0,-0.237312,0.022365,0
-0.241524,0,-0.237668,0.0250422,0
-0.241474,0,-0.238044,0.0280586,0
-0.241196,0,-0.238267,0.0314221,0
-0.239894,0,-0.237831,0.0350552,0
-0.24025,0,-0.23839,0.039134,0
-0.24079,0,-0.23911,0.0435335,0
-0.240963,0,-0.239556,0.0475115,0
-0.241131,0,-0.24,0.05093,0
-0.241365,0,-0.240477,0.0545474,0
-0.241113,0,-0.240491,0.0573892,0
-0.241883,0,-0.243314,0.0604054,0
-0.243099,0,-0.243539,0.0628032,0
-0.242744,0,-0.243709,0.0641795,0
-0.242914,0,-0.24382,0.0652121,0
-0.243628,0,-0.243866,0.0670142,0
-0.245459,0,-0.243867,0.0635675,0
-0.245459,0,-0.243867,0,0
-0.245459,0,-0.243867,0,0
-0.245459,0,-0.243867,0,0
-0.245459,0,-0.243867,0,0
-0.245459,0,-0.243867,0,0
-0.245459,0,-0.243867,0,0
0.245,0.234254,0,0,0
0.245,0.234254,0,0,0
0.245,0.234254,0,0,0
0.245,0.234254,0,0,0
0.245,0.234254,0,0,0
0.245,0.234254,0,0,0
0.245,0.234254,0,0,0
0.245,0.234254,0,0,0
0.295,0.234394,0,0,0
0.254503,0.234419,0,-0.00534104,0
0.208626,0.233739,0,-0.0101552,0
0.220471,0.233731,0,-0.016518,0
0.219406,0.233352,0,-0.0194937,0
0.227922,0.233646,0,-0.0231428,0
0.228738,0.233545,0,-0.0245154,0
0.231437,0.233789,0,-0.026348,0
0.231054,0.2336,0,-0.0274795,0
0.231368,0.233543,0,-0.0287586,0
0.232673,0.233793,0,-0.0302468,0
0.233458,0.233985,0,-0.031613,0
0.234911,0.234508,0,-0.0329781,0
0.242809,0.23802,0,-0.0358346,0
0.244009,0.239034,0,-0.0368531,0
0.243124,0.239043,0,-0.0372491,0
0.242413,0.239052,0,-0.0381428,0
0.242919,0.239784,0,-0.0399736,0
0.242621,0.239991,0,-0.0416997,0
0.242106,0.239986,0,-0.0437099,0
0.240978,0.239456,0,-0.0460557,0
0.239536,0.238551,0,-0.0492023,0
0.239175,0.23844,0,-0.058528,0
0.239434,0.238842,0,-0.0626319,0
0.239764,0.23931,0,-0.0626319,0
0.24415,0.242675,0,-0.0676107,0
0.244615,0.242868,0,-0.069071,0
0.241419,0.243017,0,-0.069071,0
0.242048,0.243112,0,-0.0699684,0
0.242805,0.243152,0,-0.0699709,0
0.245191,0.243153,0,-0.0699743,0
0.245191,0.243153,0,0,0
0.245191,0.243153,0,0,0
0.245191,0.243153,0,0,0
0.245191,0.243153,0,0,0
0.245191,0.243153,0,0,0
0.245191,0.243153,0,0,0
-0.245,0,-0.233497,0,0
-0.245,0,-0.233497,0,0
-0.245,0,-0.233497,0,0
-0.245,0,-0.233497,0,0
-0.245,0,-0.233497,0,0
-0.245,0,-0.233497,0,0
-0.245,0,-0.233497,0,0
-0.245,0,-0.233497,0,0
-0.295,0,-0.233622,0,0
-0.251246,0,-0.233631,-0.00513432,0
-0.212241,0,-0.233084,0.00131854,0
-0.223979,0,-0.233143,0.00776666,0
-0.227792,0,-0.233155,0.0108447,0
-0.237788,0,-0.233877,0.0135579,0
-0.245728,0,-0.234986,0.0145658,0
-0.245266,0,-0.235353,0.014608,0
-0.244142,0,-0.235588,0.0147769,0
-0.24241,0,-0.235616,0.0154194,0
-0.243528,0,-0.236327,0.0169125,0
-0.244002,0,-0.236957,0.0183028,0
-0.244837,0,-0.237777,0.0194188,0
-0.245453,0,-0.238596,0.0205944,0
-0.245344,0,-0.239139,0.021399,0
-0.244898,0,-0.239497,0.0222995,0
-0.243811,0,-0.239424,0.0237369,0
-0.243463,0,-0.239712,0.0261768,0
-0.243469,0,-0.240194,0.0291348,0
-0.243231,0,-0.240485,0.0323023,0
-0.243491,0,-0.241115,0.035968,0
-0.242936,0,-0.241183,0.0395241,0
-0.242137,0,-0.240851,0.0428661,0
-0.241545,0,-0.240628,0.0468559,0
-0.241541,0,-0.240875,0.0516146,0
-0.242135,0,-0.243915,0.0561672,0
-0.242992,0,-0.244154,0.0595385,0
-0.243292,0,-0.244335,0.0620932,0
-0.243184,0,-0.244455,0.0640454,0
-0.244033,0,-0.244506,0.066475,0
-0.246801,0,-0.244508,0.0627701,0
-0.246801,0,-0.244508,0,0
-0.246801,0,-0.244508,0,0
-0.246801,0,-0.244508,0,0
-0.246801,0,-0.244508,0,0
-0.246801,0,-0.244508,0,0
-0.246801,0,-0.244508,0,0
0.245,0.234931,0,0,0
0.245,0.234931,0,0,0
0.245,0.234931,0,0,0
0.245,0.234931,0,0,0
0.245,0.234931,0,0,0
0.245,0.234931,0,0,0
0.245,0.234931,0,0,0
0.245,0.234931,0,0,0
0.295,0.235053,0,0,0
0.262014,0.23514,0,-0.00403264,0
0.213482,0.234514,0,-0.00776201,0
0.224025,0.234526,0,-0.0135067,0
0.221284,0.234116,0,-0.0159758,0
0.23047,0.234541,0,-0.0196695,0
0.232247,0.234611,0,-0.021169,0
0.231165,0.234316,0,-0.0223678,0
0.229858,0.233904,0,-0.0237453,0
0.230066,0.233742,0,-0.0255203,0
0.232506,0.234229,0,-0.0278076,0
0.234699,0.234853,0,-0.0294671,0
0.236312,0.235462,0,-0.0306489,0
0.238122,0.236317,0,-0.0314076,0
0.245496,0.240095,0,-0.0334701,0
0.244859,0.24028,0,-0.0335295,0
0.244128,0.240329,0,-0.0339698,0
0.244125,0.240776,0,-0.0351736,0
0.244296,0.241344,0,-0.036732,0
0.244065,0.241592,0,-0.0380413,0
0.243189,0.241315,0,-0.0398197,0
0.241809,0.240521,0,-0.0421976,0
0.240973,0.240074,0,-0.0461992,0
0.240489,0.239848,0,-0.0510005,0
0.240436,0.239973,0,-0.0558486,0
0.240808,0.243181,0,-0.0604855,0
0.241749,0.243373,0,-0.0637173,0
0.242166,0.243519,0,-0.066285,0
0.242339,0.243615,0,-0.0682221,0
0.243061,0.243659,0,-0.069485,0
0.245649,0.243661,0,-0.0699659,0
0.245649,0.243661,0,0,0
0.245649,0.243661,0,0,0
0.245649,0.243661,0,0,0
0.245649,0.243661,0,0,0
0.245649,0.243661,0,0,0
0.245649,0.243661,0,0,0
-0.245,0,-0.235474,0,0
-0.245,0,-0.235474,0,0
-0.245,0,-0.235474,0,0
-0.245,0,-0.235474,0,0
-0.245,0,-0.235474,0,0
-0.245,0,-0.235474,0,0
-0.245,0,-0.235474,0,0
-0.245,0,-0.235474,0,0
-0.295,0,-0.235573,0,0
-0.259642,0,-0.235647,-0.000556126,0
-0.214942,0,-0.235089,0.00416121,0
-0.223191,0,-0.235029,0.00987276,0
-0.223263,0,-0.23476,0.0128559,0
-0.232835,0,-0.235246,0.0163081,0
-0.233307,0,-0.235219,0.0178136,0
-0.23441,0,-0.235311,0.0190325,0
-0.233901,0,-0.235173,0.0201615,0
-0.233589,0,-0.235036,0.0214739,0
-0.235482,0,-0.235476,0.0232505,0
-0.236449,0,-0.235801,0.0244998,0
-0.237823,0,-0.236376,0.025487,0
-0.238025,0,-0.236576,0.0259414,0
-0.244643,0,-0.239818,0.0280084,0
-0.246284,0,-0.24115,0.0292453,0
-0.246417,0,-0.241765,0.0297842,0
-0.24564,0,-0.241803,0.0300495,0
-0.24534,0,-0.24209,0.0311349,0
-0.245522,0,-0.24268,0.0327389,0
-0.245557,0,-0.243153,0.0343332,0
-0.245364,0,-0.243422,0.0360654,0
-0.244334,0,-0.242929,0.0381042,0
-0.243526,0,-0.242538,0.0414604,0
-0.243261,0,-0.242556,0.0463056,0
-0.242771,0,-0.244354,0.0511605,0
-0.243292,0,-0.244561,0.0553722,0
-0.24325,0,-0.244718,0.0586675,0
-0.244037,0,-0.244802,0.0616444,0
-0.244871,0,-0.244864,0.0619947,0
-0.247152,0,-0.244872,0.0576878,0
-0.247152,0,-0.244872,0,0
-0.247152,0,-0.244872,0,0
-0.247152,0,-0.244872,0,0
-0.247152,0,-0.244872,0,0
-0.247152,0,-0.244872,0,0
-0.247152,0,-0.244872,0,0
0.245,0.237199,0,0,0
0.245,0.237199,0,0,0
0.245,0.237199,0,0,0
0.245,0.237199,0,0,0
0.245,0.237199,0,0,0
0.245,0.237199,0,0,0
0.245,0.237199,0,0,0
0.245,0.237199,0,0,0
0.295,0.237295,0,0,0
0.257207,0.237343,0,-0.00508697,0
0.205566,0.236608,0,-0.00932978,0
0.215886,0.236435,0,-0.0159716,0
0.213346,0.235818,0,-0.0197943,0
0.226293,0.236187,0,-0.0247151,0
0.230791,0.236395,0,-0.0270208,0
0.230172,0.236065,0,-0.0281433,0
0.228567,0.235474,0,-0.0295525,0
0.228396,0.235073,0,-0.0314616,0
0.231398,0.235538,0,-0.0339101,0
0.23444,0.236279,0,-0.0357774,0
0.23621,0.236822,0,-0.0372566,0
0.238091,0.237584,0,-0.0372566,0
0.238103,0.237634,0,-0.0369976,0
0.235575,0.236339,0,-0.0367428,0
0.234176,0.235453,0,-0.0377271,0
0.237005,0.237077,0,-0.042463,0
0.234591,0.235442,0,-0.042463,0
0.234236,0.23507,0,-0.0475213,0
0.233415,0.234315,0,-0.0475213,0
0.233168,0.233964,0,-0.0509201,0
0.232428,0.23318,0,-0.0543324,0
0.232758,0.233301,0,-0.0582059,0
0.232714,0.233119,0,-0.0615407,0
0.233372,0.234894,0,-0.0644596,0
0.234478,0.234837,0,-0.0668886,0
0.235122,0.234793,0,-0.0665529,0
0.236071,0.234762,0,-0.0681815,0
0.236643,0.234745,0,-0.0687731,0
0.238144,0.234743,0,-0.0686727,0
0.238144,0.234743,0,-0.0685358,0
0.238144,0.234743,0,0,0
0.238144,0.234743,0,0,0
0.238144,0.234743,0,0,0
0.238144,0.234743,0,0,0
0.238144,0.234743,0,0,0
0.238144,0.234743,0,0,0
-0.245,0,-0.225871,0,0
-0.245,0,-0.225871,0,0
-0.245,0,-0.225871,0,0
