-8.7454,-1.4364,229.153,-0.47549,2.48073,-0.01491
-8.7315,-1.4351,229.138,-0.47587,2.47915,-0.01299
-8.7434,-1.4104,229.044,-0.47278,2.48543,-0.01176
-8.6716,-1.4551,229.295,-0.4722,2.48426,-0.01306
-8.6903,-1.3663,229.061,-0.46701,2.48533,-0.01284
-8.6901,-1.3389,229.192,-0.4669,2.48463,-0.01433
-8.7807,-1.2918,229.062,-0.4687,2.49262,-0.01246
-8.8,-1.343,228.955,-0.4666,2.49524,-0.01338
-8.7933,-1.4768,229.017,-0.47828,2.49741,-0.01356
-8.7795,-1.4162,229.102,-0.47063,2.49322,-0.0141
-8.7651,-1.3909,229.292,-0.46962,2.49768,-0.01519
-8.7225,-1.5057,229.271,-0.46522,2.50024,-0.01429
-8.7464,-1.3502,229.39,-0.46188,2.50612,-0.01328
-8.6589,-1.3808,229.238,-0.46574,2.51162,-0.01147
-8.6481,-1.3857,229.225,-0.47065,2.51576,-0.00846
-8.7633,-1.3989,229.355,-0.472,2.52172,-0.00819
-8.7994,-1.3559,229.208,-0.46846,2.5213,-0.00682
-8.6766,-1.496,229.118,-0.4769,2.52479,-0.00083
-8.6428,-1.4458,229.189,-0.47071,2.52386,-0.00294
-8.6263,-1.4965,229.231,-0.47617,2.52637,-0.00143
-8.6727,-1.3324,229.108,-0.47275,2.52954,-0.00143
-8.7342,-1.2877,228.886,-0.47393,2.53005,-0.0001
-8.7246,-1.3468,228.972,-0.47347,2.52485,0.00205
-8.6673,-1.4337,229.093,-0.4739,2.52171,0.00313
-8.6766,-1.4754,229.008,-0.47953,2.51968,0.00432
-8.5821,-1.6726,229.144,-0.4849,2.50765,0.00404
-8.6707,-1.4648,229.01,-0.47458,2.51213,0.00359
-8.6042,-1.6251,229.235,-0.48274,2.50748,0.00235
-8.6113,-1.5684,229.273,-0.47429,2.50715,-0.00015
-8.6626,-1.3896,229.307,-0.46519,2.51065,-0.00284
-8.6154,-1.5864,229.208,-0.47382,2.50604,-0.00149
-8.6845,-1.5443,229.011,-0.48005,2.49837,0.00062
-8.7133,-1.5175,228.987,-0.47958,2.50239,-0.00082
-8.695,-1.4519,229.113,-0.47423,2.50311,-0.00487
-8.7507,-1.3482,228.966,-0.46994,2.51086,-0.005
-8.5814,-1.7037,229.174,-0.48174,2.49414,-0.00596
-8.6816,-1.4892,229.036,-0.47826,2.49847,-0.00472
-8.666,-1.4895,229.129,-0.47423,2.4958,-0.00625
-8.6753,-1.5795,229.057,-0.4763,2.49603,-0.00661
-8.7098,-1.4084,229.069,-0.47301,2.49637,-0.00872
-8.7875,-1.3002,228.94,-0.46722,2.49891,-0.00748
-8.7319,-1.4383,228.98,-0.46664,2.49649,-0.00855
-8.7287,-1.5101,229.025,-0.47468,2.49819,-0.00688
-8.7604,-1.3851,229.143,-0.46776,2.49453,-0.00833
-8.6563,-1.4806,229.137,-0.46767,2.48831,-0.00907
-8.7021,-1.5115,229.123,-0.47236,2.49109,-0.00639
-8.8117,-1.3886,229.081,-0.47162,2.49996,-0.00594
-8.8338,-1.3714,229.111,-0.47184,2.49676,-0.00502
-8.8154,-1.4053,229.17,-0.46683,2.49452,-0.00601
-8.9009,-1.5127,228.877,-0.48468,2.50165,-0.00219
-8.8408,-1.6573,229.018,-0.48991,2.4901,-0.00304
-8.7887,-1.6013,229.17,-0.48049,2.49143,-0.00379
-8.7228,-1.687,229.248,-0.48304,2.49389,-0.00315
-8.7518,-1.3742,229.057,-0.46769,2.49976,-0.00592
-8.729,-1.4035,229.084,-0.47422,2.49995,-0.00382
-8.6363,-1.5329,229.238,-0.47837,2.50034,-0.00429
-8.5204,-1.6099,229.421,-0.48247,2.49733,-0.00269
-8.398,-1.5225,229.511,-0.47157,2.49436,-0.00359
-8.4349,-1.4742,229.237,-0.47786,2.50187,-0.00196
-8.3281,-1.4304,229.362,-0.47362,2.4924,-0.00424
-8.1319,-1.6434,229.354,-0.484,2.47916,-0.00832
-8.0487,-1.5788,229.416,-0.47552,2.47773,-0.01071
-7.9335,-1.404,229.358,-0.46433,2.47697,-0.01643
-7.8953,-1.2857,229.442,-0.46659,2.48437,-0.02245
-7.8277,-1.2902,229.268,-0.46033,2.47717,-0.02641
-7.6892,-1.4948,229.205,-0.4644,2.46382,-0.0266
-7.5911,-1.547,229.289,-0.47065,2.45841,-0.02989
-7.3551,-1.6397,229.286,-0.46826,2.45063,-0.02922
-7.3037,-1.6117,229.482,-0.46644,2.44377,-0.02892
-7.1573,-1.7696,229.637,-0.47546,2.43707,-0.03015
-7.1783,-1.567,229.451,-0.47486,2.43678,-0.03075
-7.111,-1.7244,229.497,-0.48236,2.42917,-0.03168
-7.1597,-1.5491,229.354,-0.47444,2.4319,-0.03279
-7.1355,-1.5962,229.308,-0.47746,2.42363,-0.0353
-7.1291,-1.6566,229.18,-0.47883,2.42314,-0.03652
-7.1307,-1.8642,229.075,-0.49468,2.418,-0.03669
-7.0925,-1.9235,228.811,-0.50923,2.41683,-0.03514
-7.1096,-1.7524,228.62,-0.5006,2.41898,-0.03548
-7.1161,-1.7524,228.71,-0.50155,2.40582,-0.03702
-7.2529,-1.6854,228.655,-0.50272,2.40257,-0.03623
-7.3806,-1.5908,228.334,-0.51088,2.41341,-0.03213
-7.3248,-1.6116,228.391,-0.51402,2.40555,-0.03258
-7.3139,-1.4275,228.238,-0.51054,2.40162,-0.03275
-7.2626,-1.5713,228.14,-0.51785,2.4019,-0.03204
-7.429,-1.4436,228.167,-0.51836,2.40212,-0.0337
-7.5739,-1.4139,228.181,-0.51605,2.4048,-0.03355
-7.6574,-1.5602,227.991,-0.5306,2.41202,-0.03014
-7.6855,-1.4511,227.967,-0.53234,2.41523,-0.02909
-7.5756,-1.3362,228.077,-0.52442,2.41766,-0.03082
-7.5375,-1.3276,227.942,-0.52799,2.42078,-0.03078
-7.2828,-1.1176,227.988,-0.51679,2.42057,-0.03794
-7.2852,-1.3818,228.049,-0.53165,2.41196,-0.03805
-7.265,-1.3633,227.984,-0.52853,2.40974,-0.03926
-7.3299,-1.6243,228.238,-0.54615,2.41805,-0.04177
-7.7165,-1.952,228.854,-0.55087,2.42932,-0.04083
-8.1921,-2.165,228.638,-0.5519,2.4379,-0.02536
-8.1819,-2.2662,228.291,-0.55493,2.43613,-0.01619
-8.0779,-2.08,228.227,-0.53556,2.43305,-0.01132
-7.9227,-2.0882,228.35,-0.53655,2.42556,-0.00902
-7.7978,-2.0023,228.488,-0.53529,2.42633,-0.01186
-7.7029,-1.7194,228.381,-0.52646,2.4199,-0.01849
-7.6851,-1.4804,228.314,-0.50872,2.41878,-0.02564
-7.8837,-1.3731,228.196,-0.49628,2.42246,-0.02758
-8.1923,-1.4767,228.22,-0.49653,2.4323,-0.02681
-8.3646,-1.7803,228.198,-0.50835,2.43435,-0.02267
-8.5669,-1.6705,228.016,-0.50273,2.43991,-0.02018
-8.6379,-1.8941,227.87,-0.5147,2.43616,-0.01815
-8.8341,-1.808,227.869,-0.50884,2.44414,-0.01674
-8.8263,-1.7964,227.904,-0.50452,2.44553,-0.01959
-8.8676,-1.8279,228.056,-0.5045,2.44704,-0.02326
-8.88,-1.8669,227.971,-0.51321,2.45094,-0.02519
-8.8519,-1.8278,227.914,-0.50768,2.45153,-0.02723
-8.7617,-1.9066,228.025,-0.50493,2.44518,-0.03014
-8.7371,-1.7676,228.186,-0.49762,2.4415,-0.0307
-8.6341,-1.9077,228.43,-0.50215,2.43513,-0.03133
-8.616,-2.059,228.759,-0.49974,2.43118,-0.03176
-8.636,-2.0456,228.827,-0.48571,2.42416,-0.03021
-8.639,-1.9694,228.876,-0.4755,2.42146,-0.02804
-8.5691,-2.0612,229.017,-0.47248,2.40953,-0.02646
-8.7536,-1.8977,229.068,-0.46095,2.41321,-0.0217
-8.6262,-1.8857,229.251,-0.45792,2.40098,-0.02081
-8.6083,-1.4013,229.245,-0.43957,2.40932,-0.02264
-8.5237,-1.2186,229.287,-0.43764,2.40888,-0.02485
-8.3495,-1.3082,229.491,-0.43721,2.39757,-0.02741
-8.3956,-1.1872,229.252,-0.44201,2.4064,-0.02481
-8.2485,-1.3361,229.327,-0.44883,2.39983,-0.02745
-8.1806,-1.3041,229.141,-0.4551,2.39968,-0.0303
-8.1555,-1.2076,228.768,-0.45981,2.40121,-0.03382
-7.9684,-1.3453,228.7,-0.46953,2.39832,-0.03841
-7.974,-1.4302,228.539,-0.47802,2.39453,-0.03931
-8.0072,-1.4008,228.514,-0.48104,2.3966,-0.03981
-8.1113,-1.2696,228.567,-0.47635,2.40256,-0.04231
-8.1094,-1.3438,228.74,-0.47355,2.40101,-0.04577
-8.1478,-1.1403,228.736,-0.46347,2.40723,-0.04889
-8.2526,-0.9948,228.538,-0.4656,2.41737,-0.04829
-8.2514,-0.9165,228.468,-0.46141,2.42319,-0.04844
-8.1763,-1.0933,228.742,-0.4657,2.4169,-0.05121
-8.2417,-0.9741,228.68,-0.46388,2.42566,-0.05057
-8.1889,-1.1465,228.693,-0.46882,2.42323,-0.05207
-8.0957,-1.2536,228.629,-0.47771,2.42218,-0.05214
-8.0689,-1.2062,228.531,-0.47695,2.42379,-0.05309
-8.0203,-1.0162,228.466,-0.46525,2.42832,-0.05678
-7.8647,-1.1285,228.545,-0.47067,2.41916,-0.06031
-7.937,-1.0209,228.361,-0.46846,2.43184,-0.05994
-7.9404,-1.0418,228.412,-0.46829,2.4352,-0.06339
-7.7051,-1.0058,228.441,-0.47136,2.43158,-0.06755
-7.6323,-0.9635,228.445,-0.46894,2.42981,-0.06583
-7.5546,-0.9739,228.383,-0.47644,2.43262,-0.06211
-7.2656,-1.0846,228.421,-0.48144,2.42075,-0.05856
-7.1555,-1.2002,228.34,-0.48403,2.42126,-0.05431
-7.1281,-1.4051,228.45,-0.49344,2.41238,-0.05247
-7.2237,-1.2653,228.493,-0.48023,2.41776,-0.05251
-7.3846,-1.2717,228.423,-0.48344,2.4185,-0.04774
-7.5868,-1.2248,228.342,-0.48472,2.42518,-0.04318
-7.6798,-1.2509,228.49,-0.47944,2.42036,-0.04277
-7.7686,-1.2872,228.592,-0.48172,2.42161,-0.03792
-7.8894,-1.3379,228.535,-0.48546,2.42539,-0.03442
-8.0956,-1.4297,228.534,-0.48503,2.42271,-0.03129
-8.4268,-1.2269,228.502,-0.47478,2.42822,-0.0327
-8.6459,-1.42,228.602,-0.47652,2.42903,-0.03464
-8.8537,-1.4423,228.675,-0.47757,2.44105,-0.03197
-8.7574,-1.6802,228.684,-0.47797,2.42683,-0.03351
-8.4729,-1.8931,228.638,-0.48012,2.41563,-0.0344
-8.3832,-1.8249,228.58,-0.47627,2.42184,-0.03547
-8.2758,-1.811,228.565,-0.46969,2.42076,-0.03957
-8.2272,-2.0668,228.736,-0.48498,2.41412,-0.04238
-8.4855,-2.1334,228.575,-0.49598,2.42723,-0.03947
-8.6991,-2.4915,228.515,-0.52127,2.44032,-0.03538
-8.8986,-2.6213,228.528,-0.53622,2.44118,-0.03956
-8.9766,-2.8879,228.315,-0.55469,2.43533,-0.03953
-9.1682,-3.0421,228.17,-0.57566,2.44164,-0.03695
-9.3308,-3.0396,228.344,-0.57723,2.44769,-0.0417
-9.4086,-3.0666,228.623,-0.57743,2.4532,-0.052
-9.4699,-2.9482,228.7,-0.57889,2.46228,-0.06273
-9.205,-2.5345,228.755,-0.56352,2.45431,-0.07974
-8.7175,-1.9945,228.766,-0.54305,2.44499,-0.09108
-8.2468,-1.5475,228.83,-0.53318,2.43329,-0.0931
-7.7397,-1.0708,228.624,-0.51507,2.42083,-0.09199
-7.2412,-0.9813,228.506,-0.50528,2.41135,-0.08825
-6.9972,-0.8615,228.412,-0.49782,2.40387,-0.08385
-7.0123,-0.9928,228.162,-0.50083,2.39973,-0.07345
-7.2317,-1.2262,228.596,-0.49089,2.40162,-0.06608
-7.5551,-1.1379,228.887,-0.47143,2.40589,-0.05687
-7.774,-1.3084,228.945,-0.47427,2.40758,-0.04639
-7.8216,-1.385,229.053,-0.47801,2.40948,-0.04428
-7.9467,-1.4581,228.96,-0.48164,2.41207,-0.03965
-8.0335,-1.4815,228.999,-0.47975,2.41304,-0.0356
-7.8965,-1.5362,229.224,-0.47404,2.39969,-0.04076
-7.9095,-1.3242,229.083,-0.46652,2.40326,-0.04323
-7.8773,-1.1982,228.859,-0.46903,2.40459,-0.04675
-7.7335,-1.2552,228.74,-0.47696,2.39308,-0.0518
-7.6896,-1.2301,228.705,-0.48102,2.39594,-0.0525
-7.6709,-1.2095,228.76,-0.47942,2.39313,-0.05273
-7.5883,-1.1621,228.684,-0.47726,2.39266,-0.05386
-7.4459,-1.2028,228.671,-0.47703,2.38672,-0.05518
-7.5381,-0.9405,228.57,-0.47164,2.39664,-0.05683
-7.3918,-0.9471,228.605,-0.47338,2.39122,-0.05944
-7.2807,-0.9619,228.808,-0.47213,2.38596,-0.06434
-7.395,-0.816,228.517,-0.48047,2.39249,-0.06588
-7.4634,-0.7976,228.263,-0.48188,2.39913,-0.06487
-7.7498,-1.0035,228.165,-0.49683,2.40203,-0.06405
-7.8479,-0.9896,228.065,-0.49909,2.40158,-0.06578
-7.8213,-0.7826,227.889,-0.48987,2.41048,-0.06486
-7.5252,-0.9079,228.043,-0.4809,2.39754,-0.07368
-7.5173,-0.9658,228,-0.48024,2.39958,-0.07912
-7.541,-0.9414,227.96,-0.4849,2.40014,-0.08254
-7.6355,-0.9341,227.758,-0.48529,2.40106,-0.08159
-7.6708,-0.9971,227.81,-0.47574,2.39317,-0.08384
-7.7485,-0.9626,227.943,-0.46983,2.39511,-0.08468
-7.855,-1.0309,227.843,-0.47755,2.40124,-0.08156
-8.0057,-1.0068,227.839,-0.47465,2.40108,-0.08101
-8.0055,-1.145,227.942,-0.47846,2.39506,-0.08368
-8.141,-1.027,227.864,-0.47368,2.40177,-0.08311
-8.2011,-0.8932,227.926,-0.46233,2.40553,-0.08492
-8.2194,-0.9178,227.904,-0.46198,2.40401,-0.08507
-8.1932,-1.0159,227.975,-0.4644,2.40027,-0.08621
-8.2253,-0.8856,228.062,-0.45927,2.40604,-0.08779
-8.1408,-1.0902,228.131,-0.46132,2.40299,-0.08657
-8.2703,-1.2097,228.041,-0.46806,2.40435,-0.08079
-8.357,-1.1318,228.025,-0.46197,2.40303,-0.0805
-8.3403,-1.1869,228.114,-0.46921,2.40158,-0.0808
-8.3747,-1.0428,228.011,-0.4634,2.40404,-0.08214
-8.3646,-0.9446,227.813,-0.45628,2.40627,-0.07963
-8.1799,-1.1212,228.11,-0.46107,2.38983,-0.08073
-8.1228,-1.0586,228.105,-0.46106,2.38733,-0.0805
-8.1209,-0.9619,228.081,-0.45625,2.39491,-0.07907
-8.2144,-1.0147,227.992,-0.46118,2.39442,-0.07946
-8.2206,-1.2091,228.139,-0.465,2.39349,-0.07924
-8.4681,-0.8741,228.198,-0.45185,2.40472,-0.08226
-8.5704,-0.8008,228.171,-0.45006,2.41325,-0.08279
-8.8396,-0.6771,228.076,-0.43906,2.4206,-0.08552
-8.9658,-0.6317,228.205,-0.4346,2.41767,-0.09053
-9.0037,-0.5899,228.392,-0.4256,2.4146,-0.09484
-9.0179,-0.5008,228.382,-0.41514,2.41375,-0.0987
-8.9023,-0.4634,228.44,-0.41435,2.40924,-0.10024
-8.9226,-0.2097,228.815,-0.39892,2.414,-0.09786
-8.9117,-0.3107,228.635,-0.4083,2.40861,-0.09457
-8.8356,-0.4048,228.449,-0.41362,2.41023,-0.09081
-8.7792,-0.5023,228.251,-0.42798,2.40924,-0.08563
-8.6365,-0.5398,228.295,-0.42614,2.40008,-0.08375
-8.7227,-0.4711,228.458,-0.43044,2.40304,-0.084
-8.8156,-0.3101,228.444,-0.41756,2.41503,-0.08325
-8.8283,-0.3029,228.69,-0.41718,2.41394,-0.08453
-8.9459,-0.2451,228.756,-0.40775,2.41694,-0.08623
-9.0216,-0.1463,228.687,-0.40501,2.4171,-0.08493
-9.1082,-0.0599,228.735,-0.40534,2.42439,-0.08426
-8.8882,-0.3041,228.882,-0.41265,2.41077,-0.08531
-8.9104,-0.3337,228.933,-0.41269,2.41309,-0.08074
-8.8024,-0.4686,228.841,-0.41758,2.40783,-0.07638
-8.8435,-0.4312,228.979,-0.41652,2.40523,-0.07776
-8.7103,-0.5672,229.075,-0.42046,2.40161,-0.07806
-8.5702,-0.6012,229.058,-0.43017,2.40495,-0.07314
-8.215,-0.5017,229.106,-0.4268,2.4,-0.07003
-7.8893,-0.6845,229.285,-0.4376,2.3883,-0.07061
-7.778,-0.667,228.988,-0.44756,2.38676,-0.0655
-7.6729,-0.6607,228.744,-0.45372,2.38777,-0.06297
-7.4353,-0.7357,228.955,-0.46109,2.38105,-0.0682
-7.4752,-0.6749,228.876,-0.46185,2.38109,-0.0696
-7.6429,-0.6497,228.65,-0.4633,2.39368,-0.06825
-7.6439,-0.6527,228.736,-0.45624,2.39459,-0.07071
-7.701,-0.72,228.8,-0.46145,2.4,-0.0733
-7.7707,-0.7907,228.731,-0.46208,2.40202,-0.07473
-7.8134,-0.9301,228.931,-0.46648,2.39649,-0.07705
-7.9024,-0.824,228.859,-0.4545,2.39643,-0.07704
-7.9312,-0.8504,228.989,-0.4488,2.39384,-0.07737
-8.0637,-0.6495,228.815,-0.45304,2.40009,-0.07218
-7.9113,-0.7051,228.928,-0.4501,2.38933,-0.07131
-7.8556,-0.6618,228.778,-0.45847,2.39308,-0.06824
-7.7469,-0.7494,228.885,-0.46902,2.39568,-0.07157
-7.657,-0.5762,229.007,-0.46318,2.39587,-0.07524
-7.5762,-0.6904,229.01,-0.47258,2.39159,-0.07207
-7.5907,-0.6713,228.738,-0.47543,2.39763,-0.06941
-7.5219,-0.6728,228.975,-0.47226,2.39471,-0.07023
-7.5031,-0.6876,228.814,-0.46693,2.399,-0.06729
-7.5026,-0.5207,228.909,-0.46035,2.40182,-0.06817
-7.4818,-0.6139,228.831,-0.46244,2.40288,-0.06805
-7.2992,-0.7983,228.953,-0.46486,2.38998,-0.07033
-7.3449,-0.5753,228.638,-0.46271,2.40033,-0.06947
-7.3467,-0.5786,228.744,-0.45249,2.40082,-0.07183
-7.2569,-0.8774,228.848,-0.46004,2.39309,-0.07336
-7.4658,-0.6748,228.625,-0.45825,2.40506,-0.0715
-7.4999,-0.6842,228.686,-0.45933,2.4086,-0.07169
-7.3969,-0.965,228.906,-0.46299,2.39332,-0.0733
-7.5269,-0.8576,228.644,-0.46004,2.40169,-0.07029
-7.5512,-0.7531,228.619,-0.46012,2.40363,-0.07125
-7.4695,-0.8007,228.564,-0.45853,2.40089,-0.07204
-7.4643,-0.799,228.515,-0.45349,2.3947,-0.07236
-7.4434,-0.771,228.509,-0.45035,2.3984,-0.07365
-7.4963,-0.6549,228.491,-0.44891,2.40465,-0.07225
-7.3779,-0.8233,228.623,-0.45123,2.3964,-0.07471
-7.3215,-0.6706,228.575,-0.44197,2.39623,-0.07446
-7.2833,-0.714,228.623,-0.44559,2.39617,-0.07541
-7.1738,-0.7587,228.891,-0.43885,2.38811,-0.07826
-7.3265,-0.4196,228.783,-0.42755,2.40346,-0.08019
-7.2978,-0.3489,228.806,-0.42576,2.39946,-0.08222
-7.1811,-0.4661,229.03,-0.42484,2.39536,-0.08541
-7.2609,-0.3211,229.085,-0.41368,2.40336,-0.08716
-7.3594,-0.2232,228.906,-0.4196,2.4085,-0.08669
-7.2989,-0.5461,228.87,-0.42956,2.39443,-0.0839
-7.3212,-0.4757,229.026,-0.41453,2.39729,-0.08675
-7.4164,-0.3092,228.745,-0.41565,2.40248,-0.08465
-7.4343,-0.396,228.751,-0.41996,2.39886,-0.08519
-7.3577,-0.5856,228.924,-0.42411,2.39436,-0.08586
-7.3959,-0.6103,228.909,-0.43087,2.39493,-0.08404
-7.5208,-0.4822,228.857,-0.42721,2.39958,-0.08225
-7.4427,-0.7258,229.063,-0.42924,2.39231,-0.08286
-7.6018,-0.5002,228.77,-0.42352,2.40509,-0.08013
-7.618,-0.5455,228.998,-0.42498,2.40165,-0.08109
-7.6338,-0.5778,228.999,-0.42128,2.39605,-0.08332
-7.6043,-0.7176,229.023,-0.43085,2.39958,-0.08212
-7.7239,-0.5009,228.706,-0.43032,2.40842,-0.08107
-7.631,-0.6687,228.884,-0.43869,2.39872,-0.08287
-7.6052,-0.7802,229.093,-0.43818,2.39953,-0.08547
-7.7421,-0.6212,228.962,-0.43862,2.40546,-0.08311
-7.7834,-0.6687,228.908,-0.43861,2.40731,-0.08223
-7.6781,-0.7405,229.001,-0.4338,2.39974,-0.08401
-7.6691,-0.7214,228.862,-0.43601,2.40126,-0.08413
-7.768,-0.7078,228.734,-0.44387,2.41016,-0.0812
-7.7033,-0.7593,229.097,-0.44215,2.39586,-0.08561
-7.7472,-0.7912,229.008,-0.44126,2.39756,-0.08387
-7.7966,-0.6848,228.992,-0.43341,2.39864,-0.08304
-7.8534,-0.8994,228.971,-0.44695,2.39985,-0.08085
-7.8932,-0.7677,228.962,-0.4389,2.4048,-0.08181
-7.9621,-0.668,228.899,-0.44219,2.41068,-0.08043
-7.9572,-0.5185,228.859,-0.43241,2.40741,-0.08364
-7.9984,-0.5217,228.89,-0.43316,2.4103,-0.08478
-8.0338,-0.5892,228.954,-0.44029,2.41518,-0.08243
-8.0259,-0.5066,228.899,-0.4338,2.4093,-0.08402
-7.8552,-0.7016,229.137,-0.43564,2.3971,-0.08701
-7.9716,-0.6565,228.964,-0.44095,2.40724,-0.08462
-8.0099,-0.5547,228.851,-0.43502,2.40519,-0.0839
-7.9518,-0.8025,229.069,-0.4426,2.39918,-0.0843
-7.931,-0.8494,229.143,-0.44519,2.39481,-0.0853
-8.0632,-0.6501,228.977,-0.44075,2.40418,-0.08281
-8.0552,-0.5825,229.01,-0.43362,2.40741,-0.08401
-7.8913,-0.6542,229.127,-0.43105,2.395,-0.08706
-7.9411,-0.4802,229.017,-0.42739,2.40397,-0.08874
-7.8891,-0.6778,229.229,-0.43153,2.40296,-0.08541
-7.848,-0.6129,229.39,-0.42234,2.3992,-0.08577
-7.8736,-0.5874,229.348,-0.42337,2.40672,-0.07936
-7.8704,-0.675,229.371,-0.42676,2.40086,-0.07983
-7.7766,-0.7071,229.716,-0.41982,2.40191,-0.08442
-7.9014,-0.4655,229.776,-0.4118,2.41253,-0.0856
-7.8631,-0.5028,230.003,-0.4072,2.40796,-0.09051
-7.8864,-0.4336,230.09,-0.39864,2.40662,-0.09427
-7.9981,-0.5039,230.339,-0.39313,2.40778,-0.09709
-8.2718,-0.1539,230.135,-0.37637,2.42931,-0.09811
-8.3441,-0.2175,230.371,-0.3674,2.42536,-0.1028
-8.5411,-0.1938,230.467,-0.36306,2.42521,-0.10541
-8.8599,-0.0326,230.503,-0.35356,2.443,-0.10194
-9.1825,-0.177,230.323,-0.36082,2.451,-0.09626
-9.3842,-0.3257,230.597,-0.358,2.44399,-0.10004
-9.7255,-0.0661,230.617,-0.34028,2.45614,-0.10045
-9.7704,-0.0972,231.062,-0.32721,2.46315,-0.109
-9.4523,-0.0598,231.195,-0.32857,2.45588,-0.11941
-9.0938,-0.1747,230.725,-0.35153,2.44864,-0.11394
-8.4593,-0.6703,231.175,-0.37555,2.43114,-0.10029
-7.9753,-1.2048,230.653,-0.4099,2.40881,-0.093
-7.7405,-1.2362,230.288,-0.41715,2.40152,-0.08048
-8.2556,-0.9736,229.409,-0.41479,2.41472,-0.07444
-8.2,-0.7138,229.565,-0.39523,2.41729,-0.08858
-7.8415,-0.3515,229.759,-0.37522,2.4096,-0.11292
-7.7341,-0.0828,229.76,-0.36214,2.4073,-0.12532
-7.7727,-0.0751,229.864,-0.35463,2.40678,-0.12541
-7.8918,-0.1635,229.932,-0.35814,2.40538,-0.1233
-8.1462,-0.2087,229.79,-0.36285,2.4135,-0.11659
-8.2443,-0.4192,229.832,-0.37084,2.40809,-0.11254
-8.2009,-0.471,230.139,-0.36256,2.4087,-0.11546
-8.1477,-0.3346,230.171,-0.35469,2.41231,-0.12167
-8.2143,-0.2679,229.993,-0.35387,2.41491,-0.12145
-8.4542,-0.47,229.888,-0.36711,2.41958,-0.12082
-8.4688,-0.4356,229.668,-0.36654,2.4218,-0.12112
-8.4291,-0.4586,229.505,-0.36205,2.41562,-0.12245
-8.4268,-0.7673,229.391,-0.38236,2.40796,-0.11843
-8.5351,-0.7075,229.023,-0.37164,2.40609,-0.11603
-8.7345,-0.8072,229,-0.37904,2.4105,-0.11332
-8.8827,-0.5873,228.699,-0.36459,2.40989,-0.11288
-6.8226,4.0352,186.317,-0.49496,2.51295,-0.06551
-5.6777,9.3141,185.654,-0.24674,2.37247,-0.04028
-10.3609,4.6916,203.129,-0.32586,2.48797,-0.00145
-8.8612,6.9529,190.631,-0.36367,2.4684,0.00939
-6.1775,7.1463,186.027,-0.32211,2.34122,-0.04375
-2.068,6.6983,171.426,-0.39031,2.23279,-0.10509
1.7126,6.6466,158.372,-0.41336,2.11888,-0.14559
5.9217,6.1895,142.916,-0.47745,1.94514,-0.14839
8.9818,4.8783,124.342,-0.60818,1.7745,-0.13712
10.7219,4.568,106.016,-0.64404,1.63184,-0.12511
9.5513,7.7748,91.2835,-0.40306,1.61688,-0.12237
7.1366,11.3059,75.2859,-0.00692,1.68012,-0.10635
5.7785,9.8342,49.9557,-0.04462,1.76552,-0.04162
10.9362,10.6734,13.1754,-1.01344,1.78572,0.00212
20.618,17.6609,-0.1332,-1.53713,1.48042,-0.12062
24.0275,23.7387,14.7057,-1.5477,1.10719,-0.26197
23.7508,29.1614,38.2072,-2.72885,1.47088,-0.49755
20.2189,30.5402,99.2633,-0.4487,1.11182,-0.48051
12.2925,24.324,124.088,-0.04074,1.345,-0.40038
4.0842,16.9199,147.019,0.13844,1.58528,-0.32998
-5.8451,6.2875,182.756,0.14973,1.98989,-0.22092
-11.6753,0.3931,217.333,-0.10588,2.35405,-0.14557
-12.6298,0.0978,228.573,-0.13387,2.52252,-0.12136
-12.1226,-1.0734,229.101,-0.2698,2.55563,-0.05319
-10.9855,-1.8651,226.688,-0.41849,2.52007,-0.01224
-10.1832,-2.1764,226.053,-0.4632,2.50337,-0.01125
-10.2802,-2.4081,226.703,-0.45622,2.51624,-0.03964
-10.51,-1.613,226.837,-0.4271,2.5171,-0.0606
-9.3308,-1.5201,227.276,-0.45616,2.5094,-0.04094
-9.3123,-1.9941,227.58,-0.47376,2.5355,-0.04849
-9.3081,-2.348,227.559,-0.5006,2.53853,-0.05145
-9.3359,-2.4565,227.485,-0.51489,2.53202,-0.05403
-9.3839,-2.3175,227.544,-0.52007,2.51406,-0.05338
-9.4775,-2.2779,227.704,-0.52439,2.49731,-0.04576
-9.6488,-2.4299,227.651,-0.52961,2.48845,-0.03765
-9.8241,-2.4026,227.484,-0.52241,2.49227,-0.03513
-10.1561,-2.4127,227.208,-0.53616,2.50995,-0.0296
-10.177,-2.8046,227.404,-0.55528,2.50202,-0.0271
-10.2468,-3.1355,227.392,-0.57572,2.50457,-0.01727
-10.3244,-3.2871,227.501,-0.59191,2.50753,-0.0092
-10.4795,-3.0011,227.429,-0.59556,2.51966,-0.01371
-10.5113,-2.8235,227.293,-0.58774,2.51245,-0.01941
-10.4734,-2.656,227.024,-0.57469,2.50746,-0.02137
-10.2919,-2.6746,227.052,-0.5632,2.49575,-0.02479
-10.2361,-2.7113,227.09,-0.55302,2.49064,-0.02879
-10.21,-2.501,226.964,-0.54164,2.50107,-0.03409
-10.2186,-2.282,226.961,-0.52733,2.50281,-0.03761
-10.2978,-2.0121,226.858,-0.51848,2.5011,-0.03798
-10.1402,-2.0994,227.075,-0.51632,2.51004,-0.03721
-10.099,-2.1377,227.213,-0.51151,2.50979,-0.03751
-10.2251,-2.1454,227.22,-0.51464,2.50254,-0.04049
-10.3017,-2.0318,227.22,-0.50773,2.49454,-0.04411
-10.4301,-2.2054,227.045,-0.52493,2.49391,-0.04296
-10.6234,-2.1621,227.111,-0.52829,2.50025,-0.04599
-10.7628,-2.4112,227.254,-0.54497,2.51098,-0.04418
-10.8317,-2.6767,227.669,-0.56108,2.51728,-0.04305
-10.8899,-2.7513,227.833,-0.56362,2.522,-0.0432
-10.9719,-2.7214,227.805,-0.56353,2.53261,-0.03935
-10.9827,-2.9273,227.891,-0.57066,2.53541,-0.03501
-10.9955,-2.9913,228.132,-0.57569,2.54644,-0.03262
-11.064,-2.9352,228.135,-0.57551,2.5574,-0.0323
-10.9979,-3.045,228.218,-0.57541,2.55358,-0.0365
-11.1345,-2.6039,227.846,-0.55022,2.56316,-0.0407
-11.1384,-2.664,227.73,-0.55382,2.56213,-0.04216
-11.1478,-2.8773,227.949,-0.55481,2.55635,-0.04341
-11.2452,-3.0266,227.91,-0.56036,2.55702,-0.04189
-11.435,-2.8967,227.853,-0.55507,2.56835,-0.04448
-11.5197,-3.1254,227.883,-0.56294,2.57218,-0.04635
-11.6504,-3.0527,227.971,-0.56817,2.57986,-0.04644
-11.6944,-2.8855,228.058,-0.55668,2.58654,-0.04964
-11.6761,-2.9756,228.165,-0.56279,2.59005,-0.05313
-11.7159,-2.7527,228.243,-0.55617,2.59821,-0.05696
-11.6573,-2.6722,228.221,-0.55379,2.59243,-0.05969
-11.51,-2.6563,228.208,-0.55299,2.58945,-0.05953
-11.4693,-2.5979,228.207,-0.55214,2.58996,-0.05869
-11.4961,-2.4481,228.136,-0.54698,2.59381,-0.05983
-11.4637,-2.4519,228.337,-0.54542,2.58292,-0.06164
-11.3993,-2.5495,228.359,-0.55398,2.57941,-0.06218
-11.2919,-2.6497,228.476,-0.56052,2.56893,-0.05892
-11.3081,-2.4715,228.319,-0.55427,2.57487,-0.05548
-11.2177,-2.6713,228.418,-0.56017,2.56305,-0.05529
-11.2297,-2.589,228.347,-0.55488,2.56567,-0.05543
-11.2295,-2.4045,228.29,-0.54502,2.56544,-0.05958
-11.2854,-2.2751,228.09,-0.53573,2.56448,-0.06407
-11.3241,-2.2261,228.08,-0.53895,2.56587,-0.06785
-11.3054,-2.2762,228.054,-0.53945,2.56032,-0.06958
-11.2944,-2.2289,227.968,-0.53572,2.56247,-0.07232
-11.2808,-2.1757,227.991,-0.53786,2.56602,-0.07412
-11.2338,-2.1973,227.961,-0.53962,2.56657,-0.0731
-11.0932,-2.3665,228.151,-0.54901,2.54619,-0.07236
-11.0543,-2.3308,227.951,-0.54782,2.54931,-0.06771
-10.9187,-2.4677,227.971,-0.5503,2.54728,-0.06689
-11.0061,-2.0512,227.852,-0.53056,2.5479,-0.06853
-11.0182,-1.9511,227.746,-0.52566,2.55184,-0.07018
-11.0296,-2.0012,227.739,-0.52672,2.54951,-0.07158
-10.9279,-1.8956,227.863,-0.51176,2.54438,-0.07618
-10.9513,-2.0361,227.812,-0.51993,2.54223,-0.07528
-11.0808,-1.778,227.72,-0.50904,2.54849,-0.07566
-11.0436,-1.9276,227.927,-0.5192,2.54333,-0.07558
-11.0767,-1.965,227.806,-0.52087,2.54788,-0.07356
-11.014,-2.1113,227.78,-0.52714,2.54449,-0.07412
-11.0278,-1.995,227.851,-0.51622,2.54695,-0.07528
-11.0684,-1.9961,227.76,-0.51808,2.54839,-0.07396
-11.0489,-2.1172,227.845,-0.52304,2.54466,-0.07416
-11.0501,-2.0475,227.878,-0.51936,2.54667,-0.07405
-11.105,-1.9495,227.732,-0.51907,2.55074,-0.07107
-11.1453,-1.9065,227.734,-0.51932,2.55288,-0.07042
-11.1285,-1.9503,227.731,-0.52219,2.55237,-0.07119
-10.9918,-2.0899,227.904,-0.5229,2.53941,-0.07294
-11.1761,-1.8858,227.684,-0.51885,2.55488,-0.07158
-11.1486,-1.9655,227.722,-0.52134,2.55306,-0.0723
-11.0655,-2.0157,227.869,-0.51838,2.54578,-0.0736
-11.1972,-1.7849,227.66,-0.51668,2.55487,-0.07162
-11.1312,-2.0016,227.92,-0.51936,2.54378,-0.07529
-11.1984,-1.9187,227.791,-0.51933,2.55584,-0.07371
-11.2799,-1.8974,227.646,-0.5205,2.55207,-0.07354
-11.2717,-1.9096,227.562,-0.52099,2.55616,-0.0737
-11.2147,-1.8679,227.72,-0.51413,2.54782,-0.0754
-11.2338,-1.9668,227.717,-0.52074,2.55118,-0.07388
-11.335,-1.7524,227.706,-0.51342,2.55761,-0.07302
-11.3066,-1.9022,227.844,-0.52106,2.5547,-0.07427
-11.3212,-1.8243,227.723,-0.51586,2.55506,-0.07514
-11.3353,-1.8943,227.735,-0.52014,2.55718,-0.07339
-11.2847,-1.8879,227.955,-0.51571,2.55194,-0.07645
-11.3124,-1.9889,227.857,-0.52258,2.55127,-0.07473
-11.3293,-1.8946,227.84,-0.52281,2.55417,-0.07347
-11.291,-1.9068,227.81,-0.52128,2.55596,-0.07332
-11.1845,-2.0858,227.971,-0.52567,2.54564,-0.07327
-11.1905,-2.0542,227.916,-0.52988,2.54625,-0.07135
-11.2418,-2.0097,227.985,-0.52646,2.55349,-0.07077
-11.2552,-1.9145,228.114,-0.52222,2.55239,-0.07152
-11.2821,-1.9998,228.07,-0.53241,2.55225,-0.06904
-11.2582,-2.0201,228.107,-0.5283,2.55235,-0.07146
-11.2794,-2.0373,228.049,-0.53431,2.55771,-0.06902
-11.2374,-2.0844,228.106,-0.53282,2.55382,-0.07056
-11.22,-2.1109,228.06,-0.53295,2.55049,-0.07169
-11.3458,-2.0248,227.933,-0.53126,2.56233,-0.07128
-11.2986,-2.1228,227.86,-0.53479,2.55987,-0.07198
-11.2399,-2.0227,227.961,-0.52096,2.5487,-0.07641
-11.1561,-2.2411,227.974,-0.54046,2.54289,-0.07332
-11.2335,-1.9287,227.928,-0.52543,2.54758,-0.07191
-11.1501,-2.0001,227.902,-0.53069,2.54756,-0.06996
-11.1927,-2.0396,227.955,-0.53299,2.55672,-0.06824
-11.1488,-2.0354,228.021,-0.53498,2.55703,-0.06616
-11.1161,-2.1305,228.106,-0.53453,2.54909,-0.06765
-11.1517,-2.2327,228.105,-0.54048,2.55289,-0.06808
-11.155,-2.2705,228.102,-0.54305,2.55723,-0.06761
-11.0637,-2.2613,228.241,-0.54095,2.55308,-0.07069
-11.0454,-2.3167,228.174,-0.55064,2.5565,-0.07073
-10.9842,-2.2614,228.351,-0.5562,2.55354,-0.07338
-10.8418,-2.1809,228.546,-0.54705,2.55019,-0.08022
-10.5724,-2.072,228.686,-0.54793,2.54302,-0.08456
-10.2215,-1.9124,228.528,-0.54468,2.53076,-0.08392
-9.8735,-1.6784,228.459,-0.52988,2.52317,-0.08103
-9.4557,-1.4608,227.864,-0.51768,2.50942,-0.06882
-9.0445,-1.3092,227.877,-0.50901,2.4854,-0.06384
-8.6784,-1.1907,227.652,-0.49923,2.47256,-0.05818
-8.3315,-1.0745,227.744,-0.49212,2.465,-0.05415
-8.037,-1.2762,227.793,-0.49599,2.44983,-0.04731
-7.9956,-1.1992,227.587,-0.49115,2.45233,-0.04329
-7.8054,-1.5046,227.699,-0.50085,2.442,-0.04278
-7.8743,-1.2552,227.499,-0.49429,2.4513,-0.04071
-7.7312,-1.4769,227.863,-0.49714,2.43599,-0.04474
-7.7892,-1.1953,227.724,-0.48493,2.44938,-0.04473
-7.7065,-1.3294,227.832,-0.48931,2.44403,-0.0447
-7.6896,-1.3381,227.965,-0.48386,2.4434,-0.04743
-7.8154,-1.3105,227.867,-0.48259,2.45154,-0.04589
-7.6721,-1.5228,228.228,-0.48157,2.45008,-0.05098
-7.7229,-1.447,228.321,-0.47683,2.45008,-0.05143
-7.7467,-1.4679,228.265,-0.47932,2.45063,-0.04885
-7.7524,-1.4654,228.255,-0.47368,2.45098,-0.04996
-7.8813,-1.311,228.288,-0.4709,2.46757,-0.04671
-7.7856,-1.3584,228.441,-0.4643,2.46628,-0.04719
-7.5948,-1.3326,228.456,-0.46189,2.4646,-0.04863
-7.568,-1.3115,228.382,-0.46362,2.46674,-0.04762
-7.5605,-1.3956,228.446,-0.46627,2.46467,-0.04829
-7.6062,-1.4768,228.401,-0.4707,2.45948,-0.04624
-7.709,-1.4069,228.484,-0.46466,2.45985,-0.04452
-7.845,-1.3338,228.436,-0.46363,2.46815,-0.04149
-7.9963,-1.1999,228.407,-0.46017,2.47221,-0.03894
-8.1222,-1.1938,228.329,-0.46144,2.47624,-0.03573
-8.2228,-1.1379,228.333,-0.46232,2.48317,-0.03268
-8.1547,-1.2535,228.538,-0.46005,2.47705,-0.03407
-8.2447,-1.2547,228.545,-0.46,2.48413,-0.03082
-8.265,-1.2505,228.649,-0.45703,2.49228,-0.0311
-8.2834,-1.219,228.526,-0.45491,2.49313,-0.02931
-8.3293,-1.1619,228.449,-0.45613,2.49227,-0.02601
-8.3218,-1.2183,228.646,-0.45659,2.4908,-0.02656
-8.2872,-1.3557,228.754,-0.46529,2.4834,-0.0252
-8.2702,-1.3166,228.962,-0.45665,2.48651,-0.02544
-8.2855,-1.3975,228.972,-0.45953,2.49085,-0.02215
-8.385,-1.2604,228.819,-0.45859,2.50246,-0.01942
-8.3798,-1.2618,228.922,-0.45798,2.49937,-0.01736
-8.3792,-1.3085,229.018,-0.46034,2.50219,-0.01578
-8.3374,-1.3586,228.898,-0.46524,2.50532,-0.013
-8.3615,-1.4212,228.882,-0.47163,2.50005,-0.01219
-8.3761,-1.3455,228.834,-0.46664,2.50326,-0.01283
-8.4266,-1.254,228.733,-0.46568,2.49785,-0.01417
-8.4679,-1.1636,228.719,-0.46185,2.49722,-0.0162
-8.4375,-1.2767,228.801,-0.46218,2.48728,-0.01892
-8.5686,-1.2287,228.689,-0.47127,2.49751,-0.01644
-8.6708,-1.0916,228.58,-0.46463,2.50012,-0.01617
-8.6706,-1.1374,228.59,-0.46828,2.49816,-0.0145
-8.6413,-1.2717,228.763,-0.47152,2.49419,-0.0147
-8.7067,-1.201,228.703,-0.47061,2.49461,-0.01543
-8.6748,-1.2435,228.614,-0.47279,2.49173,-0.01616
-8.6879,-1.3696,228.675,-0.47499,2.48539,-0.01779
-8.7238,-1.1228,228.544,-0.46253,2.48937,-0.01835
-8.7588,-1.1726,228.64,-0.46368,2.49453,-0.02085
-8.6401,-1.3247,228.643,-0.46386,2.48573,-0.02364
-8.6678,-1.2326,228.527,-0.46526,2.48549,-0.0242
-8.7107,-1.088,228.492,-0.46033,2.48673,-0.0249
-8.7014,-1.1964,228.521,-0.46468,2.48763,-0.02328
-8.6296,-1.3229,228.699,-0.46426,2.47917,-0.02143
-8.6185,-1.3586,228.667,-0.46468,2.47888,-0.02003
-8.7094,-1.0489,228.571,-0.45458,2.48722,-0.01904
-8.718,-1.1235,228.553,-0.45885,2.4848,-0.01634
-8.6308,-1.279,228.734,-0.45996,2.4784,-0.01712
-8.7033,-1.1424,228.51,-0.45858,2.48481,-0.01465
-8.6686,-1.3333,228.559,-0.46856,2.48369,-0.01321
-8.7518,-1.1961,228.469,-0.46886,2.48745,-0.01223
-8.6855,-1.3419,228.549,-0.47152,2.47949,-0.01237
-8.7403,-1.1324,228.551,-0.45979,2.4832,-0.01291
-8.7082,-1.2394,228.539,-0.46377,2.4842,-0.01206
-8.6921,-1.2582,228.503,-0.46767,2.47943,-0.01202
-8.8473,-1.0951,228.3,-0.46908,2.49077,-0.0093
-8.7004,-1.2605,228.663,-0.46216,2.47705,-0.01357
-8.7753,-1.1134,228.455,-0.46156,2.48297,-0.01076
-8.8946,-0.9725,228.272,-0.46235,2.49013,-0.00926
-8.8074,-1.0316,228.396,-0.45925,2.48412,-0.01217
-8.6864,-1.244,228.672,-0.46501,2.47707,-0.01355
-8.6815,-1.2388,228.725,-0.46665,2.4744,-0.0157
-8.7015,-1.1382,228.596,-0.46317,2.47825,-0.01503
-8.7205,-1.2463,228.691,-0.46973,2.47799,-0.01579
-8.8042,-1.0177,228.452,-0.46378,2.48549,-0.01565
-8.7312,-1.1014,228.562,-0.45726,2.4819,-0.01778
-8.7602,-1.081,228.565,-0.45963,2.48219,-0.01908
-8.829,-1.0709,228.532,-0.4637,2.49001,-0.01837
-8.8282,-1.0311,228.446,-0.46065,2.49426,-0.01757
-8.8407,-1.0631,228.599,-0.4647,2.49121,-0.01815
-8.8601,-0.9848,228.425,-0.46051,2.49274,-0.01857
-8.8021,-0.934,228.445,-0.45444,2.49037,-0.02058
-8.7453,-1.0592,228.606,-0.45718,2.48146,-0.02055
-8.663,-1.2854,228.715,-0.46772,2.47895,-0.02019
-8.7487,-1.0517,228.628,-0.45974,2.49282,-0.0194
-8.7391,-1.0885,228.57,-0.45458,2.48932,-0.01972
-8.8233,-1.0386,228.517,-0.46211,2.49554,-0.01739
-8.7654,-1.0489,228.542,-0.45974,2.49138,-0.01688
-8.7964,-1.0313,228.466,-0.46167,2.49899,-0.017
-8.7459,-1.1477,228.538,-0.46454,2.4915,-0.01621
-8.7531,-1.0416,228.506,-0.45599,2.49153,-0.0173
-8.7328,-1.1461,228.445,-0.4642,2.4907,-0.01713
-8.7138,-1.1244,228.646,-0.46049,2.48695,-0.01885
-8.8174,-1.0664,228.583,-0.46043,2.49762,-0.0174
-8.785,-1.0979,228.506,-0.46111,2.48772,-0.01673
-8.8079,-1.0692,228.575,-0.46337,2.48796,-0.01686
-8.7401,-1.2398,228.708,-0.4691,2.48062,-0.0154
-8.6946,-1.1992,228.668,-0.46607,2.47664,-0.01599
-8.7572,-1.0781,228.59,-0.4621,2.48366,-0.01632
-8.754,-1.0355,228.641,-0.46195,2.48304,-0.01593
-8.7393,-1.1818,228.671,-0.46717,2.48186,-0.01522
-8.7247,-1.1685,228.645,-0.4653,2.48173,-0.01425
-8.7595,-1.0932,228.714,-0.46165,2.48447,-0.01435
-8.7165,-1.1512,228.683,-0.46481,2.4815,-0.01538
-8.6676,-1.0911,228.686,-0.46036,2.48217,-0.01606
-8.7117,-1.2766,228.637,-0.47076,2.4832,-0.01301
-8.7035,-1.1069,228.803,-0.45925,2.48173,-0.01612
-8.7212,-1.1608,228.643,-0.46559,2.48018,-0.01425
-8.6873,-1.2995,228.6,-0.47429,2.48363,-0.01425
-8.707,-1.1774,228.697,-0.46517,2.48109,-0.01475
-8.7198,-1.1187,228.637,-0.45936,2.47973,-0.016
-8.7205,-1.0925,228.741,-0.45594,2.48119,-0.01697
-8.7565,-1.1218,228.619,-0.45843,2.48813,-0.01663
-8.6772,-1.2068,228.699,-0.45933,2.47622,-0.01791
-8.7555,-1.1787,228.496,-0.46783,2.48294,-0.01376
-8.7228,-1.1812,228.7,-0.46696,2.47919,-0.0167
-8.799,-1.0466,228.549,-0.46434,2.48882,-0.01456
-8.7446,-1.1998,228.674,-0.46378,2.4854,-0.01547
-8.7495,-1.0502,228.679,-0.45463,2.4846,-0.01714
-8.7079,-1.1305,228.726,-0.45817,2.48133,-0.01638
-8.7082,-1.3451,228.728,-0.4689,2.48291,-0.01504
-8.7324,-1.2103,228.817,-0.46807,2.48305,-0.01542
-8.7693,-1.1179,228.685,-0.458,2.49328,-0.01462
-8.8207,-1.0324,228.467,-0.46225,2.49656,-0.01266
-8.7986,-1.1137,228.579,-0.46328,2.49395,-0.01347
-8.6648,-1.2169,228.75,-0.46476,2.47975,-0.01593
-8.6723,-1.2086,228.56,-0.46456,2.48284,-0.0146
-8.7819,-1.0053,228.461,-0.45768,2.49037,-0.01414
-8.7769,-1.0406,228.522,-0.45685,2.49283,-0.01354
-8.7415,-1.1635,228.633,-0.46133,2.48665,-0.01458
-8.7647,-1.1485,228.653,-0.46373,2.48708,-0.01438
-8.748,-1.1561,228.593,-0.46394,2.49086,-0.01322
-8.7427,-1.0589,228.706,-0.45332,2.48525,-0.01641
-8.7591,-1.1145,228.618,-0.46336,2.48954,-0.01432
-8.6702,-1.1862,228.773,-0.46066,2.48158,-0.01657
-8.7199,-1.1285,228.716,-0.45988,2.4872,-0.0154
-8.7483,-1.1043,228.643,-0.4667,2.4901,-0.01437
-8.7491,-1.0493,228.655,-0.46078,2.48707,-0.01551
-8.7405,-1.1649,228.701,-0.4643,2.48836,-0.01591
-8.7466,-1.2198,228.608,-0.4646,2.48568,-0.01383
-8.7169,-1.1679,228.749,-0.46094,2.47946,-0.01538
-8.7604,-1.0382,228.508,-0.45419,2.48796,-0.01378
-8.6814,-1.2299,228.695,-0.46436,2.4785,-0.01481
-8.6909,-1.1114,228.686,-0.45784,2.48642,-0.01556
-8.7233,-1.1632,228.714,-0.46363,2.48711,-0.01417
-8.7027,-1.187,228.779,-0.4647,2.48842,-0.01572
-8.7845,-1.0834,228.645,-0.46061,2.49132,-0.01375
-8.7658,-1.1004,228.54,-0.46123,2.4887,-0.01465
-8.7937,-0.9388,228.461,-0.45691,2.49338,-0.01343
-8.7014,-1.1269,228.674,-0.46113,2.48702,-0.01539
-8.6655,-1.2982,228.66,-0.46369,2.48656,-0.01388
-8.7037,-1.1641,228.702,-0.45993,2.48781,-0.01414
-8.7537,-1.1655,228.572,-0.46425,2.48684,-0.01207
-8.7749,-1.0267,228.483,-0.45966,2.49398,-0.01223
-8.7593,-1.0307,228.582,-0.45754,2.49297,-0.01355
-8.706,-1.2025,228.646,-0.46326,2.48607,-0.01426
-8.729,-1.156,228.653,-0.45867,2.48874,-0.01329
-8.7158,-1.1305,228.696,-0.45924,2.48627,-0.01405
-8.7016,-1.1746,228.858,-0.45767,2.48284,-0.01582
-8.7399,-1.0199,228.675,-0.45338,2.48792,-0.01501
-8.7209,-1.121,228.647,-0.45785,2.48417,-0.0152
-8.7542,-1.0522,228.517,-0.45419,2.49015,-0.01339
-8.7654,-1.1205,228.692,-0.46106,2.48507,-0.0139
-8.6944,-1.1839,228.555,-0.46348,2.48421,-0.01355
-8.7343,-1.102,228.557,-0.46491,2.48725,-0.01329
-8.7813,-0.9935,228.389,-0.45481,2.48692,-0.0133
-8.7042,-1.0255,228.54,-0.45315,2.4849,-0.01531
-8.7559,-0.9965,228.575,-0.45454,2.48841,-0.01455
-8.7375,-1.0851,228.699,-0.45893,2.48885,-0.0159
-8.6662,-1.1502,228.735,-0.46018,2.48352,-0.01448
-8.6835,-1.2272,228.744,-0.46744,2.48059,-0.01446
-8.7334,-1.1524,228.763,-0.46191,2.48915,-0.01439
-8.7586,-1.0867,228.57,-0.46456,2.4926,-0.01231
-8.7173,-1.1392,228.61,-0.45953,2.48325,-0.01405
-8.7444,-1.1191,228.641,-0.4634,2.48771,-0.01368
-8.6995,-1.1752,228.707,-0.46334,2.48231,-0.0138
-8.7076,-1.124,228.709,-0.464,2.48393,-0.01415
-8.6917,-1.1477,228.668,-0.4581,2.48299,-0.01336
-8.6894,-1.0348,228.753,-0.45365,2.48108,-0.01649
-8.7891,-1.0428,228.596,-0.46128,2.48885,-0.01221
-8.7326,-1.243,228.775,-0.46963,2.48316,-0.01299
-8.7427,-1.0931,228.697,-0.46078,2.48702,-0.01442
-8.7162,-1.1359,228.754,-0.46063,2.47909,-0.01512
-8.6929,-1.1064,228.687,-0.45737,2.48275,-0.01442
-8.757,-1.0933,228.669,-0.46382,2.48262,-0.01286
-8.7338,-1.0652,228.574,-0.45573,2.48514,-0.01509
-8.7232,-1.1127,228.64,-0.46004,2.48823,-0.01291
-8.8015,-1.0333,228.614,-0.45904,2.48897,-0.01304
-8.7096,-1.0696,228.638,-0.45834,2.48213,-0.01515
-8.721,-1.1013,228.674,-0.45799,2.49072,-0.01351
-8.6842,-1.1781,228.704,-0.46003,2.48394,-0.01484
-8.6752,-1.1773,228.801,-0.45766,2.48248,-0.01488
-8.7226,-1.1929,228.738,-0.46293,2.4876,-0.01351
-8.7397,-1.1703,228.821,-0.46077,2.48537,-0.01449
-8.7714,-1.0206,228.666,-0.4558,2.49118,-0.01327
-8.7768,-1.057,228.541,-0.4633,2.49395,-0.01235
-8.7473,-1.1362,228.531,-0.46273,2.49037,-0.01245
-8.7502,-1.075,228.559,-0.45808,2.49259,-0.01273
-8.7355,-1.11,228.746,-0.45683,2.48803,-0.01405
-8.7444,-1.1205,228.565,-0.45652,2.4901,-0.01428
-8.7133,-1.1849,228.685,-0.46049,2.48478,-0.01419
-8.7145,-1.0963,228.745,-0.45963,2.48684,-0.0153
-8.7294,-1.113,228.736,-0.46126,2.49074,-0.01342
-8.7664,-1.0997,228.576,-0.46015,2.49086,-0.01205
-8.7385,-1.1245,228.752,-0.4596,2.49015,-0.01449
-8.6406,-1.273,228.857,-0.46244,2.48039,-0.0147
-8.7385,-1.0532,228.791,-0.45482,2.4891,-0.01499
-8.7838,-1.0897,228.728,-0.46063,2.49387,-0.01168
-8.7159,-1.1689,228.717,-0.46045,2.4882,-0.01281
-8.6991,-1.148,228.692,-0.46211,2.48735,-0.01303
-8.7212,-1.2711,228.808,-0.46976,2.48688,-0.01211
-8.7493,-1.1026,228.658,-0.46299,2.48742,-0.0124
-8.7208,-1.0523,228.703,-0.45588,2.49022,-0.01342
-8.7214,-1.1195,228.671,-0.46361,2.48716,-0.01224
-8.7308,-1.1968,228.743,-0.46148,2.48982,-0.01296
-8.7819,-1.0936,228.548,-0.46249,2.49728,-0.01137
-8.7849,-1.0294,228.64,-0.46072,2.49572,-0.01232
-8.7416,-1.1331,228.533,-0.46429,2.4927,-0.0119
-8.7285,-1.1537,228.704,-0.46212,2.48607,-0.01414
-8.6863,-1.2402,228.75,-0.46627,2.48851,-0.01317
-8.7243,-1.2069,228.73,-0.46441,2.48359,-0.01248
-8.7791,-1.1213,228.688,-0.46587,2.49008,-0.01099
-8.7537,-1.2267,228.709,-0.47148,2.48758,-0.01075
-8.7333,-1.224,228.633,-0.47103,2.48789,-0.01002
-8.793,-1.0743,228.618,-0.46608,2.48785,-0.01124
-8.7403,-1.1715,228.811,-0.46043,2.48691,-0.01292
-8.7167,-1.2851,228.727,-0.46688,2.48366,-0.01306
-8.8197,-1.0322,228.552,-0.45795,2.49219,-0.01166
-8.7691,-1.128,228.594,-0.46636,2.49241,-0.01155
-8.7287,-1.1945,228.718,-0.465,2.49176,-0.01379
-8.7379,-1.2813,228.691,-0.46873,2.48901,-0.01141
-8.8134,-0.9422,228.581,-0.45631,2.49901,-0.01144
-8.7407,-1.1512,228.635,-0.46607,2.49176,-0.01095
-8.7391,-1.0616,228.765,-0.45677,2.49024,-0.013
-8.6607,-1.1887,228.792,-0.4596,2.48377,-0.01306
-8.6682,-1.2332,228.853,-0.46383,2.48626,-0.01274
-8.708,-1.1831,228.851,-0.45733,2.48183,-0.01411
-8.7258,-1.0832,228.841,-0.45711,2.48593,-0.01414
-8.6879,-1.1356,228.885,-0.45619,2.48651,-0.01375
-8.8187,-1.0286,228.58,-0.46308,2.49746,-0.00999
-8.7898,-1.0984,228.617,-0.46744,2.49599,-0.01128
-8.8156,-1.0674,228.589,-0.46343,2.49644,-0.01013
-8.7434,-1.098,228.744,-0.46084,2.49328,-0.01239
-8.7242,-1.2525,228.862,-0.46658,2.48743,-0.01292
-8.7829,-1.0862,228.626,-0.46454,2.4946,-0.01109
-8.7763,-1.0854,228.584,-0.46531,2.49776,-0.01134
-8.6917,-1.1616,228.794,-0.46009,2.48456,-0.01368
-8.76,-1.0997,228.708,-0.46015,2.48998,-0.01278
-8.7192,-1.229,228.785,-0.46503,2.48549,-0.01325
-8.7208,-1.2044,228.849,-0.46248,2.48712,-0.01416
-8.77,-1.1326,228.701,-0.46313,2.48773,-0.01233
-8.8544,-0.9426,228.495,-0.46062,2.50069,-0.0101
-8.698,-1.3015,228.792,-0.46632,2.48861,-0.01167
-8.7752,-1.1467,228.592,-0.46894,2.49593,-0.00953
-8.7914,-0.968,228.554,-0.45563,2.49658,-0.01095
-8.7844,-1.0844,228.653,-0.46213,2.49761,-0.00986
-8.6673,-1.3018,228.729,-0.46871,2.4903,-0.01146
-8.7683,-1.0486,228.602,-0.45863,2.49563,-0.01043
-8.7516,-1.1969,228.724,-0.4655,2.49232,-0.01091
-8.7734,-1.1041,228.619,-0.46467,2.49628,-0.01027
-8.7185,-1.1354,228.742,-0.46515,2.48786,-0.01189
-8.719,-1.1198,228.763,-0.46209,2.49198,-0.0121
-8.6615,-1.2661,228.862,-0.46689,2.4838,-0.01186
-8.7814,-0.9621,228.608,-0.45386,2.49394,-0.01122
-8.7325,-1.1211,228.711,-0.45756,2.48752,-0.01274
-8.7252,-1.0541,228.667,-0.45887,2.49257,-0.01165
-8.7114,-1.1108,228.685,-0.46161,2.49058,-0.01075
-8.7227,-1.2158,228.657,-0.46846,2.4913,-0.00929
-8.7688,-1.0657,228.609,-0.46312,2.49428,-0.01002
-8.7301,-1.1874,228.683,-0.46507,2.48827,-0.01027
-8.7683,-1.1464,228.634,-0.46641,2.49283,-0.0097
-8.7059,-1.0685,228.63,-0.45716,2.49036,-0.01177
-8.6746,-1.2977,228.748,-0.47125,2.49063,-0.01166
-8.7256,-1.251,228.83,-0.46752,2.48708,-0.01191
-8.7129,-1.1057,228.746,-0.45645,2.48982,-0.01339
-8.6993,-1.2906,228.826,-0.46538,2.48341,-0.01383
-8.727,-1.051,228.717,-0.45778,2.48598,-0.01369
-8.6836,-1.1988,228.818,-0.46072,2.4849,-0.01279
-8.7495,-1.1507,228.679,-0.46528,2.49213,-0.01077
-8.7261,-1.2293,228.71,-0.46615,2.48754,-0.01044
-8.7819,-1.0752,228.642,-0.45544,2.49403,-0.01215
-8.7638,-1.139,228.621,-0.46179,2.49113,-0.01052
-8.7454,-1.0912,228.701,-0.46258,2.49161,-0.01215
-8.7536,-1.0925,228.663,-0.45749,2.48704,-0.01274
-8.7631,-1.1671,228.591,-0.46671,2.49414,-0.01094
-8.7139,-1.1707,228.67,-0.46328,2.48533,-0.01184
-8.7356,-1.2796,228.671,-0.4729,2.48317,-0.01097
-8.7611,-1.1478,228.665,-0.46535,2.48717,-0.01151
-8.704,-1.1175,228.663,-0.46106,2.48502,-0.01307
-8.7092,-1.1939,228.711,-0.46052,2.48481,-0.0131
-8.7377,-1.106,228.646,-0.45903,2.48925,-0.01182
-8.7587,-1.08,228.68,-0.45828,2.49118,-0.01246
-8.715,-1.0085,228.698,-0.45267,2.48751,-0.01323
-8.7485,-1.1219,228.624,-0.46558,2.49223,-0.01086
-8.7107,-1.1759,228.675,-0.46492,2.48653,-0.01144
-8.6872,-1.1302,228.744,-0.45926,2.48298,-0.01221
-8.7586,-1.1645,228.625,-0.46253,2.49237,-0.01122
-8.7632,-1.0943,228.659,-0.46123,2.49237,-0.0103
-8.6899,-1.3033,228.756,-0.46927,2.48431,-0.01052
-8.707,-1.2082,228.766,-0.46488,2.48264,-0.0116
-8.7145,-1.1715,228.647,-0.46387,2.48071,-0.01141
-8.7697,-1.0137,228.657,-0.45789,2.49219,-0.01137
-8.7846,-0.9744,228.644,-0.45575,2.49235,-0.0118
-8.6887,-1.0905,228.744,-0.45838,2.48677,-0.01422
-8.6276,-1.3456,228.902,-0.4655,2.47697,-0.01289
-8.6812,-1.2422,228.806,-0.46327,2.48033,-0.01302
-8.7063,-1.285,228.798,-0.47047,2.4865,-0.01169
-8.7761,-1.0517,228.708,-0.4586,2.49187,-0.01275
-8.74,-1.1125,228.758,-0.46111,2.48881,-0.01222
-8.7328,-1.1184,228.688,-0.46213,2.48646,-0.0113
-8.7525,-1.1277,228.771,-0.46074,2.48545,-0.01184
-8.7054,-1.1612,228.751,-0.46434,2.48261,-0.01074
-8.6996,-1.2672,228.802,-0.46856,2.48073,-0.01155
-8.6905,-1.0511,228.78,-0.45662,2.48419,-0.01255
-8.6826,-1.2171,228.805,-0.46105,2.4855,-0.01218
-8.7032,-1.3209,228.861,-0.47173,2.4867,-0.01054
-8.6859,-1.0866,228.776,-0.45259,2.48341,-0.01384
-8.735,-1.0796,228.773,-0.45681,2.48812,-0.01174
-8.714,-1.1859,228.756,-0.46229,2.48787,-0.01144
-8.7038,-1.2609,228.767,-0.46559,2.48559,-0.01149
-8.7305,-1.2529,228.778,-0.46758,2.48726,-0.01083
-8.7303,-1.1955,228.695,-0.46844,2.49002,-0.01129
-8.7814,-1.1059,228.628,-0.46872,2.49903,-0.00843
-8.7488,-1.1033,228.645,-0.46369,2.49222,-0.01031
-8.7712,-0.9678,228.752,-0.44972,2.49307,-0.01325
-8.7562,-1.1399,228.782,-0.46183,2.49257,-0.01064
-8.7537,-1.1152,228.755,-0.46122,2.49361,-0.01107
-8.6765,-1.1769,228.863,-0.45939,2.48594,-0.01285
-8.6417,-1.3537,229.002,-0.4669,2.48205,-0.01323
-8.7391,-1.1127,228.876,-0.45355,2.4936,-0.01312
-8.753,-1.1487,228.82,-0.45951,2.48877,-0.0109
-8.7327,-1.1966,228.725,-0.46665,2.48663,-0.01106
-8.7591,-1.1284,228.734,-0.45987,2.48945,-0.01088
-8.7733,-1.0517,228.698,-0.45944,2.49196,-0.01014
-8.7815,-1.1266,228.74,-0.46224,2.49245,-0.01069
-8.8291,-1.1287,228.665,-0.46728,2.49774,-0.00907
-8.6952,-1.2252,228.857,-0.4655,2.48312,-0.01229
-8.6464,-1.241,228.847,-0.46159,2.47789,-0.01295
-8.6815,-1.1994,228.827,-0.45998,2.48022,-0.01326
-8.7719,-1.2078,228.681,-0.46935,2.4886,-0.00971
-8.7627,-1.0799,228.747,-0.45783,2.4869,-0.01157
-8.76,-1.1663,228.652,-0.45946,2.48574,-0.01115
-8.7299,-1.1309,228.667,-0.46271,2.48658,-0.0105
-8.7137,-1.1739,228.774,-0.46117,2.4854,-0.01188
-8.6884,-1.128,228.768,-0.45819,2.48245,-0.0131
-8.6912,-1.2324,228.939,-0.46201,2.47694,-0.01345
-8.7697,-1.1095,228.85,-0.46141,2.4862,-0.01259
-8.6887,-1.2386,228.785,-0.46502,2.48219,-0.0119
-8.8071,-1.0485,228.692,-0.45954,2.49233,-0.01041
-8.7442,-1.0793,228.773,-0.45811,2.48565,-0.01215
-8.728,-1.1353,228.796,-0.46295,2.48409,-0.01337
-8.7503,-1.1198,228.745,-0.46113,2.4828,-0.01237
-8.8173,-0.8483,228.701,-0.44787,2.49311,-0.01312
-8.767,-1.1035,228.77,-0.45995,2.48725,-0.01299
-8.7268,-1.2328,228.8,-0.46245,2.48502,-0.01292
-8.8417,-0.9794,228.613,-0.45825,2.49615,-0.01106
-8.7206,-1.2674,228.864,-0.46978,2.48541,-0.01003
-8.7331,-1.2336,228.849,-0.46706,2.48555,-0.01115
-8.7877,-1.1636,228.798,-0.46421,2.49212,-0.01073
-8.807,-1.0312,228.714,-0.45742,2.49332,-0.0114
-8.6954,-1.1703,228.796,-0.46386,2.48268,-0.01171
-8.7782,-1.1848,228.729,-0.46874,2.48899,-0.0101
-8.7786,-1.0822,228.74,-0.46112,2.48765,-0.01114
-8.7745,-1.0269,228.725,-0.45936,2.48706,-0.01116
-8.7795,-1.1152,228.689,-0.46097,2.48982,-0.01057
-8.7726,-1.1006,228.722,-0.45958,2.48867,-0.01054
-8.7623,-1.1554,228.805,-0.46525,2.48803,-0.0107
-8.7658,-1.1776,228.68,-0.4632,2.48819,-0.01068
-8.6923,-1.2225,228.942,-0.46336,2.48384,-0.01349
-8.7969,-1.0596,228.769,-0.46117,2.492,-0.01093
-8.7831,-1.0684,228.759,-0.46105,2.48808,-0.01026
-8.7781,-1.1686,228.706,-0.46827,2.48475,-0.00997
-8.6921,-1.1922,228.803,-0.46307,2.48489,-0.01071
-8.7894,-1.0779,228.857,-0.45711,2.48693,-0.01262
-8.7988,-1.2188,228.819,-0.46984,2.48702,-0.00987
-8.8107,-1.1025,228.796,-0.46186,2.49123,-0.01177
-8.7148,-1.2229,228.816,-0.45984,2.48725,-0.01218
-8.7895,-1.1236,228.743,-0.45987,2.49135,-0.01146
-8.7588,-1.0592,228.694,-0.45548,2.4854,-0.01207
-8.7443,-1.1911,228.756,-0.46548,2.48728,-0.01156
-8.6818,-1.2646,228.983,-0.46081,2.48017,-0.01459
-8.7837,-1.101,228.746,-0.45959,2.48576,-0.01161
-8.8052,-1.1,228.602,-0.46668,2.48877,-0.01012
-8.741,-1.1747,228.905,-0.45921,2.47763,-0.01402
-8.7264,-1.0799,228.947,-0.45779,2.4812,-0.01348
-8.6668,-1.269,228.97,-0.45919,2.4786,-0.01325
-8.7711,-1.0908,228.782,-0.45842,2.48349,-0.01256
-8.6876,-1.2538,228.851,-0.4639,2.47614,-0.01275
-8.779,-1.1335,228.735,-0.46429,2.48297,-0.0119
-8.7385,-1.1429,228.794,-0.46327,2.4804,-0.0126
-8.6885,-1.3974,228.919,-0.47059,2.47852,-0.01272
-8.7491,-1.14,228.723,-0.4629,2.4844,-0.01199
-8.6964,-1.3684,228.863,-0.47229,2.47744,-0.01114
-8.7143,-1.3597,228.827,-0.46927,2.47771,-0.0114
-8.7493,-1.2129,228.799,-0.46313,2.48459,-0.0109
-8.7015,-1.3046,228.908,-0.46763,2.4789,-0.01141
-8.7101,-1.3558,228.785,-0.4707,2.47603,-0.01116
-8.8239,-1.2226,228.72,-0.47085,2.49249,-0.00891
-8.7677,-1.1941,228.799,-0.46236,2.48874,-0.01179
-8.7396,-1.1623,228.726,-0.45664,2.48542,-0.0128
-8.7824,-1.0055,228.746,-0.45857,2.48965,-0.01209
-8.8598,-0.9383,228.586,-0.45799,2.49767,-0.01102
-8.8028,-1.0183,228.668,-0.4578,2.4929,-0.01125
-8.6715,-1.2554,228.888,-0.46043,2.48158,-0.01305
-8.696,-1.283,228.918,-0.46534,2.48547,-0.01284
-8.8097,-1.0974,228.691,-0.46465,2.49191,-0.01135
-8.7481,-1.2569,228.844,-0.46824,2.48861,-0.01177
-8.7341,-1.176,228.912,-0.46478,2.48572,-0.01327
-8.7397,-1.3364,228.9,-0.47417,2.48653,-0.0111
-8.6518,-1.4531,229.016,-0.47648,2.4793,-0.01152
-8.7735,-1.1432,228.909,-0.45947,2.48924,-0.01214
-8.7416,-1.1881,228.809,-0.46415,2.49071,-0.01159
-8.704,-1.2087,228.982,-0.46365,2.48349,-0.0126
-8.7318,-1.3266,228.779,-0.47207,2.48789,-0.0088
-8.7093,-1.1487,228.897,-0.45962,2.48817,-0.01124
-8.7065,-1.2493,228.828,-0.46728,2.48675,-0.01048
-8.7387,-1.1987,228.775,-0.46697,2.48822,-0.0103
-8.7878,-1.1039,228.721,-0.46284,2.49334,-0.00997
-8.7891,-1.0928,228.689,-0.46456,2.49513,-0.00926
-8.7235,-1.2276,228.803,-0.4639,2.4863,-0.01028
-8.7233,-1.2054,228.732,-0.46146,2.48653,-0.01032
-8.7558,-1.1013,228.756,-0.45563,2.49018,-0.01083
-8.7802,-1.234,228.786,-0.46435,2.49396,-0.00941
-8.7965,-1.1023,228.833,-0.46076,2.49158,-0.01043
-8.7664,-1.1774,228.882,-0.46832,2.49344,-0.01059
-8.7936,-1.1459,228.82,-0.46779,2.48926,-0.00995
-8.792,-1.0712,228.708,-0.45534,2.49324,-0.01169
-8.8072,-1.0197,228.715,-0.45797,2.49126,-0.01197
-8.7628,-1.0847,228.85,-0.46019,2.48684,-0.01279
-8.804,-0.9529,228.731,-0.45753,2.49746,-0.01077
-8.7649,-1.0764,228.67,-0.46414,2.49061,-0.0105
-8.7749,-1.0031,228.752,-0.45984,2.49818,-0.01042
-8.7993,-1.0968,228.676,-0.46474,2.49846,-0.00838
-8.7722,-1.2123,228.85,-0.47136,2.4924,-0.00917
-8.7116,-1.2691,228.871,-0.46918,2.48652,-0.00915
-8.7392,-1.1447,228.699,-0.46534,2.49224,-0.00878
-8.7086,-1.1515,228.865,-0.45807,2.48822,-0.01187
-8.7971,-1.0639,228.614,-0.46314,2.49891,-0.00888
-8.7461,-1.1333,228.737,-0.45809,2.48993,-0.01076
-8.6872,-1.2347,228.935,-0.45911,2.48547,-0.01238
-8.7394,-1.139,228.722,-0.46088,2.49501,-0.00939
-8.8076,-1.1203,228.634,-0.4645,2.4953,-0.00753
-8.7631,-1.1112,228.683,-0.45861,2.49482,-0.00894
-8.752,-1.2061,228.868,-0.46251,2.49081,-0.01053
-8.7706,-1.2676,228.92,-0.4689,2.48713,-0.00955
-8.7456,-1.1354,228.777,-0.46447,2.49387,-0.01042
-8.7554,-1.1371,228.675,-0.4658,2.49359,-0.00963
-8.8019,-1.1594,228.677,-0.46926,2.49854,-0.0083
-8.7803,-1.0709,228.701,-0.46249,2.49867,-0.00937
-8.7494,-1.1511,228.768,-0.46089,2.49219,-0.01032
-8.7418,-1.141,228.829,-0.45998,2.4882,-0.01119
-8.7657,-1.1224,228.799,-0.46196,2.49071,-0.0107
-8.7747,-1.2069,228.735,-0.46555,2.49323,-0.00972
-8.8288,-1.1445,228.587,-0.46447,2.50043,-0.00824
-8.7787,-1.2672,228.729,-0.46888,2.4913,-0.00928
-8.786,-1.1245,228.67,-0.46285,2.49927,-0.00851
-8.7695,-1.1603,228.746,-0.45799,2.49316,-0.00878
-8.8095,-1.0389,228.582,-0.46089,2.49668,-0.00924
-8.7364,-1.2055,228.754,-0.46232,2.4965,-0.01028
-8.7191,-1.2915,228.729,-0.46988,2.49499,-0.00814
-8.7239,-1.2218,228.707,-0.46299,2.49414,-0.00921
-8.8485,-1.0411,228.707,-0.45836,2.50064,-0.00984
-8.7577,-1.0787,228.777,-0.45766,2.49195,-0.01122
-8.7174,-1.3881,228.879,-0.47373,2.48797,-0.00963
-8.7888,-1.1141,228.669,-0.46379,2.49131,-0.00869
-8.7902,-1.1004,228.654,-0.46694,2.49163,-0.00907
-8.7019,-1.2859,228.888,-0.46525,2.48516,-0.01015
-8.7327,-1.145,228.742,-0.46043,2.49313,-0.01042
-8.7626,-1.0936,228.66,-0.46097,2.49612,-0.01041
-8.7291,-1.1244,228.761,-0.4596,2.49099,-0.00929
-8.7055,-1.2607,228.9,-0.46224,2.48823,-0.01067
-8.7156,-1.1977,228.839,-0.46496,2.49133,-0.00982
-8.7412,-1.2911,228.795,-0.47154,2.48919,-0.00914
-8.733,-1.0834,228.82,-0.45972,2.4918,-0.01091
-8.7375,-1.1,228.934,-0.45826,2.49155,-0.01148
-8.691,-1.3602,228.863,-0.47096,2.48693,-0.00823
-8.8181,-1.0728,228.739,-0.45934,2.49339,-0.01044
-8.7563,-1.1479,228.741,-0.45663,2.4915,-0.01098
-8.7747,-1.2449,228.759,-0.46976,2.4943,-0.00889
-8.8046,-1.1095,228.744,-0.46196,2.49802,-0.00862
-8.7513,-1.2083,228.714,-0.46789,2.49391,-0.00923
-8.7535,-1.1747,228.801,-0.46154,2.4922,-0.00917
-8.7178,-1.2102,228.839,-0.46455,2.49071,-0.00966
-8.7376,-1.1527,228.787,-0.46424,2.49057,-0.00966
-8.7327,-1.1176,228.91,-0.46097,2.48723,-0.01247
-8.6928,-1.2196,228.844,-0.46546,2.48819,-0.01101
-8.7572,-1.1713,228.736,-0.46452,2.49195,-0.00997
-8.7562,-1.1228,228.726,-0.46457,2.49389,-0.01058
-8.7479,-1.1927,228.772,-0.46556,2.48916,-0.01088
-8.7046,-1.161,228.776,-0.46179,2.48421,-0.01086
-8.7414,-1.2083,228.739,-0.46257,2.49011,-0.01077
-8.7184,-1.27,228.915,-0.46548,2.48577,-0.01138
-8.7544,-1.1849,228.842,-0.46336,2.49168,-0.00987
-8.7733,-1.0908,228.809,-0.46002,2.49219,-0.0103
-8.7199,-1.201,228.81,-0.46026,2.48734,-0.01054
-8.7466,-1.2492,228.861,-0.46629,2.4902,-0.01005
-8.8008,-1.1034,228.748,-0.4648,2.49408,-0.00962
-8.6948,-1.2766,228.754,-0.46794,2.48352,-0.0091
-8.7739,-1.144,228.623,-0.46458,2.49248,-0.00884
-8.7483,-1.1812,228.786,-0.46315,2.48913,-0.00939
-8.7503,-1.2415,228.863,-0.46806,2.48579,-0.00894
-8.6974,-1.2288,228.837,-0.46411,2.48271,-0.01116
-8.7283,-1.0694,228.767,-0.45834,2.48495,-0.01011
-8.7241,-1.2468,228.712,-0.46578,2.48842,-0.0104
-8.7339,-1.3217,228.764,-0.47088,2.49294,-0.00847
-8.7142,-1.1785,228.815,-0.46745,2.48986,-0.00948
-8.7341,-1.1196,228.828,-0.46121,2.48893,-0.01064
-8.794,-1.1999,228.666,-0.46852,2.49,-0.00777
-8.8262,-1.0789,228.88,-0.45933,2.48912,-0.01107
-8.8104,-1.0645,228.754,-0.45819,2.4908,-0.01014
-8.8181,-1.0453,228.708,-0.45884,2.4921,-0.00964
-8.6864,-1.2257,228.858,-0.46627,2.48738,-0.01011
-8.7167,-1.2135,228.805,-0.46866,2.49328,-0.00885
-8.7077,-1.2364,228.852,-0.46569,2.48804,-0.00991
-8.74,-1.1659,228.844,-0.46234,2.48769,-0.00943
-8.7936,-1.0725,228.667,-0.45965,2.49676,-0.00921
-8.7456,-1.1372,228.851,-0.46122,2.49252,-0.00955
-8.7227,-1.1919,228.772,-0.46582,2.49,-0.00948
-8.7343,-1.1359,228.718,-0.46271,2.48967,-0.0104
-8.7083,-1.1451,228.753,-0.46494,2.48824,-0.01032
-8.7408,-1.2062,228.834,-0.466,2.48767,-0.00954
-8.7443,-1.0742,228.727,-0.45719,2.48999,-0.01011
-8.7405,-1.1966,228.946,-0.46087,2.48662,-0.01129
-8.7965,-1.0243,228.747,-0.45924,2.49142,-0.01055
-8.7834,-1.171,228.835,-0.46503,2.48833,-0.00891
-8.7088,-1.1999,228.831,-0.46148,2.48359,-0.01028
-8.7072,-1.3222,228.867,-0.46927,2.48588,-0.00996
-8.7708,-1.1155,228.951,-0.45936,2.48944,-0.01192
-8.7491,-1.1795,228.709,-0.46752,2.49266,-0.0099
-8.6481,-1.3206,228.855,-0.4648,2.48506,-0.01036
-8.8257,-1.0613,228.67,-0.46368,2.49537,-0.00892
-8.7604,-1.1635,228.846,-0.46105,2.4879,-0.00965
-8.6883,-1.2086,228.93,-0.46021,2.48488,-0.01134
-8.7253,-1.1901,228.81,-0.46491,2.49154,-0.01033
-8.8117,-1.0846,228.637,-0.46879,2.5009,-0.0081
-8.7427,-1.2462,228.797,-0.47327,2.48624,-0.00905
-8.7777,-1.1536,228.715,-0.46795,2.49463,-0.00806
-8.7789,-1.0753,228.766,-0.46078,2.49338,-0.0094
-8.7841,-1.13,228.678,-0.46025,2.49514,-0.0078
-8.7511,-1.1889,228.767,-0.46432,2.49274,-0.0091
-8.6905,-1.2877,228.883,-0.46731,2.49045,-0.00987
-8.7439,-1.023,228.815,-0.46164,2.49378,-0.01038
-8.8062,-1.0207,228.789,-0.46062,2.49541,-0.00977
-8.7668,-1.1214,228.744,-0.46493,2.4963,-0.01026
-8.7595,-1.1715,228.854,-0.46268,2.49325,-0.01073
-8.7658,-1.1735,228.742,-0.46771,2.49245,-0.00874
-8.791,-1.0107,228.766,-0.45996,2.49232,-0.00944
-8.8224,-0.9991,228.69,-0.46108,2.49896,-0.00873
-8.7665,-1.0888,228.706,-0.46174,2.49197,-0.0094
-8.7596,-1.2328,228.812,-0.47186,2.49079,-0.0089
-8.7868,-1.0254,228.787,-0.45567,2.49027,-0.01043
-8.7488,-1.1459,228.71,-0.4642,2.49102,-0.0092
-8.792,-1.0875,228.824,-0.45767,2.49048,-0.0112
-8.792,-1.0966,228.643,-0.45785,2.4978,-0.00815
-8.6823,-1.2404,228.73,-0.46414,2.49061,-0.00834
-8.7841,-1.0788,228.706,-0.46344,2.49882,-0.00837
-8.675,-1.2873,228.862,-0.46524,2.48775,-0.00941
-8.6618,-1.349,228.887,-0.46651,2.48729,-0.01077
-8.7302,-1.1912,228.754,-0.4648,2.49304,-0.0087
-8.7281,-1.2615,228.848,-0.46942,2.48682,-0.00943
-8.7281,-1.2615,228.848,-0.46942,2.48682,-0.00943
-8.7281,-1.2615,228.848,-0.46942,2.48682,-0.00943
-8.7882,-1.1393,228.7,-0.46321,2.49378,-0.00984
-8.741,-1.1419,228.757,-0.46046,2.49291,-0.01047
-8.6802,-1.2961,228.814,-0.46425,2.48745,-0.01046
-8.7663,-1.095,228.841,-0.45721,2.49319,-0.01094
-8.78,-1.1094,228.8,-0.45923,2.49401,-0.01064
-8.7882,-1.1462,228.858,-0.46623,2.49484,-0.00793
-8.7879,-1.1404,228.791,-0.46128,2.49681,-0.00935
-8.8343,-1.074,228.679,-0.46451,2.50597,-0.00731
-8.7258,-1.2151,228.928,-0.46269,2.48742,-0.01103
-8.8274,-1.0884,228.737,-0.46328,2.49746,-0.00969
-8.778,-1.1908,228.802,-0.46502,2.4947,-0.0097
-8.8275,-1.2465,228.725,-0.46956,2.49886,-0.00826
-8.7456,-1.1671,228.977,-0.45889,2.49305,-0.01104
-8.7594,-1.1357,228.857,-0.46289,2.49392,-0.00965
-8.7621,-1.2741,228.802,-0.47145,2.49188,-0.00763
-8.7342,-1.1397,228.89,-0.45698,2.49204,-0.00991
-8.8109,-1.0393,228.638,-0.45848,2.49797,-0.00899
-8.7717,-1.1003,228.808,-0.4628,2.49724,-0.00924
-8.7422,-1.1126,228.844,-0.45842,2.4903,-0.00943
-8.7579,-1.2758,228.897,-0.46978,2.4904,-0.00859
-8.8174,-1.0802,228.759,-0.46241,2.49604,-0.00873
-8.7465,-1.2018,228.884,-0.46597,2.49029,-0.00919
-8.7985,-1.0152,228.747,-0.45511,2.4967,-0.00965
-8.7935,-1.0555,228.807,-0.45533,2.49535,-0.00897
-8.8059,-0.9868,228.777,-0.45291,2.49628,-0.00938
-8.7653,-1.1692,228.793,-0.46094,2.49237,-0.00932
-8.7019,-1.354,228.916,-0.4682,2.49116,-0.00833
-8.769,-1.2359,228.738,-0.46766,2.49587,-0.00713
-8.7273,-1.3571,228.842,-0.46645,2.49233,-0.00713
-8.8192,-1.244,228.633,-0.47221,2.49947,-0.00626
-8.8113,-1.241,228.81,-0.46571,2.50253,-0.00884
-8.7648,-1.2851,228.825,-0.46856,2.49139,-0.01018
-8.7535,-1.3236,228.83,-0.46956,2.49404,-0.00997
-8.8899,-1.0773,228.598,-0.46425,2.49943,-0.00759
-8.8444,-1.1041,228.657,-0.46371,2.50153,-0.00843
-8.7691,-1.2248,228.901,-0.4649,2.49455,-0.01051
-8.7931,-1.3014,228.784,-0.47216,2.49698,-0.00908
-8.7835,-1.2154,228.779,-0.46917,2.49433,-0.00806
-8.8074,-1.177,228.698,-0.46624,2.49848,-0.00845
-8.8539,-1.1071,228.746,-0.46168,2.50199,-0.009
-8.8909,-1.09,228.704,-0.46844,2.50333,-0.00809
-8.7207,-1.438,228.903,-0.47779,2.48458,-0.00902
-8.8365,-1.0926,228.79,-0.46093,2.49831,-0.00965
-8.8549,-1.1794,228.685,-0.47225,2.50143,-0.00738
-8.8333,-1.0573,228.671,-0.46023,2.49945,-0.0099
-8.7959,-1.213,228.685,-0.46774,2.49087,-0.00785
-8.738,-1.2492,228.855,-0.46404,2.4853,-0.00965
-8.8602,-0.9924,228.576,-0.45809,2.50053,-0.00756
-8.7803,-1.2274,228.737,-0.46306,2.49269,-0.00688
-8.7907,-1.2703,228.914,-0.46791,2.49267,-0.00818
-8.7909,-1.1756,228.727,-0.46154,2.49758,-0.00815
-8.77,-1.143,228.822,-0.46034,2.49381,-0.00837
-8.737,-1.2486,228.85,-0.46633,2.48989,-0.00874
-8.7959,-1.1767,228.777,-0.46431,2.49605,-0.00953
-8.7371,-1.4194,228.927,-0.47554,2.48895,-0.00813
-8.8202,-1.1144,228.747,-0.46584,2.496,-0.00813
-8.856,-1.1035,228.771,-0.46408,2.49688,-0.00913
-8.7757,-1.206,228.941,-0.46659,2.48933,-0.00963
-8.8717,-1.0535,228.76,-0.46429,2.50134,-0.0082
-8.8251,-1.261,228.737,-0.47143,2.49326,-0.00705
-8.7632,-1.2377,228.869,-0.46375,2.48923,-0.00968
-8.732,-1.218,228.889,-0.46474,2.49004,-0.00981
-8.7659,-1.1332,228.742,-0.46456,2.49104,-0.0087
-8.7407,-1.253,228.879,-0.46513,2.49053,-0.00982
-8.7409,-1.2775,228.816,-0.47076,2.49437,-0.00853
-8.8665,-1.1134,228.649,-0.46603,2.50563,-0.00616
-8.7845,-1.1912,228.785,-0.46588,2.4964,-0.00779
-8.7742,-1.2565,228.862,-0.46813,2.48765,-0.00913
-8.7745,-1.1591,228.728,-0.46223,2.49118,-0.01012
-8.7732,-1.217,228.937,-0.468,2.49038,-0.00906
-8.6756,-1.3946,229.135,-0.47013,2.48193,-0.01154
-8.7501,-1.2032,228.865,-0.46251,2.48694,-0.01055
-8.7428,-1.2293,228.771,-0.46137,2.49083,-0.00872
-8.8685,-1.0665,228.712,-0.45876,2.49681,-0.00829
-8.7069,-1.2223,228.938,-0.46308,2.48527,-0.01099
-8.7379,-1.2264,228.88,-0.46249,2.48446,-0.00985
-8.7642,-1.2185,228.952,-0.46542,2.48903,-0.00893
-8.7679,-1.2312,228.918,-0.46614,2.48867,-0.00907
-8.7456,-1.2901,228.846,-0.46787,2.48866,-0.00781
-8.7958,-1.1545,228.763,-0.46203,2.49147,-0.00814
-8.7247,-1.3192,228.849,-0.47377,2.49334,-0.00787
-8.7818,-1.2793,228.89,-0.46876,2.4933,-0.00647
-8.7871,-1.1604,228.784,-0.46393,2.49532,-0.00656
-8.7756,-1.1327,228.794,-0.45681,2.4924,-0.00797
-8.7739,-1.05,228.798,-0.45469,2.49849,-0.00902
-8.7791,-1.1465,228.846,-0.46231,2.49655,-0.00794
-8.7804,-1.2217,228.994,-0.4652,2.49695,-0.00941
-8.8038,-1.1172,228.828,-0.46029,2.49458,-0.00895
-8.7693,-1.2711,228.834,-0.46795,2.49015,-0.00897
-8.7641,-1.1998,228.863,-0.46429,2.49388,-0.00848
-8.7759,-1.1932,228.938,-0.46185,2.4908,-0.008
-8.7144,-1.2911,229.005,-0.46782,2.4898,-0.00887
-8.7695,-1.1615,228.986,-0.45596,2.49432,-0.01044
-8.8126,-1.3198,228.946,-0.47365,2.49844,-0.00816
-8.819,-1.065,228.807,-0.46056,2.50171,-0.00821
-8.7353,-1.3328,228.905,-0.4711,2.49297,-0.00804
-8.785,-1.0798,228.78,-0.45839,2.49804,-0.00883
-8.829,-1.0296,228.725,-0.45884,2.50034,-0.0076
-8.8402,-1.0429,228.792,-0.45858,2.50105,-0.00809
-8.7689,-1.2832,228.848,-0.46691,2.49868,-0.0065
-8.6728,-1.2766,229.045,-0.4632,2.48708,-0.00972
-8.7258,-1.2021,228.924,-0.45735,2.49142,-0.00833
-8.7513,-1.1451,228.871,-0.45722,2.49569,-0.00866
-8.7348,-1.2112,228.98,-0.46366,2.4943,-0.00895
-8.8578,-1.0827,228.726,-0.46184,2.50447,-0.00594
-8.756,-1.1868,228.851,-0.4645,2.49367,-0.00688
-8.7586,-1.1239,228.96,-0.45793,2.49704,-0.01032
-8.7806,-1.231,228.908,-0.46266,2.49269,-0.00889
-8.7858,-1.1772,228.87,-0.46115,2.49772,-0.00859
-8.7818,-1.226,228.791,-0.46902,2.4947,-0.00788
-8.7407,-1.2854,228.954,-0.46748,2.49245,-0.00826
-8.7519,-1.197,229.015,-0.45863,2.49413,-0.00988
-8.8028,-1.1646,228.904,-0.45735,2.49808,-0.00951
-8.7746,-1.176,228.838,-0.46333,2.49678,-0.00742
-8.8045,-1.1509,228.762,-0.46247,2.50027,-0.00733
-8.7953,-1.1571,228.833,-0.46329,2.49712,-0.00737
-8.8012,-1.2452,228.792,-0.46875,2.49609,-0.00666
-8.8408,-1.0534,228.824,-0.45913,2.49854,-0.00838
-8.8083,-1.1456,228.913,-0.46496,2.49854,-0.00768
-8.767,-1.2038,228.854,-0.46642,2.49506,-0.0071
-8.7452,-1.2791,228.937,-0.4692,2.49113,-0.00847
-8.7487,-1.2164,228.937,-0.46339,2.49246,-0.00952
-8.8108,-1.1827,228.777,-0.46437,2.49645,-0.007
-8.8073,-1.105,228.875,-0.46057,2.49737,-0.00776
-8.7412,-1.2364,228.845,-0.46503,2.49463,-0.00726
-8.797,-1.1623,228.738,-0.46487,2.49704,-0.00666
-8.7168,-1.3221,228.971,-0.47096,2.48767,-0.0086
-8.7452,-1.2094,228.934,-0.46144,2.48985,-0.00897
-8.8468,-1.0695,228.792,-0.4632,2.49898,-0.007
-8.8244,-1.0452,228.795,-0.46197,2.50017,-0.00722
-8.7301,-1.1682,228.856,-0.46163,2.49199,-0.00796
-8.8011,-1.2893,228.843,-0.46905,2.49597,-0.0063
-8.8199,-1.1905,228.865,-0.466,2.49651,-0.00683
-8.7993,-1.189,228.812,-0.46845,2.50076,-0.00655
-8.7753,-1.1643,228.858,-0.4617,2.49269,-0.00741
-8.776,-1.1535,228.774,-0.4635,2.49653,-0.00675
-8.8147,-1.1522,228.896,-0.45947,2.49978,-0.00747
-8.727,-1.3154,228.877,-0.468,2.49292,-0.00676
-8.7817,-1.1839,228.804,-0.47043,2.49691,-0.00667
-8.7985,-1.1338,228.783,-0.46477,2.5,-0.00649
-8.7759,-1.0766,228.881,-0.45849,2.49449,-0.00742
-8.8095,-1.1825,228.933,-0.46694,2.49938,-0.00716
-8.7838,-1.179,228.926,-0.46477,2.4994,-0.00745
-8.7525,-1.2594,228.915,-0.46994,2.49665,-0.00702
-8.7986,-1.2289,228.853,-0.46883,2.4973,-0.0062
-8.7925,-1.204,228.898,-0.46697,2.49945,-0.00738
-8.7725,-1.2094,228.917,-0.46688,2.49801,-0.00713
-8.7959,-1.1715,228.926,-0.46557,2.50151,-0.00704
-8.7105,-1.2312,228.969,-0.46282,2.49232,-0.00817
-8.7196,-1.2067,228.983,-0.45891,2.4956,-0.00934
-8.7307,-1.3311,228.868,-0.47285,2.49885,-0.00625
-8.7633,-1.288,228.91,-0.4673,2.49686,-0.00691
-8.7989,-1.1488,228.999,-0.46101,2.49891,-0.00948
-8.806,-1.1518,228.906,-0.45961,2.49925,-0.0085
-8.7297,-1.2541,228.954,-0.46195,2.49325,-0.00885
-8.7295,-1.2842,228.837,-0.46729,2.49423,-0.00782
-8.6931,-1.3152,228.953,-0.46581,2.48834,-0.00877
-8.7644,-1.3302,229.003,-0.47126,2.49465,-0.00771
-8.7999,-1.1529,228.879,-0.46345,2.49898,-0.00672
-8.7611,-1.2068,228.884,-0.46721,2.49733,-0.00649
-8.7704,-1.2203,228.95,-0.46443,2.50054,-0.00745
-8.7762,-1.1602,228.785,-0.46701,2.50175,-0.00656
-8.7715,-1.2352,228.96,-0.46359,2.49695,-0.00794
-8.8111,-1.1854,228.837,-0.46564,2.50122,-0.00635
-8.7791,-1.2258,228.926,-0.46918,2.49259,-0.00712
-8.7152,-1.1915,229.026,-0.45856,2.4963,-0.00934
-8.7253,-1.1638,228.879,-0.45743,2.4953,-0.00825
-8.789,-1.1383,228.848,-0.4617,2.4967,-0.00789
-8.7425,-1.3155,228.898,-0.47052,2.49794,-0.00645
-8.738,-1.1845,228.861,-0.46314,2.50323,-0.00774
-8.7443,-1.222,228.873,-0.46744,2.49717,-0.00681
-8.8511,-1.0682,228.821,-0.4559,2.50524,-0.0068
-8.7424,-1.1312,228.877,-0.45586,2.49913,-0.0088
-8.7131,-1.2831,228.99,-0.4681,2.49418,-0.00779
-8.7499,-1.1882,228.958,-0.46102,2.49696,-0.00866
-8.7628,-1.2115,228.935,-0.46401,2.495,-0.0086
-8.763,-1.2209,228.993,-0.46466,2.49695,-0.00835
-8.8012,-1.2365,228.868,-0.46861,2.5009,-0.00707
-8.7572,-1.2828,228.995,-0.46887,2.4962,-0.0082
-8.855,-1.1552,228.95,-0.46384,2.50713,-0.00787
-8.8027,-1.1597,228.979,-0.46216,2.49825,-0.00753
-8.8513,-1.0628,228.859,-0.46318,2.50161,-0.00664
-8.8378,-1.1798,228.851,-0.47115,2.5045,-0.00522
-8.8007,-1.0747,228.824,-0.46205,2.50059,-0.00765
-8.721,-1.2924,228.875,-0.46382,2.49642,-0.00726
-8.8377,-0.9738,228.793,-0.45581,2.50027,-0.00709
-8.7914,-1.1721,228.784,-0.4636,2.49731,-0.005
-8.7693,-1.2271,228.934,-0.46353,2.49705,-0.00804
-8.7732,-1.1616,228.921,-0.45964,2.49953,-0.00855
-8.7933,-1.1035,228.964,-0.45947,2.50039,-0.0084
-8.811,-1.1277,228.916,-0.46178,2.50444,-0.00658
-8.8464,-1.1135,228.826,-0.46115,2.50904,-0.00607
-8.8279,-1.1711,228.861,-0.46429,2.50298,-0.00728
-8.7442,-1.3128,228.992,-0.46775,2.49738,-0.008
-8.7538,-1.3476,228.956,-0.47482,2.4958,-0.00642
-8.7794,-1.1429,228.89,-0.46157,2.50379,-0.00789
-8.7761,-1.3152,229.043,-0.4717,2.4973,-0.00728
-8.7861,-1.2426,228.887,-0.46873,2.4967,-0.00735
-8.6925,-1.3879,229.131,-0.47004,2.49384,-0.00844
-8.7199,-1.2802,228.983,-0.46475,2.49738,-0.00846
-8.7371,-1.3577,229.129,-0.46918,2.49749,-0.009
-8.7922,-1.2001,228.891,-0.46373,2.50163,-0.00738
-8.8429,-1.0522,228.769,-0.46108,2.50821,-0.00674
-8.8057,-1.181,228.844,-0.46509,2.50074,-0.00808
-8.8225,-1.1017,228.896,-0.45779,2.50207,-0.00802
-8.8119,-1.144,228.924,-0.46357,2.49955,-0.00754
-8.7492,-1.2512,229.042,-0.46336,2.49415,-0.00862
-8.7742,-1.2215,228.961,-0.46593,2.49905,-0.00856
-8.7696,-1.2804,228.924,-0.47176,2.50262,-0.00605
-8.7858,-1.3003,228.965,-0.46922,2.49694,-0.00701
-8.7553,-1.287,228.946,-0.46535,2.49685,-0.00816
-8.7283,-1.2901,228.953,-0.46179,2.49586,-0.00825
-8.7612,-1.2932,228.985,-0.46813,2.49841,-0.007
-8.8005,-1.2312,228.912,-0.46735,2.50352,-0.00616
-8.8078,-1.0939,228.864,-0.4627,2.50294,-0.00676
-8.8138,-1.0918,228.927,-0.45931,2.50133,-0.00782
-8.7767,-1.1905,228.916,-0.46328,2.49579,-0.00817
-8.7648,-1.1909,228.921,-0.4623,2.50056,-0.00705
-8.8216,-1.0571,228.824,-0.46256,2.50241,-0.00574
-8.8612,-1.0144,228.83,-0.46095,2.50657,-0.00481
-8.758,-1.2845,228.968,-0.46891,2.49843,-0.00616
-8.7783,-1.1842,229.009,-0.4664,2.49994,-0.00851
-8.804,-1.1194,228.853,-0.46381,2.50471,-0.00647
-8.7549,-1.1599,228.863,-0.46098,2.50773,-0.00762
-8.8366,-1.1369,228.994,-0.46546,2.5022,-0.00692
-8.8279,-1.1827,228.767,-0.46884,2.50622,-0.00422
-8.7706,-1.1918,228.986,-0.46585,2.50356,-0.00619
-8.7369,-1.2323,229.056,-0.4667,2.49918,-0.00713
-8.7635,-1.2612,228.966,-0.46542,2.5015,-0.00675
-8.7601,-1.1993,228.971,-0.46158,2.49727,-0.00843
-8.747,-1.0492,229.003,-0.44944,2.5022,-0.00879
-8.6863,-1.3583,229.009,-0.46627,2.49463,-0.00723
-8.7597,-1.247,228.811,-0.4648,2.50521,-0.00599
-8.822,-1.1091,228.964,-0.45952,2.5037,-0.00671
-8.8305,-1.1418,228.822,-0.46464,2.50652,-0.00521
-8.7569,-1.3177,228.945,-0.47034,2.50534,-0.00569
-8.7535,-1.1948,228.948,-0.46158,2.49849,-0.00779
-8.8307,-1.1088,228.881,-0.46521,2.50551,-0.00575
-8.7255,-1.3712,228.894,-0.47197,2.50217,-0.00419
-8.7094,-1.3962,228.954,-0.47216,2.49614,-0.00564
-8.8391,-1.1371,228.965,-0.46276,2.50716,-0.00734
-8.8071,-1.1232,228.937,-0.45793,2.50509,-0.00803
-8.9055,-0.9684,228.821,-0.45519,2.5119,-0.00795
-8.8305,-1.2338,228.905,-0.46974,2.50294,-0.0055
-8.8132,-1.2117,228.941,-0.4667,2.49994,-0.0055
-8.849,-1.0821,228.866,-0.46049,2.50833,-0.0063
-8.7716,-1.3014,229.064,-0.46749,2.49751,-0.00634
-8.7398,-1.4008,228.984,-0.47263,2.50136,-0.00489
-8.7868,-1.1123,228.932,-0.45231,2.49916,-0.00879
-8.7998,-1.0743,228.919,-0.45448,2.50699,-0.0079
-8.8428,-1.1852,228.946,-0.46515,2.5069,-0.00637
-8.8111,-1.2299,228.858,-0.46526,2.50376,-0.00492
-8.7941,-1.1728,228.879,-0.46446,2.50233,-0.0064
-8.8473,-1.0257,228.78,-0.45448,2.51063,-0.00638
-8.8517,-1.1971,228.915,-0.46401,2.504,-0.00562
-8.7545,-1.2526,229.006,-0.46533,2.50035,-0.00775
-8.8009,-1.2321,228.9,-0.46645,2.50305,-0.00567
-8.8058,-1.2407,228.854,-0.46678,2.50225,-0.0055
-8.8281,-1.0989,228.863,-0.46044,2.506,-0.00647
-8.7503,-1.3492,228.99,-0.472,2.50103,-0.00607
-8.7667,-1.4064,228.988,-0.47327,2.49911,-0.00529
-8.7636,-1.288,229.008,-0.46334,2.49931,-0.0083
-8.7843,-1.192,229.029,-0.45795,2.49913,-0.00777
-8.7354,-1.1876,229.008,-0.4595,2.5,-0.0079
-8.6835,-1.3857,229.032,-0.47209,2.49862,-0.00623
-8.7007,-1.3962,229,-0.47273,2.49364,-0.00697
-8.7476,-1.18,229.039,-0.45982,2.49848,-0.00713
-8.8386,-1.1224,228.824,-0.46314,2.50316,-0.00502
-8.7982,-1.2266,228.955,-0.4654,2.50255,-0.00571
-8.7614,-1.2484,228.922,-0.46238,2.49487,-0.00602
-8.7864,-1.2334,228.918,-0.46652,2.50055,-0.00575
-8.8067,-1.2558,228.99,-0.46872,2.50664,-0.00498
-8.7743,-1.2806,229.005,-0.46642,2.49981,-0.00541
-8.7885,-1.1873,228.935,-0.46076,2.50411,-0.00669
-8.7908,-1.1191,228.953,-0.45863,2.50493,-0.00694
-8.7739,-1.2297,228.965,-0.46236,2.50063,-0.00681
-8.7849,-1.1921,228.857,-0.46179,2.50057,-0.00576
-8.7607,-1.2686,228.944,-0.46284,2.4985,-0.00696
-8.7441,-1.3399,229.041,-0.46637,2.50159,-0.00727
-8.6913,-1.3838,229.068,-0.46889,2.49669,-0.00855
-8.7286,-1.3351,228.959,-0.46728,2.4987,-0.00703
-8.8131,-1.2736,228.976,-0.46616,2.50182,-0.00596
-8.7967,-1.2678,228.9,-0.47105,2.50581,-0.0059
-8.8057,-1.2963,228.744,-0.47238,2.50478,-0.00401
-8.7246,-1.3974,229.059,-0.47336,2.49884,-0.0059
-8.8362,-1.2218,229.016,-0.46786,2.50231,-0.00593
-8.8539,-0.9522,228.798,-0.45823,2.51455,-0.00563
-8.8627,-1.1574,228.704,-0.46931,2.51292,-0.00317
-8.8273,-1.1424,228.791,-0.46137,2.50331,-0.00488
-8.7907,-1.2252,228.914,-0.46501,2.5052,-0.00496
-8.8194,-1.1296,228.949,-0.45811,2.50403,-0.00805
-8.817,-1.1871,228.932,-0.46527,2.50558,-0.00693
-8.8084,-1.2092,228.956,-0.4637,2.49985,-0.00741
-8.8517,-1.1532,228.905,-0.46446,2.50336,-0.0051
-8.7738,-1.2451,229.013,-0.46444,2.50195,-0.00641
-8.7356,-1.2234,229.023,-0.4587,2.50084,-0.00785
-8.7453,-1.2362,229.001,-0.46305,2.49794,-0.00792
-8.8611,-1.1687,228.885,-0.46297,2.50712,-0.00432
-8.8328,-1.2291,228.784,-0.46919,2.50012,-0.00486
-8.7732,-1.2966,228.95,-0.46245,2.50067,-0.00554
-8.8316,-1.1595,228.817,-0.46674,2.50802,-0.00426
-8.7642,-1.2755,229.051,-0.46823,2.4994,-0.00709
-8.7835,-1.2521,228.853,-0.46884,2.50145,-0.00518
-8.7658,-1.2774,228.987,-0.46556,2.50171,-0.00726
-8.8385,-1.0687,228.999,-0.45928,2.50699,-0.00809
-8.7794,-1.2526,228.918,-0.4686,2.50362,-0.00542
-8.8266,-1.0997,229.033,-0.45643,2.50753,-0.00777
-8.7757,-1.2172,228.934,-0.4617,2.50674,-0.0063
-8.7495,-1.2704,229.007,-0.46523,2.50019,-0.00756
-8.8065,-1.2574,228.831,-0.46757,2.50456,-0.00523
-8.8005,-1.1916,228.918,-0.46157,2.49968,-0.00624
-8.8298,-1.2006,228.863,-0.46607,2.50382,-0.00402
-8.8452,-1.1243,228.851,-0.46273,2.50628,-0.00482
-8.8709,-0.98,228.729,-0.45559,2.5139,-0.00593
-8.8771,-1.1349,228.807,-0.46417,2.5097,-0.00441
-8.7871,-1.1429,228.946,-0.45907,2.50193,-0.0068
-8.815,-1.1929,228.925,-0.46365,2.50405,-0.00504
-8.752,-1.2264,229.046,-0.46138,2.50296,-0.00685
-8.7233,-1.3358,229.112,-0.46511,2.50077,-0.00727
-8.8162,-1.106,228.869,-0.45736,2.50708,-0.0065
-8.8013,-1.203,228.884,-0.46134,2.50685,-0.00677
-8.7793,-1.1443,228.915,-0.45299,2.50472,-0.00651
-8.8031,-1.2152,228.949,-0.46258,2.50594,-0.00704
-8.7881,-1.1001,228.827,-0.45445,2.50655,-0.00784
-8.8505,-1.0146,228.853,-0.45289,2.50566,-0.00648
-8.7367,-1.3081,229.027,-0.46524,2.49389,-0.00678
-8.7985,-1.3167,228.996,-0.46893,2.50231,-0.00594
-8.7549,-1.2322,229.099,-0.46376,2.50316,-0.00753
-8.7903,-1.1743,229.061,-0.46411,2.50079,-0.00706
-8.8238,-1.1206,228.966,-0.46074,2.50536,-0.00637
-8.749,-1.2941,229.037,-0.46631,2.49631,-0.00701
-8.7534,-1.3691,229.047,-0.46979,2.49352,-0.00673
-8.8469,-1.2096,228.922,-0.46496,2.5037,-0.00595
-8.7723,-1.2226,228.995,-0.46551,2.49782,-0.00683
-8.8678,-1.0614,228.755,-0.46262,2.50635,-0.0056
-8.7871,-1.2924,228.913,-0.469,2.50607,-0.00619
-8.8198,-1.2562,228.861,-0.4688,2.50846,-0.00535
-8.6924,-1.3082,229.064,-0.46414,2.49676,-0.00947
-8.813,-1.2472,228.962,-0.46992,2.50585,-0.00619
-8.8885,-1.0146,228.806,-0.46169,2.51396,-0.00526
-8.7953,-1.1549,228.998,-0.46124,2.50597,-0.0062
-8.7629,-1.1455,229.047,-0.45837,2.50003,-0.00855
-8.812,-1.1255,228.891,-0.45859,2.50392,-0.00572
-8.8349,-1.1278,228.876,-0.4615,2.50481,-0.00639
-8.7453,-1.2208,228.953,-0.46326,2.49636,-0.00629
-8.8292,-1.0834,228.915,-0.45894,2.50304,-0.00749
-8.7462,-1.1169,228.966,-0.45626,2.49849,-0.00821
-8.8435,-1.0237,228.894,-0.45458,2.50663,-0.007
-8.7717,-1.1317,229.006,-0.45872,2.49999,-0.00833
-8.6721,-1.3368,229.106,-0.46518,2.49566,-0.00824
-8.8029,-1.1138,228.924,-0.45987,2.50489,-0.00736
-8.749,-1.2416,229.085,-0.46375,2.49844,-0.00799
-8.7367,-1.2677,228.969,-0.46916,2.49705,-0.00683
-8.7925,-1.2047,228.93,-0.46593,2.50379,-0.00537
-8.7779,-1.2427,229.078,-0.46978,2.4992,-0.00603
-8.7148,-1.1871,229.035,-0.4609,2.49377,-0.00839
-8.6997,-1.32,229.142,-0.46774,2.49296,-0.00798
-8.8374,-1.0614,228.856,-0.46243,2.50608,-0.00627
-8.7765,-1.2059,228.92,-0.46479,2.50088,-0.00691
-8.7814,-1.1128,228.833,-0.4607,2.50119,-0.00727
-8.8463,-1.086,228.901,-0.4593,2.5068,-0.00597
-8.794,-1.2599,229.024,-0.46972,2.49747,-0.00573
-8.7581,-1.0602,228.903,-0.45618,2.50057,-0.00742
-8.791,-1.0373,229.028,-0.45232,2.5005,-0.0093
-8.8129,-1.0374,228.834,-0.45838,2.50409,-0.00697
-8.8102,-1.088,228.922,-0.46016,2.50506,-0.00747
-8.793,-1.1677,228.864,-0.46635,2.50433,-0.00598
-8.75,-1.229,228.964,-0.46493,2.50354,-0.00626
-8.7015,-1.3651,229.071,-0.46984,2.49671,-0.00681
-8.7427,-1.2855,229.145,-0.46651,2.4965,-0.0077
-8.7531,-1.2441,229.11,-0.46225,2.49878,-0.00824
-8.8182,-1.1867,228.931,-0.4648,2.50479,-0.00475
-8.7768,-1.2199,228.905,-0.46621,2.5023,-0.00466
-8.7827,-1.3385,229.047,-0.46966,2.49604,-0.00642
-8.7533,-1.328,229.068,-0.46847,2.49647,-0.00646
-8.8057,-1.2724,228.845,-0.47151,2.50778,-0.00328
-8.8715,-1.0221,228.728,-0.46224,2.51037,-0.00432
-8.8038,-1.3249,228.868,-0.47269,2.50023,-0.00493
-8.7762,-1.2405,228.961,-0.46503,2.50159,-0.00605
-8.7532,-1.2419,228.963,-0.46429,2.50195,-0.00619
-8.8141,-1.0939,228.93,-0.46007,2.50286,-0.00833
-8.8407,-1.1253,228.846,-0.46351,2.5088,-0.00663
-8.7926,-1.1476,228.923,-0.45656,2.50309,-0.00577
-8.7404,-1.3237,228.972,-0.46557,2.49725,-0.00609
-8.7754,-1.2997,228.968,-0.47004,2.50006,-0.00552
-8.8479,-1.0406,228.728,-0.45882,2.50774,-0.00526
-8.7654,-1.1465,228.885,-0.45641,2.50098,-0.0069
-8.756,-1.1204,229.001,-0.45838,2.50217,-0.00759
-8.8036,-1.1512,228.775,-0.46717,2.50451,-0.00451
-8.7727,-1.2804,229.004,-0.46415,2.50331,-0.00669
-8.8474,-1.1044,228.901,-0.46049,2.50705,-0.00594
-8.8149,-1.1386,228.871,-0.46216,2.50453,-0.00584
-8.7208,-1.3405,229.1,-0.46905,2.49677,-0.00784
-8.7464,-1.2077,228.946,-0.46021,2.49845,-0.00807
-8.834,-1.2432,228.941,-0.46997,2.50507,-0.00468
-8.7862,-1.3095,229.03,-0.47162,2.50065,-0.00583
-8.7698,-1.2951,229.02,-0.46748,2.50065,-0.00568
-8.7673,-1.2594,228.975,-0.46374,2.49621,-0.00658
-8.7614,-1.2185,228.976,-0.46551,2.49851,-0.00694
-8.8542,-1.0552,228.927,-0.45816,2.50608,-0.00746
-8.8168,-1.2635,228.967,-0.46964,2.501,-0.00532
-8.7079,-1.3585,228.988,-0.46937,2.50231,-0.00465
-8.7826,-1.1694,228.924,-0.46331,2.50117,-0.00498
-8.799,-1.1871,228.886,-0.46539,2.50715,-0.00438
-8.7342,-1.3579,229.068,-0.46551,2.49802,-0.00663
-8.7882,-1.2746,228.993,-0.46835,2.5054,-0.00468
-8.8218,-1.1714,228.84,-0.46372,2.51238,-0.00485
-8.8132,-1.1158,228.921,-0.46167,2.50734,-0.0065
-8.7692,-1.2403,229.135,-0.46367,2.50045,-0.00719
-8.787,-1.1922,229.068,-0.46297,2.50229,-0.00629
-8.7788,-1.1866,228.974,-0.46729,2.50295,-0.00583
-8.7902,-1.2622,228.971,-0.46778,2.50487,-0.00421
-8.8781,-1.0403,228.94,-0.45891,2.5092,-0.00535
-8.8224,-1.2488,228.865,-0.47317,2.50802,-0.00378
-8.8254,-1.2058,228.906,-0.46776,2.50859,-0.00403
-8.745,-1.2993,229.133,-0.46835,2.50433,-0.00566
-8.8631,-1.1222,228.848,-0.46041,2.50869,-0.00444
-8.7686,-1.2438,228.971,-0.46639,2.50537,-0.00553
-8.7641,-1.3279,228.946,-0.46951,2.50218,-0.0055
-8.8023,-1.0304,229.03,-0.45331,2.50908,-0.00794
-8.8716,-0.9818,228.885,-0.45505,2.50918,-0.00711
-8.799,-1.2504,229,-0.46772,2.50675,-0.00543
-8.8323,-1.2302,228.832,-0.46825,2.51037,-0.00429
-8.8182,-1.1731,228.844,-0.46701,2.50877,-0.00416
-8.7148,-1.287,228.998,-0.46474,2.50112,-0.00603
-8.7983,-1.0597,228.872,-0.45716,2.51031,-0.00541
-8.8343,-1.1124,229.053,-0.4632,2.50868,-0.00699
-8.8385,-1.1975,228.889,-0.46501,2.50792,-0.00497
-8.8214,-1.0752,228.933,-0.45814,2.50994,-0.00463
-8.7916,-1.2461,228.848,-0.4701,2.50712,-0.00451
-8.7142,-1.338,228.962,-0.46951,2.49395,-0.00538
-8.8211,-1.1198,228.845,-0.45861,2.50492,-0.00602
-8.7856,-1.2398,228.945,-0.46548,2.50006,-0.00648
-8.8687,-0.9895,228.927,-0.45637,2.51214,-0.00644
-8.8196,-1.1349,229.008,-0.46238,2.50272,-0.00691
-8.7694,-1.2047,228.869,-0.4611,2.50158,-0.00598
-8.7279,-1.2599,229.009,-0.4623,2.4991,-0.00718
-8.7921,-1.1791,229.033,-0.46512,2.5016,-0.00626
-8.8325,-1.1334,228.907,-0.46319,2.50665,-0.00505
-8.7628,-1.2923,228.993,-0.46679,2.50297,-0.00556
-8.8523,-1.0541,228.801,-0.4577,2.50872,-0.00464
-8.7508,-1.1946,228.958,-0.46306,2.50067,-0.00674
-8.7851,-1.2471,228.859,-0.46495,2.50521,-0.00457
-8.8144,-1.1081,228.861,-0.46072,2.50957,-0.00426
-8.789,-1.214,228.862,-0.46507,2.50441,-0.00491
-8.7491,-1.2308,229.016,-0.45816,2.50374,-0.00671
-8.7767,-1.3573,228.895,-0.46905,2.50671,-0.00374
-8.8054,-1.1272,228.952,-0.45803,2.50661,-0.00651
-8.8168,-1.1573,228.965,-0.46081,2.50399,-0.00667
-8.7717,-1.1886,228.88,-0.46041,2.50247,-0.00665
-8.7942,-1.1309,228.906,-0.45674,2.51023,-0.00669
-8.7316,-1.2817,229.027,-0.4647,2.50191,-0.00698
-8.8212,-1.202,228.953,-0.46428,2.50329,-0.0062
-8.8093,-1.258,228.879,-0.46656,2.50581,-0.00556
-8.7932,-1.1455,228.916,-0.45914,2.50493,-0.00716
-8.7924,-1.1789,228.844,-0.46356,2.50591,-0.00597
-8.786,-1.1976,228.868,-0.45921,2.50281,-0.00579
-8.7883,-1.2313,228.905,-0.46252,2.50594,-0.00605
-8.786,-1.3028,228.936,-0.46668,2.50537,-0.00451
-8.8462,-1.0286,228.922,-0.44952,2.50876,-0.00774
-8.799,-1.1867,229.048,-0.45937,2.5034,-0.00777
-8.8265,-1.1558,228.844,-0.46133,2.50454,-0.00482
-8.8245,-1.1806,228.857,-0.46828,2.50489,-0.00339
-8.8063,-1.2341,228.98,-0.4628,2.50789,-0.00411
-8.7872,-1.0955,228.9,-0.459,2.50837,-0.00556
-8.7819,-1.1953,228.862,-0.46438,2.5094,-0.0064
-8.7299,-1.28,228.789,-0.46434,2.5036,-0.00824
-8.7738,-1.2862,228.837,-0.46597,2.50132,-0.00944
-8.7259,-1.2623,228.908,-0.45677,2.49703,-0.01227
-8.81,-1.3529,228.881,-0.46123,2.50204,-0.00888
-8.7379,-1.4565,229.127,-0.4655,2.49155,-0.00891
-8.7019,-1.2857,229.087,-0.45717,2.49781,-0.00734
-8.7527,-1.1103,228.972,-0.4531,2.5045,-0.00645
-8.7382,-1.1737,228.863,-0.46248,2.50347,-0.00469
-8.7207,-1.1598,228.808,-0.46513,2.50548,-0.00789
-8.735,-1.2886,228.841,-0.47301,2.5045,-0.00702
-8.6425,-1.4009,228.954,-0.47156,2.49832,-0.00632
-8.6353,-1.2468,228.916,-0.46732,2.50041,-0.00437
-8.6947,-1.0933,228.787,-0.46176,2.5009,-0.00243
-8.7096,-1.2129,228.858,-0.47178,2.49883,-0.0005
-8.6417,-1.3581,229.029,-0.47621,2.49238,-0.00189
-8.6258,-1.2951,229.147,-0.47024,2.48717,-0.00292
-8.6847,-1.2574,228.842,-0.47705,2.50086,-0.00068
-8.6569,-1.1019,228.765,-0.46604,2.49008,-0.0025
-8.6804,-1.0731,228.81,-0.46564,2.48887,-0.00548
-8.6153,-1.2573,228.891,-0.47238,2.47881,-0.00561
-8.5692,-1.2095,228.826,-0.46809,2.4752,-0.00679
-8.6916,-1.07,228.592,-0.46571,2.48268,-0.00518
-8.691,-1.1082,228.782,-0.46304,2.47953,-0.00806
-8.6375,-1.0914,228.881,-0.45987,2.47882,-0.00855
-8.6667,-1.0819,228.964,-0.45499,2.47756,-0.01179
-8.7199,-1.0983,228.933,-0.45941,2.48091,-0.01045
-8.732,-1.1285,229.012,-0.45724,2.47778,-0.0126
-8.7255,-1.1219,228.995,-0.45614,2.47482,-0.01201
-8.6908,-1.1714,229.025,-0.45934,2.4708,-0.01283
-8.7477,-1.288,228.901,-0.47331,2.46853,-0.01099
-8.7962,-1.12,228.779,-0.46513,2.4699,-0.01079
-8.7262,-1.1952,228.792,-0.46914,2.46323,-0.01127
-8.8397,-0.9665,228.541,-0.4651,2.47261,-0.00904
-8.7631,-1.0715,228.72,-0.47245,2.46521,-0.00868
-8.754,-1.201,228.707,-0.47629,2.46034,-0.0072
-8.792,-1.086,228.667,-0.47489,2.46342,-0.00804
-8.8015,-1.0482,228.682,-0.46881,2.46237,-0.00905
-8.8195,-1.0518,228.701,-0.46987,2.4585,-0.00898
-8.8356,-0.9486,228.63,-0.46655,2.47049,-0.00883
-8.807,-0.8638,228.818,-0.45347,2.46395,-0.0114
-8.8017,-1.1338,228.679,-0.47916,2.46529,-0.00787
-8.7944,-1.0839,228.823,-0.47358,2.45526,-0.00873
-8.7612,-1.0603,228.906,-0.46967,2.45662,-0.01036
-8.7671,-1.0228,228.783,-0.47336,2.46405,-0.00916
-8.6756,-0.9655,228.895,-0.46372,2.46581,-0.00932
-8.5365,-1.2033,229.128,-0.47125,2.46296,-0.00896
-8.6056,-1.1565,229.327,-0.46562,2.46681,-0.01009
-8.6021,-1.1862,229.501,-0.45765,2.46515,-0.01335
-8.644,-1.2062,229.276,-0.46304,2.4721,-0.01316
-8.6696,-1.3211,229.2,-0.47151,2.471,-0.01406
-8.6597,-1.3282,228.975,-0.46741,2.4697,-0.01406
-8.6533,-1.2798,228.916,-0.46958,2.4644,-0.01515
-8.6829,-1.0896,228.618,-0.46534,2.46629,-0.01418
-8.6167,-1.0974,228.647,-0.46355,2.46447,-0.01405
-8.5677,-1.1121,228.743,-0.46065,2.46078,-0.01605
-8.5143,-1.2754,228.907,-0.46221,2.4553,-0.01653
-8.6119,-1.1963,228.852,-0.4631,2.46008,-0.01505
-8.6421,-1.2025,228.92,-0.46164,2.458,-0.01679
-8.7699,-1.0608,228.778,-0.45843,2.46597,-0.01562
-8.7964,-1.0465,228.698,-0.45628,2.46856,-0.01451
-8.7841,-1.1059,228.851,-0.45349,2.46361,-0.0163
-8.8163,-1.1197,228.9,-0.45518,2.46676,-0.01598
-8.8144,-1.0623,228.891,-0.45265,2.46668,-0.01668
-8.8453,-1.0699,228.784,-0.46,2.45954,-0.01284
-8.7704,-1.2802,228.975,-0.46492,2.45022,-0.0149
-8.7925,-1.2492,228.914,-0.46669,2.45399,-0.01402
