-0.000492968,0,-0.000466233,0,0,0.9
-0.000492968,0,-0.000466233,0,0,0.9
-0.000492968,0,-0.000466233,0,0,0.9
-0.000492968,0,-0.000466233,0,0,0.9
-0.000492968,0,-0.000466233,0,0,0.9
-0.000492968,0,-0.000466233,0,0,0.9
-0.000492968,0,-0.000466233,0,0,0.9
-0.000492968,0,-0.000466233,0,0,0.9
-0.000492968,0,-0.000466233,0,0,0.9
-0.000492968,0,-0.000466233,0,0,0.9
-0.000492968,0,-0.000466233,0,0,0.9
-0.000492968,0,-0.000466233,0,0,0.9
-0.000492968,0,-0.000466233,0,0,0.9
-0.000492968,0,-0.000466233,0,0,0.9
-0.000492968,0,-0.000466233,0,0,0.9
-0.000492968,0,-0.000466233,0,0,0.9
-0.000492968,0,-0.000466233,0,0,0.9
-0.000492968,0,-0.000466233,0,0,0.9
-0.000492968,0,-0.000466233,0,0,0.9
-0.000492968,0,-0.000466233,0,0,0.9
-0.000492968,0,-0.000466233,0,0,0.9
-0.000492968,0,-0.000466233,0,0,0.9
-0.000492968,0,-0.000466233,0,0,0.9
-0.000492968,0,-0.000466233,0,0,0.9
-0.000492968,0,-0.000466233,0,0,0.9
-0.000492968,0,-0.000466233,0,0,0.9
-0.000492968,0,-0.000466233,0,0,0.9
-0.000492968,0,-0.000466233,0,0,0.9
-0.000492968,0,-0.000466233,0,0,0.9
-0.000492968,0,-0.000466233,0,0,0.9
-0.000492968,0,-0.000466233,0,0,0.9
-0.000492968,0,-0.000466233,0,0,0.9
-0.000492968,0,-0.000466233,0,0,0.9
-0.000492968,0,-0.000466233,0,0,0.9
-0.000492968,0,-0.000466233,0,0,0.9
-0.000492968,0,-0.000466233,0,0,0.9
-0.000492968,0,-0.000466233,0,0,0.9
-0.000492968,0,-0.000466233,0,0,0.9
-0.000492968,0,-0.000466233,0,0,0.9
-0.000492968,0,-0.000466233,0,0,0.9
-0.000492968,0,-0.000466233,0,0,0.9
-0.000492968,0,-0.000466233,0,0,0.9
-0.000492968,0,-0.000466233,0,0,0.9
-0.000492968,0,-0.000466233,0,0,0.9
-0.000492968,0,-0.000466233,0,0,0.9
-0.000492968,0,-0.000466233,0,0,0.9
-0.000492968,0,-0.000466233,0,0,0.9
-0.000492968,0,-0.000466233,0,0,0.9
-0.000492968,0,-0.000466233,0,0,0.9
-0.000492968,0,-0.000466233,0,0,0.9
-0.000492968,0,-0.000466233,0,0,0.9
-0.000492968,0,-0.000466233,0,0,0.9
-0.000492968,0,-0.000466233,0,0,0.9
-0.000492968,0,-0.000466233,0,0,0.9
-0.000492968,0,-0.000466233,0,0,0.9
-0.000492968,0,-0.000466233,0,0,0.9
-0.000492968,0,-0.000466233,0,0,0.9
-0.000492968,0,-0.000466233,0,0,0.9
-0.000492968,0,-0.000466233,0,0,0.9
-0.000492968,0,-0.000466233,0,0,0.9
-0.000492968,0,-0.000466233,0,0,0.9
-0.000492968,0,-0.000466233,0,0,0.9
-0.000492968,0,-0.000466233,0,0,0.9
-0.000492968,0,-0.000466233,0,0,0.9
-0.000492968,0,-0.000466233,0,0,0.9
-0.000492968,0,-0.000466233,0,0,0.9
-0.000492968,0,-0.000466233,0,0,0.9
-0.000492968,0,-0.000466233,0,0,0.9
-0.000492968,0,-0.000466233,0,0,0.9
-0.000492968,0,-0.000466233,0,0,0.9
-0.000492968,0,-0.000466233,0,0,0.9
-0.000492968,0,-0.000466233,0,0,0.9
-0.000492968,0,-0.000466233,0,0,0.9
-0.000492968,0,-0.000466233,0,0,0.9
-0.000492968,0,-0.000466233,0,0,0.9
-0.000492968,0,-0.000466233,0,0,0.9
-0.000492968,0,-0.000466233,0,0,0.9
-0.000492968,0,-0.000466233,0,0,0.9
-0.000492968,0,-0.000466233,0,0,0.9
-0.000492968,0,-0.000466233,0,0,0.9
-0.000492968,0,-0.000466233,0,0,0.9
-0.000492968,0,-0.000466233,0,0,0.9
-0.000492968,0,-0.000466233,0,0,0.9
-0.000492968,0,-0.000466233,0,0,0.9
-0.000492968,0,-0.000466233,0,0,0.9
-0.000492968,0,-0.000466233,0,0,0.9
-0.000492968,0,-0.000466233,0,0,0.9
-0.000492968,0,-0.000466233,0,0,0.9
-0.000492968,0,-0.000466233,0,0,0.9
-0.000492968,0,-0.000466233,0,0,0.9
-0.000492968,0,-0.000466233,0,0,0.9
-0.000492968,0,-0.000466233,0,0,0.9
-0.000492968,0,-0.000466233,0,0,0.9
-0.000492968,0,-0.000466233,0,0,0.9
-0.000492968,0,-0.000466233,0,0,0.9
-0.000492968,0,-0.000466233,0,0,0.9
-0.000492968,0,-0.000466233,0,0,0.9
-0.000492968,0,-0.000466233,0,0,0.9
-0.000492968,0,-0.000466233,0,0,0.9
-0.000492968,0,-0.000466233,0,0,0.9
-0.000492968,0,-0.000466233,0,0,0.9
-0.000492968,0,-0.000466233,0,0,0.9
-0.000492968,0,-0.000466233,0,0,0.9
-0.000492968,0,-0.000466233,0,0,0.9
-0.000492968,0,-0.000466233,0,0,0.9
-0.000492968,0,-0.000466233,0,0,0.9
-0.000492968,0,-0.000466233,0,0,0.9
-0.000492968,0,-0.000466315,0,0,0.9
-0.000492968,0,-0.000466565,0,0,0.9
-0.000492968,0,-0.000466969,0,0,0.9
-0.000492968,0,-0.000467516,0,0,0.9
-0.000492968,0,-0.000468194,0,0,0.9
-0.000492968,0,-0.000468992,0,0,0.9
-0.000492968,0,-0.000469896,0,0,0.9
-0.000492968,0,-0.000470896,0,0,0.9
-0.000492968,0,-0.000471979,0,0,0.9
-0.000492968,0,-0.000473134,0,0,0.9
-0.000492968,0,-0.000474349,0,0,0.9
-0.000492968,0,-0.000475611,0,0,0.9
-0.000492968,0,-0.00047691,0,0,0.9
-0.000492968,0,-0.000478232,0,0,0.9
-0.000492968,0,-0.000479567,0,0,0.9
-0.000492968,0,-0.000480902,0,0,0.9
-0.000492968,0,-0.000482225,0,0,0.9
-0.000492968,0,-0.000483525,0,0,0.9
-0.000492968,0,-0.00048479,0,0,0.9
-0.000492968,0,-0.000486007,0,0,0.9
-0.000492968,0,-0.000487081,0,0,0.9
-0.000492968,0,-0.000488253,0,0,0.9
-0.000492968,0,-0.000489257,0,0,0.9
-0.000492968,0,-0.000490166,0,0,0.9
-0.000492968,0,-0.000490969,0,0,0.9
-0.000492968,0,-0.000491654,0,0,0.9
-0.000492968,0,-0.000492208,0,0,0.9
-0.000492968,0,-0.000492619,0,0,0.9
-0.000492968,0,-0.000492877,0,0,0.9
-0.000492968,0,-0.000492968,0,0,0.9
-0.000492968,0,-0.000492968,0,0,0.9
-0.000492968,0,-0.000492968,0,0,0.9
-0.000492968,0,-0.000492968,0,0,0.9
-0.000492968,0,-0.000492968,0,0,0.9
-0.000492968,0,-0.000492968,0,0,0.9
-0.000492968,0,-0.000492968,0,0,0.9
-0.000492968,0,-0.000492968,0,0,0.9
0,-0.00827569,0,0,0,0.9
0,-0.00827569,0,0,0,0.9
0,-0.00827569,0,0,0,0.9
0,-0.00827569,0,0,0,0.9
0,-0.00827569,0,0,0,0.9
0,-0.00827569,0,0,0,0.9
0,-0.00827569,0,0,0,0.9
-0.045,-0.00827569,0,0,0,0.861
-0.045,-0.00839996,0,0,0,0.874
0.00840833,-0.00806896,0,-0.0149088,0,0.901
-0.000519552,-0.00806268,0,-0.0130125,0,0.901
-0.00211121,-0.00798063,0,-0.0121059,0,0.901
0.0047635,-0.00732185,0,-0.0120688,0,0.901
0.00333529,-0.00707743,0,-0.0109026,0,0.9
0.0046794,-0.00650042,0,-0.00949158,0,0.9
0.00758134,-0.0055015,0,-0.00874581,0,0.899
0.00504454,-0.00540412,0,-0.00666782,0,0.899
0.00268313,-0.00544669,0,-0.00482042,0,0.9
0.000973818,-0.00546773,0,-0.00396354,0,0.9
-0.00222917,-0.00615457,0,-0.00303267,0,0.9
-0.0026247,-0.00601888,0,-0.00358826,0,0.9
-0.00343048,-0.00616122,0,-0.00401098,0,0.9
-0.00181163,-0.00513253,0,-0.00523422,0,0.9
-0.00259202,-0.00522798,0,-0.00568288,0,0.9
-0.00289796,-0.00513168,0,-0.00659936,0,0.9
-0.00144431,-0.00393946,0,-0.00809584,0,0.9
-0.00228165,-0.00418523,0,-0.00837276,0,0.9
-0.00316539,-0.00455317,0,-0.00926038,0,0.9
-0.00379527,-0.00481524,0,-0.0111779,0,0.9
-0.00438292,-0.00510806,0,-0.0137132,0,0.9
-0.00318943,-0.00394635,0,-0.0196219,0,0.9
-0.00317549,-0.00375156,0,-0.0196219,0,0.9
-0.00336262,-0.0037649,0,-0.0212105,0,0.9
-0.00379173,-0.00283497,0,-0.0230706,0,0.9
-0.00390513,-0.0027084,0,-0.0266878,0,0.9
-0.00478962,-0.00261183,0,-0.0296006,0,0.9
-0.00485047,-0.00254783,0,-0.0353254,0,0.9
-0.0039532,-0.00251923,0,-0.0432805,0,0.9
-0.00211874,-0.00251751,0,-0.0432805,0,0.9
-0.00211874,-0.00251751,0,0,0,0.9
-0.00211874,-0.00251751,0,0,0,0.9
-0.00211874,-0.00251751,0,0,0,0.9
-0.00211874,-0.00251751,0,0,0,0.9
-0.00211874,-0.00251751,0,0,0,0.9
-0.00211874,-0.00251751,0,0,0,0.9
0,0,-0.00978188,0,0,0.9
0,0,-0.00978188,0,0,0.9
0,0,-0.00978188,0,0,0.9
0,0,-0.00978188,0,0,0.9
0,0,-0.00978188,0,0,0.9
0,0,-0.00978188,0,0,0.9
0,0,-0.00978188,0,0,0.9
0,0,-0.00978188,0,0,0.9
0,0,-0.00975155,0,0,0.9
0.00974109,0,-0.00959626,-0.0129123,0,0.901
0.0065421,0,-0.00940351,-0.0108364,0,0.901
0.00393611,0,-0.00920176,-0.00902553,0,0.901
0.00813448,0,-0.0085923,-0.00795349,0,0.901
0.00533231,0,-0.0083407,-0.00593781,0,0.9
0.00546904,0,-0.00782636,-0.00431253,0,0.9
0.00607873,0,-0.00716851,-0.00288194,0,0.9
0.00240399,0,-0.00728923,-0.00147357,0,0.9
-0.00197315,0,-0.00785216,-0.000517611,0,0.9
-0.00405123,0,-0.00810831,-0.000990144,0,0.9
-0.0062602,0,-0.00858855,-0.0020458,0,0.9
-0.00705254,0,-0.00872529,-0.00398288,0,0.9
-0.00502391,0,-0.00770548,-0.0065979,0,0.9
-0.00295149,0,-0.00646059,-0.00842717,0,0.9
-0.00271207,0,-0.00599089,-0.00927252,0,0.9
-0.00255051,0,-0.00554524,-0.0100464,0,0.9
-0.00240332,0,-0.00509833,-0.0108515,0,0.9
-0.00245104,0,-0.00477916,-0.0116872,0,0.9
-0.00280143,0,-0.00469707,-0.0126874,0,0.9
-0.00199594,0,-0.0037684,-0.0140889,0,0.9
-0.0018774,0,-0.00334983,-0.0147195,0,0.9
-0.00183276,0,-0.00300841,-0.0151942,0,0.9
-0.0020149,0,-0.00289218,-0.0158079,0,0.9
-0.0023765,0,-0.00298285,-0.0166771,0,0.9
-0.00288103,0,-0.00240715,-0.0177571,0,0.9
-0.00289692,0,-0.00223558,-0.0191618,0,0.9
-0.00289068,0,-0.00210469,-0.0216364,0,0.9
-0.00328644,0,-0.00201794,-0.024015,0,0.9
-0.00320637,0,-0.0019788,-0.0274926,0,0.9
-0.00189928,0,-0.00197684,-0.0304773,0,0.9
-0.00189928,0,-0.00197684,0,0,0.9
-0.00189928,0,-0.00197684,0,0,0.9
-0.00189928,0,-0.00197684,0,0,0.9
-0.00189928,0,-0.00197684,0,0,0.9
-0.00189928,0,-0.00197684,0,0,0.9
-0.00189928,0,-0.00197684,0,0,0.9
0,-0.00789798,0,0,0,0.9
0,-0.00789798,0,0,0,0.9
0,-0.00789798,0,0,0,0.9
0,-0.00789798,0,0,0,0.9
0,-0.00789798,0,0,0,0.9
0,-0.00789798,0,0,0,0.9
0,-0.00789798,0,0,0,0.9
0,-0.00789798,0,0,0,0.9
0,-0.00788436,0,0,0,0.9
0.00746821,-0.00775601,0,-0.0111447,0,0.901
0.00661488,-0.0075616,0,-0.0111447,0,0.901
0.00595854,-0.00731014,0,-0.00928003,0,0.9
0.00736777,-0.00688439,0,-0.00782507,0,0.901
0.00513326,-0.00666546,0,-0.00449994,0,0.9
0.00475811,-0.00627518,0,-0.00449994,0,0.9
0.000688282,-0.00648321,0,-0.00318715,0,0.9
-0.00016739,-0.00631667,0,-0.00262414,0,0.9
-0.00241658,-0.0065434,0,-0.00263929,0,0.9
-0.00438023,-0.00687067,0,-0.00312807,0,0.9
-0.00591149,-0.00722486,0,-0.00441631,0,0.9
-0.00521139,-0.00685794,0,-0.00593918,0,0.9
-0.00483575,-0.00656541,0,-0.00776524,0,0.9
-0.00220294,-0.00512876,0,-0.00958772,0,0.9
-0.000934624,-0.00416408,0,-0.0101798,0,0.9
-0.000998302,-0.00385567,0,-0.00988121,0,0.9
-0.00128022,-0.00369735,0,-0.00963188,0,0.9
-0.00137772,-0.00344841,0,-0.00962197,0,0.9
-0.00221432,-0.0037578,0,-0.00983175,0,0.9
-0.00134229,-0.00283469,0,-0.0111635,0,0.9
-0.00110702,-0.00237203,0,-0.0114675,0,0.9
-0.000673482,-0.00174197,0,-0.0116383,0,0.9
-0.00128439,-0.00203139,0,-0.0107989,0,0.9
-0.00166177,-0.00217239,0,-0.0119643,0,0.9
-0.00251381,-0.00170802,0,-0.0124417,0,0.9
-0.00350737,-0.00160371,0,-0.0130128,0,0.9
-0.00393895,-0.00149454,0,-0.0174545,0,0.9
-0.00415556,-0.00142218,0,-0.0230685,0,0.9
-0.00384732,-0.00138954,0,-0.0295164,0,0.9
-0.00224358,-0.0013879,0,-0.0338445,0,0.9
-0.00224358,-0.0013879,0,0,0,0.9
-0.00224358,-0.0013879,0,0,0,0.9
-0.00224358,-0.0013879,0,0,0,0.9
-0.00224358,-0.0013879,0,0,0,0.9
-0.00224358,-0.0013879,0,0,0,0.9
-0.00224358,-0.0013879,0,0,0,0.9
0,0,-0.0109348,0,0,0.9
0,0,-0.0109348,0,0,0.9
0,0,-0.0109348,0,0,0.9
0,0,-0.0109348,0,0,0.9
0,0,-0.0109348,0,0,0.9
0,0,-0.0109348,0,0,0.9
0,0,-0.0109348,0,0,0.9
0,0,-0.0109348,0,0,0.9
0,0,-0.010916,0,0,0.9
0.00580984,0,-0.0107756,-0.0115831,0,0.901
0.00547789,0,-0.0105544,-0.0101615,0,0.901
0.0066911,0,-0.0101895,-0.00849541,0,0.901
0.0131458,0,-0.00933597,-0.00706962,0,0.901
0.00812303,0,-0.00911761,-0.00412208,0,0.9
0.00856875,0,-0.00843402,-0.00222955,0,0.9
0.00579395,0,-0.00817841,-0.000397422,0,0.9
0.00211954,0,-0.00826453,0.0013136,0,0.9
-0.00234085,0,-0.00881106,0.00187249,0,0.9
-0.00344127,0,-0.00875504,-2.37196e-05,0,0.9
-0.00486531,0,-0.00887816,-2.37196e-05,0,0.9
-0.00463139,0,-0.00849463,-0.00171159,0,0.9
-0.00368032,0,-0.00776894,-0.00332253,0,0.9
-0.00112314,0,-0.00616388,-0.00494126,0,0.9
-0.00198758,0,-0.00613712,-0.0051164,0,0.9
-0.00190719,0,-0.00564581,-0.00579308,0,0.9
-0.00202721,0,-0.00528071,-0.00650542,0,0.9
-0.00195819,0,-0.00480898,-0.0072533,0,0.9
-0.00207595,0,-0.0044817,-0.00805989,0,0.9
-0.00118116,0,-0.003412,-0.00956985,0,0.9
-0.00127536,0,-0.00307472,-0.00956985,0,0.9
-0.000353147,0,-0.00191815,-0.0101412,0,0.9
-0.000458989,0,-0.00164223,-0.00934093,0,0.9
-0.00141409,0,-0.00219365,-0.00887092,0,0.9
-0.00229312,0,-0.0017225,-0.00942014,0,0.9
-0.00257442,0,-0.00152175,-0.0109084,0,0.9
-0.00283576,0,-0.00140479,-0.0134244,0,0.9
-0.00305035,0,-0.0012971,-0.0171742,0,0.9
-0.00321984,0,-0.00124851,-0.0217469,0,0.9
-0.00198158,0,-0.00124609,-0.025557,0,0.9
-0.00198158,0,-0.00124609,0,0,0.9
-0.00198158,0,-0.00124609,0,0,0.9
-0.00198158,0,-0.00124609,0,0,0.9
-0.00198158,0,-0.00124609,0,0,0.9
-0.00198158,0,-0.00124609,0,0,0.9
-0.00198158,0,-0.00124609,0,0,0.9
0,-0.0091662,0,0,0,0.9
0,-0.0091662,0,0,0,0.9
0,-0.0091662,0,0,0,0.9
0,-0.0091662,0,0,0,0.9
0,-0.0091662,0,0,0,0.9
0,-0.0091662,0,0,0,0.9
0,-0.0091662,0,0,0,0.9
0,-0.0091662,0,0,0,0.9
0,-0.0091504,0,0,0,0.9
0.0102837,-0.00898128,0,-0.0132792,0,0.901
0.00828816,-0.00876164,0,-0.0111922,0,0.901
0.00392845,-0.00861245,0,-0.00900647,0,0.901
0.00656781,-0.00812152,0,-0.00777845,0,0.901
0.00605584,-0.00771474,0,-0.00599746,0,0.9
0.0100059,-0.0067079,0,-0.00450444,0,0.9
0.00399432,-0.00699773,0,-0.00202239,0,0.9
0.00316005,-0.00664484,0,-0.000777838,0,0.9
-0.00025153,-0.00696319,0,0.000226539,0,0.9
-0.00428198,-0.00773983,0,0.000282334,0,0.9
-0.00610457,-0.00812876,0,-0.00101546,0,0.9
-0.00376654,-0.00707587,0,-0.00321152,0,0.9
-0.00271309,-0.00635004,0,-0.00445103,0,0.9
-0.00120221,-0.0052937,0,-0.00550714,0,0.9
-0.000751938,-0.00465429,0,-0.00571928,0,0.9
-0.000569508,-0.00412966,0,-0.00579612,0,0.9
-0.0014836,-0.00428966,0,-0.00559835,0,0.9
-0.0022453,-0.00444323,0,-0.00617265,0,0.9
-0.00277591,-0.00451128,0,-0.00725761,0,0.9
-0.00207819,-0.00369177,0,-0.00905284,0,0.9
-0.00231371,-0.00359019,0,-0.0102531,0,0.9
-0.00213615,-0.00317588,0,-0.0117868,0,0.9
-0.00224078,-0.00296657,0,-0.0131066,0,0.9
-0.00305478,-0.00351173,0,-0.0139139,0,0.9
-0.00310278,-0.00335529,0,-0.0162358,0,0.9
-0.0037314,-0.00322866,0,-0.017123,0,0.9
-0.00453788,-0.00313455,0,-0.0212548,0,0.9
-0.00413123,-0.00307569,0,-0.0254702,0,0.9
-0.00385742,-0.00305631,0,-0.03036,0,0.9
-0.00239365,-0.00305478,0,-0.0345561,0,0.9
-0.00239365,-0.00305478,0,0,0,0.9
-0.00239365,-0.00305478,0,0,0,0.9
-0.00239365,-0.00305478,0,0,0,0.9
-0.00239365,-0.00305478,0,0,0,0.9
-0.00239365,-0.00305478,0,0,0,0.9
-0.00239365,-0.00305478,0,0,0,0.9
0,0,-0.00968265,0,0,0.9
0,0,-0.00968265,0,0,0.9
0,0,-0.00968265,0,0,0.9
0,0,-0.00968265,0,0,0.9
0,0,-0.00968265,0,0,0.9
0,0,-0.00968265,0,0,0.9
0,0,-0.00968265,0,0,0.9
0,0,-0.00968265,0,0,0.9
0,0,-0.00966596,0,0,0.9
0.00921454,0,-0.00950357,-0.0136673,0,0.902
0.00635099,0,-0.00930982,-0.0114669,0,0.9
0.0113982,0,-0.00878833,-0.00981333,0,0.9
0.0134242,0,-0.00814363,-0.00737715,0,0.9
0.010865,0,-0.00772337,-0.00430204,0,0.9
0.0115159,0,-0.00695622,-0.00172876,0,0.899
0.00669688,0,-0.00699138,0.00240021,0,0.899
0.00380813,0,-0.0069208,0.00346526,0,0.898
-0.00069177,0,-0.00744798,0.00346526,0,0.898
-0.000860574,0,-0.00709173,0.00303423,0,0.898
-0.00159292,0,-0.00691871,0.00263585,0,0.897
0.000575328,0,-0.00564525,0.00193161,0,0.895
0.00315329,0,-0.00370419,0.00221978,0,0.891
0.00695074,0,-0.00109159,0.00279367,0,0.891
0.00942264,0,0.00177242,0.00503229,0,0.884
0.00906033,0,0.00342962,0.00829713,0,0.879
0.00594301,0,0.00159554,0.0164812,0,0.88
0.00225244,0,-0.00077802,0.0164812,0,0.88
0.00356458,0,0.000493938,0.0166956,0,0.881
0.00526297,0,0.00240269,0.0205341,0,0.882
0.00327099,0,0.00135887,0.0205341,0,0.88
0.00428493,0,0.00273372,0.0238659,0,0.879
0.0037801,0,0.00265635,0.0238659,0,0.878
0.0029191,0,0.00300789,0.0256618,0,0.878
-0.00545912,0,0.00329945,0.0269837,0,0.878
-0.00997202,0,0.00351457,0.0157552,0,0.878
-0.0132515,0,0.00364659,-0.0053851,0,0.878
-0.0146075,0,0.00368899,-0.06,0,0.878
-0.0146075,0,0.00368899,-0.06,0,0.878
-0.0146075,0,0.00368899,0,0,0.878
-0.0146075,0,0.00368899,0,0,0.878
-0.0146075,0,0.00368899,0,0,0.878
-0.0146075,0,0.00368899,0,0,0.878
-0.0146075,0,0.00368899,0,0,0.878
0,0.0156888,0,0,0,0.898
0,0.0156888,0,0,0,0.898
0,0.0156888,0,0,0,0.898
0,0.0156888,0,0,0,0.898
0,0.0156888,0,0,0,0.898
0,0.0156888,0,0,0,0.898
0,0.0156888,0,0,0,0.898
0,0.0156888,0,0,0,0.898
0,0.0156537,0,0,0,0.898
0.00906398,0.0156183,0,-0.0159296,0,0.9
0.00277773,0.0153669,0,-0.013564,0,0.9
0.00128231,0.015046,0,-0.0119593,0,0.9
-0.000672333,0.0145553,0,-0.0110162,0,0.9
-0.000406145,0.0141041,0,-0.0105091,0,0.9
-0.000152374,0.0136022,0,-0.00978554,0,0.9
0.0022829,0.0134284,0,-0.00922271,0,0.9
0.00489216,0.0134357,0,-0.00832026,0,0.9
0.00538585,0.0130975,0,-0.00609471,0,0.9
0.00427102,0.0123018,0,-0.00429383,0,0.9
0.00591184,0.0123293,0,-0.00257259,0,0.9
0.00596659,0.0118776,0,-0.000450359,0,0.9
0.00466842,0.0108248,0,0.00221402,0,0.9
0.00441165,0.0101489,0,0.00394294,0,0.9
0.00101279,0.00774603,0,0.00587594,0,0.9
-0.000412355,0.00617625,0,0.00646842,0,0.9
-0.000725631,0.00519047,0,0.00585501,0,0.9
-0.000843388,0.00432947,0,0.0016928,0,0.9
-0.00448516,0.000902723,0,0.0016928,0,0.9
-0.00503512,-0.00040559,0,-0.00227367,0,0.9
-0.00647536,-0.00243485,0,-0.00682331,0,0.9
-0.0051635,-0.00215574,0,-0.0132825,0,0.9
-0.00614428,-0.00375004,0,-0.0182579,0,0.9
-0.00565203,-0.00396604,0,-0.0245377,0,0.9
-0.00569852,-0.00224001,0,-0.030043,0,0.9
-0.0049895,-0.00264655,0,-0.0337906,0,0.9
-0.00517392,-0.00295363,0,-0.0377026,0,0.9
-0.0053854,-0.00315283,0,-0.0423239,0,0.9
-0.003862,-0.00323573,0,-0.047227,0,0.9
-0.00242146,-0.00323765,0,-0.0479823,0,0.9
-0.00242146,-0.00323765,0,0,0,0.9
-0.00242146,-0.00323765,0,0,0,0.9
-0.00242146,-0.00323765,0,0,0,0.9
-0.00242146,-0.00323765,0,0,0,0.9
-0.00242146,-0.00323765,0,0,0,0.9
-0.00242146,-0.00323765,0,0,0,0.9
0,0,-0.00945891,0,0,0.9
0,0,-0.00945891,0,0,0.9
0,0,-0.00945891,0,0,0.9
0,0,-0.00945891,0,0,0.9
0,0,-0.00945891,0,0,0.9
0,0,-0.00945891,0,0,0.9
0,0,-0.00945891,0,0,0.9
0,0,-0.00945891,0,0,0.9
0,0,-0.00943784,0,0,0.9
0.00354506,0,-0.00932129,-0.0145438,0,0.902
-0.00345903,0,-0.0093098,-0.0131673,0,0.901
0.00361284,0,-0.00887745,-0.0125502,0,0.901
0.0115994,0,-0.00800452,-0.0113366,0,0.901
0.0119292,0,-0.007353,-0.00848656,0,0.9
0.0139261,0,-0.00637864,-0.00553704,0,0.9
0.0161492,0,-0.00514109,-0.00217022,0,0.9
0.0116102,0,-0.00506198,0.00158644,0,0.9
0.00541151,0,-0.00571876,0.00498649,0,0.9
0.00115674,0,-0.00630988,0.00636992,0,0.9
-0.000949475,0,-0.00653489,0.00635957,0,0.9
-0.00440378,0,-0.00747724,0.00561605,0,0.9
-0.00424195,0,-0.0071563,0.00369126,0,0.9
-0.00243913,0,-0.00601044,0.00131603,0,0.9
-0.00145985,0,-0.00513972,-0.000908911,0,0.9
-0.000776653,0,-0.00432943,-0.000908911,0,0.9
-0.00134076,0,-0.0042667,-0.00119975,0,0.9
-0.0016776,0,-0.00411233,-0.00199923,0,0.9
-0.00262726,0,-0.0043757,-0.00301834,0,0.9
-0.00246327,0,-0.00395234,-0.00465308,0,0.9
-0.0027846,0,-0.0039358,-0.00630259,0,0.9
-0.00275296,0,-0.00365996,-0.00822261,0,0.9
-0.00250718,0,-0.00321356,-0.0105555,0,0.9
-0.00259002,0,-0.00306694,-0.0123319,0,0.9
-0.0026551,0,-0.00289384,-0.0143789,0,0.9
-0.00289156,0,-0.00275465,-0.0148405,0,0.9
-0.00349878,0,-0.00265243,-0.0170917,0,0.9
-0.00390459,0,-0.00259023,-0.020463,0,0.9
-0.00406726,0,-0.00257099,-0.0247172,0,0.9
-0.00406726,0,-0.00257099,-0.029624,0,0.9
-0.00406726,0,-0.00257099,0,0,0.9
-0.00406726,0,-0.00257099,0,0,0.9
-0.00406726,0,-0.00257099,0,0,0.9
-0.00406726,0,-0.00257099,0,0,0.9
-0.00406726,0,-0.00257099,0,0,0.9
-0.00406726,0,-0.00257099,0,0,0.9
0,-0.0105391,0,0,0,0.9
0,-0.0105391,0,0,0,0.9
0,-0.0105391,0,0,0,0.9
0,-0.0105391,0,0,0,0.9
0,-0.0105391,0,0,0,0.9
0,-0.0105391,0,0,0,0.9
0,-0.0105391,0,0,0,0.9
0,-0.0105391,0,0,0,0.9
-0.045,-0.0106383,0,0,0,0.827
0.00601205,-0.0103639,0,-0.0186647,0,0.902
0.00191335,-0.0102296,0,-0.0165806,0,0.901
0.00852462,-0.00969107,0,-0.0152251,0,0.901
0.0105014,-0.0090859,0,-0.0130624,0,0.901
0.00841162,-0.00852867,0,-0.0100825,0,0.901
0.00681332,-0.00810634,0,-0.0078,0,0.901
0.00111147,-0.00846735,0,-0.0062394,0,0.901
-0.00338488,-0.00897117,0,-0.00529484,0,0.9
-0.00863332,-0.0100386,0,-0.00550284,0,0.9
-0.0101822,-0.0104291,0,-0.0070031,0,0.9
-0.00541938,-0.00871848,0,-0.0096329,0,0.9
-0.00506328,-0.00832532,0,-0.0111613,0,0.9
-0.00286233,-0.00705529,0,-0.0118765,0,0.9
0.0010854,-0.00468324,0,-0.0128301,0,0.9
0.000190327,-0.00459865,0,-0.0116543,0,0.9
-0.000115822,-0.00425293,0,-0.0108156,0,0.9
-0.00138732,-0.00457582,0,-0.00998052,0,0.9
-0.00208579,-0.00463244,0,-0.00978441,0,0.9
-0.00265746,-0.00467461,0,-0.010168,0,0.9
-0.00221404,-0.0039983,0,-0.0112367,0,0.901
-0.00100167,-0.00266034,0,-0.0122738,0,0.901
-0.000660632,-0.00201901,0,-0.0125361,0,0.901
-0.00159048,-0.00251827,0,-0.0114176,0,0.901
-0.00263281,-0.00313803,0,-0.0120612,0,0.901
-0.00354421,-0.0029361,0,-0.0132878,0,0.901
-0.00402955,-0.00277677,0,-0.0150591,0,0.901
-0.00438786,-0.00265284,0,-0.019642,0,0.901
-0.00415425,-0.00257734,0,-0.0247006,0,0.901
-0.00318971,-0.0025539,0,-0.0293222,0,0.901
-0.00318971,-0.0025539,0,-0.031352,0,0.901
-0.00318971,-0.0025539,0,0,0,0.901
-0.00318971,-0.0025539,0,0,0,0.901
-0.00318971,-0.0025539,0,0,0,0.901
-0.00318971,-0.0025539,0,0,0,0.901
-0.00318971,-0.0025539,0,0,0,0.901
-0.00318971,-0.0025539,0,0,0,0.901
0,0,-0.00685961,0,0,0.9
0,0,-0.00685961,0,0,0.9
0,0,-0.00685961,0,0,0.9
0,0,-0.00685961,0,0,0.9
0,0,-0.00685961,0,0,0.9
0,0,-0.00685961,0,0,0.9
0,0,-0.00685961,0,0,0.9
0,0,-0.0068596,0,0,0.9
-0.045,0,-0.00702763,0,0,0.828
-0.00327472,0,-0.00682356,-0.0133418,0,0.901
-0.00612244,0,-0.00684191,-0.0128855,0,0.901
-0.000256481,0,-0.00657317,-0.0128208,0,0.901
0.00787707,0,-0.00585844,-0.0123441,0,0.9
0.00827112,0,-0.00539341,-0.0102677,0,0.9
0.00985026,0,-0.00468788,-0.00784945,0,0.9
0.00807716,0,-0.00436985,-0.00494445,0,0.9
0.00234497,0,-0.00495777,-0.00281892,0,0.9
-0.00116121,0,-0.00543891,-0.00183915,0,0.9
-0.00453794,0,-0.00617626,-0.00195198,0,0.9
-0.0059924,0,-0.00656369,-0.00322577,0,0.9
-0.00550377,0,-0.00633142,-0.00514039,0,0.9
-0.00299149,0,-0.00516195,-0.00706967,0,0.9
-0.00180784,0,-0.00439055,-0.00802639,0,0.9
-0.00254541,0,-0.00453548,-0.00829228,0,0.9
-0.00328056,0,-0.00475393,-0.00898285,0,0.9
-0.00435096,0,-0.00526118,-0.0100758,0,0.9
-0.00430054,0,-0.00510725,-0.0119486,0,0.9
-0.00453299,0,-0.00515958,-0.0143089,0,0.9
-0.00383039,0,-0.00451353,-0.0167127,0,0.9
-0.00284657,0,-0.00358612,-0.0190547,0,0.9
-0.00192388,0,-0.00264482,-0.0201513,0,0.9
-0.00190866,0,-0.0024597,-0.0204738,0,0.9
-0.00205195,0,-0.00243866,-0.0204469,0,0.9
-0.00348393,0,-0.00229977,-0.0203706,0,0.9
-0.00352822,0,-0.00219504,-0.0219826,0,0.9
-0.00369584,0,-0.00211552,-0.0253594,0,0.9
-0.00366479,0,-0.00206337,-0.0285857,0,0.9
-0.00289175,0,-0.00204073,-0.0318879,0,0.9
-0.00190394,0,-0.00203992,-0.0329002,0,0.9
-0.00190394,0,-0.00203992,0,0,0.9
-0.00190394,0,-0.00203992,0,0,0.9
-0.00190394,0,-0.00203992,0,0,0.9
-0.00190394,0,-0.00203992,0,0,0.9
-0.00190394,0,-0.00203992,0,0,0.9
-0.00190394,0,-0.00203992,0,0,0.9
0,-0.00741803,0,0,0,0.9
0,-0.00741803,0,0,0,0.9
0,-0.00741803,0,0,0,0.9
0,-0.00741803,0,0,0,0.9
0,-0.00741803,0,0,0,0.9
0,-0.00741803,0,0,0,0.9
0,-0.00741803,0,0,0,0.9
0,-0.00741803,0,0,0,0.9
0,-0.00740343,0,0,0,0.9
0.00426007,-0.00730099,0,-0.0142341,0,0.902
-7.63251e-05,-0.00724177,0,-0.0127933,0,0.901
0.00113492,-0.00704701,0,-0.0118942,0,0.901
0.00671815,-0.00646066,0,-0.0111376,0,0.901
0.00598722,-0.00611903,0,-0.00920409,0,0.9
0.00391356,-0.0059453,0,-0.00731199,0,0.9
0.0040489,-0.00550664,0,-0.00602739,0,0.9
0.00138526,-0.00559911,0,-0.00459326,0,0.9
-0.00171535,-0.00599626,0,-0.00397371,0,0.9
-0.00510168,-0.00673624,0,-0.00403596,0,0.9
-0.00546889,-0.00675292,0,-0.00546547,0,0.9
-0.00508596,-0.00648095,0,-0.00712108,0,0.9
-0.0042724,-0.00599835,0,-0.00843395,0,0.9
-0.00100328,-0.00420263,0,-0.00993615,0,0.9
-0.000979608,-0.00386936,0,-0.0100803,0,0.9
-0.00153547,-0.00388476,0,-0.00965304,0,0.9
-0.00154348,-0.00360427,0,-0.00980738,0,0.9
-0.00183281,-0.00352837,0,-0.0098958,0,0.9
-0.00258502,-0.00383266,0,-0.0102712,0,0.9
-0.0028678,-0.00384588,0,-0.0113831,0,0.9
-0.00235397,-0.0032373,0,-0.0127897,0,0.9
-0.0024823,-0.00316542,0,-0.0141064,0,0.901
-0.00263827,-0.00314149,0,-0.0145922,0,0.901
-0.00262602,-0.0028898,0,-0.0169789,0,0.9
-0.00314028,-0.00276236,0,-0.0178907,0,0.9
-0.00401925,-0.00266447,0,-0.0181963,0,0.9
-0.00450706,-0.00258834,0,-0.0220684,0,0.9
-0.00392017,-0.00254194,0,-0.0279102,0,0.9
-0.00370619,-0.00252754,0,-0.0311202,0,0.9
-0.00370619,-0.00252754,0,-0.0332715,0,0.9
-0.00370619,-0.00252754,0,0,0,0.9
-0.00370619,-0.00252754,0,0,0,0.9
-0.00370619,-0.00252754,0,0,0,0.9
-0.00370619,-0.00252754,0,0,0,0.9
-0.00370619,-0.00252754,0,0,0,0.9
-0.00370619,-0.00252754,0,0,0,0.9
0,0,-0.0081121,0,0,0.9
0,0,-0.0081121,0,0,0.9
0,0,-0.0081121,0,0,0.9
0,0,-0.0081121,0,0,0.9
0,0,-0.0081121,0,0,0.9
0,0,-0.0081121,0,0,0.9
0,0,-0.0081121,0,0,0.9
0,0,-0.0081121,0,0,0.9
0,0,-0.00809614,0,0,0.9
0.000323895,0,-0.00802727,-0.0093367,0,0.901
-0.00238314,0,-0.00797455,-0.00886993,0,0.901
0.00110412,0,-0.00771231,-0.00847662,0,0.901
0.00990162,0,-0.00688829,-0.00802096,0,0.9
0.0104967,0,-0.00630887,-0.00566169,0,0.9
0.00838503,0,-0.00598242,-0.000996622,0,0.9
0.00841924,0,-0.00535654,-0.000996622,0,0.9
0.00222809,0,-0.00597562,0.00167126,0,0.9
-0.000284769,0,-0.00616062,0.00220282,0,0.9
-0.00373922,0,-0.006825,0.00205762,0,0.9
-0.0059723,0,-0.00738192,0.00079481,0,0.9
-0.00639585,0,-0.00744351,-0.00111731,0,0.9
-0.00317064,0,-0.00594336,-0.00380403,0,0.9
-0.00197752,0,-0.00511382,-0.00504641,0,0.9
-0.00185983,0,-0.00474391,-0.00578769,0,0.9
-0.00230987,0,-0.00469844,-0.00626788,0,0.9
-0.00313438,0,-0.00494046,-0.00711442,0,0.9
-0.00315196,0,-0.00471557,-0.00864476,0,0.9
-0.00408028,0,-0.00516611,-0.0102608,0,0.9
-0.00355332,0,-0.0045814,-0.0131222,0,0.9
-0.00303977,0,-0.00397453,-0.0153257,0,0.9
-0.0023607,0,-0.00320078,-0.017057,0,0.9
-0.00164681,0,-0.0023664,-0.0177962,0,0.9
-0.00214609,0,-0.00262597,-0.0180969,0,0.9
-0.00280624,0,-0.00196472,-0.0186923,0,0.9
-0.00305978,0,-0.00182352,-0.0197444,0,0.9
-0.00353736,0,-0.00171632,-0.0224024,0,0.9
-0.00381597,0,-0.00164601,-0.0260459,0,0.9
-0.00305603,0,-0.00161549,-0.030479,0,0.9
-0.00174321,0,-0.0016144,-0.0327553,0,0.9
-0.00174321,0,-0.0016144,0,0,0.9
-0.00174321,0,-0.0016144,0,0,0.9
-0.00174321,0,-0.0016144,0,0,0.9
-0.00174321,0,-0.0016144,0,0,0.9
-0.00174321,0,-0.0016144,0,0,0.9
-0.00174321,0,-0.0016144,0,0,0.9
0,-0.00779762,0,0,0,0.9
0,-0.00779762,0,0,0,0.9
0,-0.00779762,0,0,0,0.9
0,-0.00779762,0,0,0,0.9
0,-0.00779762,0,0,0,0.9
0,-0.00779762,0,0,0,0.9
0,-0.00779762,0,0,0,0.9
0,-0.00779762,0,0,0,0.9
-0.045,-0.00787591,0,0,0,0.88
0.00546401,-0.00766428,0,-0.0148505,0,0.901
0.000920379,-0.00758832,0,-0.0130354,0,0.901
0.00383812,-0.00729288,0,-0.0120816,0,0.901
0.00511599,-0.00692305,0,-0.01076,0,0.901
0.00384239,-0.00666968,0,-0.00904329,0,0.9
0.0017156,-0.00647698,0,-0.00750108,0,0.9
0.000423307,-0.00634757,0,-0.00691578,0,0.9
-0.00066801,-0.00625014,0,-0.00625059,0,0.9
-0.00579503,-0.00727621,0,-0.00587807,0,0.9
-0.00606657,-0.00726809,0,-0.00685406,0,0.9
-0.00602303,-0.00717084,0,-0.00812644,0,0.9
-0.00545748,-0.00685731,0,-0.00981936,0,0.9
-0.00338137,-0.00580449,0,-0.0111145,0,0.9
-0.000246636,-0.00401269,0,-0.0122211,0,0.9
-0.000696481,-0.00388369,0,-0.0115664,0,0.9
-0.000869929,-0.00363661,0,-0.011227,0,0.9
-0.00120749,-0.00351931,0,-0.0107924,0,0.9
-0.00137595,-0.00332544,0,-0.0108558,0,0.9
-0.00241313,-0.00380313,0,-0.010657,0,0.9
-0.00303642,-0.00405985,0,-0.0115684,0,0.9
-0.0038154,-0.00451572,0,-0.0126785,0,0.901
-0.0031527,-0.00379557,0,-0.0156042,0,0.901
-0.00426431,-0.0046363,0,-0.0166029,0,0.901
-0.00480361,-0.00502886,0,-0.0197878,0,0.901
-0.00588053,-0.00305014,0,-0.0236516,0,0.901
-0.00589788,-0.00294633,0,-0.0275959,0,0.901
-0.00590173,-0.00286739,0,-0.0336908,0,0.901
-0.00546474,-0.00281862,0,-0.0396919,0,0.901
-0.00452617,-0.0028024,0,-0.0440476,0,0.901
-0.00452617,-0.00280239,0,-0.0470779,0,0.901
-0.00452617,-0.00280239,0,0,0,0.901
-0.00452617,-0.00280239,0,0,0,0.901
-0.00452617,-0.00280239,0,0,0,0.901
-0.00452617,-0.00280239,0,0,0,0.901
-0.00452617,-0.00280239,0,0,0,0.901
-0.00452617,-0.00280239,0,0,0,0.901
0,0,-0.00849591,0,0,0.9
0,0,-0.00849591,0,0,0.9
0,0,-0.00849591,0,0,0.9
0,0,-0.00849591,0,0,0.9
0,0,-0.00849591,0,0,0.9
0,0,-0.00849591,0,0,0.9
0,0,-0.00849591,0,0,0.9
0,0,-0.00849591,0,0,0.9
0,0,-0.00848126,0,0,0.9
-0.000357269,0,-0.00841853,-0.0127142,0,0.901
-0.00383998,0,-0.00838799,-0.0120694,0,0.901
-0.00404743,0,-0.00830779,-0.0122319,0,0.901
0.00255933,0,-0.00776188,-0.0120123,0,0.901
0.00658949,0,-0.00705747,-0.0109728,0,0.9
0.00926375,0,-0.00623413,-0.00649719,0,0.9
0.0127192,0,-0.00500027,-0.00649719,0,0.9
0.00565175,0,-0.00560197,-0.00262065,0,0.9
0.000107732,0,-0.00636975,5.3994e-05,0,0.9
-0.0022396,0,-0.00666883,5.3994e-05,0,0.9
-0.00611868,0,-0.00769321,-0.00274206,0,0.9
-0.00518806,0,-0.00721537,-0.00274206,0,0.9
-0.00282442,0,-0.00602085,-0.00465648,0,0.9
-0.000508068,0,-0.00461181,-0.00568828,0,0.9
8.87566e-05,0,-0.00389262,-0.00552782,0,0.9
-0.000619788,0,-0.00389124,-0.00503033,0,0.9
-0.0017852,0,-0.00423628,-0.00503033,0,0.9
-0.0026109,0,-0.00447985,-0.00588079,0,0.9
-0.00389624,0,-0.00514534,-0.00701053,0,0.9
-0.00369596,0,-0.00478866,-0.00970639,0,0.9
-0.00293777,0,-0.00397313,-0.012541,0,0.9
-0.00237187,0,-0.0032776,-0.0145088,0,0.9
-0.00294018,0,-0.0035677,-0.0157496,0,0.9
-0.0030056,0,-0.00345913,-0.020144,0,0.9
-0.00387738,0,-0.00249779,-0.020144,0,0.9
-0.00413908,0,-0.00235825,-0.0226517,0,0.9
-0.0041246,0,-0.00225179,-0.0271779,0,0.9
-0.0042671,0,-0.00218123,-0.0313075,0,0.9
-0.00287838,0,-0.0021494,-0.0359673,0,0.9
-0.00167663,0,-0.00214781,0,0,0.9
-0.00167663,0,-0.00214781,0,0,0.9
-0.00167663,0,-0.00214781,0,0,0.9
-0.00167663,0,-0.00214781,0,0,0.9
-0.00167663,0,-0.00214781,0,0,0.9
-0.00167663,0,-0.00214781,0,0,0.9
-0.00167663,0,-0.00214781,0,0,0.9
0,-0.00728517,0,0,0,0.9
0,-0.00728517,0,0,0,0.9
0,-0.00728517,0,0,0,0.9
0,-0.00728517,0,0,0,0.9
0,-0.00728517,0,0,0,0.9
0,-0.00728517,0,0,0,0.9
0,-0.00728517,0,0,0,0.9
0,-0.00728517,0,0,0,0.9
0,-0.00727261,0,0,0,0.9
-0.000115594,-0.00721723,0,-0.0137784,0,0.902
-5.60927e-05,-0.00711761,0,-0.0130944,0,0.901
0.000590545,-0.00695212,0,-0.0122118,0,0.901
0.00474368,-0.0064865,0,-0.0114779,0,0.901
0.00268558,-0.00633443,0,-0.00996801,0,0.9
-4.63696e-05,-0.00629322,0,-0.00858105,0,0.9
0.000462446,-0.00593375,0,-0.00811793,0,0.9
0.0011664,-0.0054685,0,-0.00748517,0,0.9
-0.00386507,-0.00640228,0,-0.00680997,0,0.9
-0.0048833,-0.00655601,0,-0.0071821,0,0.9
-0.00453564,-0.00635349,0,-0.00783769,0,0.9
-0.00397666,-0.00600437,0,-0.00918047,0,0.9
-0.00347531,-0.00562253,0,-0.0103825,0,0.9
-0.000410495,-0.00394235,0,-0.0112336,0,0.9
-0.000568933,-0.00368378,0,-0.0106787,0,0.9
-0.000292129,-0.00318816,0,-0.0101647,0,0.9
-0.000479918,-0.00296553,0,-0.00939773,0,0.9
-0.000314184,-0.00252802,0,-0.00906445,0,0.9
-0.00158143,-0.00313036,0,-0.00848011,0,0.9
-0.00188483,-0.00311422,0,-0.0088908,0,0.9
-0.00217531,-0.00312717,0,-0.00983548,0,0.9
-0.000593988,-0.0015836,0,-0.011168,0,0.9
-0.00136518,-0.00203384,0,-0.0109584,0,0.9
-0.00190646,-0.00230862,0,-0.0115735,0,0.9
-0.00348611,-0.00217094,0,-0.0119414,0,0.9
-0.00433545,-0.00205949,0,-0.0146031,0,0.9
-0.00507176,-0.00197667,0,-0.0191492,0,0.9
-0.00514311,-0.00192486,0,-0.0259957,0,0.9
-0.00435819,-0.0019078,0,-0.0322332,0,0.9
-0.00218421,-0.00190646,0,-0.0379613,0,0.9
-0.00218421,-0.00190646,0,0,0,0.9
-0.00218421,-0.00190646,0,0,0,0.9
-0.00218421,-0.00190646,0,0,0,0.9
-0.00218421,-0.00190646,0,0,0,0.9
-0.00218421,-0.00190646,0,0,0,0.9
-0.00218421,-0.00190646,0,0,0,0.9
0,0,-0.00999609,0,0,0.9
0,0,-0.00999609,0,0,0.9
0,0,-0.00999609,0,0,0.9
0,0,-0.00999609,0,0,0.9
0,0,-0.00999609,0,0,0.9
0,0,-0.00999609,0,0,0.9
0,0,-0.00999609,0,0,0.9
0,0,-0.00999609,0,0,0.9
0,0,-0.00997886,0,0,0.9
0.00368229,0,-0.00986604,-0.0167846,0,0.901
0.00266025,0,-0.00970274,-0.0152285,0,0.901
0.00881528,0,-0.00920058,-0.0138292,0,0.901
0.0130911,0,-0.00846319,-0.0117315,0,0.901
0.00886656,0,-0.00819748,-0.00844005,0,0.9
0.00971562,0,-0.00746859,-0.006065,0,0.9
0.0096819,0,-0.00675373,-0.00349633,0,0.9
0.00388652,0,-0.00715637,-0.000842614,0,0.9
-7.66682e-05,0,-0.00755563,0.000380077,0,0.9
-0.00486112,0,-0.00849649,0.000380077,0,0.9
-0.00765558,0,-0.009203,-0.00101165,0,0.9
-0.00575597,0,-0.00835464,-0.0036408,0,0.9
-0.00186055,0,-0.00644571,-0.00605766,0,0.9
-0.000397248,0,-0.00532864,-0.0065226,0,0.9
-5.86115e-05,0,-0.0046674,-0.00633339,0,0.9
-0.000536304,0,-0.00445389,-0.00578771,0,0.9
-0.00161331,0,-0.00467511,-0.00558354,0,0.9
-0.00175636,0,-0.00437312,-0.0062153,0,0.9
-0.00292853,0,-0.00484783,-0.00693589,0,0.9
-0.00246382,0,-0.00417853,-0.00892997,0,0.9
-0.00235288,0,-0.00377665,-0.0104703,0,0.9
-0.00195494,0,-0.0031516,-0.0128017,0,0.9
-0.00205424,0,-0.00295127,-0.0128017,0,0.9
-0.00265547,0,-0.00320433,-0.0141818,0,0.9
-0.00307305,0,-0.00301642,-0.0156311,0,0.9
-0.00308638,0,-0.00286432,-0.0171751,0,0.9
-0.00336526,0,-0.00275129,-0.0198774,0,0.9
-0.0033148,0,-0.00269412,-0.0228426,0,0.9
-0.00261697,0,-0.00265731,-0.026806,0,0.9
-0.00145067,0,-0.00265547,-0.0287281,0,0.9
-0.00145067,0,-0.00265547,0,0,0.9
-0.00145067,0,-0.00265547,0,0,0.9
-0.00145067,0,-0.00265547,0,0,0.9
-0.00145067,0,-0.00265547,0,0,0.9
-0.00145067,0,-0.00265547,0,0,0.9
-0.00145067,0,-0.00265547,0,0,0.9
0,-0.00757909,0,0,0,0.9
0,-0.00757909,0,0,0,0.9
0,-0.00757909,0,0,0,0.9
0,-0.00757909,0,0,0,0.9
0,-0.00757909,0,0,0,0.9
0,-0.00757909,0,0,0,0.9
0,-0.00757909,0,0,0,0.9
0,-0.00757909,0,0,0,0.9
-0.045,-0.00767023,0,0,0,0.804
0.00445835,-0.00746464,0,-0.0141096,0,0.901
0.000673272,-0.00738781,0,-0.0125865,0,0.901
0.00111631,-0.00721137,0,-0.0116442,0,0.901
0.00237078,-0.00691846,0,-0.0108365,0,0.901
0.000980597,-0.0067629,0,-0.00962975,0,0.9
0.000392511,-0.00655695,0,-0.00877747,0,0.9
-0.000846363,-0.00646973,0,-0.00804475,0,0.9
-0.00196207,-0.00643011,0,-0.00759571,0,0.9
-0.00229464,-0.00627318,0,-0.00756747,0,0.9
-0.00178186,-0.00588608,0,-0.00780093,0,0.9
-0.00661433,-0.00725218,0,-0.0077058,0,0.9
-0.00284043,-0.00574465,0,-0.00936174,0,0.9
-0.00186603,-0.00508589,0,-0.00989879,0,0.9
0.000820409,-0.00349482,0,-0.0102569,0,0.9
0.000238453,-0.00338715,0,-0.00920687,0,0.9
-0.000614671,-0.00349885,0,-0.00838508,0,0.9
-0.00120745,-0.00353469,0,-0.00810499,0,0.9
-0.000349358,-0.00264537,0,-0.00832129,0,0.9
-0.00144448,-0.00311042,0,-0.00788793,0,0.9
-0.00158352,-0.00294841,0,-0.00831396,0,0.9
-0.001799,-0.00287571,0,-0.00907644,0,0.9
-0.000179348,-0.00127375,0,-0.0101296,0,0.9
-0.00147128,-0.00216115,0,-0.00890208,0,0.9
-0.0025516,-0.0029275,0,-0.0101638,0,0.9
-0.00339985,-0.00279881,0,-0.0120603,0,0.9
-0.00463903,-0.00269464,0,-0.0145275,0,0.9
-0.00547549,-0.00261723,0,-0.0193747,0,0.9
-0.00563595,-0.0025688,0,-0.0266335,0,0.9
-0.00499886,-0.00255161,0,-0.0343363,0,0.9
-0.00499886,-0.0025516,0,-0.0403334,0,0.9
-0.00499886,-0.0025516,0,0,0,0.9
-0.00499886,-0.0025516,0,0,0,0.9
-0.00499886,-0.0025516,0,0,0,0.9
-0.00499886,-0.0025516,0,0,0,0.9
-0.00499886,-0.0025516,0,0,0,0.9
-0.00499886,-0.0025516,0,0,0,0.9
0,0,-0.00981267,0,0,0.9
0,0,-0.00981267,0,0,0.9
0,0,-0.00981267,0,0,0.9
0,0,-0.00981267,0,0,0.9
0,0,-0.00981267,0,0,0.9
0,0,-0.00981267,0,0,0.9
0,0,-0.00981267,0,0,0.9
0,0,-0.00981267,0,0,0.9
0,0,-0.00979576,0,0,0.9
0.00294983,0,-0.00969133,-0.0155073,0,0.901
0.00358917,0,-0.00950204,-0.0142617,0,0.901
0.00912624,0,-0.00901177,-0.0129774,0,0.901
0.012414,0,-0.00833691,-0.0107484,0,0.901
0.00895054,0,-0.00802355,-0.00769234,0,0.9
0.00903978,0,-0.00739535,-0.00533436,0,0.9
0.00841798,0,-0.00680879,-0.00309339,0,0.9
0.00245694,0,-0.00730289,-0.000567226,0,0.9
-0.00167203,0,-0.00780094,0.000329759,0,0.9
-0.00525201,0,-0.00848079,-0.000107785,0,0.9
-0.00808051,0,-0.00922573,-0.00170207,0,0.9
-0.00487442,0,-0.00790096,-0.00450832,0,0.9
-0.00176957,0,-0.00630263,-0.00657442,0,0.9
0.000265905,0,-0.00491195,-0.00701357,0,0.9
0.000398561,0,-0.00433719,-0.00653171,0,0.9
-0.000293923,0,-0.00423592,-0.00578772,0,0.9
-0.00105074,0,-0.00425103,-0.00543393,0,0.9
-0.00170466,0,-0.00427959,-0.00567865,0,0.9
-0.00343851,0,-0.0051695,-0.00630949,0,0.9
-0.00260933,0,-0.00424916,-0.00853153,0,0.9
-0.00283052,0,-0.00413813,-0.0123829,0,0.9
-0.00262559,0,-0.00369515,-0.0142126,0,0.9
-0.00234956,0,-0.0031987,-0.0156645,0,0.9
-0.00299189,0,-0.00355037,-0.0156645,0,0.9
-0.00348579,0,-0.00250942,-0.0180115,0,0.9
-0.00376525,0,-0.00233951,-0.0201618,0,0.9
-0.00372728,0,-0.00220989,-0.0244044,0,0.9
-0.00403564,0,-0.00212398,-0.0282157,0,0.9
-0.00274884,0,-0.00208522,-0.0329348,0,0.9
-0.00159234,0,-0.00208328,-0.0341354,0,0.9
-0.00159234,0,-0.00208328,0,0,0.9
-0.00159234,0,-0.00208328,0,0,0.9
-0.00159234,0,-0.00208328,0,0,0.9
-0.00159234,0,-0.00208328,0,0,0.9
-0.00159234,0,-0.00208328,0,0,0.9
-0.00159234,0,-0.00208328,0,0,0.9
0,-0.00874069,0,0,0,0.9
0,-0.00874069,0,0,0,0.9
0,-0.00874069,0,0,0,0.9
0,-0.00874069,0,0,0,0.9
0,-0.00874069,0,0,0,0.9
0,-0.00874069,0,0,0,0.9
0,-0.00874069,0,0,0,0.9
0,-0.00874069,0,0,0,0.9
0,-0.00872562,0,0,0,0.9
0.0057944,-0.0086025,0,-0.0154094,0,0.901
0.00368264,-0.00845274,0,-0.0137184,0,0.901
0.00334273,-0.0082297,0,-0.0121252,0,0.901
0.00633181,-0.00773993,0,-0.010982,0,0.901
0.00031701,-0.00787701,0,-0.00900271,0,0.9
0.00126382,-0.00745788,0,-0.00823977,0,0.9
0.000249836,-0.00725931,0,-0.00757663,0,0.9
9.96113e-05,-0.00693238,0,-0.00684878,0,0.9
-0.00300469,-0.00732319,0,-0.00641354,0,0.9
-0.00326692,-0.00714214,0,-0.00674079,0,0.9
-0.00481061,-0.00740897,0,-0.00730411,0,0.9
-0.00261969,-0.00637111,0,-0.0087975,0,0.9
-0.00157663,-0.00561427,0,-0.00932793,0,0.9
0.000989375,-0.00400943,0,-0.00955427,0,0.9
0.00115414,-0.00343487,0,-0.00849343,0,0.9
0.000501104,-0.0033262,0,-0.00715664,0,0.9
0.00015413,-0.00309469,0,-0.00627744,0,0.9
0.000119562,-0.00269426,0,-0.00566064,0,0.9
-0.000888144,-0.00302061,0,-0.00497678,0,0.9
-0.000930745,-0.00270867,0,-0.00522431,0,0.9
-0.00169288,-0.00300574,0,-0.00546971,0,0.9
-0.000673676,-0.00186677,0,-0.00703363,0,0.9
-0.00208759,-0.00283906,0,-0.00669122,0,0.9
-0.00278716,-0.0032323,0,-0.00868494,0,0.9
-0.00368115,-0.00307991,0,-0.010909,0,0.9
-0.00484715,-0.00295655,0,-0.0137703,0,0.9
-0.00565388,-0.00286488,0,-0.0195296,0,0.9
-0.0059279,-0.00280754,0,-0.0271735,0,0.9
-0.00507134,-0.00278716,0,-0.0348613,0,0.9
-0.00507134,-0.00278716,0,-0.041096,0,0.9
-0.00507134,-0.00278716,0,0,0,0.9
-0.00507134,-0.00278716,0,0,0,0.9
-0.00507134,-0.00278716,0,0,0,0.9
-0.00507134,-0.00278716,0,0,0,0.9
-0.00507134,-0.00278716,0,0,0,0.9
-0.00507134,-0.00278716,0,0,0,0.9
0,0,-0.00936026,0,0,0.9
0,0,-0.00936026,0,0,0.9
0,0,-0.00936026,0,0,0.9
0,0,-0.00936026,0,0,0.9
0,0,-0.00936026,0,0,0.9
0,0,-0.00936026,0,0,0.9
0,0,-0.00936026,0,0,0.9
0,0,-0.00936026,0,0,0.9
0,0,-0.00934412,0,0,0.9
0.00506954,0,-0.00922307,-0.0155644,0,0.901
0.00580783,0,-0.00900869,-0.013975,0,0.901
0.00811791,0,-0.00862113,-0.0121816,0,0.901
0.0126863,0,-0.00789645,-0.0102697,0,0.901
0.00942641,0,-0.0075689,-0.00719153,0,0.9
0.00905198,0,-0.00699939,-0.00470363,0,0.9
0.00759208,0,-0.006567,-0.00228738,0,0.9
0.00256948,0,-0.00692,-0.000139803,0,0.9
-0.00182582,0,-0.00749833,0.000776057,0,0.9
-0.00428499,0,-0.00787809,0.000259736,0,0.9
-0.00807878,0,-0.00892603,-0.000814985,0,0.9
-0.00658147,0,-0.00828453,-0.003723,0,0.9
-0.00236633,0,-0.00630808,-0.00665411,0,0.9
-0.00118661,0,-0.00538581,-0.007158,0,0.9
-0.000421618,0,-0.00456716,-0.00737919,0,0.9
-0.00111235,0,-0.00452806,-0.0069843,0,0.9
-0.00171212,0,-0.00450559,-0.0071456,0,0.9
-0.00219794,0,-0.00447254,-0.00772723,0,0.9
-0.00320908,0,-0.00487952,-0.00872334,0,0.9
-0.00266826,0,-0.00419169,-0.0104927,0,0.9
-0.00278279,0,-0.00400803,-0.0121512,0,0.9
-0.00253787,0,-0.00354688,-0.0138271,0,0.9
-0.00273576,0,-0.00348399,-0.0154017,0,0.9
-0.00309756,0,-0.00361034,-0.0173905,0,0.9
-0.00353714,0,-0.00261763,-0.0197708,0,0.9
-0.00414073,0,-0.00242724,-0.0218584,0,0.9
-0.00366238,0,-0.0023411,-0.0257001,0,0.9
-0.00385184,0,-0.00226178,-0.0292282,0,0.9
-0.00249356,0,-0.002226,-0.0331996,0,0.9
-0.00114381,0,-0.00222421,-0.0340647,0,0.9
-0.00114381,0,-0.00222421,0,0,0.9
-0.00114381,0,-0.00222421,0,0,0.9
-0.00114381,0,-0.00222421,0,0,0.9
-0.00114381,0,-0.00222421,0,0,0.9
-0.00114381,0,-0.00222421,0,0,0.9
-0.00114381,0,-0.00222421,0,0,0.9
0,-0.00849197,0,0,0,0.9
0,-0.00849197,0,0,0,0.9
0,-0.00849197,0,0,0,0.9
0,-0.00849197,0,0,0,0.9
0,-0.00849197,0,0,0,0.9
0,-0.00849197,0,0,0,0.9
0,-0.00849197,0,0,0,0.9
0,-0.00849197,0,0,0,0.9
0,-0.00847734,0,0,0,0.9
0.00563859,-0.00835807,0,-0.0153272,0,0.902
0.00500069,-0.00817924,0,-0.0137566,0,0.901
0.0024714,-0.00802835,0,-0.0120099,0,0.901
0.00450662,-0.00762892,0,-0.0109152,0,0.901
0.00268649,-0.00742936,0,-0.0093526,0,0.901
0.00149067,-0.00721197,0,-0.00815559,0,0.9
0.00447685,-0.00635509,0,-0.0074086,0,0.9
0.00409993,-0.00591627,0,-0.00575939,0,0.9
-5.66596e-05,-0.00640742,0,-0.00433064,0,0.9
-0.00242462,-0.00672008,0,-0.00384501,0,0.9
-0.00502252,-0.00731634,0,-0.00416665,0,0.9
-0.00350961,-0.00656319,0,-0.00577745,0,0.9
-0.0040224,-0.00654144,0,-0.00688039,0,0.9
-0.000832921,-0.00476775,0,-0.0083055,0,0.9
0.00121605,-0.00328632,0,-0.00838497,0,0.9
0.000448478,-0.00325403,0,-0.00697664,0,0.9
-2.15088e-05,-0.00311534,0,-0.00611829,0,0.9
-0.000414119,-0.00297947,0,-0.00564083,0,0.9
-0.00173742,-0.00357171,0,-0.00540071,0,0.9
-0.00219022,-0.00362481,0,-0.00627547,0,0.9
-0.00273841,-0.00375326,0,-0.00777055,0,0.9
-0.00288487,-0.00366326,0,-0.00991188,0,0.9
-0.00432614,-0.00476807,0,-0.0105662,0,0.901
-0.00432046,-0.00463722,0,-0.0153966,0,0.901
-0.00522662,-0.00299144,0,-0.0188709,0,0.901
-0.00579267,-0.00287035,0,-0.022581,0,0.901
-0.00591999,-0.00277986,0,-0.0284965,0,0.901
-0.00596876,-0.00272155,0,-0.0353016,0,0.901
-0.00498292,-0.00270094,0,-0.041978,0,0.901
-0.00289266,-0.00270083,0,-0.0458837,0,0.901
-0.00289266,-0.00270083,0,0,0,0.901
-0.00289266,-0.00270083,0,0,0,0.901
-0.00289266,-0.00270083,0,0,0,0.901
-0.00289266,-0.00270083,0,0,0,0.901
-0.00289266,-0.00270083,0,0,0,0.901
-0.00289266,-0.00270083,0,0,0,0.901
0,0,-0.00884688,0,0,0.9
0,0,-0.00884688,0,0,0.9
0,0,-0.00884688,0,0,0.9
0,0,-0.00884688,0,0,0.9
0,0,-0.00884688,0,0,0.9
0,0,-0.00884688,0,0,0.9
0,0,-0.00884688,0,0,0.9
0,0,-0.00884688,0,0,0.9
0,0,-0.00883364,0,0,0.9
0.00270898,0,-0.00874317,-0.0127245,0,0.901
0.00101412,0,-0.00862637,-0.0117032,0,0.901
0.0018751,0,-0.00840502,-0.0106508,0,0.901
0.0078658,0,-0.00775923,-0.00993059,0,0.901
0.00985631,0,-0.00709226,-0.007954,0,0.9
0.0114079,0,-0.00628488,-0.00552493,0,0.9
0.0148652,0,-0.00498506,-0.0026184,0,0.9
0.0081556,0,-0.00540399,0.00187335,0,0.9
0.00453058,0,-0.00557028,0.0037978,0,0.9
-0.00150082,0,-0.00671841,0.00505988,0,0.9
-0.00494583,0,-0.00753428,0.00430118,0,0.9
-0.00725374,0,-0.00823597,-0.000585759,0,0.9
-0.00511665,0,-0.00722825,-0.000585759,0,0.9
-0.0033913,0,-0.00620773,-0.00298979,0,0.9
-0.00210356,0,-0.0052562,-0.00534331,0,0.9
-0.00169832,0,-0.0046764,-0.00534331,0,0.9
-0.00280107,0,-0.00502392,-0.00583144,0,0.9
-0.00318497,0,-0.00499636,-0.00716528,0,0.9
-0.00368188,0,-0.00509615,-0.00903198,0,0.9
-0.00331764,0,-0.00458819,-0.0113733,0,0.9
-0.00325642,0,-0.00431461,-0.013402,0,0.9
-0.00273708,0,-0.00365195,-0.0156744,0,0.9
-0.00211496,0,-0.00283132,-0.0172895,0,0.9
-0.00201663,0,-0.00253689,-0.0185046,0,0.9
-0.00296031,0,-0.00205678,-0.0188322,0,0.9
-0.00310783,0,-0.00190681,-0.0196551,0,0.9
-0.00375076,0,-0.00179473,-0.0218936,0,0.9
-0.00377782,0,-0.00173746,-0.0247743,0,0.9
-0.00331101,0,-0.00169935,-0.029546,0,0.9
-0.00168891,0,-0.00169685,-0.0329208,0,0.9
-0.00168891,0,-0.00169685,0,0,0.9
-0.00168891,0,-0.00169685,0,0,0.9
-0.00168891,0,-0.00169685,0,0,0.9
-0.00168891,0,-0.00169685,0,0,0.9
-0.00168891,0,-0.00169685,0,0,0.9
-0.00168891,0,-0.00169685,0,0,0.9
0,-0.00932082,0,0,0,0.9
0,-0.00932082,0,0,0,0.9
0,-0.00932082,0,0,0,0.9
0,-0.00932082,0,0,0,0.9
0,-0.00932082,0,0,0,0.9
0,-0.00932082,0,0,0,0.9
0,-0.00932082,0,0,0,0.9
0,-0.00932082,0,0,0,0.9
-0.045,-0.00939198,0,0,0,0.819
0.0050763,-0.00919203,0,-0.0160937,0,0.902
0.000139161,-0.00910927,0,-0.0144083,0,0.901
-0.000660123,-0.0089639,0,-0.0133469,0,0.901
0.00545413,-0.00835928,0,-0.0128083,0,0.901
0.00355803,-0.0080162,0,-0.0109925,0,0.901
0.0036114,-0.0075717,0,-0.00952017,0,0.9
0.00126607,-0.00749476,0,-0.00867778,0,0.9
-0.000153278,-0.00736944,0,-0.00764029,0,0.9
-0.00443752,-0.00807102,0,-0.00717321,0,0.9
-0.00581363,-0.00826423,0,-0.00783247,0,0.9
-0.00709284,-0.00854458,0,-0.0089161,0,0.9
-0.00689527,-0.00835809,0,-0.010456,0,0.9
-0.00470169,-0.00725911,0,-0.0117641,0,0.9
-0.000906602,-0.00514526,0,-0.0135354,0,0.9
-0.000829121,-0.00468273,0,-0.0130982,0,0.9
-0.000465761,-0.00404567,0,-0.0128846,0,0.9
-0.00057719,-0.00368646,0,-0.0121538,0,0.9
-0.000868268,-0.00347359,0,-0.0116921,0,0.9
-0.00147132,-0.00353259,0,-0.0111107,0,0.9
-0.00104838,-0.00286135,0,-0.0116351,0,0.9
-0.000878113,-0.00238386,0,-0.0112884,0,0.9
-0.000165752,-0.00145313,0,-0.011823,0,0.9
-0.0016216,-0.00244088,0,-0.0101378,0,0.9
-0.00187317,-0.00244046,0,-0.0107629,0,0.9
-0.00239133,-0.00176216,0,-0.0117547,0,0.9
-0.00361365,-0.00159522,0,-0.0128058,0,0.9
-0.00408542,-0.00147046,0,-0.0163636,0,0.9
-0.00399337,-0.00139006,0,-0.0211322,0,0.9
-0.00338738,-0.00136156,0,-0.0260916,0,0.9
-0.00172468,-0.00136149,0,-0.029821,0,0.9
-0.00172468,-0.00136149,0,0,0,0.9
-0.00172468,-0.00136149,0,0,0,0.9
-0.00172468,-0.00136149,0,0,0,0.9
-0.00172468,-0.00136149,0,0,0,0.9
-0.00172468,-0.00136149,0,0,0,0.9
-0.00172468,-0.00136149,0,0,0,0.9
0,0,-0.00904082,0,0,0.9
0,0,-0.00904082,0,0,0.9
0,0,-0.00904082,0,0,0.9
0,0,-0.00904082,0,0,0.9
0,0,-0.00904082,0,0,0.9
0,0,-0.00904082,0,0,0.9
0,0,-0.00904082,0,0,0.9
0,0,-0.00904082,0,0,0.9
0,0,-0.00902729,0,0,0.9
-0.00191593,0,-0.00897687,-0.0139318,0,0.901
-0.00333867,0,-0.00891331,-0.0135039,0,0.901
-0.00268474,0,-0.00877888,-0.013244,0,0.901
0.00372039,0,-0.00820772,-0.0127161,0,0.9
0.00612329,0,-0.00761821,-0.0114486,0,0.9
0.00837032,0,-0.00683851,-0.00937275,0,0.9
0.00878491,0,-0.00615461,-0.00452081,0,0.9
0.00371831,0,-0.00645718,-0.00452081,0,0.9
-0.00110583,0,-0.00710593,-0.00301957,0,0.9
-0.00403625,0,-0.00759651,-0.00301957,0,0.9
-0.00850905,0,-0.00886252,-0.00387342,0,0.9
-0.00712409,0,-0.00830349,-0.00681926,0,0.9
-0.00478965,0,-0.00719614,-0.00916549,0,0.9
-0.00212371,0,-0.00569465,-0.0107801,0,0.9
-0.00167317,0,-0.0051085,-0.0110691,0,0.9
-0.00227963,0,-0.00509633,-0.0111798,0,0.9
-0.00294477,0,-0.00518609,-0.0116968,0,0.9
-0.00371902,0,-0.00542161,-0.0127635,0,0.9
-0.00455671,0,-0.0057896,-0.0170075,0,0.9
-0.00350188,0,-0.0047806,-0.0189493,0,0.9
-0.00301736,0,-0.00415146,-0.0189493,0,0.9
-0.00239805,0,-0.00339887,-0.0211009,0,0.9
-0.00169597,0,-0.00253775,-0.0220763,0,0.9
-0.00217094,0,-0.00274846,-0.0220763,0,0.9
-0.00333961,0,-0.00246883,-0.0226168,0,0.9
-0.00392247,0,-0.00231745,-0.0278942,0,0.9
-0.00380881,0,-0.00219532,-0.0278942,0,0.9
-0.00411816,0,-0.00211587,-0.0311205,0,0.9
-0.00300332,0,-0.00207875,-0.0353916,0,0.9
-0.00165699,0,-0.00207632,-0.0366185,0,0.9
-0.00165699,0,-0.00207632,0,0,0.9
-0.00165699,0,-0.00207632,0,0,0.9
-0.00165699,0,-0.00207632,0,0,0.9
-0.00165699,0,-0.00207632,0,0,0.9
-0.00165699,0,-0.00207632,0,0,0.9
-0.00165699,0,-0.00207632,0,0,0.9
0,-0.00837159,0,0,0,0.9
0,-0.00837159,0,0,0,0.9
0,-0.00837159,0,0,0,0.9
0,-0.00837159,0,0,0,0.9
0,-0.00837159,0,0,0,0.9
0,-0.00837159,0,0,0,0.9
0,-0.00837159,0,0,0,0.9
0,-0.00837159,0,0,0,0.9
-0.045,-0.00843509,0,0,0,0.857
0.01105,-0.00819671,0,-0.0172936,0,0.9
0.00374934,-0.00810054,0,-0.0145726,0,0.901
0.00317528,-0.00789573,0,-0.0129056,0,0.901
0.00855108,-0.00727027,0,-0.0117791,0,0.901
0.00298242,-0.00721789,0,-0.00942194,0,0.9
0.00365615,-0.0067448,0,-0.0080488,0,0.9
0.000363346,-0.00686496,0,-0.0070774,0,0.9
-0.00150046,-0.00690901,0,-0.00637487,0,0.9
-0.00442984,-0.00736277,0,-0.0062525,0,0.9
-0.00585846,-0.00761448,0,-0.00713103,0,0.9
-0.00620383,-0.00761633,0,-0.00799792,0,0.9
-0.00582372,-0.00736031,0,-0.00959073,0,0.9
-0.00451028,-0.00664812,0,-0.0108711,0,0.9
-0.00174036,-0.00508084,0,-0.0123999,0,0.9
-0.00207181,-0.0049307,0,-0.0124624,0,0.9
-0.00213616,-0.00465701,0,-0.0126676,0,0.9
-0.00193757,-0.00422553,0,-0.0128098,0,0.9
-0.00171775,-0.00376865,0,-0.0131337,0,0.9
-0.00196815,-0.00364968,0,-0.0132803,0,0.9
-0.00127591,-0.00283098,0,-0.0139222,0,0.9
-0.00176591,-0.00294403,0,-0.0137455,0,0.9
-0.000766186,-0.00183565,0,-0.0143729,0,0.9
-0.0022944,-0.00294108,0,-0.0139072,0,0.9
-0.00352549,-0.00389462,0,-0.0147099,0,0.9
-0.00456914,-0.00262172,0,-0.0169931,0,0.9
-0.00535357,-0.00249472,0,-0.0200504,0,0.9
-0.00582964,-0.00239982,0,-0.025475,0,0.9
-0.00536509,-0.0023397,0,-0.032568,0,0.9
-0.00478718,-0.00231698,0,-0.0382268,0,0.9
-0.00259888,-0.00231693,0,-0.0425486,0,0.9
-0.00259888,-0.00231693,0,0,0,0.9
-0.00259888,-0.00231693,0,0,0,0.9
-0.00259888,-0.00231693,0,0,0,0.9
-0.00259888,-0.00231693,0,0,0,0.9
-0.00259888,-0.00231693,0,0,0,0.9
-0.00259888,-0.00231693,0,0,0,0.9
0,0,-0.00942607,0,0,0.9
0,0,-0.00942607,0,0,0.9
0,0,-0.00942607,0,0,0.9
0,0,-0.00942607,0,0,0.9
0,0,-0.00942607,0,0,0.9
0,0,-0.00942607,0,0,0.9
0,0,-0.00942607,0,0,0.9
0,0,-0.00942607,0,0,0.9
0,0,-0.00941197,0,0,0.9
0.000709338,0,-0.00933511,-0.0115789,0,0.901
0.00301896,0,-0.00914777,-0.0108174,0,0.901
0.00231404,0,-0.00894225,-0.00962636,0,0.901
0.00961104,0,-0.00818715,-0.00887185,0,0.901
0.0103902,0,-0.00756703,-0.00663134,0,0.9
0.0108703,0,-0.00685882,-0.00411227,0,0.9
0.00849739,0,-0.006507,-0.00133615,0,0.9
0.00498319,0,-0.00650829,0.000632429,0,0.9
-0.000428183,0,-0.00722217,0.00214603,0,0.9
-0.00322673,0,-0.00762986,0.00200452,0,0.9
-0.00541327,0,-0.00807587,0.00101631,0,0.9
-0.00706291,0,-0.008517,-0.000888539,0,0.9
-0.00552886,0,-0.00773498,-0.00361278,0,0.9
-0.00431179,0,-0.00695202,-0.00584824,0,0.9
-0.00307571,0,-0.00603671,-0.00752562,0,0.9
-0.00276055,0,-0.00553739,-0.00869762,0,0.9
-0.00308706,0,-0.00541771,-0.00969337,0,0.9
-0.00336115,0,-0.00523053,-0.0110002,0,0.9
-0.0038287,0,-0.00529856,-0.0124192,0,0.9
-0.00312336,0,-0.00450465,-0.0143632,0,0.9
-0.00267113,0,-0.00387587,-0.0158123,0,0.9
-0.00210342,0,-0.00313312,-0.0171037,0,0.9
-0.00175286,0,-0.00256938,-0.0176306,0,0.9
-0.00254287,0,-0.00306716,-0.0181471,0,0.9
-0.00312621,0,-0.00241428,-0.0184884,0,0.9
-0.00280007,0,-0.00225941,-0.0194682,0,0.9
-0.0036084,0,-0.00214368,-0.0213657,0,0.9
-0.00410984,0,-0.00207036,-0.0242376,0,0.9
-0.00348663,0,-0.00204518,-0.029119,0,0.9
-0.00230859,0,-0.0020426,0,0,0.9
-0.00230859,0,-0.0020426,0,0,0.9
-0.00230859,0,-0.0020426,0,0,0.9
-0.00230859,0,-0.0020426,0,0,0.9
-0.00230859,0,-0.0020426,0,0,0.9
-0.00230859,0,-0.0020426,0,0,0.9
-0.00230859,0,-0.0020426,0,0,0.9
0,-0.00898712,0,0,0,0.9
0,-0.00898712,0,0,0,0.9
0,-0.00898712,0,0,0,0.9
0,-0.00898712,0,0,0,0.9
0,-0.00898712,0,0,0,0.9
0,-0.00898712,0,0,0,0.9
0,-0.00898712,0,0,0,0.9
0,-0.00898712,0,0,0,0.9
0,-0.00897367,0,0,0,0.9
0.00237427,-0.00888548,0,-0.0150887,0,0.902
0.00182218,-0.0087454,0,-0.0140471,0,0.901
-0.000828396,-0.00865089,0,-0.0126212,0,0.901
0.00631214,-0.00799145,0,-0.0122361,0,0.901
0.00632407,-0.00755515,0,-0.0103234,0,0.901
0.00785963,-0.00670855,0,-0.00867177,0,0.9
0.002803,-0.00695352,0,-0.00665158,0,0.9
0.000698777,-0.00693141,0,-0.00539036,0,0.901
-0.00194911,-0.00719101,0,-0.00500882,0,0.901
-0.00479798,-0.00772508,0,-0.00483853,0,0.9
-0.00400799,-0.00725237,0,-0.00607106,0,0.9
-0.00298293,-0.00660398,0,-0.007023,0,0.9
-0.00200025,-0.00586859,0,-0.00791879,0,0.9
0.000527958,-0.00427715,0,-0.00851042,0,0.9
0.00132179,-0.00336932,0,-0.00803372,0,0.9
6.6079e-05,-0.00360506,0,-0.00678278,0,0.9
-0.00105725,-0.00388668,0,-0.00611803,0,0.9
-0.00178019,-0.00400997,0,-0.00631038,0,0.9
-0.00239389,-0.00413262,0,-0.00669087,0,0.9
-0.00138286,-0.00305742,0,-0.00828379,0,0.9
1.83102e-05,-0.0015878,0,-0.00892393,0,0.9
0.000560438,-0.000795282,0,-0.00878982,0,0.901
0.000215745,-0.000775404,0,-0.00674842,0,0.901
-0.000568742,-0.00120997,0,-0.00601987,0,0.9
-0.00154334,-0.00107198,0,-0.00562177,0,0.9
-0.00329392,-0.000893345,0,-0.00615405,0,0.9
-0.00363683,-0.000763853,0,-0.0105375,0,0.9
-0.00350249,-0.000682332,0,-0.0150877,0,0.9
-0.00295294,-0.000652434,0,-0.0205688,0,0.9
-0.00295294,-0.000652417,0,0,0,0.9
-0.00295294,-0.000652417,0,0,0,0.9
-0.00295294,-0.000652417,0,0,0,0.9
-0.00295294,-0.000652417,0,0,0,0.9
-0.00295294,-0.000652417,0,0,0,0.9
-0.00295294,-0.000652417,0,0,0,0.9
-0.00295294,-0.000652417,0,0,0,0.9
0,0,-0.00762063,0,0,0.9
0,0,-0.00762063,0,0,0.9
0,0,-0.00762063,0,0,0.9
0,0,-0.00762063,0,0,0.9
0,0,-0.00762063,0,0,0.9
0,0,-0.00762063,0,0,0.9
0,0,-0.00762063,0,0,0.9
0,0,-0.00762063,0,0,0.9
0,0,-0.00760923,0,0,0.9
-0.00319389,0,-0.0075809,-0.0152671,0,0.901
-0.0054465,0,-0.00757201,-0.0149806,0,0.901
-0.00846216,0,-0.00765531,-0.0146805,0,0.901
-0.00135343,0,-0.00721148,-0.0152808,0,0.9
0.00442447,0,-0.00649063,-0.0149575,0,0.9
0.00370327,0,-0.00618828,-0.0129863,0,0.9
0.00963689,0,-0.00481001,-0.0115587,0,0.9
0.00857961,0,-0.00434019,-0.00829295,0,0.9
0.00551675,0,-0.00440283,-0.00524092,0,0.9
0.00181794,0,-0.00488587,-0.00327802,0,0.9
-0.000786587,0,-0.00532116,-0.00230994,0,0.9
-0.00405823,0,-0.00625024,-0.00233358,0,0.9
-0.00528058,0,-0.00660523,-0.00359283,0,0.9
-0.00361955,0,-0.0056851,-0.00570451,0,0.9
-0.00354799,0,-0.00544695,-0.00710212,0,0.9
-0.00501374,0,-0.00609976,-0.00844203,0,0.9
-0.0059437,0,-0.00656025,-0.0106137,0,0.9
-0.00499581,0,-0.00583556,-0.0137219,0,0.9
-0.00388105,0,-0.00490501,-0.0164969,0,0.9
-0.00352825,0,-0.00446863,-0.0184603,0,0.9
-0.0034715,0,-0.0042527,-0.0201776,0,0.9
-0.0037219,0,-0.00427014,-0.0218406,0,0.9
-0.0037682,0,-0.00417814,-0.0235833,0,0.9
-0.00394013,0,-0.00422047,-0.0257172,0,0.9
-0.00435962,0,-0.00295316,-0.0275346,0,0.9
-0.00391602,0,-0.00285007,-0.0289615,0,0.9
-0.00292508,0,-0.00278973,-0.03166,0,0.9
-0.00320701,0,-0.00273471,-0.0343519,0,0.9
-0.00294213,0,-0.00270746,-0.0343519,0,0.9
-0.0022298,0,-0.00270574,-0.0341626,0,0.9
-0.0022298,0,-0.00270574,0,0,0.9
-0.0022298,0,-0.00270574,0,0,0.9
-0.0022298,0,-0.00270574,0,0,0.9
-0.0022298,0,-0.00270574,0,0,0.9
-0.0022298,0,-0.00270574,0,0,0.9
-0.0022298,0,-0.00270574,0,0,0.9
0,-0.00702362,0,0,0,0.9
0,-0.00702362,0,0,0,0.9
0,-0.00702362,0,0,0,0.9
0,-0.00702362,0,0,0,0.9
0,-0.00702362,0,0,0,0.9
0,-0.00702362,0,0,0,0.9
0,-0.00702362,0,0,0,0.9
0,-0.00702362,0,0,0,0.9
-0.045,-0.00709628,0,0,0,0.83
0.0102216,-0.00686935,0,-0.0169503,0,0.902
0.00504023,-0.00675384,0,-0.0146054,0,0.901
0.00378558,-0.00657816,0,-0.012698,0,0.901
0.00868317,-0.00600143,0,-0.0115346,0,0.901
0.00254835,-0.006051,0,-0.00910926,0,0.9
0.00146704,-0.00587523,0,-0.00775752,0,0.9
-0.00291289,-0.00631459,0,-0.0073483,0,0.9
-0.00342517,-0.00625766,0,-0.00727531,0,0.9
-0.00709466,-0.0070418,0,-0.00764425,0,0.9
-0.00717619,-0.00706958,0,-0.00895223,0,0.9
-0.00515583,-0.00637287,0,-0.0104268,0,0.9
-0.00405907,-0.00584695,0,-0.0118481,0,0.9
-0.00380425,-0.00559068,0,-0.0134376,0,0.9
-3.65427e-05,-0.00355628,0,-0.0134376,0,0.9
-0.000974712,-0.00372729,0,-0.0127229,0,0.9
-0.00168877,-0.00384554,0,-0.0122968,0,0.9
-0.00197814,-0.0038332,0,-0.0121581,0,0.9
-0.0020208,-0.00362134,0,-0.0125756,0,0.9
-0.00207099,-0.00342711,0,-0.0129399,0,0.9
-0.0020106,-0.00316253,0,-0.013623,0,0.9
-0.00197594,-0.00292631,0,-0.0142642,0,0.9
-0.000670985,-0.00156429,0,-0.0153104,0,0.9
-0.002025,-0.00255691,0,-0.0140221,0,0.9
-0.00242738,-0.00277748,0,-0.0148885,0,0.9
-0.00290344,-0.00202024,0,-0.0157815,0,0.9
-0.00368704,-0.00190973,0,-0.0170182,0,0.9
-0.00421301,-0.00182715,0,-0.0204475,0,0.9
-0.00436881,-0.00177483,0,-0.0248982,0,0.9
-0.00347107,-0.00175686,0,-0.0298462,0,0.9
-0.00198718,-0.00175502,0,-0.0334368,0,0.9
-0.00198718,-0.00175502,0,0,0,0.9
-0.00198718,-0.00175502,0,0,0,0.9
-0.00198718,-0.00175502,0,0,0,0.9
-0.00198718,-0.00175502,0,0,0,0.9
-0.00198718,-0.00175502,0,0,0,0.9
-0.00198718,-0.00175502,0,0,0,0.9
0,0,-0.00908108,0,0,0.9
0,0,-0.00908108,0,0,0.9
0,0,-0.00908108,0,0,0.9
0,0,-0.00908108,0,0,0.9
0,0,-0.00908108,0,0,0.9
0,0,-0.00908108,0,0,0.9
0,0,-0.00908108,0,0,0.9
0,0,-0.00908108,0,0,0.9
0,0,-0.00906749,0,0,0.9
0.00280038,0,-0.00897444,-0.0142755,0,0.901
0.00186115,0,-0.00883639,-0.0129989,0,0.901
0.00116966,0,-0.00865863,-0.0118589,0,0.901
0.0064057,0,-0.00807321,-0.0111291,0,0.901
0.00467657,0,-0.00779042,-0.00925208,0,0.9
0.00700665,0,-0.00704616,-0.0076111,0,0.9
0.00475775,0,-0.00682724,-0.00567747,0,0.9
0.00124549,0,-0.00699001,-0.00415635,0,0.9
-0.00289449,0,-0.00756577,-0.00325233,0,0.9
-0.00553889,0,-0.00805475,-0.00379534,0,0.9
-0.0084431,0,-0.00886641,-0.00511533,0,0.9
-0.00875435,0,-0.00895539,-0.0075942,0,0.9
-0.00629978,0,-0.00787421,-0.0106555,0,0.9
-0.00411092,0,-0.00667675,-0.0127755,0,0.9
-0.00232941,0,-0.00547753,-0.0140005,0,0.9
-0.00233005,0,-0.00514251,-0.0142193,0,0.9
-0.00177688,0,-0.0044624,-0.0145893,0,0.9
-0.00195404,0,-0.00423417,-0.0146928,0,0.9
-0.00267537,0,-0.00442937,-0.0149774,0,0.9
-0.00182497,0,-0.00349234,-0.0160146,0,0.9
-0.00193056,0,-0.00327686,-0.0163548,0,0.9
-0.00206619,0,-0.00311659,-0.0166676,0,0.9
-0.00213475,0,-0.00293086,-0.0175022,0,0.9
-0.00217539,0,-0.00275087,-0.0184115,0,0.9
-0.00301626,0,-0.00260917,-0.0187512,0,0.9
-0.00313787,0,-0.00245671,-0.0203493,0,0.9
-0.00332897,0,-0.00233983,-0.0230302,0,0.9
-0.00367394,0,-0.00226159,-0.0262824,0,0.9
-0.00368125,0,-0.00222503,-0.0301312,0,0.9
-0.0022914,0,-0.00222263,-0.0339405,0,0.9
-0.0022914,0,-0.00222263,0,0,0.9
-0.0022914,0,-0.00222263,0,0,0.9
-0.0022914,0,-0.00222263,0,0,0.9
-0.0022914,0,-0.00222263,0,0,0.9
-0.0022914,0,-0.00222263,0,0,0.9
-0.0022914,0,-0.00222263,0,0,0.9
0,-0.00903972,0,0,0,0.9
0,-0.00903972,0,0,0,0.9
0,-0.00903972,0,0,0,0.9
0,-0.00903972,0,0,0,0.9
0,-0.00903972,0,0,0,0.9
0,-0.00903972,0,0,0,0.9
0,-0.00903972,0,0,0,0.9
0,-0.00903972,0,0,0,0.9
-0.045,-0.00909867,0,0,0,0.873
0.0123147,-0.00884808,0,-0.0198062,0,0.901
0.00728208,-0.00867474,0,-0.0168632,0,0.901
0.00437744,-0.00848679,0,-0.0145172,0,0.901
0.00931942,-0.00784493,0,-0.0130163,0,0.901
0.00492302,-0.00762095,0,-0.0104301,0,0.9
0.00467525,-0.00718474,0,-0.00884328,0,0.9
0.00123044,-0.0072683,0,-0.00735984,0,0.9
-0.00100122,-0.00732867,0,-0.00645398,0,0.9
-0.00700858,-0.00851989,0,-0.0061617,0,0.9
-0.00915998,-0.00907595,0,-0.00746598,0,0.9
-0.00903628,-0.00903852,0,-0.00937135,0,0.9
-0.00597536,-0.00782344,0,-0.011677,0,0.9
-0.00465361,-0.00708202,0,-0.0130057,0,0.9
-0.00161888,-0.00535713,0,-0.0144489,0,0.9
-0.0013391,-0.00483371,0,-0.0143771,0,0.9
-0.00115259,-0.00434119,0,-0.0141133,0,0.9
-0.00147678,-0.00416619,0,-0.0136848,0,0.9
-0.00154284,-0.0038536,0,-0.0134362,0,0.9
-0.00191567,-0.00378644,0,-0.0135102,0,0.9
-0.000701511,-0.00252889,0,-0.0141571,0,0.9
-0.000244491,-0.00182178,0,-0.0137331,0,0.9
0.000237271,-0.00107562,0,-0.0130088,0,0.9
-0.00100042,-0.0018624,0,-0.0110526,0,0.9
-0.00234604,-0.00286061,0,-0.0113189,0,0.9
-0.00342076,-0.0023028,0,-0.011966,0,0.9
-0.00413926,-0.00215301,0,-0.0144007,0,0.9
-0.00421681,-0.00203847,0,-0.0187907,0,0.9
-0.00443768,-0.00196798,0,-0.0293075,0,0.9
-0.00353689,-0.00194142,0,-0.0293075,0,0.9
-0.00209408,-0.00194129,0,-0.0322144,0,0.9
-0.00209408,-0.00194129,0,0,0,0.9
-0.00209408,-0.00194129,0,0,0,0.9
-0.00209408,-0.00194129,0,0,0,0.9
-0.00209408,-0.00194129,0,0,0,0.9
-0.00209408,-0.00194129,0,0,0,0.9
-0.00209408,-0.00194129,0,0,0,0.9
0,0,-0.0093969,0,0,0.9
0,0,-0.0093969,0,0,0.9
