-7.7758,-1.6103,229.343,-0.4667,2.44801,-0.02395
-7.7819,-1.7041,229.37,-0.4708,2.44589,-0.02625
-7.8516,-1.6459,229.26,-0.47073,2.44811,-0.02609
-7.8806,-1.4996,229.074,-0.46436,2.4448,-0.02651
-7.8566,-1.7055,229.04,-0.47793,2.44084,-0.02712
-7.7992,-1.5681,228.809,-0.47442,2.43736,-0.02731
-7.7414,-1.6157,228.982,-0.47155,2.4363,-0.03108
-7.6679,-1.7792,229.002,-0.47768,2.42378,-0.03229
-7.7463,-1.6098,228.935,-0.47864,2.42843,-0.03199
-7.7749,-1.6786,228.743,-0.48773,2.42991,-0.03107
-7.7118,-1.7145,228.719,-0.48255,2.42116,-0.03501
-7.7703,-1.6535,228.811,-0.4824,2.42519,-0.03756
-7.8326,-1.6108,228.581,-0.49401,2.42956,-0.03613
-7.8143,-1.4884,228.586,-0.48402,2.43059,-0.03766
-7.767,-1.6483,228.519,-0.49689,2.42985,-0.03652
-7.6725,-1.5838,228.532,-0.49377,2.42686,-0.03777
-7.6005,-1.514,228.501,-0.49473,2.42967,-0.0373
-7.5478,-1.4434,228.581,-0.49565,2.42838,-0.03882
-7.4286,-1.3067,228.409,-0.48691,2.43504,-0.03966
-7.283,-1.4257,228.477,-0.49243,2.42529,-0.04171
-7.1728,-1.3823,228.425,-0.48966,2.42557,-0.04408
-7.1575,-1.3642,228.445,-0.49032,2.42866,-0.0448
-7.0868,-1.5186,228.509,-0.50351,2.42859,-0.04293
-7.1943,-1.3861,228.456,-0.50117,2.43265,-0.04318
-7.2164,-1.3596,228.281,-0.49913,2.43196,-0.04059
-7.1812,-1.3081,228.391,-0.49703,2.42424,-0.04124
-7.2151,-1.326,228.296,-0.50078,2.42341,-0.0387
-7.0725,-1.492,228.403,-0.5108,2.41041,-0.03797
-7.1486,-1.3099,228.204,-0.50743,2.42104,-0.03732
-7.0988,-1.3313,228.14,-0.51122,2.41681,-0.03997
-6.9653,-1.3009,228.168,-0.50729,2.40164,-0.04337
-7.0709,-1.1819,228.228,-0.50356,2.40372,-0.0441
-7.1505,-1.1034,228.019,-0.5088,2.40626,-0.04064
-7.1529,-1.1713,228.132,-0.50456,2.40049,-0.04199
-7.0748,-1.3946,228.209,-0.51059,2.39318,-0.04516
-7.1142,-1.3161,228.042,-0.51283,2.39794,-0.04629
-6.9325,-1.477,228.118,-0.51137,2.3919,-0.04713
-6.9525,-1.4882,228.193,-0.51363,2.39342,-0.04845
-6.8982,-1.4927,228.156,-0.51231,2.39372,-0.04776
-7.0862,-1.4777,228.118,-0.51509,2.40818,-0.04399
-7.0269,-1.6599,228.249,-0.51758,2.40252,-0.04488
-7.0937,-1.5434,228.097,-0.513,2.406,-0.04446
-7.0544,-1.5183,228.162,-0.51377,2.40089,-0.04741
-7.0216,-1.4641,227.967,-0.51043,2.40395,-0.04907
-6.9245,-1.5871,227.955,-0.5167,2.39957,-0.04902
-6.9908,-1.51,227.924,-0.51555,2.40351,-0.05056
-7.0041,-1.7144,227.86,-0.52292,2.39535,-0.04846
-7.1086,-1.9643,227.905,-0.52254,2.39627,-0.04751
-7.4527,-1.8071,227.792,-0.52446,2.41307,-0.04447
-7.5272,-1.9267,228.13,-0.53052,2.41139,-0.0473
-7.3849,-1.8683,228.239,-0.52295,2.40349,-0.05009
-7.3567,-1.7775,228.008,-0.52923,2.40985,-0.04858
-7.3513,-1.7768,228.229,-0.53135,2.40825,-0.05342
-7.496,-1.8972,228.451,-0.52876,2.40853,-0.05482
-7.2946,-1.6677,228.457,-0.52093,2.40929,-0.05929
-7.1065,-1.4592,228.249,-0.51509,2.40014,-0.06163
-7.0761,-1.2813,227.889,-0.51137,2.39689,-0.06205
-7.0779,-1.2849,227.866,-0.5149,2.39057,-0.06037
-6.9544,-1.2401,227.841,-0.51077,2.37817,-0.06004
-6.869,-1.4168,227.778,-0.51442,2.36893,-0.05833
-6.7632,-1.5211,227.908,-0.51461,2.36125,-0.05832
-7.1066,-1.3966,227.828,-0.51347,2.37392,-0.05482
-7.1629,-1.47,227.786,-0.52239,2.37949,-0.05331
-7.1584,-1.4169,227.641,-0.52151,2.38272,-0.05509
-7.2265,-1.5742,227.541,-0.52608,2.39061,-0.05306
-7.3611,-1.4879,227.58,-0.52098,2.39259,-0.05362
-7.421,-1.5761,227.448,-0.52345,2.38862,-0.05512
-7.7308,-1.7176,227.412,-0.52965,2.39332,-0.04953
-8.1928,-1.8034,227.282,-0.52851,2.39949,-0.04471
-8.7847,-2.1311,227.389,-0.53443,2.40935,-0.04101
-9.5414,-2.3252,227.463,-0.55169,2.44029,-0.0346
-9.7075,-2.4858,227.465,-0.55838,2.45386,-0.03238
-9.8094,-2.7651,227.602,-0.574,2.46125,-0.03069
-9.9659,-2.6482,227.887,-0.56903,2.47345,-0.02926
-9.7616,-2.5725,228.138,-0.56954,2.48214,-0.02709
-9.2233,-2.5102,228.719,-0.56431,2.47257,-0.03542
-8.6507,-1.9341,228.624,-0.54422,2.46222,-0.04476
-7.9828,-1.4821,228.533,-0.52565,2.44426,-0.05657
-7.3645,-1.1669,228.389,-0.50968,2.41924,-0.06484
-7.0056,-1.1862,228.244,-0.50203,2.39499,-0.06829
-7.0168,-1.2693,227.969,-0.51222,2.38963,-0.06384
-7.1778,-1.1892,227.87,-0.51011,2.39623,-0.05794
-7.3749,-1.1946,227.92,-0.50826,2.40118,-0.05135
-7.5143,-1.3869,228.099,-0.49777,2.40127,-0.04197
-7.7166,-1.9243,228.411,-0.50814,2.40086,-0.03564
-7.9235,-2.2144,228.165,-0.51897,2.40609,-0.03237
-7.8989,-2.4002,227.837,-0.53842,2.40088,-0.03424
-7.7061,-2.3252,227.423,-0.53932,2.39981,-0.03627
-7.3715,-2.348,227.397,-0.54285,2.38534,-0.04254
-7.058,-2.1061,227.488,-0.53191,2.37739,-0.05309
-6.7996,-1.7384,227.79,-0.52287,2.37302,-0.06285
-6.7151,-1.4715,227.987,-0.50366,2.36907,-0.06991
-6.7549,-1.2692,228.156,-0.49358,2.36846,-0.07032
-6.87,-1.2662,228.004,-0.49909,2.37249,-0.06384
-6.9822,-1.1956,227.787,-0.49656,2.37545,-0.06035
-6.9862,-1.4065,228.023,-0.49892,2.37345,-0.06134
-7.1972,-1.3371,227.91,-0.49515,2.38355,-0.05992
-7.3025,-1.3648,228.155,-0.48681,2.38401,-0.05979
-7.4451,-1.423,228.14,-0.48604,2.38909,-0.05917
-7.6716,-1.2787,228.088,-0.47559,2.39481,-0.05851
-7.9165,-1.3909,228,-0.48224,2.40272,-0.05773
-8.0969,-1.4284,227.787,-0.48163,2.40645,-0.05643
-8.2189,-1.6309,227.917,-0.49705,2.39908,-0.05305
-8.4667,-1.5628,227.7,-0.49514,2.41818,-0.04642
-8.6075,-1.5775,227.742,-0.50142,2.42472,-0.04495
-8.5648,-1.7013,227.674,-0.50965,2.42094,-0.04436
-8.5038,-1.7894,227.823,-0.51572,2.42001,-0.04751
-8.4447,-1.415,227.48,-0.51161,2.43206,-0.04989
-8.1526,-1.4197,227.65,-0.50812,2.41435,-0.05758
-8.1005,-1.3739,227.71,-0.5078,2.41379,-0.05941
-7.9809,-1.2535,227.674,-0.50694,2.41162,-0.06058
-7.7769,-1.172,227.838,-0.49487,2.40621,-0.06404
-7.523,-1.0952,227.86,-0.49477,2.4021,-0.06348
-7.1972,-1.1989,227.783,-0.50173,2.39752,-0.06231
-7.0915,-1.0781,227.633,-0.49691,2.39181,-0.06172
-7.1284,-1.1897,227.514,-0.50274,2.39218,-0.05832
-7.0559,-1.3478,227.547,-0.50631,2.3829,-0.06021
-7.1369,-1.2718,227.622,-0.4973,2.38988,-0.06121
-7.2117,-1.4495,227.576,-0.50593,2.38918,-0.05984
-7.3513,-1.532,227.46,-0.50947,2.39762,-0.05716
-7.3799,-1.6267,227.583,-0.51065,2.39226,-0.05741
-7.4669,-1.7467,227.6,-0.50771,2.39053,-0.05446
-7.4361,-1.9221,227.565,-0.51186,2.38845,-0.05413
-7.459,-2.1153,227.489,-0.51895,2.38572,-0.05164
-7.5427,-2.1738,227.344,-0.51676,2.38822,-0.04992
-7.6446,-2.1639,227.345,-0.51135,2.38979,-0.05013
-7.7558,-2.222,227.241,-0.51056,2.3933,-0.05007
-7.942,-2.3723,227.202,-0.52218,2.40439,-0.04739
-8.0158,-2.734,227.201,-0.52262,2.39959,-0.04369
-8.199,-2.9084,227.275,-0.53227,2.40709,-0.03892
-8.4832,-3.1949,227.095,-0.54715,2.42027,-0.033
-8.6339,-3.5149,227.218,-0.56624,2.41608,-0.02874
-8.8047,-3.4809,227.065,-0.57788,2.42583,-0.02634
-8.986,-3.2385,227.164,-0.57718,2.4339,-0.03019
-8.9459,-2.9886,227.318,-0.56365,2.43002,-0.0368
-8.8721,-2.8611,227.468,-0.56452,2.431,-0.0435
-8.9614,-2.4382,227.33,-0.55439,2.43678,-0.0471
-8.9201,-2.3779,227.518,-0.55631,2.4351,-0.04761
-8.8829,-2.2873,227.564,-0.55376,2.43082,-0.04912
-8.8589,-1.9797,227.511,-0.5438,2.43844,-0.05078
-8.7136,-1.7619,227.627,-0.52816,2.4336,-0.05488
-8.5453,-1.5748,227.806,-0.51773,2.42709,-0.05773
-8.3733,-1.3439,227.955,-0.50953,2.42602,-0.05985
-8.1109,-0.9654,228.065,-0.49545,2.42032,-0.06285
-7.7271,-0.7702,228.161,-0.48406,2.40311,-0.06543
-7.4813,-0.872,228.014,-0.48995,2.38943,-0.06058
-7.3708,-1.0373,228.052,-0.49109,2.38177,-0.05937
-7.2808,-1.1967,228.116,-0.49228,2.37622,-0.05956
-7.3195,-1.2087,228.08,-0.48863,2.37599,-0.0581
-7.2527,-1.2913,228.296,-0.48691,2.37255,-0.06209
-7.3029,-1.1525,228.169,-0.4835,2.37805,-0.06245
-7.3188,-1.0055,228.301,-0.47304,2.37835,-0.06363
-7.3456,-0.8558,228.22,-0.47295,2.38562,-0.06314
-7.2366,-0.824,228.277,-0.46634,2.37837,-0.06418
-7.1895,-1.0183,228.23,-0.47539,2.37309,-0.06188
-7.2718,-1.0695,228.43,-0.47942,2.37297,-0.06267
-7.3279,-1.1736,228.337,-0.47935,2.36924,-0.06153
-7.418,-1.1947,228.191,-0.48077,2.37767,-0.0601
-7.5394,-1.1605,228.134,-0.47104,2.38047,-0.06104
-7.7314,-1.2818,228.077,-0.47576,2.38421,-0.05992
-7.7028,-1.42,228.254,-0.47425,2.37606,-0.06388
-7.7858,-1.2359,228.206,-0.46605,2.37993,-0.06708
-7.8747,-1.1501,228.23,-0.45894,2.38224,-0.06929
-7.9119,-1.0515,228.07,-0.46159,2.38848,-0.06948
-7.8497,-1.0277,228.179,-0.46172,2.38276,-0.07321
-7.7483,-1.0626,228.168,-0.46397,2.37808,-0.07586
-7.709,-1.0585,228.203,-0.46842,2.37439,-0.07705
-7.7294,-0.9618,228.116,-0.46706,2.37813,-0.07726
-7.7233,-1.0084,228.108,-0.47146,2.37596,-0.07766
-7.7815,-0.9339,227.902,-0.4751,2.38013,-0.07755
-7.8334,-0.8226,227.878,-0.46832,2.37422,-0.07998
-8.0058,-0.7771,227.781,-0.46939,2.38375,-0.08032
-7.9792,-0.9747,227.99,-0.47457,2.3807,-0.08333
-8.0243,-0.9737,227.885,-0.4738,2.38675,-0.08392
-8.0227,-0.8521,227.987,-0.46903,2.37719,-0.08715
-8.0017,-0.8828,227.959,-0.46955,2.38126,-0.08889
-8.0314,-0.8806,227.929,-0.47229,2.38171,-0.08824
-8.0652,-0.8129,227.929,-0.47355,2.38257,-0.08923
-8.0695,-0.759,227.97,-0.47057,2.38425,-0.0905
-8.0019,-0.8365,228.076,-0.47214,2.38038,-0.09222
-8.0327,-0.7079,227.968,-0.46324,2.37561,-0.0938
-8.0834,-0.6547,227.886,-0.46515,2.38476,-0.09277
-8.0358,-0.687,227.943,-0.46234,2.3869,-0.09246
-8.0491,-0.6803,227.974,-0.46118,2.38377,-0.09338
-7.9985,-0.7712,228.108,-0.46191,2.37928,-0.09573
-8.1311,-0.4768,227.922,-0.45714,2.38895,-0.09583
-8.1249,-0.394,228.071,-0.4495,2.38682,-0.09792
-8.0423,-0.4019,228.157,-0.4536,2.38453,-0.09844
-7.9464,-0.3769,228.182,-0.44343,2.38329,-0.09949
-7.9401,-0.439,228.049,-0.45078,2.38747,-0.09274
-7.8483,-0.6403,228.258,-0.4591,2.38487,-0.08403
-7.8474,-0.729,228.237,-0.46665,2.38295,-0.0823
-7.8486,-0.8513,228.189,-0.47487,2.38151,-0.08212
-7.8353,-0.8406,228.13,-0.46714,2.38261,-0.08228
-7.8381,-0.9712,228.171,-0.47146,2.38386,-0.08089
-7.8095,-0.9303,228.415,-0.46591,2.38105,-0.08022
-8.0123,-0.6381,228.384,-0.4456,2.39098,-0.08099
-8.1698,-0.757,228.641,-0.44972,2.40091,-0.07983
-8.3195,-0.6247,228.614,-0.44183,2.40662,-0.08126
-8.4153,-0.7275,228.51,-0.44792,2.41037,-0.08209
-8.3625,-0.8248,228.645,-0.44828,2.39575,-0.08551
-8.2915,-0.8168,228.451,-0.45,2.39844,-0.08637
-8.1836,-0.8594,228.816,-0.44495,2.39363,-0.0843
-8.2539,-0.6126,228.887,-0.43023,2.39715,-0.08562
-8.2823,-0.5924,228.688,-0.43284,2.39773,-0.09035
-8.1337,-0.4846,228.746,-0.4298,2.3969,-0.0906
-7.9201,-0.5151,228.798,-0.42829,2.38449,-0.08914
-7.9392,-0.4687,228.799,-0.42133,2.39116,-0.08859
-7.8384,-0.4742,229.011,-0.4228,2.38988,-0.08743
-7.9199,-0.4662,229.023,-0.42453,2.4008,-0.08469
-7.9462,-0.5453,229.06,-0.42494,2.39834,-0.08286
-7.9167,-0.4946,228.954,-0.42364,2.40094,-0.08269
-7.8435,-0.6947,229.146,-0.43525,2.39541,-0.08364
-7.8195,-0.5797,229.056,-0.4313,2.39463,-0.08137
-7.8163,-0.5164,229.01,-0.43289,2.40067,-0.08109
-7.7477,-0.7188,229.069,-0.44042,2.39338,-0.08124
-7.7188,-0.6107,229.05,-0.43463,2.39613,-0.08177
-7.7181,-0.5739,229.059,-0.43422,2.39562,-0.0814
-7.7526,-0.4776,228.961,-0.43693,2.4034,-0.08168
-7.7161,-0.4793,229.022,-0.43316,2.39839,-0.08274
-7.7356,-0.5191,229.118,-0.42805,2.3989,-0.08411
-7.8478,-0.4906,229.052,-0.427,2.40139,-0.08322
-7.9408,-0.412,229.136,-0.42295,2.40412,-0.08383
-8.0424,-0.4504,229.082,-0.42689,2.40691,-0.08268
-8.1192,-0.3738,228.996,-0.42607,2.41658,-0.08187
-8.0801,-0.448,229.051,-0.42759,2.40937,-0.08262
-8.1413,-0.4878,229.239,-0.42611,2.41412,-0.08457
-8.1874,-0.4032,229.174,-0.42023,2.41371,-0.08386
-8.2574,-0.5465,229.241,-0.42493,2.41046,-0.08466
-8.3578,-0.4143,229.034,-0.42487,2.41514,-0.08449
-8.4053,-0.3285,228.875,-0.42244,2.41841,-0.08326
-8.3627,-0.5214,229.22,-0.42825,2.41307,-0.08379
-8.37,-0.5746,229.111,-0.43456,2.41655,-0.08138
-8.3451,-0.4875,229.197,-0.42752,2.41805,-0.08242
-8.3113,-0.5079,229.093,-0.42839,2.41065,-0.08394
-8.238,-0.5942,228.828,-0.44133,2.41588,-0.07919
-8.2063,-0.6028,228.823,-0.44092,2.41221,-0.07835
-8.1698,-0.635,228.871,-0.44557,2.40875,-0.07601
-8.0551,-0.805,228.714,-0.44966,2.39746,-0.07329
-8.0168,-0.9347,228.751,-0.46149,2.39599,-0.07333
-7.9955,-0.7497,228.713,-0.4508,2.40106,-0.07359
-7.9516,-0.6902,228.774,-0.45147,2.39879,-0.07489
-7.8672,-0.6769,228.728,-0.44621,2.39679,-0.07717
-7.8314,-0.7853,228.711,-0.45341,2.39576,-0.07788
-7.8488,-0.7139,228.501,-0.45426,2.395,-0.07875
-7.864,-0.5593,228.501,-0.44741,2.39432,-0.08262
-7.8493,-0.7597,228.732,-0.4526,2.38292,-0.0857
-7.9129,-0.5536,228.654,-0.44884,2.39021,-0.08706
-7.8719,-0.4832,228.754,-0.43884,2.38832,-0.0908
-7.9347,-0.2894,228.686,-0.43426,2.38988,-0.09324
-7.9169,-0.3184,228.849,-0.43269,2.38774,-0.09545
-8.0017,-0.3769,228.761,-0.44182,2.3932,-0.09309
-8.0445,-0.4954,228.863,-0.44631,2.39443,-0.09165
-8.1724,-0.5283,228.718,-0.45061,2.40041,-0.08821
-8.1273,-0.615,228.669,-0.45572,2.39891,-0.08543
-8.0994,-0.7902,228.785,-0.46828,2.39193,-0.0846
-8.1108,-0.6639,228.707,-0.4596,2.39592,-0.08674
-8.0286,-0.7208,228.772,-0.45574,2.39033,-0.08924
-8.1665,-0.6296,228.531,-0.45981,2.39757,-0.0844
-8.1488,-0.7882,228.491,-0.471,2.39637,-0.08139
-8.1054,-0.8167,228.508,-0.46815,2.39335,-0.08051
-8.1528,-0.7789,228.4,-0.47046,2.39886,-0.07816
-8.1207,-0.8555,228.294,-0.48263,2.40491,-0.07613
-8.0866,-0.7893,228.243,-0.47704,2.39739,-0.07537
-8.0492,-0.8655,228.362,-0.47539,2.39629,-0.07562
-8.0162,-1.0114,228.496,-0.48011,2.39255,-0.07648
-8.0527,-0.959,228.432,-0.47787,2.39461,-0.07729
-8.1106,-1.0071,228.403,-0.48596,2.39979,-0.07538
-8.1661,-0.9381,228.357,-0.47993,2.40358,-0.07603
-8.1784,-1.0699,228.449,-0.48747,2.39959,-0.07614
-8.1784,-0.9331,228.368,-0.48057,2.40429,-0.07812
-8.0973,-1.0431,228.45,-0.48435,2.39697,-0.07921
-8.0578,-1.1238,228.523,-0.48606,2.39377,-0.07909
-8.1402,-1.1325,228.406,-0.49049,2.39941,-0.077
-8.1299,-1.0359,228.468,-0.48049,2.40196,-0.07859
-8.1335,-1.0783,228.236,-0.48301,2.40295,-0.07509
-8.1538,-1.0679,228.264,-0.48457,2.40774,-0.0753
-8.1624,-1.0536,228.248,-0.48639,2.40466,-0.07446
-8.1159,-1.0411,228.21,-0.48601,2.40787,-0.07472
-8.051,-1.0298,228.429,-0.47923,2.40257,-0.07758
-8.0597,-1.0851,228.351,-0.48302,2.40654,-0.07563
-8.0552,-1.0651,228.235,-0.48458,2.40849,-0.07494
-8.0619,-0.9569,228.262,-0.47943,2.40767,-0.07445
-8.0686,-1.0386,228.312,-0.48334,2.41277,-0.07266
-7.9917,-1.1726,228.462,-0.48746,2.40649,-0.07354
-8.0525,-1.1703,228.415,-0.48945,2.41151,-0.07235
-8.0501,-1.1167,228.36,-0.48628,2.41478,-0.07235
-7.9415,-1.2204,228.445,-0.48348,2.40623,-0.07344
-7.96,-1.0321,228.385,-0.48446,2.40731,-0.0714
-7.909,-0.9006,228.399,-0.47768,2.41098,-0.07119
-7.833,-0.9856,228.336,-0.47548,2.40479,-0.0718
-7.8147,-0.8753,228.326,-0.47003,2.4046,-0.0749
-7.7481,-0.8041,228.559,-0.46747,2.39435,-0.0813
-7.6462,-0.9099,228.526,-0.47108,2.39655,-0.07755
-7.5997,-0.8577,228.553,-0.46537,2.39304,-0.07358
-7.5661,-0.8054,228.647,-0.46109,2.39182,-0.07051
-7.541,-1.034,228.723,-0.46907,2.39112,-0.06631
-7.7033,-0.6694,228.645,-0.45563,2.40034,-0.06493
-7.6675,-0.8291,228.812,-0.45417,2.39186,-0.06865
-7.6909,-0.6104,228.936,-0.44268,2.39652,-0.06985
-7.7093,-0.5291,229.082,-0.43021,2.40063,-0.06663
-7.8167,-0.5875,229.2,-0.42695,2.40435,-0.06189
-7.9433,-0.8879,229.262,-0.43638,2.40685,-0.05391
-8.1896,-1.0445,229.306,-0.43849,2.41508,-0.04806
-8.4146,-1.3238,229.568,-0.44669,2.41846,-0.0423
-8.7108,-1.5538,229.537,-0.45318,2.43175,-0.03863
-8.8652,-1.533,229.519,-0.45572,2.43975,-0.04031
-8.7305,-1.501,229.327,-0.44929,2.42707,-0.04562
-8.7157,-1.4685,229.3,-0.44893,2.43199,-0.04564
-8.6622,-1.4704,229.43,-0.43982,2.4197,-0.04751
-8.6601,-1.4176,229.323,-0.43966,2.42153,-0.0494
-8.5342,-1.3355,229.053,-0.43966,2.41598,-0.05152
-8.4885,-1.0019,229.076,-0.42884,2.41747,-0.06065
-8.3518,-0.8004,229.597,-0.41303,2.40958,-0.06147
-8.4555,-0.7096,229.728,-0.41112,2.41816,-0.06404
-8.503,-0.8589,229.663,-0.42214,2.42003,-0.06538
-8.4716,-0.7817,229.536,-0.41891,2.42059,-0.06503
-8.3909,-0.8357,229.46,-0.41898,2.40897,-0.06724
-8.3803,-0.9067,229.401,-0.42034,2.40949,-0.06419
-8.395,-0.8273,229.429,-0.41668,2.41337,-0.0631
-8.4042,-1.0002,229.228,-0.42956,2.41297,-0.06001
-8.3118,-0.9911,229.207,-0.43017,2.40783,-0.06292
-8.3089,-0.9472,228.966,-0.43148,2.41369,-0.06418
-8.1704,-0.9602,229.081,-0.43099,2.40605,-0.0694
-8.052,-0.795,229.119,-0.42485,2.40484,-0.07531
-7.8626,-0.6344,229.248,-0.42006,2.39628,-0.08426
-7.882,-0.7204,229.214,-0.42578,2.3961,-0.0827
-7.8866,-0.6451,229.137,-0.42352,2.39548,-0.08408
-7.8566,-0.5883,229.01,-0.42115,2.39596,-0.08343
-7.7742,-0.5247,229.077,-0.42377,2.39342,-0.08408
-7.6188,-0.595,229.03,-0.42765,2.3873,-0.08352
-7.6545,-0.5093,228.978,-0.43395,2.3916,-0.07956
-7.6005,-0.5065,229.051,-0.43031,2.3912,-0.08112
-7.5163,-0.6092,229.05,-0.4343,2.38229,-0.08374
-7.6626,-0.5197,228.55,-0.43761,2.37847,-0.08586
-7.884,-0.4209,228.449,-0.43689,2.38298,-0.09075
-7.9275,-0.3658,228.681,-0.43881,2.3883,-0.0967
-7.8926,-0.2808,228.68,-0.42998,2.38419,-0.10131
-7.9362,-0.3022,228.47,-0.42832,2.37661,-0.10175
-8.1606,-0.32,228.602,-0.42514,2.38239,-0.10428
-8.3194,-0.5953,228.905,-0.4322,2.37887,-0.10381
-8.4207,-0.7719,228.963,-0.43843,2.38422,-0.09874
-8.6207,-0.5235,228.921,-0.42787,2.39517,-0.09224
-8.5692,-0.8119,229.221,-0.43587,2.39028,-0.08722
-8.6006,-0.931,229.099,-0.44644,2.39453,-0.08276
-8.7288,-1.0318,229.295,-0.44329,2.3993,-0.08267
-8.8615,-1.0381,229.246,-0.44381,2.40395,-0.08312
-8.9118,-1.0439,229.271,-0.44456,2.41263,-0.08265
-8.7664,-1.2262,229.097,-0.45845,2.40858,-0.07842
-8.6479,-1.3995,229.301,-0.46119,2.40192,-0.07813
-8.7096,-1.5143,229.179,-0.47154,2.40384,-0.07274
-8.7823,-1.5509,228.881,-0.47802,2.4097,-0.0684
-8.6555,-1.9515,229.049,-0.49394,2.39798,-0.06841
-8.632,-1.7851,228.841,-0.48425,2.40338,-0.06964
-8.6652,-1.6488,228.567,-0.48681,2.40854,-0.06706
-8.6056,-1.6437,228.503,-0.47627,2.4005,-0.06818
-8.6011,-1.5068,228.435,-0.46493,2.39784,-0.07222
-8.6219,-1.4045,228.36,-0.45306,2.4025,-0.07499
-8.6929,-1.3977,228.394,-0.45435,2.40511,-0.078
-8.6536,-1.442,228.527,-0.45363,2.40055,-0.08263
-8.6289,-1.2735,228.349,-0.44569,2.40571,-0.08528
-8.5935,-1.508,228.462,-0.45381,2.39896,-0.08624
-8.8115,-1.3595,228.34,-0.44268,2.40784,-0.08596
-8.9669,-1.3755,228.502,-0.44008,2.41173,-0.08673
-9.0204,-1.4594,228.423,-0.44407,2.41256,-0.08661
-9.0381,-1.5274,228.542,-0.44724,2.41414,-0.08631
-9.0663,-1.623,228.414,-0.44877,2.40902,-0.08833
-9.2001,-1.4331,228.306,-0.43615,2.4152,-0.08841
-9.3052,-1.3383,228.298,-0.43244,2.41273,-0.09165
-9.1865,-1.4389,228.371,-0.42966,2.40367,-0.09578
-9.2431,-1.3399,228.12,-0.42717,2.40795,-0.09599
-9.2593,-1.3529,228.134,-0.42386,2.40921,-0.09586
-9.261,-1.235,228.134,-0.41668,2.40595,-0.09502
-9.1634,-1.4236,227.94,-0.42461,2.39503,-0.09476
-9.1458,-1.4429,227.846,-0.42531,2.39953,-0.09294
-9.2073,-1.2828,227.834,-0.42009,2.40171,-0.09284
-9.298,-1.1691,227.868,-0.41676,2.40002,-0.0922
-9.4758,-1.1348,228.025,-0.41314,2.40315,-0.09644
-9.4247,0.5044,217.788,-0.34111,2.55158,-0.09548
-3.1973,4.045,191.792,-0.25062,2.62755,-0.03273
-7.8253,1.3056,208.17,-0.32467,2.53899,-0.02312
-5.5134,-0.6749,199.915,-0.40867,2.55001,-0.02801
-0.7961,-3.5509,183.43,-0.47885,2.57612,-0.08007
4.9785,-7.9643,157.828,-0.54937,2.72958,-0.17636
13.8278,-9.0032,125.159,-0.36583,2.84395,-0.2448
22.499,-9.5984,92.447,-0.10262,2.96769,-0.24162
29.4809,-11.7962,62.7998,0.13274,3.09335,-0.21209
33.0379,-13.0308,45.3304,0.3344,3.15841,-0.15804
32.3771,-13.4646,23.6801,0.49552,3.4252,-0.08926
28.3703,-12.2547,-3.2897,0.72967,3.85311,-0.03492
21.5574,-8.3702,-17.1646,0.92705,4.22895,0.05916
18.7821,-3.0622,-10.9585,0.89087,4.27933,0.1375
11.8105,5.3132,49.8509,0.68378,3.75136,0.14125
-14.5117,-5.8259,188.146,-0.18736,2.97064,-0.10735
-15.034,-5.3754,208.915,-0.23678,2.833,-0.09021
-14.5023,-4.4307,219.679,-0.2153,2.75839,-0.07995
-13.7133,-3.4625,225.669,-0.1803,2.71354,-0.08279
-13.0106,-3.0924,228.498,-0.15626,2.6801,-0.07796
-12.7902,-2.9744,228.204,-0.23423,2.65988,-0.04704
-11.9054,-2.4851,226.906,-0.32394,2.61918,-0.01994
-10.6081,-2.926,226.087,-0.41942,2.58407,0.00334
-9.4454,-3.433,225.564,-0.47453,2.57062,0.01817
-8.6668,-4.1792,225.983,-0.5139,2.56121,0.02032
-8.3071,-4.745,226.153,-0.53577,2.54837,0.01585
-8.3598,-5.1198,226.012,-0.5659,2.53734,0.01289
-8.4708,-5.6648,225.881,-0.61113,2.52222,0.00539
-9.6752,-6.4788,225.733,-0.68847,2.53712,0.01722
-10.1555,-6.9456,226.214,-0.72113,2.54812,0.03233
-10.3332,-6.664,226.414,-0.71462,2.55376,0.04026
-10.3748,-6.2632,226.543,-0.70604,2.54964,0.04803
-10.243,-5.5085,226.524,-0.66749,2.5321,0.04254
-10.0584,-5.0044,226.813,-0.62581,2.56063,0.03241
-9.9625,-4.9369,226.88,-0.61754,2.56826,0.02971
-9.9539,-4.7904,226.952,-0.61006,2.56009,0.02751
-9.8727,-4.5079,226.864,-0.59738,2.54313,0.02615
-9.9281,-4.0996,226.566,-0.57855,2.5298,0.02401
-9.6577,-4.0054,226.314,-0.56259,2.50467,0.0161
-9.5193,-4.0467,225.976,-0.55226,2.49366,0.00918
-9.5222,-3.9702,225.711,-0.53116,2.48833,-0.00685
-9.5608,-3.7385,225.699,-0.5108,2.47526,-0.02013
-9.5202,-3.5666,225.59,-0.49657,2.484,-0.02457
-9.4643,-3.3972,225.884,-0.50091,2.48422,-0.03197
-9.471,-3.3848,226.193,-0.50905,2.48626,-0.03858
-9.5183,-3.3646,226.265,-0.5208,2.4864,-0.03906
-9.3987,-3.5153,226.288,-0.52573,2.4787,-0.04029
-9.4779,-3.6019,226.311,-0.54076,2.4805,-0.03747
-9.6055,-3.5873,226.305,-0.54643,2.48418,-0.03385
-9.6385,-3.6257,226.349,-0.5504,2.49015,-0.03059
-9.678,-3.7314,226.381,-0.55277,2.48894,-0.02918
-9.7744,-3.6909,226.513,-0.55329,2.49246,-0.02863
-9.8321,-3.7075,226.592,-0.5542,2.49069,-0.02792
-9.8992,-3.7726,226.536,-0.55646,2.50519,-0.02591
-9.9024,-3.7511,226.471,-0.55108,2.50697,-0.02611
-9.9588,-3.8503,226.638,-0.55286,2.51341,-0.02568
-10.0572,-3.9042,226.586,-0.56075,2.52275,-0.02217
-10.0098,-4.1337,226.854,-0.56687,2.51844,-0.02268
-10.0437,-4.2469,226.986,-0.57269,2.52484,-0.02405
-10.122,-4.4063,227.06,-0.58239,2.52693,-0.02355
-10.2772,-4.2784,227.005,-0.58082,2.53618,-0.025
-10.36,-4.339,226.815,-0.5879,2.54363,-0.02486
-10.3823,-4.4883,226.923,-0.59326,2.5448,-0.02571
-10.4277,-4.597,227.099,-0.60145,2.54529,-0.02593
-10.5598,-4.5888,227.041,-0.60791,2.55975,-0.02397
-10.5247,-4.7609,227.26,-0.60923,2.55327,-0.02486
-10.5763,-4.7638,227.172,-0.61446,2.55725,-0.02175
-10.5554,-4.9168,227.174,-0.61646,2.5574,-0.02144
-10.6831,-4.959,227.13,-0.62363,2.56434,-0.01922
-10.6977,-5.0906,227.288,-0.62674,2.56358,-0.01796
-10.669,-5.2516,227.384,-0.63007,2.55862,-0.01804
-10.7811,-5.0588,227.263,-0.62812,2.5683,-0.01786
-10.7946,-5,227.303,-0.62409,2.56878,-0.02014
-10.7401,-5.1136,227.416,-0.62584,2.56244,-0.0208
-10.8266,-5.0785,227.336,-0.62938,2.5667,-0.02007
-10.8391,-5.0794,227.496,-0.63018,2.56571,-0.02222
-10.8778,-5.2248,227.509,-0.63405,2.56811,-0.023
-10.9154,-5.2801,227.491,-0.63956,2.56465,-0.02289
-10.9261,-5.1718,227.519,-0.62925,2.56235,-0.025
-11.0084,-4.9784,227.55,-0.62427,2.57086,-0.02843
-10.9866,-4.9918,227.532,-0.62644,2.56783,-0.0297
-11.0117,-4.9911,227.497,-0.62753,2.57158,-0.02847
-10.9524,-5.0343,227.706,-0.62683,2.56061,-0.02997
-10.9934,-5.0023,227.627,-0.63437,2.56742,-0.02834
-11.0201,-4.808,227.617,-0.62275,2.56704,-0.029
-11.021,-4.6185,227.578,-0.60892,2.56779,-0.032
-10.9517,-4.779,227.789,-0.61498,2.55912,-0.03345
-11.0188,-4.6168,227.678,-0.61996,2.56235,-0.03129
-10.9994,-4.6119,227.63,-0.61471,2.56251,-0.03328
-11.0168,-4.4382,227.571,-0.60944,2.55734,-0.03361
-10.972,-4.3948,227.738,-0.59604,2.55421,-0.03752
-10.9172,-4.4314,227.73,-0.59783,2.54578,-0.03919
-11.061,-4.1253,227.646,-0.59006,2.55888,-0.03926
-11.0139,-4.149,227.492,-0.59591,2.56365,-0.0369
-10.992,-3.9742,227.634,-0.58414,2.5604,-0.04
-10.9455,-3.9926,227.675,-0.59167,2.55672,-0.04005
-10.8717,-3.8279,227.742,-0.5778,2.55206,-0.04397
-10.8517,-3.8055,227.649,-0.57945,2.55422,-0.04415
-10.8842,-3.8987,227.618,-0.5854,2.557,-0.04478
-10.8698,-3.7926,227.657,-0.57537,2.55925,-0.04817
-10.8797,-3.6027,227.601,-0.56662,2.55636,-0.05054
-10.9126,-3.6592,227.483,-0.57408,2.55621,-0.05053
-10.8667,-3.6822,227.475,-0.56834,2.55424,-0.05351
-11.003,-3.5077,227.41,-0.56818,2.56566,-0.05134
-11.025,-3.5282,227.351,-0.57209,2.56742,-0.05009
-10.9902,-3.4972,227.403,-0.57073,2.56138,-0.05102
-11.0034,-3.3355,227.332,-0.55697,2.5605,-0.05351
-10.9248,-3.3555,227.272,-0.55592,2.55485,-0.05483
-10.9375,-3.2488,227.188,-0.55081,2.55543,-0.05341
-10.9132,-3.2479,227.298,-0.55145,2.55268,-0.05407
-10.8496,-3.2551,227.36,-0.54936,2.54804,-0.05504
-10.8877,-3.2353,227.203,-0.55777,2.54997,-0.05171
-10.8625,-3.193,227.172,-0.55373,2.55081,-0.05105
-10.8349,-3.1071,227.186,-0.54846,2.54408,-0.05294
-10.831,-3.1016,227.252,-0.54345,2.54104,-0.05386
-10.8149,-3.2212,227.368,-0.54864,2.54407,-0.05607
-10.8709,-3.0925,227.219,-0.54194,2.54859,-0.05485
-10.8876,-3.0944,227.194,-0.54579,2.54895,-0.05667
-10.9437,-3.0881,227.228,-0.54673,2.55673,-0.05519
-10.8991,-3.1385,227.436,-0.54552,2.55,-0.05798
-10.8868,-3.0728,227.375,-0.53754,2.54332,-0.05865
-10.9595,-3.0545,227.366,-0.54793,2.55146,-0.05833
-10.9488,-3.1594,227.238,-0.55047,2.55589,-0.0567
-10.9366,-3.1006,227.321,-0.54444,2.55218,-0.05901
-10.989,-2.79,227.131,-0.53171,2.55691,-0.06016
-10.8865,-2.8731,227.125,-0.53102,2.54468,-0.05963
-10.8078,-3.1554,227.293,-0.54669,2.54011,-0.05823
-10.9245,-2.9123,227.257,-0.54293,2.54724,-0.0553
-10.7848,-3.1006,227.428,-0.54634,2.53371,-0.05663
-10.8443,-2.9555,227.252,-0.54092,2.53901,-0.05456
-10.8833,-2.7709,227.256,-0.53086,2.54472,-0.0573
-10.8489,-2.8372,227.375,-0.53551,2.54167,-0.0576
-10.9336,-2.7272,227.208,-0.53153,2.54825,-0.0568
-10.9402,-2.778,227.239,-0.53023,2.54758,-0.05744
-10.9808,-2.6459,227.231,-0.5317,2.55108,-0.05733
-10.8668,-2.8626,227.453,-0.53777,2.54144,-0.05869
-10.8261,-3.0276,227.348,-0.54663,2.54458,-0.05653
-10.8145,-2.9415,227.402,-0.53587,2.54301,-0.05671
-10.8565,-2.8189,227.331,-0.53473,2.54692,-0.05631
-10.8904,-2.7667,227.274,-0.53314,2.54876,-0.05555
-10.8625,-2.857,227.451,-0.54036,2.54519,-0.05643
-10.8558,-2.8384,227.356,-0.53824,2.54677,-0.05499
-10.7459,-3.0637,227.387,-0.54678,2.54082,-0.0534
-10.7715,-2.9436,227.423,-0.54214,2.53836,-0.05572
-10.8085,-2.8539,227.372,-0.53178,2.53991,-0.05712
-10.7648,-2.8413,227.407,-0.5295,2.53469,-0.05763
-10.74,-2.8979,227.39,-0.52964,2.53272,-0.05908
-10.8552,-2.6756,227.212,-0.52213,2.54284,-0.05954
-10.8592,-2.7211,227.269,-0.52845,2.54615,-0.05994
-10.8844,-2.7843,227.382,-0.533,2.54293,-0.05954
-10.835,-2.7804,227.25,-0.53471,2.54645,-0.058
-10.8745,-2.7512,227.311,-0.54047,2.54976,-0.0582
-10.797,-2.8184,227.352,-0.54305,2.54527,-0.05708
-10.7358,-2.9476,227.387,-0.54823,2.53732,-0.05845
-10.7141,-2.8624,227.528,-0.54394,2.53894,-0.05952
-10.7168,-2.8078,227.408,-0.54002,2.54116,-0.05963
-10.662,-2.8784,227.465,-0.54455,2.53558,-0.06019
-10.6346,-2.7022,227.453,-0.53575,2.53472,-0.05982
-10.5899,-2.6935,227.418,-0.53816,2.5299,-0.06026
-10.6426,-2.5946,227.463,-0.53627,2.54067,-0.06078
-10.5253,-2.6418,227.645,-0.54294,2.54267,-0.06334
-10.0381,-2.0944,227.498,-0.52303,2.53168,-0.07823
-9.5504,-1.8464,227.331,-0.50796,2.50884,-0.08112
-9.0956,-1.7213,227.318,-0.50594,2.49445,-0.07628
-8.6455,-1.6923,227.347,-0.50091,2.47315,-0.07314
-8.3261,-1.7891,227.389,-0.50777,2.46195,-0.06416
-8.0872,-1.5698,227.12,-0.50121,2.45388,-0.05482
-7.85,-1.4871,227.089,-0.49546,2.44968,-0.04882
-7.7392,-1.3417,226.973,-0.48208,2.44293,-0.04576
-7.4892,-1.6484,227.292,-0.48877,2.43474,-0.04826
-7.4685,-1.5997,227.288,-0.48701,2.43779,-0.04797
-7.4245,-1.5513,227.409,-0.48362,2.43347,-0.04995
-7.4371,-1.5798,227.253,-0.48543,2.43763,-0.04922
-7.4472,-1.4575,227.305,-0.47994,2.43665,-0.05375
-7.4735,-1.5911,227.378,-0.48498,2.43599,-0.05462
-7.4906,-1.5682,227.424,-0.47498,2.43661,-0.05768
-7.5869,-1.665,227.473,-0.48456,2.43623,-0.05656
-7.7104,-1.6001,227.555,-0.48012,2.43803,-0.05661
-7.804,-1.5895,227.434,-0.47666,2.44136,-0.05455
-8.0026,-1.4634,227.422,-0.47627,2.4476,-0.05224
-8.0967,-1.4789,227.52,-0.47673,2.44696,-0.05252
-8.1238,-1.3243,227.499,-0.46172,2.46609,-0.05525
-8.233,-1.3708,227.544,-0.46387,2.47751,-0.05793
-8.4273,-1.4407,227.531,-0.46611,2.47787,-0.05648
-8.6247,-1.3687,227.576,-0.46212,2.4889,-0.05928
-8.7573,-1.3916,227.709,-0.45742,2.49651,-0.05969
-8.8454,-1.38,227.947,-0.45321,2.51629,-0.06198
-8.788,-1.5372,228.161,-0.4587,2.50773,-0.06069
-8.7739,-1.3966,227.986,-0.45677,2.50121,-0.05602
-8.8722,-1.3058,227.749,-0.4594,2.50294,-0.05061
-8.9715,-1.1959,227.55,-0.45991,2.50646,-0.04119
-8.9381,-1.2215,227.726,-0.4633,2.50439,-0.0386
-8.8934,-1.3897,227.754,-0.47535,2.49653,-0.0347
-9.0119,-1.0702,227.555,-0.46309,2.49141,-0.03209
-9.1608,-0.9361,226.68,-0.41306,2.48607,-0.03945
-8.8002,-0.9647,227.144,-0.4468,2.47677,-0.04017
-8.7358,-0.9472,227.42,-0.45513,2.46871,-0.03994
-8.8143,-1.2692,227.479,-0.47466,2.46458,-0.0352
-9.0024,-1.2324,227.49,-0.47371,2.46073,-0.03427
-9.1053,-1.2982,227.521,-0.46736,2.46161,-0.03155
-9.1775,-1.4226,227.641,-0.46942,2.46214,-0.02961
-9.3039,-1.4112,227.503,-0.467,2.47253,-0.02781
-9.3808,-1.3129,227.425,-0.46681,2.47561,-0.02791
-9.3088,-1.4918,227.476,-0.47605,2.4701,-0.02753
-9.2747,-1.4514,227.414,-0.47613,2.47005,-0.02758
-9.2019,-1.4966,227.43,-0.48427,2.46686,-0.02591
-9.2356,-1.3452,227.349,-0.48449,2.46639,-0.02545
-9.1197,-1.3873,227.503,-0.48612,2.46237,-0.02464
-9.1207,-1.2685,227.349,-0.4906,2.46238,-0.02084
-9.1561,-1.1918,227.172,-0.492,2.46617,-0.01615
-9.1293,-1.2119,227.292,-0.49029,2.46117,-0.01605
-9.1803,-1.2399,227.347,-0.4867,2.46093,-0.01615
-9.197,-1.2193,227.173,-0.48471,2.4583,-0.01466
-9.1485,-1.407,227.34,-0.48556,2.45424,-0.01762
-9.2592,-1.367,227.422,-0.48022,2.45704,-0.01867
-9.3072,-1.4014,227.409,-0.47849,2.45923,-0.01924
-9.3194,-1.4511,227.25,-0.48685,2.46179,-0.01748
-9.3436,-1.4323,227.238,-0.48612,2.46001,-0.01644
-9.268,-1.4477,227.385,-0.47986,2.45082,-0.01948
-9.3189,-1.4784,227.231,-0.48156,2.45522,-0.01674
-9.3624,-1.4038,227.339,-0.48179,2.46169,-0.0169
-9.3891,-1.3672,227.144,-0.48375,2.46334,-0.01547
-9.3978,-1.3247,227.284,-0.48479,2.46891,-0.01739
-9.3843,-1.3849,227.338,-0.4875,2.46597,-0.01762
-9.3947,-1.3338,227.245,-0.49059,2.46728,-0.01613
-9.4028,-1.3521,227.32,-0.48786,2.4692,-0.01611
-9.3741,-1.3255,227.212,-0.49017,2.46876,-0.01508
-9.3388,-1.2919,227.239,-0.48694,2.46435,-0.01478
-9.3335,-1.3539,227.215,-0.489,2.46618,-0.01588
-9.3533,-1.3111,227.369,-0.4813,2.46754,-0.01722
-9.3218,-1.4241,227.335,-0.48976,2.46413,-0.01663
-9.3362,-1.4348,227.328,-0.49216,2.4659,-0.01467
-9.2926,-1.3952,227.352,-0.48496,2.46226,-0.01606
-9.2964,-1.3411,227.225,-0.48213,2.45963,-0.01578
-9.3533,-1.3072,227.201,-0.48167,2.46325,-0.01374
-9.2376,-1.5021,227.339,-0.49055,2.45713,-0.01458
-9.2756,-1.4512,227.342,-0.48572,2.45409,-0.0166
-9.3393,-1.3727,227.314,-0.48576,2.46268,-0.0152
-9.2776,-1.5028,227.362,-0.49248,2.45916,-0.01475
-9.2488,-1.513,227.403,-0.49034,2.45826,-0.01562
-9.2867,-1.4158,227.393,-0.48589,2.45659,-0.01637
-9.3148,-1.3575,227.325,-0.48446,2.46448,-0.01672
-9.3262,-1.3779,227.365,-0.48593,2.46683,-0.01736
-9.3294,-1.4273,227.431,-0.48959,2.46602,-0.01904
-9.394,-1.2656,227.209,-0.4824,2.47208,-0.01662
-9.3414,-1.3221,227.38,-0.48687,2.46927,-0.01769
-9.3543,-1.293,227.293,-0.48498,2.46809,-0.01569
-9.32,-1.4522,227.499,-0.49256,2.45934,-0.01698
-9.3422,-1.2634,227.351,-0.47873,2.46611,-0.0184
-9.3086,-1.3624,227.414,-0.48336,2.46519,-0.01858
-9.2779,-1.4809,227.506,-0.49007,2.45748,-0.01659
-9.3417,-1.304,227.359,-0.48353,2.46935,-0.01585
-9.4003,-1.354,227.356,-0.49131,2.46755,-0.01483
-9.334,-1.4036,227.403,-0.49031,2.46592,-0.01538
-9.3633,-1.2727,227.244,-0.48847,2.47205,-0.01407
-9.3283,-1.4188,227.409,-0.48873,2.46449,-0.01541
-9.3447,-1.389,227.417,-0.4924,2.45999,-0.01511
-9.3865,-1.4323,227.254,-0.49527,2.46696,-0.0138
-9.3698,-1.3262,227.251,-0.48287,2.4661,-0.01691
-9.3642,-1.2976,227.296,-0.48267,2.4712,-0.01776
-9.3575,-1.3491,227.306,-0.48771,2.47436,-0.01717
-9.3927,-1.3358,227.339,-0.48608,2.47252,-0.01754
-9.3518,-1.2888,227.358,-0.4832,2.4703,-0.01827
-9.2855,-1.3037,227.515,-0.47731,2.46144,-0.02313
-9.3221,-1.2297,227.555,-0.47364,2.46105,-0.02351
-9.3583,-1.2723,227.39,-0.48125,2.46273,-0.02218
-9.2792,-1.1744,227.509,-0.47056,2.46063,-0.02664
-9.2751,-1.1985,227.55,-0.4755,2.47016,-0.02498
-9.3015,-1.0031,227.453,-0.47455,2.48512,-0.02125
-9.1677,-0.8495,227.674,-0.46512,2.48564,-0.02289
-9.1043,-0.6372,227.851,-0.45745,2.49067,-0.02513
-9.086,-0.5518,227.735,-0.45987,2.49803,-0.02479
-9.0155,-0.6534,227.868,-0.4555,2.50528,-0.02753
-8.9505,-0.7908,227.962,-0.45023,2.50502,-0.03229
-8.979,-0.9147,227.931,-0.45516,2.50403,-0.03225
-9.0331,-0.8936,227.825,-0.45614,2.50867,-0.03342
-8.9584,-0.9694,227.951,-0.44466,2.51287,-0.03981
-8.8996,-1.0075,227.988,-0.444,2.509,-0.04237
-8.974,-0.9128,228.006,-0.43882,2.51024,-0.04083
-9.0297,-0.9702,227.886,-0.45019,2.51111,-0.03687
-8.9109,-1.043,228.05,-0.44927,2.49625,-0.03373
-8.8567,-1.103,228.07,-0.45128,2.49061,-0.03042
-8.8997,-0.9982,227.962,-0.45308,2.49148,-0.02829
-8.7535,-1.0542,228.111,-0.45068,2.49105,-0.02719
-8.7566,-1.0306,228.33,-0.45134,2.4905,-0.02561
-8.7434,-0.967,228.295,-0.44909,2.50111,-0.02341
-8.6708,-1.09,228.184,-0.45714,2.49511,-0.02079
-8.6335,-1.0092,228.131,-0.44931,2.49434,-0.02105
-8.6023,-1.0798,228.208,-0.45268,2.48917,-0.02092
-8.6732,-0.9696,228.138,-0.45451,2.48432,-0.02033
-8.7291,-1.0412,228.239,-0.45804,2.4832,-0.01886
-8.6536,-1.0548,228.232,-0.4555,2.47044,-0.01811
-8.5689,-0.973,228.242,-0.45314,2.46929,-0.01713
-8.5577,-0.7958,228.242,-0.446,2.47323,-0.01651
-8.4579,-0.7836,228.332,-0.44593,2.46798,-0.01588
-8.4836,-0.6589,228.39,-0.43756,2.47099,-0.01714
-8.5845,-0.8302,228.213,-0.44616,2.47459,-0.01688
-8.6176,-1.1528,228.393,-0.45585,2.47101,-0.01892
-8.6746,-1.2161,228.333,-0.45252,2.47225,-0.02044
-8.7645,-1.0582,228.214,-0.44307,2.48183,-0.02095
-8.7174,-1.0789,228.287,-0.44108,2.47985,-0.02164
-8.7155,-1.1711,228.328,-0.44881,2.48384,-0.02151
-8.714,-1.2659,228.35,-0.44852,2.48037,-0.02237
-8.7792,-1.1125,228.186,-0.44101,2.4897,-0.02412
-8.7574,-1.3251,228.232,-0.45503,2.49065,-0.02098
-8.7711,-1.2694,228.205,-0.45104,2.49132,-0.02259
-8.7545,-1.3058,228.251,-0.44982,2.49183,-0.02235
-8.809,-1.227,228.087,-0.44887,2.49614,-0.01923
-8.704,-1.3587,228.193,-0.45205,2.49506,-0.0187
-8.7493,-1.2247,228.108,-0.44817,2.50114,-0.01812
-8.6945,-1.3707,228.197,-0.45471,2.49396,-0.0164
-8.6576,-1.4155,228.305,-0.45829,2.49757,-0.01731
-8.6564,-1.4115,228.332,-0.45737,2.49764,-0.01601
-8.6461,-1.1602,228.172,-0.44452,2.50226,-0.01526
-8.5844,-1.1425,228.129,-0.44322,2.49717,-0.01484
-8.5652,-1.1633,228.238,-0.44303,2.49391,-0.01628
-8.6093,-1.1227,228.22,-0.44761,2.50313,-0.01556
-8.7043,-1.082,228.084,-0.44485,2.50776,-0.01732
-8.6714,-1.1825,228.216,-0.44168,2.50116,-0.01863
-8.683,-1.2146,228.24,-0.44469,2.50476,-0.01826
-8.7029,-1.2057,228.252,-0.44261,2.5051,-0.01761
-8.7187,-1.2432,228.138,-0.44897,2.50836,-0.0171
-8.7316,-1.1545,228.125,-0.44219,2.50952,-0.01775
-8.6201,-1.3631,228.334,-0.44377,2.49692,-0.01921
-8.6899,-1.189,228.126,-0.44273,2.50266,-0.01785
-8.7259,-1.1466,228.145,-0.44091,2.50578,-0.01777
-8.6769,-1.2862,228.157,-0.44899,2.50771,-0.01627
-8.7194,-1.2689,228.262,-0.45068,2.50701,-0.01598
-8.7219,-1.2609,228.238,-0.44909,2.50495,-0.01543
-8.709,-1.3759,228.193,-0.45912,2.50633,-0.01293
-8.7459,-1.2136,228.114,-0.45058,2.50597,-0.01256
-8.781,-1.1193,228.127,-0.44403,2.50725,-0.01153
-8.7672,-1.1614,227.987,-0.45063,2.51192,-0.00996
-8.7844,-1.0822,228.109,-0.44678,2.51044,-0.01001
-8.6742,-1.2948,228.117,-0.45342,2.50725,-0.00921
-8.6749,-1.2966,228.118,-0.45122,2.50494,-0.00974
-8.6682,-1.278,228.204,-0.45694,2.50773,-0.00873
-8.6836,-1.3441,228.313,-0.45642,2.49492,-0.00844
-8.7178,-1.2699,228.203,-0.4577,2.49901,-0.00713
-8.6802,-1.3177,228.148,-0.4583,2.50044,-0.0067
-8.6645,-1.3358,228.239,-0.45209,2.50371,-0.00903
-8.6898,-1.1822,228.172,-0.44713,2.51042,-0.00897
-8.7408,-1.2747,228.184,-0.45154,2.50891,-0.00852
-8.7368,-1.2665,228.216,-0.44794,2.50384,-0.01084
-8.6882,-1.3681,228.287,-0.45201,2.49823,-0.01214
-8.6819,-1.3678,228.219,-0.45499,2.49715,-0.0126
-8.7348,-1.3842,228.043,-0.4567,2.49282,-0.01178
-8.745,-1.3916,228.022,-0.46049,2.49488,-0.01028
-8.7362,-1.3231,228.064,-0.45645,2.48669,-0.0109
-8.7874,-1.2067,228.065,-0.45589,2.4881,-0.01184
-8.817,-1.249,228.365,-0.45536,2.48871,-0.01167
-8.804,-1.2803,228.382,-0.45427,2.48817,-0.01157
-8.868,-1.2047,228.252,-0.45462,2.49308,-0.01002
-8.8905,-1.1963,228.297,-0.45253,2.4928,-0.00945
-8.8376,-1.3352,228.453,-0.46037,2.49246,-0.00967
-8.8768,-1.1739,228.28,-0.45591,2.4955,-0.01011
-8.8849,-1.1718,228.207,-0.45352,2.49504,-0.0123
-8.8257,-1.2765,228.276,-0.45984,2.49041,-0.01311
-8.776,-1.1946,228.321,-0.45413,2.49068,-0.01448
-8.7884,-1.0917,228.19,-0.4523,2.49715,-0.01425
-8.7512,-1.1493,228.244,-0.45115,2.49914,-0.01572
-8.7388,-1.2471,228.351,-0.45197,2.49928,-0.01637
-8.7887,-1.0717,228.15,-0.44606,2.5034,-0.01433
-8.6497,-1.2645,228.392,-0.44719,2.49619,-0.01504
-8.755,-1.168,228.345,-0.44339,2.50173,-0.015
-8.8145,-1.1337,228.272,-0.44696,2.50494,-0.01406
-8.8357,-1.0708,228.161,-0.44035,2.50943,-0.01328
-8.8122,-1.1853,228.189,-0.44819,2.50892,-0.0127
-8.7392,-1.1897,228.302,-0.44554,2.50214,-0.01489
-8.763,-1.2224,228.239,-0.4486,2.50474,-0.01288
-8.784,-1.2991,228.297,-0.4519,2.5056,-0.01284
-8.7319,-1.3214,228.261,-0.45127,2.4975,-0.01211
-8.7657,-1.1687,228.294,-0.44464,2.50694,-0.01273
-8.785,-1.2272,228.293,-0.44893,2.50161,-0.00977
-8.7356,-1.382,228.555,-0.4541,2.49476,-0.01077
-8.7837,-1.2683,228.413,-0.45731,2.49739,-0.0088
-8.7801,-1.2472,228.266,-0.4532,2.49623,-0.00915
-8.7566,-1.2061,228.351,-0.44717,2.49744,-0.01023
-8.7552,-1.3199,228.393,-0.45535,2.4963,-0.01089
-8.8234,-1.2091,228.264,-0.45357,2.50683,-0.00953
-8.7454,-1.1871,228.396,-0.44273,2.49599,-0.01132
-8.8149,-1.1813,228.347,-0.45413,2.5037,-0.00823
-8.8346,-1.1858,228.342,-0.45326,2.50622,-0.00987
-8.7765,-1.2779,228.439,-0.4525,2.49665,-0.01091
-8.7817,-1.1538,228.313,-0.44785,2.50212,-0.01164
-8.7884,-1.184,228.339,-0.44847,2.49988,-0.01182
-8.7768,-1.1809,228.253,-0.45088,2.50359,-0.01143
-8.7211,-1.3084,228.314,-0.45582,2.50255,-0.01105
-8.7914,-1.1451,228.311,-0.44829,2.5052,-0.01213
-8.7965,-1.1873,228.378,-0.45188,2.50309,-0.01124
-8.7996,-1.1716,228.463,-0.44868,2.50707,-0.01148
-8.7502,-1.2455,228.431,-0.44896,2.50059,-0.01101
-8.7294,-1.2564,228.314,-0.45257,2.50704,-0.00799
-8.7993,-1.1083,228.326,-0.44742,2.50692,-0.01075
-8.8409,-1.073,228.33,-0.44318,2.50693,-0.01017
-8.8042,-1.2889,228.259,-0.45505,2.50803,-0.00871
-8.8971,-1.0816,228.18,-0.44705,2.51234,-0.0079
-8.8742,-1.1775,228.3,-0.45131,2.51317,-0.00838
-8.8478,-1.2632,228.329,-0.45489,2.50987,-0.00722
-8.847,-1.063,228.219,-0.44263,2.51442,-0.00891
-8.8418,-1.1756,228.135,-0.45067,2.51488,-0.00678
-8.8035,-1.2335,228.298,-0.44975,2.51327,-0.0078
-8.7764,-1.1864,228.294,-0.44639,2.50867,-0.0088
-8.7731,-1.1046,228.263,-0.44453,2.50773,-0.00975
-8.8174,-0.9694,228.27,-0.43761,2.5084,-0.01049
-8.752,-1.2797,228.335,-0.45433,2.50343,-0.00917
-8.8511,-1.1469,228.251,-0.44968,2.51062,-0.00791
-8.7581,-1.3227,228.403,-0.45135,2.50258,-0.00916
-8.778,-1.331,228.29,-0.45442,2.50592,-0.00721
-8.8045,-1.1644,228.26,-0.44625,2.50538,-0.00983
-8.8321,-1.2708,228.331,-0.45263,2.50573,-0.00798
-8.7446,-1.3241,228.339,-0.45439,2.50041,-0.00855
-8.83,-1.1699,228.324,-0.44629,2.50643,-0.00892
-8.8691,-1.1467,228.238,-0.44624,2.51122,-0.00878
-8.8219,-1.1174,228.282,-0.43997,2.50565,-0.01013
-8.8254,-1.3234,228.378,-0.4527,2.50309,-0.00923
-8.8276,-1.2101,228.289,-0.44791,2.51022,-0.00894
-8.8214,-1.1446,228.257,-0.44448,2.51235,-0.00881
-8.7921,-1.124,228.361,-0.44529,2.5106,-0.00863
-8.7988,-1.0961,228.408,-0.441,2.50677,-0.01051
-8.8219,-1.0827,228.325,-0.44191,2.51171,-0.00895
-8.7517,-1.1455,228.454,-0.44131,2.50466,-0.01105
-8.7388,-1.225,228.366,-0.44398,2.50736,-0.00984
-8.7665,-1.2018,228.397,-0.44596,2.50937,-0.01018
-8.7977,-1.0597,228.328,-0.43978,2.51278,-0.00969
-8.7841,-1.2264,228.333,-0.44973,2.51097,-0.00915
-8.8291,-1.11,228.321,-0.44652,2.51245,-0.00931
-8.8155,-1.1918,228.287,-0.44542,2.51059,-0.00789
-8.7772,-1.2708,228.311,-0.44894,2.50506,-0.00838
-8.7536,-1.3476,228.506,-0.45271,2.49837,-0.0094
-8.8698,-1.1589,228.189,-0.44682,2.50926,-0.00866
-8.7864,-1.1965,228.283,-0.44507,2.50155,-0.01064
-8.7511,-1.2381,228.37,-0.44466,2.49809,-0.01141
-8.8073,-1.1079,228.238,-0.44216,2.50157,-0.00984
-8.8078,-1.1055,228.25,-0.43763,2.50386,-0.0098
-8.7737,-1.2744,228.434,-0.44713,2.49976,-0.00985
-8.8111,-1.1938,228.352,-0.44168,2.50105,-0.01071
-8.8015,-1.1394,228.322,-0.44084,2.50251,-0.01073
-8.7803,-1.1482,228.405,-0.44265,2.5019,-0.01205
-8.7731,-1.1791,228.27,-0.44157,2.5011,-0.0109
-8.7771,-1.2697,228.371,-0.44907,2.50272,-0.00981
-8.7816,-1.2539,228.299,-0.45008,2.49851,-0.00915
-8.8012,-1.3401,228.458,-0.44968,2.49799,-0.01054
-8.8246,-1.176,228.244,-0.44355,2.50517,-0.00939
-8.8679,-1.1112,228.35,-0.4486,2.50837,-0.0096
-8.7975,-1.2119,228.431,-0.44975,2.50099,-0.00938
-8.8254,-1.0511,228.308,-0.44007,2.50247,-0.00993
-8.8366,-1.1037,228.327,-0.44119,2.50347,-0.01063
-8.7983,-1.2881,228.44,-0.45283,2.50131,-0.00919
-8.8607,-1.2333,228.312,-0.45467,2.50664,-0.00879
-8.8501,-1.1162,228.262,-0.4394,2.50522,-0.01075
-8.8628,-1.0881,228.193,-0.44277,2.50744,-0.0094
-8.7551,-1.2547,228.352,-0.44571,2.50332,-0.01053
-8.7956,-1.1181,228.278,-0.44469,2.50317,-0.00911
-8.8395,-1.2057,228.384,-0.45293,2.50507,-0.00908
-8.8706,-1.1101,228.295,-0.44642,2.50547,-0.01016
-8.8142,-1.2313,228.363,-0.45107,2.50372,-0.00935
-8.8186,-1.1639,228.281,-0.44772,2.50784,-0.00745
-8.8355,-1.2096,228.305,-0.45454,2.50471,-0.00846
-8.8035,-1.151,228.317,-0.44619,2.5029,-0.00933
-8.7786,-1.2158,228.399,-0.44265,2.50195,-0.01141
-8.7879,-1.1936,228.368,-0.44605,2.50365,-0.01052
-8.8533,-1.1463,228.276,-0.44997,2.50979,-0.0089
-8.7895,-1.1875,228.424,-0.44787,2.49803,-0.00981
-8.7405,-1.264,228.416,-0.44987,2.50036,-0.00998
-8.7788,-1.1775,228.368,-0.44682,2.50494,-0.0088
-8.8814,-1.1245,228.283,-0.44606,2.50968,-0.00775
-8.8119,-1.129,228.356,-0.44211,2.50145,-0.00929
-8.8849,-1.1892,228.278,-0.45432,2.50615,-0.00722
-8.8305,-1.1159,228.219,-0.44324,2.50324,-0.00836
-8.8473,-1.1513,228.346,-0.4469,2.50452,-0.00838
-8.8464,-1.0977,228.359,-0.441,2.49934,-0.01042
-8.7693,-1.3375,228.449,-0.45208,2.49705,-0.00835
-8.8605,-1.2348,228.333,-0.45326,2.50279,-0.00825
-8.8171,-1.2468,228.382,-0.45316,2.50572,-0.00804
-8.845,-1.2531,228.245,-0.45668,2.51053,-0.00431
-8.7085,-1.4574,228.5,-0.45428,2.49436,-0.00957
-8.8047,-1.2303,228.394,-0.44723,2.50123,-0.00874
-8.7549,-1.3099,228.6,-0.4507,2.50099,-0.009
-8.7698,-1.2791,228.53,-0.44745,2.50075,-0.00956
-8.8441,-1.138,228.388,-0.44605,2.50814,-0.00777
-8.7599,-1.2316,228.328,-0.44915,2.50494,-0.00867
-8.7257,-1.3164,228.526,-0.44916,2.49938,-0.01023
-8.8191,-1.1359,228.336,-0.44718,2.50854,-0.00692
-8.8296,-1.1914,228.218,-0.4517,2.50814,-0.0067
-8.7674,-1.2908,228.352,-0.45255,2.50616,-0.00809
-8.7367,-1.2496,228.567,-0.4459,2.50125,-0.0099
-8.7856,-1.2193,228.517,-0.44385,2.50263,-0.00934
-8.809,-1.108,228.327,-0.44149,2.50806,-0.00839
-8.8365,-1.272,228.302,-0.45412,2.50884,-0.00694
-8.8742,-1.0523,228.326,-0.43638,2.50926,-0.00866
-8.845,-1.1846,228.427,-0.44793,2.51241,-0.00701
-8.8034,-1.2176,228.495,-0.44612,2.50756,-0.00921
-8.8584,-1.1399,228.304,-0.4474,2.50976,-0.00641
-8.8359,-1.1865,228.385,-0.44863,2.50496,-0.00814
-8.816,-1.1607,228.398,-0.44658,2.50704,-0.0075
-8.7742,-1.2788,228.409,-0.45076,2.50648,-0.00703
-8.8224,-1.2634,228.417,-0.44935,2.50856,-0.00588
-8.8045,-1.2225,228.396,-0.44981,2.50851,-0.00685
-8.8159,-1.1005,228.426,-0.44332,2.50724,-0.00784
-8.8544,-1.1168,228.307,-0.44605,2.51223,-0.00602
-8.8275,-1.1048,228.339,-0.4425,2.50899,-0.00759
-8.8954,-1.0918,228.253,-0.44414,2.51713,-0.00561
-8.8004,-1.1676,228.312,-0.44781,2.51227,-0.00635
-8.799,-1.1882,228.382,-0.44491,2.51006,-0.00647
-8.835,-1.1391,228.272,-0.44573,2.51206,-0.00633
-8.7651,-1.2602,228.363,-0.4492,2.49979,-0.00681
-8.7806,-1.2547,228.467,-0.44502,2.50309,-0.00797
-8.7988,-1.2693,228.364,-0.4552,2.50509,-0.00554
-8.8261,-1.0803,228.302,-0.43946,2.51258,-0.0074
-8.8524,-1.1262,228.308,-0.44146,2.51453,-0.00666
-8.8456,-1.2011,228.392,-0.44641,2.51186,-0.00647
-8.81,-1.1828,228.44,-0.44517,2.51239,-0.00775
-8.7784,-1.2387,228.476,-0.45012,2.50605,-0.00734
-8.8017,-1.2865,228.416,-0.45067,2.50682,-0.00688
-8.808,-1.2072,228.393,-0.44617,2.50656,-0.00767
-8.867,-1.0703,228.284,-0.44133,2.51893,-0.00628
-8.7732,-1.2287,228.469,-0.44293,2.50544,-0.00839
-8.8027,-1.1431,228.375,-0.44102,2.50554,-0.00784
-8.7943,-1.2381,228.424,-0.44913,2.50594,-0.00655
-8.7708,-1.3009,228.429,-0.44768,2.50391,-0.00714
-8.7896,-1.2603,228.428,-0.45003,2.50527,-0.00695
-8.8122,-1.055,228.393,-0.44092,2.50739,-0.00703
-8.8153,-1.1392,228.291,-0.44291,2.50913,-0.00653
-8.7795,-1.1836,228.346,-0.44558,2.50802,-0.0068
-8.824,-1.1619,228.264,-0.44869,2.51115,-0.00595
-8.7794,-1.2742,228.405,-0.45147,2.50701,-0.00646
-8.7697,-1.2642,228.475,-0.44772,2.50562,-0.00688
-8.7561,-1.1875,228.489,-0.44177,2.49987,-0.00725
-8.828,-1.1514,228.464,-0.44579,2.50367,-0.00639
-8.809,-1.0917,228.295,-0.4403,2.50875,-0.0076
-8.8322,-1.124,228.309,-0.44499,2.5102,-0.00727
-8.8372,-1.1265,228.415,-0.44203,2.5062,-0.00788
-8.8306,-1.1216,228.368,-0.44428,2.50897,-0.00681
-8.7909,-1.23,228.45,-0.44833,2.50512,-0.00773
-8.7822,-1.1779,228.267,-0.44671,2.51186,-0.00653
-8.7805,-1.1887,228.363,-0.44294,2.50193,-0.00728
-8.7788,-1.1971,228.329,-0.44249,2.505,-0.00761
-8.8092,-1.2215,228.266,-0.44574,2.51164,-0.00543
-8.8209,-1.247,228.321,-0.44931,2.50935,-0.00739
-8.8285,-1.2548,228.404,-0.45091,2.50844,-0.00684
-8.8229,-1.2834,228.476,-0.45385,2.50836,-0.00685
-8.7867,-1.1727,228.465,-0.43902,2.50253,-0.00821
-8.7973,-1.1364,228.323,-0.44607,2.50757,-0.00629
-8.8554,-1.0824,228.304,-0.44147,2.51098,-0.00578
-8.8251,-1.0581,228.331,-0.43553,2.50829,-0.00854
-8.8603,-1.068,228.152,-0.44066,2.51284,-0.00586
-8.7941,-1.247,228.319,-0.44928,2.50804,-0.00546
-8.8363,-1.1099,228.275,-0.44665,2.51098,-0.00521
-8.8385,-1.1761,228.315,-0.4477,2.5149,-0.00631
-8.8463,-1.1471,228.325,-0.44042,2.507,-0.00731
-8.7938,-1.329,228.309,-0.4505,2.50241,-0.00549
-8.8733,-1.1645,228.254,-0.44577,2.50995,-0.00483
-8.7807,-1.2305,228.307,-0.44621,2.50525,-0.00696
-8.8399,-1.1517,228.282,-0.4439,2.50502,-0.00693
-8.7722,-1.2517,228.365,-0.44542,2.50353,-0.00705
-8.86,-1.1223,228.221,-0.44747,2.51098,-0.00477
-8.862,-1.1584,228.324,-0.44851,2.51432,-0.00664
-8.8342,-1.1882,228.22,-0.45152,2.51148,-0.00627
-8.822,-1.2241,228.352,-0.44728,2.50354,-0.00705
-8.7555,-1.2488,228.343,-0.44512,2.50422,-0.00804
-8.7667,-1.2943,228.33,-0.44848,2.50466,-0.00556
-8.7481,-1.2728,228.31,-0.44223,2.50534,-0.00742
-8.8228,-1.1694,228.254,-0.44927,2.50983,-0.00588
-8.7991,-1.2639,228.302,-0.45022,2.50621,-0.00608
-8.735,-1.3869,228.48,-0.45223,2.49584,-0.00738
-8.8166,-1.1779,228.358,-0.44649,2.50659,-0.00726
-8.7658,-1.2906,228.453,-0.44496,2.50344,-0.00788
-8.8057,-1.2608,228.353,-0.44947,2.50454,-0.00652
-8.7905,-1.2239,228.285,-0.44844,2.50307,-0.00624
-8.7529,-1.2577,228.264,-0.44569,2.50707,-0.00615
-8.7471,-1.2273,228.416,-0.44574,2.50384,-0.00736
-8.775,-1.1808,228.4,-0.44492,2.50546,-0.00778
-8.7628,-1.3013,228.379,-0.45053,2.50114,-0.00736
-8.7754,-1.3102,228.349,-0.45163,2.50423,-0.00664
-8.8071,-1.3157,228.364,-0.45517,2.50842,-0.00705
-8.764,-1.2792,228.486,-0.44817,2.50327,-0.00856
-8.8529,-1.1995,228.304,-0.44926,2.50758,-0.00597
-8.7865,-1.3193,228.338,-0.45618,2.50254,-0.0058
-8.8638,-1.1307,228.181,-0.44986,2.50932,-0.00484
-8.8201,-1.1671,228.328,-0.44985,2.50527,-0.00623
-8.7369,-1.2264,228.377,-0.44776,2.50003,-0.00769
-8.7356,-1.2664,228.465,-0.44989,2.50304,-0.00829
-8.8053,-1.2512,228.296,-0.44622,2.50716,-0.00602
-8.8141,-1.1894,228.275,-0.44848,2.51088,-0.00554
-8.8239,-1.2898,228.236,-0.45579,2.51029,-0.00422
-8.8255,-1.168,228.286,-0.44494,2.50847,-0.00564
-8.8167,-1.1034,228.267,-0.44178,2.5076,-0.00585
-8.8587,-1.1777,228.213,-0.44572,2.50828,-0.00451
-8.8006,-1.2645,228.358,-0.44565,2.50267,-0.0071
-8.8156,-1.2436,228.25,-0.44651,2.5077,-0.00657
-8.7771,-1.3151,228.392,-0.4506,2.50188,-0.00592
-8.8238,-1.2442,228.278,-0.45077,2.50504,-0.00582
-8.7494,-1.3719,228.433,-0.45122,2.50315,-0.00733
-8.7139,-1.3441,228.368,-0.45144,2.50227,-0.0056
-8.7792,-1.2014,228.373,-0.44618,2.50856,-0.00535
-8.8256,-1.1914,228.273,-0.44784,2.50769,-0.00527
-8.769,-1.2512,228.432,-0.44574,2.50784,-0.0062
-8.8019,-1.2052,228.357,-0.4491,2.50583,-0.0064
-8.7207,-1.2953,228.463,-0.44847,2.49998,-0.0079
-8.8308,-1.1134,228.435,-0.44336,2.50996,-0.00762
-8.7555,-1.2735,228.373,-0.4524,2.50144,-0.00678
-8.7646,-1.2609,228.464,-0.45038,2.50373,-0.00701
-8.8156,-1.3346,228.383,-0.45891,2.50258,-0.00435
-8.9067,-1.1469,228.29,-0.4496,2.51444,-0.00478
-8.8527,-1.0955,228.339,-0.44139,2.50765,-0.00782
-8.8968,-1.0577,228.254,-0.44105,2.51069,-0.00634
-8.8442,-1.2296,228.391,-0.45189,2.51002,-0.00621
-8.7897,-1.188,228.336,-0.44392,2.50701,-0.00715
-8.767,-1.2203,228.419,-0.44537,2.50417,-0.00653
-8.7813,-1.1351,228.426,-0.43868,2.50541,-0.00685
-8.8414,-1.1865,228.48,-0.443,2.50591,-0.00566
-8.8031,-1.2935,228.363,-0.44885,2.50536,-0.00466
-8.83,-1.2518,228.269,-0.45162,2.50994,-0.00464
-8.8367,-1.1661,228.308,-0.44303,2.51198,-0.00685
-8.8348,-1.2148,228.3,-0.44689,2.50943,-0.00607
-8.7945,-1.1685,228.263,-0.44408,2.50688,-0.00678
-8.7695,-1.2931,228.343,-0.4531,2.50755,-0.00553
-8.8366,-1.155,228.376,-0.44175,2.50562,-0.00714
-8.7981,-1.2525,228.433,-0.4464,2.50519,-0.00645
-8.7474,-1.2825,228.419,-0.44928,2.50382,-0.00663
-8.7443,-1.3125,228.395,-0.44755,2.50042,-0.00775
-8.8719,-1.1304,228.267,-0.44538,2.51007,-0.00552
-8.8077,-1.2154,228.428,-0.44266,2.49923,-0.00782
-8.7967,-1.149,228.32,-0.4443,2.50419,-0.00814
-8.8296,-1.185,228.282,-0.44694,2.50797,-0.00665
-8.7462,-1.3197,228.459,-0.45161,2.49913,-0.00765
-8.7679,-1.2919,228.436,-0.45148,2.49872,-0.00589
-8.7279,-1.3388,228.576,-0.44956,2.49613,-0.00693
-8.7806,-1.3057,228.395,-0.44829,2.50266,-0.00549
-8.7731,-1.3254,228.418,-0.44892,2.50574,-0.00644
-8.8114,-1.2106,228.351,-0.44814,2.50646,-0.00618
-8.8278,-1.1246,228.33,-0.44329,2.50734,-0.00648
-8.8542,-1.1985,228.27,-0.45135,2.51098,-0.00553
-8.8585,-1.1264,228.392,-0.44907,2.50641,-0.00613
-8.7869,-1.2873,228.572,-0.4531,2.49874,-0.00716
-8.7795,-1.2192,228.492,-0.44428,2.49892,-0.00779
-8.7523,-1.3213,228.452,-0.44452,2.5011,-0.00642
-8.8081,-1.1862,228.336,-0.44637,2.50659,-0.00523
-8.7747,-1.3208,228.602,-0.44672,2.49761,-0.00862
-8.7423,-1.4116,228.574,-0.44988,2.49948,-0.00797
-8.7506,-1.2403,228.381,-0.44605,2.50317,-0.00688
-8.7401,-1.2811,228.495,-0.44495,2.4985,-0.00798
-8.814,-1.2729,228.448,-0.44881,2.50654,-0.00623
-8.8233,-1.3581,228.511,-0.45547,2.50784,-0.00667
-8.8137,-1.2166,228.459,-0.44433,2.50295,-0.00673
-8.7488,-1.2991,228.42,-0.44865,2.49979,-0.00678
-8.872,-1.1527,228.318,-0.44798,2.5114,-0.00561
-8.785,-1.3225,228.409,-0.45007,2.50056,-0.00734
-8.8612,-1.2592,228.355,-0.45317,2.50904,-0.00525
-8.8322,-1.253,228.413,-0.45453,2.50481,-0.00549
-8.7995,-1.3387,228.579,-0.45227,2.50049,-0.00745
-8.8211,-1.1501,228.473,-0.43807,2.5081,-0.00689
-8.8353,-1.1631,228.506,-0.44374,2.50471,-0.00814
-8.8506,-1.1945,228.318,-0.44951,2.50924,-0.00584
-8.7637,-1.3242,228.525,-0.45232,2.50145,-0.00729
-8.8217,-1.2088,228.487,-0.44793,2.50793,-0.00603
-8.7368,-1.221,228.503,-0.44498,2.50173,-0.00738
-8.8173,-1.2631,228.399,-0.44961,2.50874,-0.00618
-8.7923,-1.28,228.431,-0.44642,2.50345,-0.00647
-8.8104,-1.2975,228.502,-0.44883,2.50635,-0.00605
-8.8259,-1.2018,228.421,-0.44741,2.50617,-0.00742
-8.7536,-1.3604,228.469,-0.45575,2.50161,-0.00572
-8.8189,-1.1504,228.497,-0.44237,2.50552,-0.00752
-8.8498,-1.2051,228.533,-0.44791,2.50642,-0.00679
-8.7988,-1.2553,228.511,-0.45175,2.50927,-0.00673
-8.7861,-1.2343,228.593,-0.44427,2.5056,-0.00792
-8.7806,-1.2215,228.422,-0.44554,2.50288,-0.00837
-8.8289,-1.0948,228.293,-0.44218,2.51088,-0.00721
-8.8237,-1.2581,228.397,-0.44902,2.50841,-0.00615
-8.7992,-1.2593,228.32,-0.44629,2.50602,-0.00581
-8.7893,-1.1668,228.488,-0.43953,2.50584,-0.00755
-8.7665,-1.2986,228.546,-0.44789,2.50578,-0.00626
-8.7898,-1.2695,228.447,-0.45593,2.51024,-0.00476
-8.8503,-1.0997,228.376,-0.44222,2.51476,-0.006
-8.7729,-1.1719,228.341,-0.44416,2.51045,-0.00635
-8.7377,-1.1793,228.462,-0.44006,2.50749,-0.00775
-8.7432,-1.2319,228.6,-0.43905,2.50527,-0.00772
-8.7877,-1.2448,228.505,-0.44535,2.50278,-0.00645
-8.819,-1.207,228.532,-0.4435,2.50282,-0.00734
-8.7151,-1.3682,228.611,-0.44655,2.50175,-0.00727
-8.8275,-1.2638,228.489,-0.449,2.50582,-0.00767
-8.8018,-1.2664,228.372,-0.44877,2.50568,-0.00651
-8.8115,-1.1763,228.346,-0.44554,2.50882,-0.00663
-8.8146,-1.1942,228.397,-0.44505,2.51101,-0.00607
-8.8741,-1.1664,228.261,-0.44817,2.51058,-0.00501
-8.7737,-1.3427,228.458,-0.45837,2.50608,-0.00529
-8.7827,-1.2588,228.534,-0.45069,2.50607,-0.00786
-8.8329,-1.1712,228.444,-0.44592,2.504,-0.006
-8.874,-1.1824,228.353,-0.4492,2.51302,-0.00365
-8.7431,-1.355,228.442,-0.45147,2.50238,-0.0056
-8.7638,-1.3548,228.528,-0.45237,2.50508,-0.00591
-8.8285,-1.2249,228.431,-0.44729,2.50999,-0.00513
-8.8031,-1.2257,228.476,-0.44548,2.50562,-0.00633
-8.7864,-1.3645,228.469,-0.4528,2.50444,-0.0046
-8.7648,-1.2221,228.514,-0.44467,2.50386,-0.00595
-8.8288,-1.2535,228.522,-0.44712,2.50604,-0.00647
-8.8848,-1.2049,228.36,-0.44844,2.51434,-0.00503
-8.8673,-1.0459,228.438,-0.43721,2.5111,-0.00695
-8.7527,-1.3,228.492,-0.44921,2.50095,-0.00635
-8.7663,-1.2785,228.516,-0.45191,2.50197,-0.00552
-8.7945,-1.2172,228.475,-0.44909,2.50555,-0.00573
-8.8258,-1.2051,228.387,-0.44739,2.50973,-0.00513
-8.7666,-1.2503,228.606,-0.44719,2.50879,-0.00754
-8.8704,-1.2038,228.334,-0.44906,2.51152,-0.00399
-8.847,-1.0983,228.292,-0.44243,2.51385,-0.00534
-8.8184,-1.2509,228.439,-0.45409,2.50644,-0.00515
-8.8601,-1.2101,228.347,-0.4481,2.51097,-0.00544
-8.8826,-1.1726,228.266,-0.45054,2.51224,-0.00366
-8.8297,-1.2595,228.351,-0.45052,2.51092,-0.00565
-8.8404,-1.2878,228.338,-0.45493,2.50772,-0.00409
-8.834,-1.211,228.216,-0.45084,2.50796,-0.00423
-8.893,-1.0825,228.245,-0.44476,2.51032,-0.00396
-8.7625,-1.3094,228.401,-0.45164,2.50412,-0.00461
-8.8114,-1.3748,228.339,-0.45279,2.49973,-0.00438
-8.7415,-1.2416,228.444,-0.44631,2.50161,-0.00588
-8.8475,-1.1506,228.337,-0.4443,2.50589,-0.00422
-8.869,-1.1485,228.285,-0.44201,2.51161,-0.00485
-8.7815,-1.1668,228.413,-0.44375,2.50315,-0.00716
-8.7298,-1.1819,228.507,-0.43917,2.50059,-0.00813
-8.8308,-1.1993,228.498,-0.44473,2.50442,-0.00608
-8.8372,-1.2012,228.324,-0.45061,2.50851,-0.00472
-8.8471,-1.2239,228.291,-0.45202,2.50644,-0.00473
-8.8174,-1.1409,228.33,-0.44469,2.50752,-0.00634
-8.7729,-1.3125,228.339,-0.45219,2.50216,-0.00585
-8.7827,-1.2479,228.403,-0.44483,2.49925,-0.00732
-8.8294,-1.138,228.314,-0.43777,2.50646,-0.00734
-8.7351,-1.3037,228.402,-0.44897,2.5015,-0.00658
-8.7969,-1.2205,228.44,-0.44655,2.50687,-0.00623
-8.7746,-1.2336,228.46,-0.44876,2.49895,-0.00633
-8.8176,-1.2011,228.361,-0.4442,2.50241,-0.00572
-8.816,-1.3253,228.366,-0.45738,2.50592,-0.00304
-8.7628,-1.4052,228.534,-0.45615,2.49721,-0.00521
-8.8257,-1.1539,228.443,-0.4437,2.50633,-0.0061
-8.8443,-1.1608,228.317,-0.4493,2.50903,-0.00461
-8.8213,-1.2357,228.436,-0.44735,2.50242,-0.00637
-8.8874,-1.1635,228.269,-0.44504,2.50557,-0.00554
-8.8369,-1.1229,228.327,-0.44126,2.50373,-0.00603
-8.8497,-1.2729,228.48,-0.45111,2.50217,-0.00464
-8.849,-1.1391,228.325,-0.44161,2.50547,-0.00543
-8.8682,-1.1983,228.318,-0.44755,2.50922,-0.00484
-8.8405,-1.1814,228.316,-0.44608,2.50575,-0.00521
-8.8194,-1.3349,228.423,-0.45711,2.50381,-0.005
-8.8456,-1.2098,228.454,-0.4455,2.5051,-0.00578
-8.7599,-1.3297,228.396,-0.45001,2.50039,-0.00514
-8.7997,-1.3338,228.474,-0.45037,2.50229,-0.00555
-8.7498,-1.3205,228.423,-0.4491,2.50001,-0.00682
-8.785,-1.3156,228.431,-0.4561,2.50262,-0.00531
-8.8226,-1.1491,228.363,-0.44306,2.5043,-0.00753
-8.8206,-1.2089,228.254,-0.44948,2.50646,-0.00473
-8.8018,-1.2253,228.334,-0.44659,2.50256,-0.00576
-8.7985,-1.1906,228.384,-0.44421,2.50506,-0.00669
-8.8272,-1.1834,228.389,-0.44619,2.50779,-0.00634
-8.8132,-1.2176,228.545,-0.44657,2.50054,-0.00803
-8.8799,-1.1403,228.339,-0.44704,2.50897,-0.00613
-8.8676,-1.1915,228.298,-0.44795,2.51061,-0.00588
-8.7922,-1.2027,228.407,-0.44684,2.49978,-0.00725
-8.7947,-1.259,228.361,-0.44994,2.49915,-0.00652
-8.8629,-1.2191,228.466,-0.4501,2.5004,-0.00661
-8.8846,-1.2,228.346,-0.45179,2.50158,-0.00522
-8.8659,-1.2578,228.475,-0.45113,2.49925,-0.00695
-8.8491,-1.1099,228.453,-0.44301,2.50136,-0.00683
-8.8378,-1.1645,228.47,-0.44614,2.5017,-0.00565
-8.8359,-1.1655,228.345,-0.44394,2.50355,-0.00494
-8.8599,-1.2555,228.374,-0.45053,2.50438,-0.00534
-8.8227,-1.2262,228.375,-0.44481,2.49839,-0.00796
-8.8257,-1.2602,228.394,-0.44991,2.49771,-0.00723
-8.8462,-1.1725,228.396,-0.44299,2.50214,-0.0075
-8.8483,-1.2769,228.419,-0.45284,2.5008,-0.00612
-8.8031,-1.2096,228.375,-0.44533,2.49679,-0.00748
-8.7894,-1.3276,228.573,-0.45056,2.49549,-0.0078
-8.8121,-1.3158,228.475,-0.45219,2.5032,-0.00676
-8.8165,-1.3185,228.348,-0.45409,2.50097,-0.00556
-8.7585,-1.2699,228.466,-0.44482,2.49633,-0.00794
-8.79,-1.3301,228.488,-0.44855,2.4988,-0.00775
-8.8111,-1.2177,228.349,-0.44569,2.50326,-0.00731
-8.8249,-1.2221,228.335,-0.45027,2.50582,-0.00617
-8.8862,-1.1991,228.407,-0.44845,2.50857,-0.00629
-8.8726,-1.1997,228.395,-0.44968,2.50421,-0.00579
-8.7877,-1.2393,228.341,-0.44733,2.50164,-0.00783
-8.819,-1.2224,228.31,-0.44652,2.50551,-0.00657
-8.7923,-1.2438,228.409,-0.44747,2.50222,-0.00707
-8.8605,-1.1263,228.375,-0.44449,2.50928,-0.00678
-8.7798,-1.2382,228.509,-0.44315,2.5012,-0.0073
-8.7831,-1.2583,228.461,-0.44853,2.50256,-0.00721
-8.8447,-1.1099,228.328,-0.44136,2.5079,-0.00653
-8.8308,-1.1359,228.425,-0.44166,2.5006,-0.00703
-8.848,-1.1361,228.48,-0.44456,2.50518,-0.00741
-8.7912,-1.237,228.502,-0.4464,2.497,-0.00694
-8.8107,-1.2439,228.465,-0.44547,2.49897,-0.00744
-8.8232,-1.2619,228.433,-0.44932,2.50036,-0.00724
-8.8319,-1.1988,228.323,-0.44862,2.50677,-0.00538
-8.8231,-1.2919,228.439,-0.45225,2.50016,-0.00703
-8.7837,-1.2604,228.525,-0.44524,2.49784,-0.00741
-8.8366,-1.1817,228.497,-0.4419,2.50361,-0.00789
-8.7872,-1.3465,228.578,-0.45451,2.49745,-0.00595
-8.7995,-1.213,228.4,-0.44888,2.50344,-0.00598
-8.8028,-1.2472,228.339,-0.44865,2.502,-0.00455
-8.8763,-1.2297,228.222,-0.4557,2.51179,-0.00205
-8.8149,-1.1912,228.357,-0.44819,2.50606,-0.00592
-8.8443,-1.2425,228.435,-0.44819,2.50555,-0.0074
-8.7833,-1.3298,228.497,-0.45103,2.49924,-0.00697
-8.889,-1.268,228.34,-0.45643,2.51324,-0.00431
-8.82,-1.2383,228.397,-0.44977,2.5065,-0.00639
-8.8711,-1.1769,228.299,-0.44699,2.50696,-0.00574
-8.8117,-1.2437,228.434,-0.44742,2.50262,-0.00719
-8.7531,-1.3345,228.483,-0.45074,2.50155,-0.00673
-8.7784,-1.3152,228.501,-0.44905,2.50166,-0.00657
-8.7853,-1.2099,228.444,-0.44424,2.50224,-0.00635
-8.8637,-1.1857,228.283,-0.44534,2.51157,-0.00477
-8.8286,-1.3745,228.381,-0.45605,2.50506,-0.00437
-8.8195,-1.2631,228.32,-0.45417,2.50883,-0.00557
-8.8588,-1.0956,228.32,-0.44535,2.5115,-0.00446
-8.8482,-1.0989,228.285,-0.44517,2.51193,-0.00416
-8.8081,-1.163,228.348,-0.44486,2.50814,-0.00511
-8.7985,-1.3357,228.417,-0.4534,2.50586,-0.00577
-8.7565,-1.3035,228.413,-0.44953,2.50451,-0.0061
-8.7836,-1.3143,228.451,-0.45026,2.50635,-0.00549
-8.8486,-1.1178,228.395,-0.44,2.51167,-0.00549
-8.7282,-1.325,228.495,-0.4481,2.50182,-0.00592
-8.8256,-1.2751,228.438,-0.44751,2.50749,-0.00449
-8.8341,-1.2633,228.5,-0.44849,2.50896,-0.00533
-8.8365,-1.203,228.424,-0.44662,2.51073,-0.00542
-8.8536,-1.2336,228.478,-0.44843,2.51175,-0.0051
-8.8283,-1.212,228.412,-0.4445,2.50917,-0.00609
-8.7867,-1.2977,228.404,-0.44686,2.50779,-0.00473
-8.7913,-1.207,228.393,-0.44603,2.50509,-0.00522
-8.8271,-1.2735,228.47,-0.4524,2.50906,-0.00617
-8.8261,-1.2786,228.347,-0.45244,2.51014,-0.00453
-8.8183,-1.2118,228.482,-0.44411,2.50692,-0.00599
-8.7918,-1.2039,228.405,-0.44389,2.50877,-0.00541
-8.7632,-1.3351,228.562,-0.45053,2.50524,-0.00665
-8.8297,-1.1676,228.413,-0.44665,2.51069,-0.00512
-8.8123,-1.2425,228.447,-0.44791,2.5037,-0.00493
-8.7939,-1.1799,228.329,-0.44149,2.50887,-0.00533
-8.8193,-1.1925,228.398,-0.44465,2.51043,-0.00541
-8.8119,-1.199,228.414,-0.44302,2.50835,-0.00649
-8.8869,-1.1725,228.359,-0.44855,2.51479,-0.00477
-8.8216,-1.262,228.394,-0.4487,2.51171,-0.00473
-8.8498,-1.1562,228.401,-0.43948,2.51008,-0.00579
-8.8061,-1.2736,228.425,-0.44561,2.50859,-0.00537
-8.7981,-1.2265,228.42,-0.44751,2.50692,-0.00478
-8.7755,-1.3176,228.425,-0.44798,2.50443,-0.0049
-8.8825,-1.0764,228.256,-0.44258,2.51437,-0.00429
-8.8529,-1.0954,228.384,-0.44202,2.51243,-0.00513
-8.809,-1.2262,228.438,-0.44368,2.50648,-0.00627
-8.7699,-1.3514,228.417,-0.4489,2.50673,-0.00567
-8.793,-1.2781,228.475,-0.45012,2.507,-0.00547
-8.8406,-1.253,228.399,-0.44886,2.50692,-0.00576
-8.7819,-1.2208,228.445,-0.44236,2.50052,-0.0067
-8.7653,-1.2847,228.393,-0.44827,2.49954,-0.00552
-8.779,-1.3615,228.464,-0.45293,2.50333,-0.00552
-8.7657,-1.3619,228.537,-0.45266,2.50548,-0.0059
-8.7085,-1.417,228.673,-0.45182,2.49819,-0.00634
-8.8499,-1.2098,228.496,-0.44633,2.50909,-0.00616
-8.8546,-1.2101,228.428,-0.44953,2.51172,-0.00398
-8.875,-1.1762,228.358,-0.45154,2.51302,-0.00446
-8.8021,-1.3133,228.344,-0.4508,2.50672,-0.00372
-8.7354,-1.2822,228.416,-0.44529,2.50554,-0.00525
-8.8087,-1.2701,228.285,-0.44733,2.50969,-0.00375
-8.8332,-1.2831,228.368,-0.45001,2.50856,-0.00279
-8.7573,-1.3761,228.456,-0.45479,2.50595,-0.00531
-8.7706,-1.23,228.468,-0.4473,2.50738,-0.00501
-8.7423,-1.3294,228.498,-0.44923,2.50593,-0.00512
-8.7926,-1.2966,228.496,-0.45159,2.51054,-0.00519
-8.7908,-1.3167,228.471,-0.44944,2.50854,-0.00529
-8.8595,-1.0887,228.301,-0.44307,2.51543,-0.0046
-8.7868,-1.2408,228.488,-0.44358,2.51165,-0.00578
-8.831,-1.1785,228.518,-0.44574,2.51561,-0.00548
-8.8286,-1.179,228.399,-0.44414,2.51378,-0.0054
-8.7594,-1.3267,228.569,-0.44933,2.50184,-0.00575
-8.8809,-1.1281,228.285,-0.44725,2.51413,-0.00389
-8.8478,-1.1779,228.328,-0.44961,2.50939,-0.00391
-8.8197,-1.2451,228.415,-0.4486,2.50507,-0.00517
-8.8212,-1.1495,228.502,-0.44253,2.50629,-0.00604
-8.8489,-1.1361,228.437,-0.44256,2.51108,-0.00528
-8.816,-1.2042,228.517,-0.4431,2.50215,-0.00576
-8.769,-1.312,228.505,-0.45187,2.50719,-0.00527
-8.7686,-1.2407,228.422,-0.44975,2.50639,-0.005
-8.8944,-1.241,228.338,-0.45289,2.51293,-0.00309
-8.8118,-1.2424,228.326,-0.44688,2.50955,-0.00463
-8.8171,-1.3719,228.397,-0.45455,2.50995,-0.00362
-8.8556,-1.2405,228.369,-0.44921,2.5143,-0.0037
-8.8746,-1.0915,228.347,-0.43961,2.51089,-0.00473
-8.8221,-1.1633,228.41,-0.44284,2.50299,-0.00532
-8.8556,-1.1839,228.365,-0.44827,2.51363,-0.00383
-8.7928,-1.248,228.537,-0.44874,2.50614,-0.00514
-8.8328,-1.1125,228.421,-0.4411,2.50602,-0.00571
-8.8022,-1.1827,228.435,-0.44264,2.51332,-0.00538
-8.8081,-1.2223,228.413,-0.44353,2.50968,-0.00572
-8.773,-1.389,228.517,-0.45573,2.50259,-0.00448
-8.7995,-1.2847,228.518,-0.44932,2.50306,-0.00491
-8.8148,-1.2973,228.51,-0.45129,2.50534,-0.00547
-8.8362,-1.2352,228.388,-0.45025,2.50903,-0.00435
-8.8048,-1.1301,228.468,-0.44276,2.50734,-0.00569
-8.8235,-1.2122,228.505,-0.44664,2.50843,-0.00547
-8.8702,-1.3066,228.459,-0.45559,2.51071,-0.00408
-8.8911,-1.0941,228.371,-0.44503,2.51583,-0.0047
-8.8081,-1.1781,228.38,-0.44535,2.51318,-0.00516
-8.7944,-1.3229,228.474,-0.44787,2.50628,-0.00579
-8.788,-1.2369,228.393,-0.44489,2.50902,-0.00546
-8.7816,-1.3108,228.465,-0.44797,2.50454,-0.00544
-8.829,-1.2248,228.382,-0.45055,2.50742,-0.0052
-8.8469,-1.2649,228.345,-0.4524,2.51037,-0.00416
-8.8448,-1.2512,228.481,-0.45021,2.50951,-0.00503
-8.9271,-1.0238,228.333,-0.44243,2.51667,-0.00497
-8.8368,-1.2519,228.466,-0.45285,2.50887,-0.00493
-8.8821,-1.1824,228.399,-0.44769,2.51232,-0.00426
-8.8199,-1.1992,228.446,-0.44924,2.50377,-0.00582
-8.7899,-1.1285,228.401,-0.44359,2.51046,-0.00589
-8.8478,-1.2003,228.386,-0.448,2.50987,-0.00466
-8.8087,-1.2167,228.477,-0.44635,2.50948,-0.0059
-8.8238,-1.3814,228.473,-0.4568,2.5069,-0.00379
-8.7825,-1.2717,228.664,-0.44898,2.50383,-0.00691
-8.7715,-1.3413,228.509,-0.45212,2.5039,-0.00509
-8.8001,-1.2541,228.587,-0.4498,2.50382,-0.00707
-8.8551,-1.2522,228.455,-0.44804,2.50936,-0.00539
-8.8559,-1.256,228.483,-0.45095,2.51187,-0.00534
-8.8222,-1.2465,228.43,-0.44574,2.50411,-0.00643
-8.8238,-1.2206,228.594,-0.44115,2.50173,-0.00836
-8.8221,-1.3297,228.417,-0.4544,2.51009,-0.00579
-8.8474,-1.2339,228.408,-0.45112,2.50876,-0.00573
-8.8033,-1.2516,228.542,-0.45209,2.50729,-0.00545
-8.7683,-1.1499,228.413,-0.44412,2.50186,-0.00638
-8.8106,-1.1872,228.438,-0.44689,2.5043,-0.00535
-8.7787,-1.2805,228.525,-0.44695,2.49872,-0.00605
-8.8011,-1.2507,228.567,-0.44725,2.49829,-0.00588
-8.911,-1.1707,228.442,-0.44869,2.50641,-0.0041
-8.9648,-0.9963,228.326,-0.44091,2.51446,-0.00412
-8.8786,-1.1601,228.356,-0.44895,2.50796,-0.00435
-8.847,-1.1847,228.421,-0.44638,2.50544,-0.00693
-8.7644,-1.2888,228.516,-0.44582,2.50404,-0.00673
-8.7789,-1.2605,228.519,-0.44677,2.50857,-0.00597
-8.7761,-1.235,228.405,-0.44361,2.5071,-0.00645
-8.8045,-1.1353,228.452,-0.43877,2.50413,-0.00769
-8.8536,-1.161,228.357,-0.44695,2.51254,-0.00622
-8.8265,-1.2907,228.464,-0.45043,2.50446,-0.00582
-8.9025,-1.1037,228.323,-0.44809,2.51214,-0.00386
-8.8217,-1.1605,228.436,-0.44866,2.50508,-0.00359
-8.8872,-1.1471,228.346,-0.45004,2.50849,-0.00182
-8.821,-1.2741,228.514,-0.44936,2.50421,-0.00459
-8.8701,-1.2531,228.574,-0.45356,2.50437,-0.00511
-8.8228,-1.2327,228.618,-0.44768,2.50822,-0.00554
-8.7899,-1.2765,228.537,-0.44817,2.5065,-0.0053
-8.7114,-1.4223,228.666,-0.44948,2.49645,-0.00805
-8.8048,-1.1096,228.559,-0.43348,2.50604,-0.00888
-8.8606,-1.0506,228.453,-0.4408,2.51312,-0.00706
-8.8567,-1.151,228.419,-0.44054,2.50637,-0.00593
-8.7253,-1.289,228.493,-0.44551,2.50272,-0.00653
-8.8223,-1.2251,228.415,-0.44561,2.50746,-0.00585
-8.8055,-1.2709,228.475,-0.44798,2.51019,-0.0059
-8.8886,-1.0653,228.341,-0.44115,2.51084,-0.00438
-8.7401,-1.2884,228.631,-0.44357,2.50327,-0.00662
-8.7201,-1.3527,228.567,-0.45025,2.49633,-0.00673
-8.796,-1.2101,228.482,-0.44175,2.49877,-0.00568
-8.816,-1.2763,228.547,-0.4493,2.49978,-0.00564
-8.8222,-1.1732,228.405,-0.4463,2.5034,-0.00422
-8.8726,-1.2593,228.475,-0.45226,2.50661,-0.00431
-8.8275,-1.2764,228.52,-0.45143,2.50162,-0.00534
-8.8648,-1.1635,228.351,-0.44631,2.50688,-0.00352
-8.819,-1.2751,228.486,-0.44776,2.50685,-0.00516
-8.8041,-1.1942,228.598,-0.44179,2.50379,-0.00591
-8.7981,-1.2699,228.498,-0.44952,2.50732,-0.0042
-8.8013,-1.244,228.511,-0.44564,2.5082,-0.00405
-8.81,-1.2149,228.359,-0.44669,2.51195,-0.00417
-8.7494,-1.1643,228.464,-0.43979,2.50645,-0.00434
-8.7382,-1.2898,228.48,-0.4496,2.50378,-0.00422
-8.8403,-1.1488,228.496,-0.44651,2.51263,-0.00319
-8.8314,-1.2393,228.444,-0.45028,2.50796,-0.00211
-8.8878,-1.1271,228.448,-0.44563,2.50927,-0.00261
-8.8596,-1.1599,228.487,-0.4466,2.50928,-0.00354
-8.8461,-1.121,228.363,-0.4467,2.5077,-0.0034
-8.8799,-1.171,228.424,-0.45168,2.50815,-0.00208
-8.8724,-1.2613,228.497,-0.45287,2.50893,-0.00254
-8.8106,-1.1803,228.542,-0.44434,2.50399,-0.00522
-8.763,-1.338,228.55,-0.45134,2.49852,-0.00537
-8.7613,-1.2876,228.559,-0.451,2.49804,-0.00501
-8.8602,-1.2338,228.392,-0.4545,2.50109,-0.00342
-8.8586,-1.3155,228.506,-0.45595,2.50221,-0.00315
-8.8337,-1.2826,228.393,-0.45184,2.50591,-0.0038
-8.8347,-1.2744,228.46,-0.4514,2.50448,-0.00332
-8.8373,-1.2394,228.463,-0.44894,2.50508,-0.00446
-8.7897,-1.3862,228.526,-0.45474,2.50101,-0.00604
-8.7897,-1.3862,228.526,-0.45474,2.50101,-0.00604
-8.849,-1.2539,228.569,-0.45609,2.50828,-0.00367
-8.849,-1.2539,228.569,-0.45609,2.50828,-0.00367
-8.828,-1.2782,228.537,-0.45309,2.50081,-0.00422
-8.8434,-1.2328,228.467,-0.45106,2.50572,-0.00439
-8.8369,-1.1601,228.409,-0.44501,2.50611,-0.0052
-8.7633,-1.2884,228.467,-0.4504,2.50581,-0.0044
-8.816,-1.1631,228.481,-0.445,2.50911,-0.0038
-8.8298,-1.1954,228.456,-0.44835,2.51017,-0.0029
-8.8713,-1.2104,228.517,-0.45295,2.50661,-0.00348
-8.9026,-1.1296,228.451,-0.44836,2.50976,-0.00385
-8.8353,-1.2607,228.587,-0.45533,2.50354,-0.00304
-8.8448,-1.1959,228.45,-0.44622,2.50111,-0.00432
-8.8309,-1.1692,228.406,-0.44921,2.50538,-0.00262
-8.8464,-1.2035,228.392,-0.45062,2.50578,-0.00366
-8.814,-1.3162,228.541,-0.45064,2.50129,-0.00449
-8.8305,-1.2432,228.359,-0.4539,2.50813,-0.00305
-8.8126,-1.3192,228.458,-0.45671,2.50016,-0.00357
-8.8337,-1.3445,228.484,-0.46275,2.50864,-0.00204
-8.8411,-1.2231,228.422,-0.45185,2.50822,-0.00345
-8.8072,-1.2862,228.499,-0.45298,2.50754,-0.00339
-8.8792,-1.1169,228.354,-0.44682,2.51398,-0.0032
-8.783,-1.3082,228.534,-0.45276,2.50472,-0.00397
-8.7511,-1.2924,228.494,-0.44903,2.50557,-0.0045
-8.7991,-1.2803,228.456,-0.45184,2.50432,-0.00391
-8.8201,-1.1112,228.487,-0.44279,2.50866,-0.00475
-8.8198,-1.2528,228.524,-0.44776,2.50807,-0.00299
-8.7421,-1.3222,228.54,-0.44908,2.50283,-0.00416
-8.8267,-1.1949,228.238,-0.45091,2.50987,-0.0018
-8.8641,-1.1011,228.311,-0.44445,2.512,-0.00328
-8.7607,-1.3037,228.39,-0.45319,2.50477,-0.00324
-8.8458,-1.204,228.282,-0.45283,2.51119,-0.00218
-8.8597,-1.1454,228.28,-0.4467,2.51412,-0.00265
-8.8775,-1.2314,228.3,-0.45581,2.51643,-0.0014
-8.916,-1.1543,228.431,-0.44755,2.51569,-0.00412
-8.8141,-1.1525,228.495,-0.44829,2.50901,-0.00395
-8.7986,-1.1882,228.499,-0.44507,2.50812,-0.00467
-8.8139,-1.1987,228.54,-0.44472,2.50585,-0.00538
-8.8507,-1.1606,228.459,-0.44332,2.51084,-0.00481
-8.8695,-1.1604,228.38,-0.44066,2.51012,-0.0038
-8.8246,-1.2975,228.435,-0.4492,2.51114,-0.0041
-8.8151,-1.2675,228.431,-0.44606,2.50716,-0.00471
-8.8006,-1.2735,228.439,-0.45109,2.5077,-0.0053
-8.8218,-1.2328,228.443,-0.4531,2.50897,-0.00423
-8.7689,-1.2893,228.536,-0.44927,2.5059,-0.00554
-8.8128,-1.251,228.493,-0.44696,2.50555,-0.00587
-8.883,-1.1063,228.218,-0.44518,2.51502,-0.00306
-8.8164,-1.0992,228.362,-0.43603,2.51087,-0.00594
-8.8173,-1.2585,228.551,-0.4469,2.51304,-0.00575
-8.7916,-1.2308,228.462,-0.44627,2.51014,-0.00539
-8.7966,-1.2789,228.472,-0.44976,2.50679,-0.00579
-8.785,-1.2894,228.559,-0.44578,2.50528,-0.00583
-8.8165,-1.19,228.532,-0.44424,2.5087,-0.00626
-8.8356,-1.2521,228.434,-0.44816,2.51339,-0.00366
-8.8435,-1.1875,228.51,-0.4409,2.51133,-0.0058
-8.8007,-1.2528,228.445,-0.44524,2.50738,-0.00605
-8.8777,-1.1157,228.426,-0.44317,2.51408,-0.00579
-8.8746,-1.1057,228.447,-0.4427,2.51609,-0.0057
-8.7902,-1.2365,228.43,-0.44331,2.51027,-0.00414
-8.8049,-1.2076,228.419,-0.44417,2.51166,-0.00463
-8.8018,-1.2656,228.534,-0.44702,2.51054,-0.00509
-8.7955,-1.1986,228.454,-0.44509,2.50592,-0.0062
-8.7852,-1.2676,228.538,-0.44747,2.50848,-0.00504
-8.7618,-1.2788,228.494,-0.44749,2.50995,-0.00535
-8.8039,-1.2782,228.482,-0.44479,2.51072,-0.00556
-8.7701,-1.3459,228.506,-0.44988,2.5059,-0.00583
-8.8001,-1.2021,228.535,-0.44175,2.50787,-0.00625
-8.7873,-1.2579,228.504,-0.4525,2.50575,-0.0039
-8.7751,-1.3565,228.551,-0.45263,2.50445,-0.00585
-8.803,-1.2109,228.529,-0.4477,2.50748,-0.00555
-8.805,-1.3218,228.512,-0.44991,2.50411,-0.00528
-8.8063,-1.4142,228.389,-0.46251,2.50425,-0.00301
-8.8156,-1.2969,228.501,-0.45042,2.50321,-0.00516
-8.8037,-1.2854,228.702,-0.45172,2.50542,-0.0064
-8.8518,-1.1827,228.47,-0.45113,2.51338,-0.00562
-8.8087,-1.2257,228.62,-0.44398,2.50617,-0.00744
-8.816,-1.2815,228.435,-0.44926,2.51103,-0.00545
-8.8041,-1.1544,228.493,-0.44709,2.50416,-0.00637
-8.7717,-1.1711,228.589,-0.44215,2.49774,-0.00731
-8.827,-1.1626,228.439,-0.44311,2.50859,-0.00466
-8.7293,-1.2858,228.48,-0.44826,2.50083,-0.00631
-8.8243,-1.2762,228.59,-0.44948,2.50472,-0.00565
-8.8232,-1.3295,228.503,-0.45744,2.50209,-0.00413
-8.8187,-1.1396,228.341,-0.4456,2.50629,-0.00435
-8.8165,-1.2191,228.398,-0.4514,2.50333,-0.00465
-8.9056,-0.9981,228.362,-0.4416,2.50605,-0.00501
-8.8342,-1.2181,228.268,-0.45456,2.50369,-0.00337
-8.7889,-1.3486,228.493,-0.45361,2.49516,-0.00517
-8.8159,-1.3106,228.422,-0.45416,2.49628,-0.0044
-8.8579,-1.2781,228.395,-0.4569,2.50163,-0.00373
-8.9061,-1.1237,228.412,-0.45197,2.503,-0.00381
-8.8576,-1.2,228.409,-0.45201,2.50223,-0.00261
-8.8446,-1.2825,228.476,-0.45674,2.50032,-0.00401
-8.8385,-1.1649,228.456,-0.44748,2.49813,-0.00403
-8.7392,-1.4037,228.464,-0.45745,2.49384,-0.00453
-8.8146,-1.3137,228.341,-0.4588,2.49568,-0.00276
-8.8459,-1.1881,228.361,-0.4514,2.50566,-0.0034
-8.814,-1.1924,228.41,-0.44871,2.50116,-0.00353
-8.7796,-1.271,228.514,-0.45057,2.49915,-0.00471
-8.7477,-1.3726,228.477,-0.46173,2.49561,-0.00266
-8.8075,-1.2218,228.608,-0.4516,2.49702,-0.00479
-8.785,-1.1723,228.515,-0.44966,2.49618,-0.00442
-8.8566,-1.2145,228.452,-0.45329,2.50219,-0.00388
-8.917,-1.1136,228.363,-0.45354,2.50696,-0.00368
-8.8912,-1.1469,228.3,-0.45158,2.50767,-0.0036
-8.7711,-1.2152,228.46,-0.45104,2.50299,-0.00535
-8.8367,-1.2524,228.448,-0.45713,2.50239,-0.00377
-8.9113,-1.1849,228.384,-0.4528,2.50362,-0.00309
-8.8167,-1.3006,228.562,-0.4548,2.49952,-0.00455
-8.8484,-1.22,228.533,-0.45049,2.49591,-0.00532
-8.8049,-1.1993,228.368,-0.44885,2.49891,-0.00474
-8.8218,-1.1122,228.303,-0.45074,2.49994,-0.0049
-8.828,-1.1731,228.376,-0.45197,2.49824,-0.00463
-8.8184,-1.3047,228.486,-0.45532,2.49537,-0.00373
-8.8579,-1.0489,228.434,-0.44077,2.4992,-0.00562
-8.8846,-1.1899,228.472,-0.45153,2.49846,-0.00452
-8.8771,-1.1609,228.51,-0.45001,2.49892,-0.00504
-8.868,-1.173,228.379,-0.45215,2.50186,-0.00349
-8.9385,-0.9685,228.406,-0.44306,2.50907,-0.00455
-8.8634,-1.1311,228.442,-0.45467,2.50372,-0.00352
-8.8724,-1.2159,228.484,-0.4553,2.50279,-0.0039
-8.8366,-1.2183,228.447,-0.45413,2.50109,-0.0033
-8.7637,-1.3424,228.612,-0.45479,2.49247,-0.00408
-8.8531,-1.2011,228.43,-0.4536,2.50273,-0.00262
-8.7771,-1.2397,228.589,-0.45095,2.49962,-0.00368
-8.8462,-1.2068,228.483,-0.45337,2.5081,-0.0024
-8.7411,-1.1933,228.539,-0.4437,2.50198,-0.00499
-8.7433,-1.3809,228.595,-0.45479,2.50621,-0.0036
-8.81,-1.2963,228.379,-0.45296,2.50892,-0.00212
-8.7921,-1.2126,228.389,-0.44717,2.50581,-0.00235
-8.8125,-1.1661,228.369,-0.44755,2.51089,-0.00248
-8.8042,-1.2835,228.47,-0.45045,2.50168,-0.00322
-8.7981,-1.145,228.477,-0.44706,2.49875,-0.00423
-8.8421,-1.0479,228.311,-0.44483,2.50291,-0.00458
-8.8351,-1.1261,228.233,-0.45205,2.4961,-0.00316
-8.7111,-1.2904,228.496,-0.45595,2.49019,-0.00634
-8.8021,-1.1568,228.292,-0.45215,2.48995,-0.00613
-8.7552,-1.2617,228.31,-0.45662,2.48945,-0.0056
-8.7769,-1.1549,228.337,-0.45038,2.49382,-0.007
-8.7606,-1.2668,228.321,-0.45628,2.48633,-0.00583
-8.8096,-1.1989,228.11,-0.45335,2.48544,-0.00696
-8.8163,-1.3224,228.144,-0.46477,2.47409,-0.00377
-8.8658,-1.2641,228.23,-0.46083,2.47626,-0.00515
-8.78,-1.3289,228.441,-0.4595,2.47564,-0.00512
-8.8437,-1.212,228.518,-0.46831,2.47655,-0.00387
-8.8283,-1.177,228.559,-0.45696,2.481,-0.00399
-8.8143,-1.1565,228.687,-0.45188,2.49345,-0.0051
-8.727,-1.2684,228.679,-0.45378,2.49508,-0.00477
-8.7318,-1.2173,228.414,-0.44901,2.5066,-0.00373
-8.7053,-1.192,228.372,-0.44975,2.50302,-0.00429
-8.7217,-1.1295,228.397,-0.44078,2.50422,-0.00711
-8.751,-1.2083,228.256,-0.45135,2.50307,-0.00437
-8.7012,-1.1996,228.28,-0.45447,2.49451,-0.00353
-8.6549,-1.3049,228.403,-0.45593,2.48786,-0.00641
-8.6648,-1.2739,228.439,-0.45368,2.48888,-0.00696
-8.6743,-1.2392,228.357,-0.45092,2.49017,-0.00765
-8.7081,-1.1594,228.397,-0.44455,2.49493,-0.00714
-8.7295,-1.1551,228.642,-0.44062,2.4874,-0.0084
-8.7182,-1.2289,228.555,-0.44873,2.48616,-0.00641
-8.7259,-1.2673,228.635,-0.44939,2.48687,-0.00596
-8.6812,-1.2691,228.556,-0.44368,2.48121,-0.00662
-8.6503,-1.3137,228.639,-0.44382,2.48178,-0.00616
-8.666,-1.3322,228.579,-0.44504,2.48003,-0.00371
-8.707,-1.2933,228.58,-0.44606,2.48329,-0.00436
-8.6724,-1.1556,228.624,-0.43892,2.48058,-0.00588
-8.6753,-1.216,228.539,-0.44514,2.47822,-0.00426
-8.6648,-1.1396,228.605,-0.44158,2.47971,-0.00484
-8.5411,-1.3268,228.809,-0.44479,2.47349,-0.00478
-8.52,-1.3361,229.073,-0.43977,2.47804,-0.00533
-8.5151,-1.2419,229.208,-0.43252,2.47359,-0.00709
-8.615,-1.2104,228.892,-0.43977,2.48388,-0.0061
-8.5983,-1.279,228.73,-0.43981,2.47702,-0.00751
-8.6612,-1.2753,228.542,-0.44585,2.48099,-0.00661
-8.6935,-1.2086,228.451,-0.44233,2.47498,-0.00743
-8.6658,-1.4206,228.465,-0.45241,2.46471,-0.00671
-8.7036,-1.3172,228.382,-0.45425,2.46871,-0.00725
-8.6794,-1.2377,228.394,-0.44819,2.46834,-0.00811
-8.7288,-1.207,228.504,-0.45336,2.46591,-0.01013
