3137
2107
1542
2492
2069
2457
1532
1557
1490
2033
2328
2384
2019
2054
2429
2361
2407
2512
1808
1574
2371
2344
2374
2056
2457
2342
2349
2083
1502
1984
2392
2337
2394
2328
2329
2009
2392
2366
2335
2019
1520
1537
1471
1540
2430
2395
2367
2152
2045
1556
1539
1548
1536
1525
2432
2339
1984
1521
2371
1494
1503
2484
2019
1531
1562
1566
1496
2500
2380
2485
2150
1538
1549
2382
1451
2399
2010
2432
2413
2059
2371
1828
2354
1552
1519
1580
2034
1523
2420
1938
1547
1986
2461
2389
2370
2353
2344
2429
2357
1823
2409
2039
2063
1490
1493
1548
1475
1516
2397
1998
2369
1509
2511
2351
1984
1516
1562
1884
2357
1561
1533
1522
1533
1551
1499
1539
2395
2373
2411
2041
2374
2373
2021
2363
2317
2317
2335
2329
2326
1971
1522
1489
1506
1511
2375
2055
1532
1527
1526
1685
1468
1510
1493
2044
2027
1551
2405
2365
2331
2324
2414
1537
1447
1528
1506
2336
2055
1511
1509
1506
2346
2356
2345
2410
2320
2310
2025
2334
2305
2291
2354
2308
2293
2303
2292
2302
2300
2299
1519
2065
2824
2898
2826
2714
2258
1882
1843
1842
2707
2705
2787
2890
2993
2818
2604
1921
1986
1830
2900
1832
1735
2023
1706
2705
2672
2243
2280
1736
2731
2647
2261
2727
2779
2682
2683
2675
2760
2904
2710
2714
2504
2903
3012
2389
2365
3080
2888
2344
2393
1711
2709
2930
1827
2701
2652
2742
2453
1841
1849
2601
1930
1971
1854
1707
2267
1689
1769
2754
2684
2657
2271
1740
1715
1731
1702
1757
2903
2394
1729
1646
1702
1691
1699
2736
1750
1718
1702
1843
1827
1832
2427
1746
1707
1873
1858
1717
1829
1818
1808
1830
1904
1871
1650
1823
1950
1934
1778
1749
2739
2311
2675
2672
2866
2866
2825
2838
2696
2690
2626
2639
2786
2897
2860
2815
2699
2694
2668
2851
2870
2677
2815
1984
2882
2371
3105
2741
2712
1736
1879
1817
1870
2708
2817
1973
1859
2892
3032
2725
2854
3377
2982
2833
2832
2807
2994
3053
2976
2822
3003
4032
2998
2879
2833
2814
2905
2821
2907
2660
2675
2687
2837
2830
3691
3518
4241
3017
2911
2924
1864
2651
1870
3904
3603
6139
4210
2050
1697
1846
1867
1819
1745
1811
2951
2669
1820
1883
1841
1839
1868
1870
1816
1816
1838
1820
3062
2085
3581
3673
3619
2574
2116
2704
2019
2676
2694
2499
1981
1858
1834
1847
2768
2951
2578
6418
3334
3517
2824
1998
3826
3363
3042
2544
2329
1977
1960
3393
3402
2371
2705
2353
2552
2947
4521
5531
4286
3947
2440
2746
4179
3460
3392
3157
4180
3624
3533
3047
1921
3076
3013
3017
3039
2984
3017
2979
3005
2825
2803
1896
1880
3262
3029
2987
2836
2832
2856
3009
2959
2842
2985
2897
2684
2808
1981
1800
2870
2314
1742
2377
1824
2717
2670
2705
2659
2826
2683
2685
2859
2909
3003
3031
2991
2990
2893
2882
1853
1639
1803
1726
2869
2903
2838
2814
2819
2797
2813
2629
2628
2657
2645
2637
2621
1748
2653
2657
2677
2673
2666
2654
2755
2677
2660
2673
2663
2656
2632
2513
1727
1924
1750
2871
2907
2911
2975
1898
1979
3106
2949
2862
2850
2928
2659
2831
2892
2850
2837
3026
2864
3021
2998
2839
2654
2647
2665
2448
2699
2715
2685
2690
2663
2667
2631
1827
2489
1855
1876
1836
2936
2747
1806
2026
1929
2963
2052
1837
1747
2938
2664
2118
1837
2226
2945
2835
2699
2891
2829
1889
2850
2848
2855
2839
2845
2837
2228
3104
2894
2255
2189
2423
1720
1948
2735
2681
2678
2708
2671
2663
2687
2718
2881
2882
2809
2664
2639
2651
2709
2639
2654
2646
