5.54298e-18 3.72966e-17
1.21431e-17 2.92735e-17
2.33103e-18 2.51535e-17
1.01102e-17 1.9082e-17
4.77049e-18 2.42861e-17
4.01155e-18 4.16334e-17
9.1073e-18 1.38778e-17
1.77809e-17 2.08167e-17
1.17094e-17 3.81639e-17
2.1684e-17 3.1225e-17
1.73472e-18 2.77556e-17
9.54098e-18 3.46945e-17
3.46945e-18 4.51028e-17
1.73472e-17 3.1225e-17
1.73472e-17 3.1225e-17
2.53504e-06 7.53949e-06
2.25475e-06 5.99348e-06
1.97772e-06 4.831e-06
1.68154e-06 3.84284e-06
1.26188e-06 2.73245e-06
7.19603e-07 1.4909e-06
1.46277e-07 2.92226e-07
1.69136e-16 2.29851e-16
3.87864e-07 7.33238e-07
1.70261e-06 3.15172e-06
3.50468e-06 6.3735e-06
5.56244e-06 9.96511e-06
6.13377e-06 1.08506e-05
4.74599e-06 8.30724e-06
8.15912e-07 1.41575e-06
1.52656e-16 2.28983e-16
1.71738e-16 2.27249e-16
1.64799e-16 2.31152e-16
1.63064e-16 2.30501e-16
1.73472e-16 2.30718e-16
1.52656e-16 2.29417e-16
1.49186e-16 2.30718e-16
1.59595e-16 2.29851e-16
1.66533e-16 2.24647e-16
1.70003e-16 2.2031e-16
1.80411e-16 2.2031e-16
1.66533e-16 2.25514e-16
1.66533e-16 2.15106e-16
1.52656e-16 2.28983e-16
1.66533e-16 2.25514e-16
1.67618e-16 2.16596e-16
1.92121e-16 2.29471e-16
1.96024e-16 2.3679e-16
2.01228e-16 2.38416e-16
1.8735e-16 2.28983e-16
1.8735e-16 2.35706e-16
1.80411e-16 2.46548e-16
1.80411e-16 2.40476e-16
1.73472e-16 2.36356e-16
1.73472e-16 2.39826e-16
1.80411e-16 2.35922e-16
1.66533e-16 2.31152e-16
1.66533e-16 2.42861e-16
1.80411e-16 2.32453e-16
1.45717e-16 1.82146e-16
4.16334e-17 2.00469e-16
1.05818e-16 1.98626e-16
1.21431e-16 2.10335e-16
9.88792e-17 2.07733e-16
1.23165e-16 2.09902e-16
8.1532e-17 2.1684e-16
6.93889e-17 2.28983e-16
8.1532e-17 2.1684e-16
8.84709e-17 2.06432e-16
7.80626e-17 2.22045e-16
7.28584e-17 2.08167e-16
8.41341e-17 2.18575e-16
7.54605e-17 2.08167e-16
8.41341e-17 1.97758e-16
8.67362e-17 2.04697e-16
7.45931e-17 2.11636e-16
9.02056e-17 2.08167e-16
8.67362e-17 2.08167e-16
7.97973e-17 2.15106e-16
7.63278e-17 1.94289e-16
9.71445e-17 2.15106e-16
7.28584e-17 2.15106e-16
1.07553e-16 2.08167e-16
6.59195e-17 2.08167e-16
5.55112e-17 1.94289e-16
6.93889e-17 2.08167e-16
6.93889e-17 1.94289e-16
3.46945e-17 2.22045e-16
2.77556e-17 1.94289e-16
4.16334e-17 2.08167e-16
9.67108e-17 2.08167e-16
1.17094e-16 2.498e-16
1.03216e-16 2.22045e-16
1.15359e-16 2.22045e-16
1.12757e-16 2.22045e-16
1.12757e-16 2.08167e-16
1.31839e-16 2.22045e-16
1.09288e-16 2.22045e-16
1.12757e-16 2.35922e-16
1.00614e-16 2.08167e-16
1.14492e-16 2.22045e-16
1.21431e-16 2.35922e-16
1.249e-16 2.22045e-16
0.00098795 0.000658737
0.00105392 0.0019238
3.76369e-05 6.63509e-05
2.77149e-05 4.85016e-05
1.99555e-05 3.47995e-05
1.97345e-05 3.42695e-05
2.46808e-05 4.26022e-05
2.97894e-05 5.10071e-05
3.58066e-05 6.07906e-05
4.30935e-05 7.25565e-05
5.14845e-05 8.60045e-05
6.19296e-05 0.000102702
7.50643e-05 0.000123663
9.01937e-05 0.000147685
0.000106125 0.000172776
0.000121251 0.000196327
0.000134629 0.000216884
0.000145799 0.000233828
0.000154203 0.000246427
0.000159142 0.000253745
0.00015846 0.000252505
0.000150548 0.00024022
0.000135264 0.000216567
0.000113534 0.000182778
8.62594e-05 0.000139924
5.28626e-05 8.65765e-05
1.44739e-05 2.39836e-05
9.71445e-17 3.67761e-16
1.14492e-16 3.62557e-16
1.38778e-16 3.69496e-16
1.31839e-16 3.69496e-16
1.08637e-16 3.61005e-16
1.11022e-16 3.63431e-16
1.1189e-16 3.71421e-16
1.35308e-16 3.73291e-16
1.14492e-16 3.73372e-16
1.04083e-16 3.65756e-16
1.17961e-16 3.49059e-16
1.249e-16 3.55944e-16
1.17961e-16 3.52474e-16
1.11022e-16 3.58979e-16
1.31839e-16 3.61473e-16
1.249e-16 3.61473e-16
1.17961e-16 3.6272e-16
1.17961e-16 3.64075e-16
1.17961e-16 3.57353e-16
1.94289e-16 3.84458e-16
1.83881e-16 3.68629e-16
1.59595e-16 3.75568e-16
1.97758e-16 3.68629e-16
2.09902e-16 3.57353e-16
2.04697e-16 3.76435e-16
1.75207e-16 3.7817e-16
1.89085e-16 3.64292e-16
1.97758e-16 3.57353e-16
2.04697e-16 3.69496e-16
2.01228e-16 3.62557e-16
2.02963e-16 3.7817e-16
2.08167e-16 3.69496e-16
2.06432e-16 3.57353e-16
2.06432e-16 3.64292e-16
2.01228e-16 3.71231e-16
2.11636e-16 3.7817e-16
2.01228e-16 3.85109e-16
2.09902e-16 3.33067e-16
1.99493e-16 3.53884e-16
2.01228e-16 3.60822e-16
2.18575e-16 3.46945e-16
1.9082e-16 3.53884e-16
1.70003e-16 3.60822e-16
1.8735e-16 3.60822e-16
1.80411e-16 3.60822e-16
1.66533e-16 3.46945e-16
1.94289e-16 3.60822e-16
1.73472e-16 3.60822e-16
1.94289e-16 3.60822e-16
1.76942e-16 3.60822e-16
2.21177e-16 2.77556e-16
1.95156e-16 3.33067e-16
2.00361e-16 3.60822e-16
2.51535e-16 2.22045e-16
1.18829e-16 3.88578e-16
1.96024e-16 3.33067e-16
1.73472e-16 3.747e-16
1.8735e-16 3.05311e-16
1.43982e-16 4.30211e-16
2.02963e-16 3.05311e-16
1.71738e-16 3.46945e-16
1.66533e-16 3.60822e-16
1.83881e-16 3.33067e-16
2.18575e-16 3.19189e-16
0.000993251 0.0012737
3.81923e-05 5.01219e-05
2.98007e-05 4.0576e-05
2.28851e-05 3.21572e-05
2.42853e-05 3.49381e-05
3.0025e-05 4.3929e-05
3.5733e-05 5.29227e-05
4.23015e-05 6.32197e-05
5.01533e-05 7.54501e-05
5.91423e-05 8.93921e-05
6.97865e-05 0.000105831
8.35764e-05 0.000127042
9.98824e-05 0.000152061
0.000117403 0.000178858
0.000134588 0.000205014
0.000149824 0.000228057
0.000161782 0.000246025
0.00017 0.000258285
0.000174971 0.000265764
0.000173721 0.000264138
0.000165255 0.000251939
0.00014908 0.000228309
0.000125677 0.0001937
9.62311e-05 0.000149543
6.02624e-05 9.46031e-05
1.89627e-05 3.01299e-05
2.04697e-16 3.1225e-16
2.04697e-16 3.08781e-16
2.18575e-16 3.03577e-16
2.22045e-16 3.08781e-16
2.77773e-16 3.14265e-16
2.77989e-16 3.17651e-16
2.62377e-16 3.07439e-16
2.55872e-16 2.9325e-16
2.498e-16 3.08998e-16
2.56739e-16 2.97071e-16
2.498e-16 2.98481e-16
2.63678e-16 2.9718e-16
2.70617e-16 3.03793e-16
2.70617e-16 3.05311e-16
2.63678e-16 3.00975e-16
2.63678e-16 2.9924e-16
2.70617e-16 3.00324e-16
2.63678e-16 2.99728e-16
2.56739e-16 3.08781e-16
4.23273e-16 2.74737e-16
4.64906e-16 2.44813e-16
4.44089e-16 2.71484e-16
4.4062e-16 2.85796e-16
4.68375e-16 2.61076e-16
4.47559e-16 2.80158e-16
4.42354e-16 2.77556e-16
4.31946e-16 2.67147e-16
4.26742e-16 2.67147e-16
4.25007e-16 2.63678e-16
4.35416e-16 2.63678e-16
4.42354e-16 2.77556e-16
4.42354e-16 2.65413e-16
4.35416e-16 2.68882e-16
4.33681e-16 2.67147e-16
4.28477e-16 2.77556e-16
4.30211e-16 2.60209e-16
4.31946e-16 2.87964e-16
4.30211e-16 2.39392e-16
4.25007e-16 3.08781e-16
4.16334e-16 2.84495e-16
4.68375e-16 2.70617e-16
4.05925e-16 2.70617e-16
4.44089e-16 2.56739e-16
4.16334e-16 2.63678e-16
4.02456e-16 2.63678e-16
4.09395e-16 2.77556e-16
4.23273e-16 2.63678e-16
4.44089e-16 2.77556e-16
4.57967e-16 2.77556e-16
4.82253e-16 3.19189e-16
5.03503e-16 2.63678e-16
4.84855e-16 2.63678e-16
5.28223e-16 2.22045e-16
5.52509e-16 2.22045e-16
4.8659e-16 3.05311e-16
4.89192e-16 3.05311e-16
5.16948e-16 2.08167e-16
5.18682e-16 2.77556e-16
5.04805e-16 2.63678e-16
4.3715e-16 3.60822e-16
4.92661e-16 3.05311e-16
4.996e-16 2.498e-16
4.96131e-16 2.498e-16
5.16948e-16 1.80411e-16
1.27638e-05 1.62793e-05
7.30914e-06 9.5015e-06
9.40246e-06 1.25836e-05
1.39386e-05 1.91556e-05
1.75413e-05 2.46406e-05
2.03571e-05 2.91027e-05
2.34576e-05 3.39993e-05
2.74731e-05 4.02407e-05
3.25867e-05 4.81083e-05
3.87263e-05 5.75009e-05
4.68542e-05 6.98525e-05
5.65054e-05 8.44718e-05
6.76455e-05 0.000101286
7.83797e-05 0.000117429
8.77327e-05 0.000131423
9.45005e-05 0.000141485
9.76115e-05 0.000146058
9.61771e-05 0.000143869
8.95138e-05 0.00013394
7.67204e-05 0.000114922
5.70051e-05 8.55705e-05
2.926e-05 4.40696e-05
5.3256e-16 2.62811e-16
5.3256e-16 2.6151e-16
5.37764e-16 2.59016e-16
5.34295e-16 2.57823e-16
5.34295e-16 2.61076e-16
5.41234e-16 2.63678e-16
5.34295e-16 2.63678e-16
5.41234e-16 2.63678e-16
5.7441e-16 2.52443e-16
5.22152e-16 2.49421e-16
5.01769e-16 2.21448e-16
5.80265e-16 2.97234e-16
5.75928e-16 3.17238e-16
4.90927e-16 1.93096e-16
5.0307e-16 1.9559e-16
5.68989e-16 3.03577e-16
5.34295e-16 2.44596e-16
5.41234e-16 2.31152e-16
4.64906e-16 1.32706e-16
5.48173e-16 2.62811e-16
5.41234e-16 2.57606e-16
5.34295e-16 2.57823e-16
5.48173e-16 2.59341e-16
4.91794e-16 2.44162e-16
4.84855e-16 2.40042e-16
4.60569e-16 2.35055e-16
4.96131e-16 2.38958e-16
5.20417e-16 2.35055e-16
4.92661e-16 2.41994e-16
4.8659e-16 2.42861e-16
5.00468e-16 2.39392e-16
4.77916e-16 2.39392e-16
4.8659e-16 2.23779e-16
4.90927e-16 2.27249e-16
4.8659e-16 2.25514e-16
4.93529e-16 2.23779e-16
4.8659e-16 2.35922e-16
4.87457e-16 2.39392e-16
4.96131e-16 2.35922e-16
4.90927e-16 2.25514e-16
4.83988e-16 2.28983e-16
4.90927e-16 2.22045e-16
5.0307e-16 2.46331e-16
4.78784e-16 2.56739e-16
5.0307e-16 2.35922e-16
4.96131e-16 2.22045e-16
4.44089e-16 2.498e-16
4.85723e-16 2.28983e-16
4.64906e-16 2.35922e-16
4.92661e-16 2.498e-16
4.78784e-16 2.498e-16
5.13478e-16 2.22045e-16
5.06539e-16 2.22045e-16
5.46438e-16 3.05311e-16
5.29091e-16 2.77556e-16
5.43836e-16 2.91434e-16
5.52943e-16 2.77556e-16
5.00468e-16 3.05311e-16
5.24754e-16 3.05311e-16
5.21284e-16 3.05311e-16
5.42968e-16 2.77556e-16
5.34295e-16 2.91434e-16
5.15213e-16 2.91434e-16
5.15213e-16 2.91434e-16
5.30825e-16 2.77556e-16
5.16948e-16 2.77556e-16
5.06539e-16 2.98372e-16
5.06539e-16 2.77556e-16
2.67009e-06 3.4509e-06
5.21278e-06 6.84201e-06
9.21526e-06 1.24031e-05
1.30186e-05 1.795e-05
1.56781e-05 2.20642e-05
1.78814e-05 2.55855e-05
2.03874e-05 2.95525e-05
2.39507e-05 3.50628e-05
2.84581e-05 4.19684e-05
3.41924e-05 5.06945e-05
4.15088e-05 6.17751e-05
5.0107e-05 7.47599e-05
5.91293e-05 8.83459e-05
6.75105e-05 0.000100915
7.41097e-05 0.000110752
7.78319e-05 0.000116238
7.75386e-05 0.000115712
7.30135e-05 0.000108894
6.29564e-05 9.38773e-05
4.65304e-05 6.9415e-05
2.27333e-05 3.39587e-05
4.86156e-16 1.73689e-16
4.90927e-16 1.75641e-16
4.82253e-16 1.73906e-16
4.96131e-16 1.73472e-16
4.89192e-16 1.81279e-16
5.06539e-16 1.73472e-16
4.996e-16 1.80411e-16
4.996e-16 1.68268e-16
4.996e-16 1.71738e-16
4.43222e-16 1.86781e-16
5.03937e-16 3.09106e-16
4.13298e-16 2.47361e-16
4.42354e-16 2.61672e-16
4.90927e-16 3.33501e-16
3.71231e-16 1.36501e-16
4.33681e-16 2.28116e-16
4.12864e-16 2.00794e-16
4.23273e-16 2.56522e-16
3.747e-16 1.38561e-16
4.61436e-16 2.48282e-16
4.09395e-16 2.00577e-16
4.02456e-16 1.99493e-16
4.16334e-16 2.03749e-16
3.95517e-16 2.07299e-16
4.78784e-16 1.58294e-16
4.90927e-16 1.52222e-16
4.80518e-16 1.59595e-16
5.46438e-16 6.98226e-17
4.8312e-16 1.68268e-16
5.10876e-16 1.60462e-16
5.14346e-16 1.37043e-16
4.96998e-16 1.63064e-16
5.18682e-16 1.21431e-16
5.03937e-16 1.47451e-16
5.10009e-16 1.43982e-16
4.88325e-16 1.61329e-16
5.10876e-16 1.31839e-16
5.1955e-16 1.42247e-16
5.05672e-16 1.42247e-16
5.1608e-16 1.35308e-16
4.77916e-16 1.76942e-16
5.08274e-16 1.21431e-16
5.06539e-16 1.63064e-16
5.10009e-16 1.35308e-16
4.64906e-16 2.08167e-16
4.71845e-16 2.08167e-16
4.71845e-16 2.08167e-16
4.85723e-16 2.22045e-16
4.89192e-16 2.22045e-16
4.78784e-16 2.08167e-16
4.71845e-16 2.08167e-16
4.92661e-16 1.94289e-16
4.71845e-16 2.08167e-16
4.85723e-16 2.08167e-16
4.51679e-16 8.32667e-17
4.97432e-16 2.77556e-17
4.63605e-16 9.71445e-17
4.60135e-16 9.71445e-17
5.15213e-16 1.38778e-17
4.00287e-16 1.66533e-16
4.38885e-16 8.32667e-17
4.45824e-16 1.11022e-16
4.64906e-16 9.71445e-17
4.35416e-16 1.94289e-16
4.57967e-16 1.11022e-16
4.4062e-16 1.249e-16
4.47559e-16 1.38778e-16
4.26742e-16 1.38778e-16
4.47559e-16 1.45717e-16
1.72627e-05 2.23171e-05
1.13307e-05 1.48997e-05
1.16276e-05 1.57172e-05
1.63553e-05 2.26671e-05
2.00481e-05 2.83559e-05
2.33627e-05 3.35837e-05
2.69858e-05 3.9287e-05
3.14662e-05 4.62568e-05
3.72134e-05 5.51061e-05
4.35081e-05 6.47774e-05
5.19451e-05 7.76484e-05
6.23193e-05 9.34212e-05
7.37839e-05 0.000110804
8.52078e-05 0.000128059
9.53434e-05 0.000143287
0.000102988 0.00015469
0.000107112 0.00016077
0.000106795 0.000160189
0.000101225 0.000151808
8.94091e-05 0.000134187
7.01609e-05 0.00010549
4.21514e-05 6.3574e-05
5.64502e-06 8.55308e-06
4.12864e-16 1.10589e-16
4.23273e-16 1.06252e-16
4.26742e-16 1.08691e-16
4.19803e-16 1.04951e-16
4.16334e-16 1.05818e-16
4.44089e-16 1.07553e-16
4.09395e-16 1.05818e-16
4.00071e-16 1.13624e-16
3.96384e-16 9.47322e-17
4.0766e-16 8.83625e-17
3.67761e-16 1.07715e-16
3.81639e-16 1.08203e-16
3.95517e-16 6.94974e-17
3.98986e-16 8.39172e-17
3.88578e-16 1.13408e-16
3.81639e-16 9.93129e-17
3.95517e-16 1.12323e-16
3.81639e-16 9.75782e-17
3.88578e-16 9.62772e-17
4.02456e-16 1.01048e-16
3.88578e-16 1.043e-16
3.60822e-16 9.90961e-17
3.19189e-16 1.16769e-16
3.2873e-16 1.29887e-16
3.322e-16 1.15793e-16
3.38271e-16 1.19262e-16
3.1572e-16 1.24033e-16
3.1572e-16 1.25767e-16
2.96638e-16 1.27502e-16
2.94903e-16 1.21431e-16
3.14852e-16 1.30104e-16
3.02709e-16 1.16226e-16
3.08781e-16 1.17961e-16
3.06179e-16 1.16226e-16
3.02709e-16 1.19696e-16
3.03577e-16 1.17961e-16
3.1225e-16 1.21431e-16
3.10516e-16 1.249e-16
3.08781e-16 1.17961e-16
3.07046e-16 1.2837e-16
3.03577e-16 1.17961e-16
3.03577e-16 1.35308e-16
3.01842e-16 1.249e-16
3.19189e-16 1.249e-16
3.1225e-16 1.04083e-16
3.01842e-16 1.249e-16
3.26128e-16 1.31839e-16
3.1225e-16 1.38778e-16
2.84495e-16 1.38778e-16
3.19189e-16 1.249e-16
3.1225e-16 1.249e-16
3.19189e-16 1.249e-16
3.92481e-16 1.94289e-16
4.34982e-16 1.52656e-16
4.28477e-16 1.66533e-16
4.06359e-16 1.52656e-16
4.0766e-16 1.52656e-16
4.35416e-16 1.52656e-16
4.21538e-16 1.80411e-16
4.26742e-16 1.52656e-16
4.05925e-16 1.66533e-16
4.21538e-16 1.52656e-16
4.51028e-16 1.52656e-16
4.30211e-16 1.66533e-16
4.16334e-16 1.52656e-16
4.02456e-16 1.66533e-16
4.19803e-16 1.38778e-16
5.50115e-07 7.20688e-07
4.16681e-06 5.53334e-06
8.00735e-06 1.08875e-05
1.16723e-05 1.62389e-05
1.42194e-05 2.01723e-05
1.62452e-05 2.34115e-05
1.86997e-05 2.72806e-05
2.20041e-05 3.23997e-05
2.64281e-05 3.91781e-05
3.16965e-05 4.72141e-05
3.89458e-05 5.82021e-05
4.7203e-05 7.06847e-05
5.55026e-05 8.31919e-05
6.33004e-05 9.4883e-05
6.92248e-05 0.000103697
7.23897e-05 0.000108329
7.12034e-05 0.000106441
6.5502e-05 9.78347e-05
5.44207e-05 8.12505e-05
3.71179e-05 5.54312e-05
1.22745e-05 1.83508e-05
4.3715e-16 2.13054e-16
4.3715e-16 2.18575e-16
4.25007e-16 2.18575e-16
4.33681e-16 2.14238e-16
4.30211e-16 2.06432e-16
4.12864e-16 2.09902e-16
4.30211e-16 1.97758e-16
4.30211e-16 2.18575e-16
4.09395e-16 2.08167e-16
4.25441e-16 1.94397e-16
4.34982e-16 2.25026e-16
4.26742e-16 2.03234e-16
4.32814e-16 2.16624e-16
4.17201e-16 2.30827e-16
4.14599e-16 2.11636e-16
4.23273e-16 2.10552e-16
4.19803e-16 2.05565e-16
4.30211e-16 2.16624e-16
4.30211e-16 2.04481e-16
4.19803e-16 2.05565e-16
4.23273e-16 2.03179e-16
4.30211e-16 1.99927e-16
4.16334e-16 2.08953e-16
4.23273e-16 2.1207e-16
1.82146e-16 2.14238e-16
2.28116e-16 2.12937e-16
2.40259e-16 2.17274e-16
1.84748e-16 2.25514e-16
2.14238e-16 2.38524e-16
2.11636e-16 2.48065e-16
2.1684e-16 2.42861e-16
2.27249e-16 2.23779e-16
2.29851e-16 2.22045e-16
2.3332e-16 2.34188e-16
2.27249e-16 2.34188e-16
2.32453e-16 2.35922e-16
2.27249e-16 2.34188e-16
2.34188e-16 2.41127e-16
2.34188e-16 2.42861e-16
2.32453e-16 2.42861e-16
2.31586e-16 2.5327e-16
2.27249e-16 2.39392e-16
2.35922e-16 2.22045e-16
2.41127e-16 2.39392e-16
2.32453e-16 2.28983e-16
2.46331e-16 2.28983e-16
2.42861e-16 2.35922e-16
2.15106e-16 2.35922e-16
2.22045e-16 2.498e-16
2.35922e-16 2.22045e-16
2.28983e-16 2.35922e-16
2.28983e-16 2.35922e-16
2.498e-16 2.35922e-16
2.498e-16 2.22045e-16
2.11203e-16 1.94289e-16
2.97071e-16 1.11022e-16
1.98192e-16 2.08167e-16
2.20744e-16 1.94289e-16
2.45897e-16 9.71445e-17
1.67401e-16 2.498e-16
2.27682e-16 1.66533e-16
2.05131e-16 2.08167e-16
2.2031e-16 1.52656e-16
1.89085e-16 2.498e-16
2.37657e-16 1.52656e-16
2.1684e-16 1.94289e-16
2.1684e-16 1.94289e-16
1.85615e-16 1.94289e-16
2.11636e-16 1.94289e-16
1.98397e-05 2.53381e-05
1.36814e-05 1.78064e-05
1.19964e-05 1.60801e-05
1.70528e-05 2.34713e-05
2.10625e-05 2.96159e-05
2.45694e-05 3.51387e-05
2.84318e-05 4.12068e-05
3.30783e-05 4.84335e-05
3.88047e-05 5.72577e-05
4.56901e-05 6.7805e-05
5.4257e-05 8.08629e-05
6.49858e-05 9.7153e-05
7.68937e-05 0.000115184
8.88299e-05 0.000133191
9.95202e-05 0.000149233
0.000107736 0.000161472
0.000112425 0.000168379
0.000112452 0.000168328
0.000107484 0.000160879
9.62462e-05 0.00014416
7.75957e-05 0.000116428
5.02487e-05 7.56254e-05
1.45205e-05 2.19535e-05
1.97758e-16 9.54098e-18
1.96024e-16 6.93889e-18
2.01228e-16 4.93312e-18
1.94289e-16 1.12757e-17
1.97758e-16 1.12757e-17
2.01228e-16 1.04083e-17
1.94289e-16 1.56125e-17
2.58691e-16 6.87113e-18
2.35489e-16 2.55059e-17
2.33754e-16 2.83519e-17
2.6628e-16 1.74557e-17
2.98372e-16 1.36067e-16
1.73472e-16 7.50268e-17
2.5327e-16 6.07153e-18
2.32453e-16 2.53703e-17
2.56739e-16 1.14925e-17
2.01228e-16 9.95298e-17
2.70617e-16 1.95156e-17
2.22045e-16 3.51282e-17
2.15106e-16 3.03577e-17
2.28983e-16 3.01408e-17
2.498e-16 2.5804e-17
2.9924e-16 7.60026e-17
2.47198e-16 9.56266e-17
3.36536e-16 7.97973e-17
3.1225e-16 7.45931e-17
3.20924e-16 9.45424e-17
2.94903e-16 9.19403e-17
2.89699e-16 9.62772e-17
3.08781e-16 8.06646e-17
3.21791e-16 8.50015e-17
3.14852e-16 8.1532e-17
3.24393e-16 9.54098e-17
3.18322e-16 8.1532e-17
3.22659e-16 8.67362e-17
3.20924e-16 1.02349e-16
3.20924e-16 7.45931e-17
3.20924e-16 9.36751e-17
3.29597e-16 9.02056e-17
3.17454e-16 5.89806e-17
3.29597e-16 9.02056e-17
3.29597e-16 6.245e-17
3.08781e-16 7.63278e-17
3.1225e-16 7.63278e-17
3.05311e-16 8.32667e-17
3.01842e-16 9.71445e-17
3.1225e-16 7.63278e-17
2.98372e-16 9.71445e-17
3.26128e-16 1.38778e-16
3.88578e-16 1.249e-16
3.40006e-16 1.52656e-16
3.40006e-16 1.52656e-16
3.28296e-16 1.38778e-16
3.747e-16 2.498e-16
3.13551e-16 1.38778e-16
2.94469e-16 1.66533e-16
3.81639e-16 2.22045e-16
2.61943e-16 6.93889e-17
3.16587e-16 1.66533e-16
2.94903e-16 1.249e-16
3.27863e-16 1.80411e-16
2.81025e-16 8.32667e-17
3.17454e-16 1.66533e-16
3.19189e-16 1.249e-16
2.94903e-16 1.38778e-16
2.98372e-16 1.45717e-16
2.94903e-16 1.31839e-16
1.33807e-06 1.73241e-06
4.49434e-06 5.90915e-06
8.41413e-06 1.13445e-05
1.21563e-05 1.6789e-05
1.47621e-05 2.0808e-05
1.68424e-05 2.41346e-05
1.93253e-05 2.80514e-05
2.27736e-05 3.33824e-05
2.71463e-05 4.00813e-05
3.26371e-05 4.84395e-05
3.97676e-05 5.92357e-05
4.78474e-05 7.14359e-05
5.64924e-05 8.44432e-05
6.44256e-05 9.63257e-05
7.05002e-05 0.000105362
7.36171e-05 0.000109927
7.26449e-05 0.000108375
6.73611e-05 0.000100416
5.65112e-05 8.42135e-05
3.94427e-05 5.87953e-05
1.46963e-05 2.19319e-05
3.00107e-16 2.9718e-16
3.03577e-16 3.01842e-16
3.13985e-16 2.97505e-16
3.01842e-16 2.9577e-16
2.91434e-16 2.94903e-16
3.01842e-16 2.94903e-16
2.91434e-16 2.96638e-16
3.19189e-16 3.01842e-16
3.05311e-16 2.98372e-16
2.77773e-16 2.74981e-16
3.23309e-16 2.77122e-16
3.33934e-16 2.44217e-16
3.2873e-16 2.89157e-16
2.96638e-16 2.25514e-16
3.40006e-16 2.58365e-16
2.89699e-16 2.74086e-16
3.40006e-16 2.73869e-16
3.26128e-16 2.72135e-16
3.22659e-16 2.65846e-16
2.5327e-16 3.87494e-16
2.81025e-16 3.35235e-16
2.98372e-16 2.93602e-16
3.1225e-16 2.91122e-16
3.40006e-16 1.92554e-16
1.95156e-16 2.83844e-16
1.45717e-16 2.99673e-16
1.60462e-16 2.99673e-16
1.5786e-16 2.94469e-16
1.5786e-16 3.13985e-16
1.58727e-16 3.01842e-16
1.66533e-16 2.78423e-16
1.63931e-16 3.01842e-16
1.7087e-16 3.08781e-16
1.71738e-16 3.00107e-16
1.65666e-16 2.94903e-16
1.70003e-16 3.03577e-16
1.69136e-16 2.89699e-16
1.68268e-16 2.93168e-16
1.7087e-16 2.98372e-16
1.73472e-16 2.94903e-16
1.67401e-16 3.05311e-16
1.63064e-16 2.84495e-16
1.66533e-16 2.74086e-16
1.5439e-16 2.77556e-16
1.49186e-16 2.84495e-16
1.63064e-16 2.91434e-16
1.9082e-16 2.77556e-16
1.66533e-16 2.91434e-16
1.83881e-16 2.84495e-16
1.66533e-16 2.91434e-16
1.66533e-16 3.05311e-16
1.73472e-16 2.91434e-16
2.15106e-16 2.77556e-16
1.73472e-16 2.91434e-16
9.86624e-17 2.498e-16
1.25551e-16 3.46945e-16
7.93636e-17 3.05311e-16
1.4138e-16 3.88578e-16
1.34875e-16 3.747e-16
6.80879e-17 3.05311e-16
6.93889e-17 3.19189e-16
1.13191e-16 3.88578e-16
8.76035e-17 3.33067e-16
8.50015e-17 3.33067e-16
2.42861e-17 2.498e-16
7.28584e-17 3.05311e-16
9.19403e-17 3.33067e-16
7.97973e-17 3.33067e-16
1.49186e-16 4.3715e-16
1.53108e-05 1.979e-05
9.80199e-06 1.28835e-05
1.18396e-05 1.59873e-05
1.64285e-05 2.27351e-05
1.99958e-05 2.82361e-05
2.32896e-05 3.34252e-05
2.69609e-05 3.91912e-05
3.14738e-05 4.62028e-05
3.70807e-05 5.48388e-05
4.30737e-05 6.40568e-05
5.12638e-05 7.65543e-05
6.13038e-05 9.18241e-05
7.23482e-05 0.000108578
8.3815e-05 0.000125904
9.28229e-05 0.000139449
9.98119e-05 0.000149881
0.000103237 0.000154919
0.000102171 0.000153233
9.57929e-05 0.000143646
8.29944e-05 0.000124522
6.24144e-05 9.37405e-05
3.27961e-05 4.93626e-05
5.89806e-17 3.96818e-16
5.55112e-17 3.9465e-16
5.20417e-17 3.95381e-16
5.20417e-17 3.97685e-16
4.16334e-17 3.98986e-16
4.51028e-17 3.99854e-16
4.16334e-17 4.01588e-16
4.85723e-17 3.98986e-16
9.58435e-17 4.52844e-16
1.81712e-16 3.32308e-16
1.15359e-16 4.19424e-16
1.37043e-16 4.42571e-16
1.99493e-16 3.23201e-16
1.17961e-16 4.46908e-16
1.21431e-16 4.62087e-16
1.17961e-16 4.45824e-16
9.71445e-17 4.64039e-16
9.02056e-17 4.40186e-16
9.71445e-17 4.47992e-16
1.04083e-16 4.54498e-16
1.04083e-16 4.50594e-16
1.04083e-16 4.47396e-16
9.71445e-17 4.39752e-16
8.67362e-18 4.17418e-16
2.1684e-17 4.09828e-16
2.25514e-17 4.27176e-16
3.81639e-17 4.08527e-16
2.60209e-17 4.14599e-16
1.38778e-17 4.13732e-16
1.9082e-17 4.10262e-16
5.20417e-18 3.97252e-16
0 3.98986e-16
2.34188e-17 3.92048e-16
1.21431e-17 3.98986e-16
1.9082e-17 3.95517e-16
1.47451e-17 4.0766e-16
1.64799e-17 3.95517e-16
1.56125e-17 4.23273e-16
1.38778e-17 4.09395e-16
9.54098e-18 4.19803e-16
1.21431e-17 4.16334e-16
1.9082e-17 4.3715e-16
2.25514e-17 4.16334e-16
6.93889e-18 4.09395e-16
2.08167e-17 4.16334e-16
1.73472e-17 4.23273e-16
2.08167e-17 4.30211e-16
2.77556e-17 4.02456e-16
2.08167e-17 4.16334e-16
0 4.16334e-16
6.245e-17 4.02456e-16
2.77556e-17 4.02456e-16
6.93889e-18 4.16334e-16
1.47451e-16 6.66134e-16
1.50054e-16 6.66134e-16
1.34007e-16 6.38378e-16
1.60028e-16 6.38378e-16
1.61763e-16 6.66134e-16
1.22298e-16 6.66134e-16
1.22732e-16 6.38378e-16
1.33574e-16 6.66134e-16
1.45717e-16 6.52256e-16
1.35308e-16 6.66134e-16
1.59595e-16 6.38378e-16
1.37043e-16 6.38378e-16
1.31839e-16 6.52256e-16
1.23165e-16 6.38378e-16
0.000267166 9.15729e-05
0.000311437 0.021425
7.77615e-06 0.000511944
7.48103e-07 5.98222e-05
4.59663e-07 4.58127e-05
3.00875e-07 3.54279e-05
3.2604e-07 4.10532e-05
3.82359e-07 4.63196e-05
4.83381e-07 5.19684e-05
6.48327e-07 5.91639e-05
8.99436e-07 6.87046e-05
1.25213e-06 8.04836e-05
1.71337e-06 9.42752e-05
2.29624e-06 0.000110513
3.00215e-06 0.000128705
3.82666e-06 0.00014797
4.74575e-06 0.000167313
5.70614e-06 0.000185802
6.63392e-06 0.000202768
7.44783e-06 0.00021784
8.07096e-06 0.000230819
8.46211e-06 0.000242209
8.42438e-06 0.000247742
8.08069e-06 0.000251578
7.49624e-06 0.000255595
6.64919e-06 0.000258671
5.32928e-06 0.000249066
3.58775e-06 0.000215469
1.60446e-06 0.000136891
5.37915e-08 7.83062e-06
1.02349e-16 5.18682e-16
