-0.215,0,-0.205001,0,0
-0.215,0,-0.205001,0,0
-0.215,0,-0.205001,0,0
-0.215,0,-0.205001,0,0
-0.215,0,-0.205001,0,0
-0.215,0,-0.205001,0,0
-0.215,0,-0.205001,0,0
-0.215,0,-0.205001,0,0
-0.215,0,-0.205001,0,0
-0.215,0,-0.205001,0,0
-0.215,0,-0.205001,0,0
-0.215,0,-0.205001,0,0
-0.215,0,-0.205001,0,0
-0.215,0,-0.205001,0,0
-0.215,0,-0.205001,0,0
-0.215,0,-0.205001,0,0
-0.215,0,-0.205001,0,0
-0.215,0,-0.205001,0,0
-0.215,0,-0.205001,0,0
-0.215,0,-0.205001,0,0
-0.215,0,-0.205001,0,0
-0.215,0,-0.205001,0,0
-0.215,0,-0.205001,0,0
-0.215,0,-0.205001,0,0
-0.215,0,-0.205001,0,0
-0.215,0,-0.205001,0,0
-0.215,0,-0.205001,0,0
-0.215,0,-0.205001,0,0
-0.215,0,-0.205001,0,0
-0.215,0,-0.205001,0,0
-0.215,0,-0.205001,0,0
-0.215,0,-0.205001,0,0
-0.215,0,-0.205001,0,0
-0.215,0,-0.205001,0,0
-0.215,0,-0.205001,0,0
-0.215,0,-0.205001,0,0
-0.215,0,-0.205001,0,0
-0.215,0,-0.205001,0,0
-0.215,0,-0.205001,0,0
-0.215,0,-0.205001,0,0
-0.215,0,-0.205001,0,0
-0.215,0,-0.205001,0,0
-0.215,0,-0.205001,0,0
-0.215,0,-0.205001,0,0
-0.215,0,-0.205001,0,0
-0.215,0,-0.205001,0,0
-0.215,0,-0.205001,0,0
-0.215,0,-0.205001,0,0
-0.215,0,-0.205001,0,0
-0.215,0,-0.205001,0,0
-0.215,0,-0.205001,0,0
-0.215,0,-0.205001,0,0
-0.215,0,-0.205001,0,0
-0.215,0,-0.205001,0,0
-0.215,0,-0.205001,0,0
-0.215,0,-0.205001,0,0
-0.215,0,-0.205001,0,0
-0.215,0,-0.205001,0,0
-0.215,0,-0.205001,0,0
-0.215,0,-0.205001,0,0
-0.215,0,-0.205001,0,0
-0.215,0,-0.205001,0,0
-0.215,0,-0.205001,0,0
-0.215,0,-0.205001,0,0
-0.215,0,-0.205001,0,0
-0.215,0,-0.205001,0,0
-0.215,0,-0.205001,0,0
-0.215,0,-0.205001,0,0
-0.215,0,-0.205001,0,0
-0.215,0,-0.205001,0,0
-0.215,0,-0.205001,0,0
-0.215,0,-0.205001,0,0
-0.215,0,-0.205001,0,0
-0.215,0,-0.205001,0,0
-0.215,0,-0.205001,0,0
-0.215,0,-0.205001,0,0
-0.215,0,-0.205001,0,0
-0.215,0,-0.205001,0,0
-0.215,0,-0.205001,0,0
-0.215,0,-0.205001,0,0
-0.215,0,-0.205001,0,0
-0.215,0,-0.205001,0,0
-0.215,0,-0.205001,0,0
-0.215,0,-0.205001,0,0
-0.215,0,-0.205001,0,0
-0.215,0,-0.205001,0,0
-0.215,0,-0.205001,0,0
-0.215,0,-0.205001,0,0
-0.215,0,-0.205001,0,0
-0.215,0,-0.205001,0,0
-0.215,0,-0.205001,0,0
-0.215,0,-0.205001,0,0
-0.215,0,-0.205001,0,0
-0.215,0,-0.205001,0,0
-0.215,0,-0.205001,0,0
-0.215,0,-0.205001,0,0
-0.215,0,-0.205001,0,0
-0.215,0,-0.205001,0,0
-0.215,0,-0.205001,0,0
-0.215,0,-0.205001,0,0
-0.215,0,-0.205001,0,0
-0.215,0,-0.205001,0,0
-0.215,0,-0.205001,0,0
-0.215,0,-0.205001,0,0
-0.215,0,-0.205001,0,0
-0.215,0,-0.205001,0,0
-0.215,0,-0.205001,0,0
-0.215,0,-0.205033,0,0
-0.215,0,-0.205128,0,0
-0.215,0,-0.205281,0,0
-0.215,0,-0.205487,0,0
-0.215,0,-0.205741,0,0
-0.215,0,-0.206041,0,0
-0.215,0,-0.20638,0,0
-0.215,0,-0.206755,0,0
-0.215,0,-0.207161,0,0
-0.215,0,-0.207593,0,0
-0.215,0,-0.208048,0,0
-0.215,0,-0.20852,0,0
-0.215,0,-0.209006,0,0
-0.215,0,-0.209501,0,0
-0.215,0,-0.21,0,0
-0.215,0,-0.2105,0,0
-0.215,0,-0.210994,0,0
-0.215,0,-0.21148,0,0
-0.215,0,-0.211953,0,0
-0.215,0,-0.212407,0,0
-0.215,0,-0.21284,0,0
-0.215,0,-0.213246,0,0
-0.215,0,-0.213621,0,0
-0.215,0,-0.21396,0,0
-0.215,0,-0.214259,0,0
-0.215,0,-0.214514,0,0
-0.215,0,-0.21472,0,0
-0.215,0,-0.214872,0,0
-0.215,0,-0.214967,0,0
-0.215,0,-0.215,0,0
-0.215,0,-0.215,0,0
-0.215,0,-0.215,0,0
-0.215,0,-0.215,0,0
-0.215,0,-0.215,0,0
-0.215,0,-0.215,0,0
-0.215,0,-0.215,0,0
-0.215,0,-0.215,0,0
0.235,0.205793,0,0,0
0.235,0.205793,0,0,0
0.235,0.205793,0,0,0
0.235,0.205793,0,0,0
0.235,0.205793,0,0,0
0.235,0.205793,0,0,0
0.235,0.205793,0,0,0
0.27,0.205793,0,0,0
0.290166,0.206106,0,0,0
0.230073,0.206125,0,0.00712477,0
0.230183,0.206473,0,0.00514355,0
0.232641,0.207093,0,0.00145733,0
0.237566,0.208146,0,-0.00122974,0
0.250874,0.210481,0,-0.00398673,0
0.252855,0.212284,0,-0.00394431,0
0.256762,0.21476,0,-0.00340035,0
0.256822,0.216847,0,-0.00143855,0
0.254258,0.218394,0,0.000615822,0
0.250058,0.219282,0,0.00284337,0
0.244614,0.219458,0,0.00434396,0
0.239931,0.219468,0,0.00526343,0
0.238264,0.219963,0,0.00527047,0
0.236704,0.220824,0,0.00489653,0
0.235056,0.221484,0,0.00364203,0
0.233214,0.221858,0,0.00144641,0
0.231886,0.222356,0,-0.00186124,0
0.231367,0.223245,0,-0.00624063,0
0.231463,0.224492,0,-0.0112459,0
0.231273,0.225472,0,-0.0164429,0
0.231517,0.226725,0,-0.0215993,0
0.231548,0.227739,0,-0.0268414,0
0.231391,0.228499,0,-0.032228,0
0.23188,0.229744,0,-0.0370438,0
0.232524,0.232853,0,-0.0412202,0
0.233159,0.233482,0,-0.0442014,0
0.233891,0.233963,0,-0.0444822,0
0.234081,0.234281,0,-0.0423379,0
0.234372,0.234425,0,-0.0380518,0
0.236127,0.234432,0,-0.0333212,0
0.236127,0.234432,0,0,0
0.236127,0.234432,0,0,0
0.236127,0.234432,0,0,0
0.236127,0.234432,0,0,0
0.236127,0.234432,0,0,0
0.236127,0.234432,0,0,0
-0.245,0,-0.223899,0,0
-0.245,0,-0.223899,0,0
-0.245,0,-0.223899,0,0
-0.245,0,-0.223899,0,0
-0.245,0,-0.223899,0,0
-0.245,0,-0.223899,0,0
-0.245,0,-0.223899,0,0
-0.245,0,-0.223899,0,0
-0.245,0,-0.223968,0,0
-0.21,0,-0.223767,-0.00311156,0
-0.215675,0,-0.223708,0.00449873,0
-0.227428,0,-0.224048,0.0101321,0
-0.226355,0,-0.224062,0.0129367,0
-0.239867,0,-0.225422,0.0167569,0
-0.24148,0,-0.226184,0.0176178,0
-0.245468,0,-0.227453,0.0182884,0
-0.246846,0,-0.228593,0.0179851,0
-0.242607,0,-0.228522,0.0173626,0
-0.241133,0,-0.228932,0.0180645,0
-0.241199,0,-0.229761,0.0194079,0
-0.241577,0,-0.230743,0.0208837,0
-0.242228,0,-0.231898,0.0224774,0
-0.243002,0,-0.233188,0.0238585,0
-0.242207,0,-0.233716,0.0250404,0
-0.241769,0,-0.234368,0.0267021,0
-0.241915,0,-0.235334,0.0291211,0
-0.241471,0,-0.235891,0.0314733,0
-0.241088,0,-0.236613,0.0343035,0
-0.240531,0,-0.236921,0.0370058,0
-0.240236,0,-0.237354,0.0402214,0
-0.239393,0,-0.237242,0.0435196,0
-0.238963,0,-0.237384,0.0476735,0
-0.239062,0,-0.237928,0.0521052,0
-0.239237,0,-0.238316,0.0559757,0
-0.239549,0,-0.238637,0.0589055,0
-0.243846,0,-0.238869,0.0642001,0
-0.240778,0,-0.23901,0.0664472,0
-0.240945,0,-0.239062,0.0664472,0
-0.240945,0,-0.239062,0.066446,0
-0.240945,0,-0.239062,0,0
-0.240945,0,-0.239062,0,0
-0.240945,0,-0.239062,0,0
-0.240945,0,-0.239062,0,0
-0.240945,0,-0.239062,0,0
-0.240945,0,-0.239062,0,0
0.245,0.229948,0,0,0
0.245,0.229948,0,0,0
0.245,0.229948,0,0,0
0.245,0.229948,0,0,0
0.245,0.229948,0,0,0
0.245,0.229948,0,0,0
0.245,0.229948,0,0,0
0.245,0.229948,0,0,0
0.245,0.229974,0,0,0
0.21,0.229758,0,0.00431136,0
0.225037,0.229834,0,-0.00207065,0
0.23461,0.230146,0,-0.00638199,0
0.231578,0.230056,0,-0.00820205,0
0.245773,0.231457,0,-0.0114013,0
0.248084,0.232273,0,-0.0113817,0
0.247944,0.232913,0,-0.0108428,0
0.24438,0.2329,0,-0.0103494,0
0.247487,0.234282,0,-0.0110275,0
0.249167,0.235561,0,-0.0108745,0
0.246864,0.2357,0,-0.00999791,0
0.245819,0.236092,0,-0.00985402,0
0.244892,0.23647,0,-0.0104005,0
0.245122,0.237326,0,-0.0112871,0
0.246237,0.238682,0,-0.0123953,0
0.246875,0.239865,0,-0.0131004,0
0.246031,0.240156,0,-0.013209,0
0.244541,0.239906,0,-0.0138898,0
0.243353,0.239713,0,-0.0156984,0
0.242848,0.239911,0,-0.0189044,0
0.241062,0.238991,0,-0.0224437,0
0.240724,0.23913,0,-0.0282233,0
0.240279,0.239112,0,-0.0342825,0
0.240639,0.239764,0,-0.0414072,0
0.241003,0.243046,0,-0.0469958,0
0.24222,0.243351,0,-0.0504854,0
0.242719,0.243583,0,-0.0524764,0
0.24316,0.243737,0,-0.0513887,0
0.244396,0.243807,0,-0.0489591,0
0.246008,0.24381,0,-0.040874,0
0.246008,0.24381,0,0,0
0.246008,0.24381,0,0,0
0.246008,0.24381,0,0,0
0.246008,0.24381,0,0,0
0.246008,0.24381,0,0,0
0.246008,0.24381,0,0,0
-0.245,0,-0.235402,0,0
-0.245,0,-0.235402,0,0
-0.245,0,-0.235402,0,0
-0.245,0,-0.235402,0,0
-0.245,0,-0.235402,0,0
-0.245,0,-0.235402,0,0
-0.245,0,-0.235402,0,0
-0.245,0,-0.235402,0,0
-0.245,0,-0.235419,0,0
-0.21,0,-0.235162,-0.00506367,0
-0.218233,0,-0.235004,0.00216695,0
-0.221773,0,-0.234826,0.00731296,0
-0.226046,0,-0.234781,0.0116077,0
-0.239357,0,-0.235779,0.0155643,0
-0.240926,0,-0.23611,0.0167322,0
-0.243452,0,-0.236729,0.0174768,0
-0.242868,0,-0.236929,0.0177515,0
-0.242443,0,-0.237142,0.0181734,0
-0.243811,0,-0.237858,0.0189704,0
-0.244912,0,-0.238624,0.0194552,0
-0.245299,0,-0.239234,0.0195798,0
-0.244821,0,-0.239513,0.019653,0
-0.243312,0,-0.239248,0.0199853,0
-0.243381,0,-0.239681,0.0213235,0
-0.24316,0,-0.239957,0.0226809,0
-0.242573,0,-0.239954,0.0242388,0
-0.241806,0,-0.239772,0.0265082,0
-0.241467,0,-0.23982,0.0294978,0
-0.241143,0,-0.239836,0.0330556,0
-0.240512,0,-0.23956,0.0369884,0
-0.238801,0,-0.238329,0.0416193,0
-0.23845,0,-0.238133,0.0463649,0
-0.238607,0,-0.238482,0.051495,0
-0.243507,0,-0.238566,0.0574446,0
-0.240619,0,-0.238633,0.0603136,0
-0.241324,0,-0.238686,0.0603136,0
-0.241243,0,-0.238717,0.0625267,0
-0.242794,0,-0.238727,0.0612164,0
-0.245611,0,-0.238728,0.055348,0
-0.245611,0,-0.238728,0,0
-0.245611,0,-0.238728,0,0
-0.245611,0,-0.238728,0,0
-0.245611,0,-0.238728,0,0
-0.245611,0,-0.238728,0,0
-0.245611,0,-0.238728,0,0
0.245,0.22966,0,0,0
0.245,0.22966,0,0,0
0.245,0.22966,0,0,0
0.245,0.22966,0,0,0
0.245,0.22966,0,0,0
0.245,0.22966,0,0,0
0.245,0.22966,0,0,0
0.245,0.22966,0,0,0
0.245,0.229686,0,0,0
0.21,0.229473,0,0.00578995,0
0.218969,0.229412,0,-0.000874409,0
0.228515,0.229611,0,-0.00603501,0
0.232517,0.229849,0,-0.00903674,0
0.246275,0.231244,0,-0.012123,0
0.248978,0.232137,0,-0.0119906,0
0.249885,0.232992,0,-0.0111845,0
0.249646,0.233781,0,-0.0101475,0
0.249299,0.234766,0,-0.00925159,0
0.250351,0.235983,0,-0.00858707,0
0.249091,0.236556,0,-0.00768963,0
0.247336,0.236877,0,-0.00666438,0
0.24762,0.237891,0,-0.00607613,0
0.247521,0.238794,0,-0.00516872,0
0.247567,0.239651,0,-0.00430401,0
0.245872,0.239534,0,-0.00346898,0
0.24299,0.23851,0,-0.00324777,0
0.242259,0.238615,0,-0.00455238,0
0.241448,0.238514,0,-0.00657006,0
0.240876,0.238596,0,-0.00945594,0
0.236917,0.236018,0,-0.0134243,0
0.237481,0.23664,0,-0.0168486,0
0.243288,0.242057,0,-0.0245418,0
0.239148,0.238504,0,-0.0250279,0
0.239765,0.238747,0,-0.034864,0
0.240019,0.238968,0,-0.0378998,0
0.240981,0.239161,0,-0.04234,0
0.244705,0.239207,0,-0.0452366,0
0.244705,0.239207,0,-0.0337745,0
0.244705,0.239207,0,0,0
0.244705,0.239207,0,0,0
0.244705,0.239207,0,0,0
0.244705,0.239207,0,0,0
0.244705,0.239207,0,0,0
-0.245,0,-0.2334,0,0
-0.245,0,-0.2334,0,0
-0.245,0,-0.2334,0,0
-0.245,0,-0.2334,0,0
-0.245,0,-0.2334,0,0
-0.245,0,-0.2334,0,0
-0.245,0,-0.2334,0,0
-0.245,0,-0.2334,0,0
-0.245,0,-0.2334,0,0
-0.245,0,-0.23344,0,0
-0.230374,0,-0.23336,-0.00906435,0
-0.247932,0,-0.233823,-0.00598661,0
-0.242467,0,-0.233855,-0.00585491,0
-0.234061,0,-0.233451,-0.00566246,0
-0.233827,0,-0.233446,-0.00308682,0
-0.240563,0,-0.234422,-0.000846694,0
-0.252564,0,-0.236924,5.83192e-05,0
-0.257135,0,-0.238827,5.83192e-05,0
-0.25681,0,-0.239792,-0.00161104,0
-0.250228,0,-0.23878,-0.00346633,0
-0.241939,0,-0.2365,-0.00397736,0
-0.239848,0,-0.236055,-0.00136363,0
-0.234227,0,-0.233783,0.00241637,0
-0.235696,0,-0.234577,0.0065984,0
-0.236127,0,-0.234953,0.010553,0
-0.236407,0,-0.235258,0.0144359,0
-0.234533,0,-0.234146,0.01766,0
-0.232006,0,-0.232415,0.0227918,0
-0.229538,0,-0.230482,0.0299005,0
-0.228475,0,-0.229455,0.0387905,0
-0.229101,0,-0.229767,0.047374,0
-0.228751,0,-0.229145,0.0551526,0
-0.232231,0,-0.233679,0.0607617,0
-0.228218,0,-0.233694,0.0642267,0
-0.230591,0,-0.233696,0.0643116,0
-0.241627,0,-0.233697,0.0689607,0
-0.244546,0,-0.233697,0.0699949,0
-0.244546,0,-0.233697,0.0680411,0
-0.244546,0,-0.233697,0,0
-0.244546,0,-0.233697,0,0
-0.244546,0,-0.233697,0,0
-0.244546,0,-0.233697,0,0
-0.244546,0,-0.233697,0,0
-0.244546,0,-0.233697,0,0
0.245,0.226713,0,0,0
0.245,0.226713,0,0,0
0.245,0.226713,0,0,0
0.245,0.226713,0,0,0
0.245,0.226713,0,0,0
0.245,0.226713,0,0,0
0.245,0.226713,0,0,0
0.245,0.226719,0,0,0
0.245,0.226817,0,0,0
0.235401,0.226858,0,0.0420219,0
0.240222,0.227167,0,0.0390799,0
0.239634,0.227348,0,0.035955,0
0.232803,0.227168,0,0.0334231,0
0.236391,0.227727,0,0.0288401,0
0.246664,0.229306,0,0.0250439,0
0.251513,0.230847,0,0.0229405,0
0.257804,0.233156,0,0.0220177,0
0.260939,0.23527,0,0.0234363,0
0.261869,0.23709,0,0.025389,0
0.260281,0.238199,0,0.0281639,0
0.257122,0.238591,0,0.0306346,0
0.25617,0.239641,0,0.0321188,0
0.258878,0.242473,0,0.0331555,0
0.256643,0.242837,0,0.0358907,0
0.25566,0.243743,0,0.0376511,0
0.254043,0.244127,0,0.0393074,0
0.250729,0.243158,0,0.0403669,0
0.249096,0.243068,0,0.0388115,0
0.247799,0.243044,0,0.0360838,0
0.249849,0.245585,0,0.0317818,0
0.249668,0.246315,0,0.0305465,0
0.249326,0.246809,0,0.0290071,0
0.249819,0.247961,0,0.0264626,0
0.249842,0.248523,0,0.02745,0
0.250655,0.249024,0,0.0250121,0
0.24643,0.249404,0,0.0301131,0
0.244958,0.249654,0,0.0246573,0
0.241815,0.249762,0,0.0186046,0
0.244801,0.249766,0,0.00743571,0
0.244801,0.249766,0,0,0
0.244801,0.249766,0,0,0
0.244801,0.249766,0,0,0
0.244801,0.249766,0,0,0
0.244801,0.249766,0,0,0
0.244801,0.249766,0,0,0
-0.245,0,-0.237902,0,0
-0.245,0,-0.237902,0,0
-0.245,0,-0.237902,0,0
-0.245,0,-0.237902,0,0
-0.245,0,-0.237902,0,0
-0.245,0,-0.237902,0,0
-0.245,0,-0.237902,0,0
-0.245,0,-0.237902,0,0
-0.245,0,-0.237916,0,0
-0.21,0,-0.237621,-0.0262825,0
-0.215805,0,-0.237371,-0.0180736,0
-0.222413,0,-0.23723,-0.0113234,0
-0.227461,0,-0.237194,-0.00589287,0
-0.238663,0,-0.237975,-0.00132875,0
-0.245725,0,-0.238918,0.00107163,0
-0.249139,0,-0.239775,0.0018534,0
-0.253289,0,-0.241081,0.00172367,0
-0.251153,0,-0.241205,1.5294e-05,0
-0.249143,0,-0.24121,-0.000657227,0
-0.245786,0,-0.240592,-0.000964527,0
-0.242907,0,-0.239852,-5.94871e-05,0
-0.241328,0,-0.239405,0.00206885,0
-0.240867,0,-0.239351,0.0051072,0
-0.240363,0,-0.239228,0.00850157,0
-0.241023,0,-0.239738,0.0122575,0
-0.241409,0,-0.240136,0.0158389,0
-0.242103,0,-0.240778,0.0196356,0
-0.242388,0,-0.24118,0.0228525,0
-0.242888,0,-0.241764,0.0258499,0
-0.243562,0,-0.242518,0.0286024,0
-0.243805,0,-0.242942,0.0304285,0
-0.243767,0,-0.243114,0.0320451,0
-0.244647,0,-0.244105,0.0339574,0
-0.245158,0,-0.245411,0.0335603,0
-0.246027,0,-0.245584,0.0323777,0
-0.246762,0,-0.245714,0.0283341,0
-0.246701,0,-0.2458,0.0216996,0
-0.245737,0,-0.245838,0.0139408,0
-0.246732,0,-0.245839,0.00730697,0
-0.246732,0,-0.245839,0,0
-0.246732,0,-0.245839,0,0
-0.246732,0,-0.245839,0,0
-0.246732,0,-0.245839,0,0
-0.246732,0,-0.245839,0,0
-0.246732,0,-0.245839,0,0
0.245,0.232847,0,0,0
0.245,0.232847,0,0,0
0.245,0.232847,0,0,0
0.245,0.232847,0,0,0
0.245,0.232847,0,0,0
0.245,0.232847,0,0,0
0.245,0.232847,0,0,0
0.245,0.232847,0,0,0
0.245,0.232871,0,0,0
0.21,0.232618,0,0.0039738,0
0.216102,0.232445,0,-0.00309381,0
0.2266,0.232576,0,-0.00857262,0
0.232082,0.232795,0,-0.0118255,0
0.240974,0.233634,0,-0.014519,0
0.243261,0.2342,0,-0.0150014,0
0.244977,0.234869,0,-0.0151446,0
0.244276,0.235208,0,-0.0150918,0
0.241218,0.234934,0,-0.0150711,0
0.241282,0.23533,0,-0.0162675,0
0.240371,0.235414,0,-0.0176076,0
0.241294,0.236138,0,-0.0193301,0
0.241731,0.236746,0,-0.0209054,0
0.238837,0.235775,0,-0.0224494,0
0.238695,0.235997,0,-0.0257194,0
0.237837,0.235783,0,-0.0288998,0
0.237237,0.235702,0,-0.033018,0
0.237803,0.236304,0,-0.0370731,0
0.238209,0.236831,0,-0.040984,0
0.238376,0.237187,0,-0.0481725,0
0.238264,0.237319,0,-0.0481725,0
0.237747,0.23708,0,-0.0518108,0
0.23816,0.237616,0,-0.0553459,0
0.238813,0.238654,0,-0.0589174,0
0.239429,0.238813,0,-0.0616838,0
0.239362,0.23894,0,-0.0620846,0
0.240301,0.239034,0,-0.0645606,0
0.240486,0.239091,0,-0.0660529,0
0.241365,0.23911,0,-0.0671485,0
0.241365,0.23911,0,-0.0685239,0
0.241365,0.23911,0,0,0
0.241365,0.23911,0,0,0
0.241365,0.23911,0,0,0
0.241365,0.23911,0,0,0
0.241365,0.23911,0,0,0
0.241365,0.23911,0,0,0
-0.245,0,-0.229864,0,0
-0.245,0,-0.229864,0,0
-0.245,0,-0.229864,0,0
-0.245,0,-0.229864,0,0
-0.245,0,-0.229864,0,0
-0.245,0,-0.229864,0,0
-0.245,0,-0.229864,0,0
-0.245,0,-0.229864,0,0
-0.28,0,-0.23,0,0
-0.21,0,-0.229664,0.00178525,0
-0.228706,0,-0.229836,0.00790166,0
-0.23641,0,-0.230149,0.0110744,0
-0.237134,0,-0.230358,0.0122319,0
-0.242741,0,-0.231112,0.0140412,0
-0.237644,0,-0.230875,0.0142126,0
-0.238443,0,-0.231294,0.0156037,0
-0.237969,0,-0.231538,0.0171302,0
-0.238422,0,-0.231997,0.0189477,0
-0.239874,0,-0.23281,0.0206981,0
-0.239977,0,-0.233315,0.0222651,0
-0.240838,0,-0.234139,0.0238836,0
-0.240819,0,-0.234672,0.0253766,0
-0.240892,0,-0.235254,0.0269162,0
-0.241821,0,-0.236305,0.0287696,0
-0.242087,0,-0.237055,0.0302794,0
-0.241551,0,-0.237451,0.0317891,0
-0.240875,0,-0.237532,0.0334238,0
-0.241001,0,-0.238126,0.0354054,0
-0.241153,0,-0.238726,0.0379812,0
-0.240046,0,-0.23827,0.040211,0
-0.238633,0,-0.237432,0.0477252,0
-0.238105,0,-0.237255,0.0477252,0
-0.238376,0,-0.237897,0.0570038,0
-0.238943,0,-0.238117,0.0581035,0
-0.239512,0,-0.238299,0.0581035,0
-0.243431,0,-0.238428,0.0636256,0
-0.239913,0,-0.238508,0.0636256,0
-0.240977,0,-0.238532,0.0654022,0
-0.24461,0,-0.238534,0.0627514,0
-0.24461,0,-0.238534,0,0
-0.24461,0,-0.238534,0,0
-0.24461,0,-0.238534,0,0
-0.24461,0,-0.238534,0,0
-0.24461,0,-0.238534,0,0
-0.24461,0,-0.238534,0,0
0.245,0.230952,0,0,0
0.245,0.230952,0,0,0
0.245,0.230952,0,0,0
0.245,0.230952,0,0,0
0.245,0.230952,0,0,0
0.245,0.230952,0,0,0
0.245,0.230952,0,0,0
0.245,0.230952,0,0,0
0.245,0.23098,0,0,0
0.21,0.230742,0,0.00134812,0
0.222262,0.230744,0,-0.0045498,0
0.232668,0.231027,0,-0.00893241,0
0.234127,0.231168,0,-0.0108814,0
0.242683,0.232089,0,-0.0130561,0
0.240235,0.232159,0,-0.0136198,0
0.24237,0.232855,0,-0.0146386,0
0.242848,0.23341,0,-0.0152816,0
0.24289,0.233929,0,-0.0157935,0
0.24433,0.23489,0,-0.0164037,0
0.245567,0.235939,0,-0.0168322,0
0.245587,0.236654,0,-0.0167954,0
0.244348,0.236831,0,-0.0167963,0
0.243089,0.236884,0,-0.0172503,0
0.242638,0.237248,0,-0.0187423,0
0.241291,0.237035,0,-0.0203896,0
0.240662,0.237139,0,-0.0230924,0
0.240565,0.237535,0,-0.026543,0
0.240201,0.23771,0,-0.0302097,0
0.239598,0.237649,0,-0.0344238,0
0.238099,0.236859,0,-0.039116,0
0.237014,0.236189,0,-0.0439381,0
0.237057,0.236431,0,-0.0494047,0
0.238259,0.237836,0,-0.0547231,0
0.239003,0.238023,0,-0.0586291,0
0.240034,0.238174,0,-0.0597111,0
0.240701,0.238285,0,-0.0617491,0
0.241382,0.238354,0,-0.0635701,0
0.242805,0.238374,0,-0.0640676,0
0.245328,0.238375,0,-0.0574611,0
0.245328,0.238375,0,0,0
0.245328,0.238375,0,0,0
0.245328,0.238375,0,0,0
0.245328,0.238375,0,0,0
0.245328,0.238375,0,0,0
0.245328,0.238375,0,0,0
-0.245,0,-0.229711,0,0
-0.245,0,-0.229711,0,0
-0.245,0,-0.229711,0,0
-0.245,0,-0.229711,0,0
-0.245,0,-0.229711,0,0
-0.245,0,-0.229711,0,0
-0.245,0,-0.229711,0,0
-0.245,0,-0.229711,0,0
-0.28,0,-0.229839,0,0
-0.21,0,-0.229514,0.00317435,0
-0.216291,0,-0.229389,0.0107591,0
-0.225771,0,-0.229541,0.0157335,0
-0.22664,0,-0.229503,0.0184696,0
-0.239632,0,-0.230673,0.0216884,0
-0.24004,0,-0.231054,0.0223997,0
-0.238991,0,-0.231258,0.0228871,0
-0.239732,0,-0.231782,0.0237435,0
-0.239595,0,-0.232285,0.0246324,0
-0.240729,0,-0.233082,0.0256293,0
-0.241474,0,-0.233866,0.0264276,0
-0.242754,0,-0.234968,0.0278919,0
-0.240633,0,-0.234641,0.029157,0
-0.240721,0,-0.23523,0.0306575,0
-0.24133,0,-0.236115,0.0320469,0
-0.241365,0,-0.236711,0.0320469,0
-0.241108,0,-0.23711,0.0335563,0
-0.240849,0,-0.237468,0.035359,0
-0.24038,0,-0.237626,0.0375073,0
-0.239667,0,-0.237527,0.0399939,0
-0.238986,0,-0.237368,0.046766,0
-0.237948,0,-0.236827,0.046766,0
-0.237567,0,-0.236756,0.055657,0
-0.237788,0,-0.237405,0.0596494,0
-0.238643,0,-0.237616,0.0596494,0
-0.239168,0,-0.237789,0.0610002,0
-0.240173,0,-0.237911,0.0652565,0
-0.240149,0,-0.237989,0.0671629,0
-0.240478,0,-0.238014,0.0671629,0
-0.240478,0,-0.238014,0.0678925,0
-0.240478,0,-0.238014,0,0
-0.240478,0,-0.238014,0,0
-0.240478,0,-0.238014,0,0
-0.240478,0,-0.238014,0,0
-0.240478,0,-0.238014,0,0
-0.240478,0,-0.238014,0,0
0.245,0.229685,0,0,0
0.245,0.229685,0,0,0
0.245,0.229685,0,0,0
0.245,0.229685,0,0,0
0.245,0.229685,0,0,0
0.245,0.229685,0,0,0
0.245,0.229685,0,0,0
0.245,0.229685,0,0,0
0.245,0.229715,0,0,0
0.21,0.229488,0,-0.00146287,0
0.220901,0.229474,0,-0.00783976,0
0.232357,0.229801,0,-0.0121991,0
0.232187,0.229855,0,-0.0143053,0
0.240279,0.230712,0,-0.0167469,0
0.236757,0.230604,0,-0.0174646,0
0.237938,0.231061,0,-0.018939,0
0.239341,0.23168,0,-0.020383,0
0.240301,0.232332,0,-0.0215571,0
0.242212,0.233372,0,-0.022693,0
0.243678,0.23446,0,-0.0233207,0
0.244673,0.235524,0,-0.023538,0
0.244794,0.236316,0,-0.0234159,0
0.245514,0.237422,0,-0.0234442,0
0.245414,0.238159,0,-0.0231159,0
0.245745,0.239134,0,-0.0231761,0
0.24509,0.239501,0,-0.0229217,0
0.244319,0.239706,0,-0.0232203,0
0.243651,0.23989,0,-0.024267,0
0.24287,0.239896,0,-0.026001,0
0.242402,0.240058,0,-0.028452,0
0.241348,0.239645,0,-0.031608,0
0.240273,0.239094,0,-0.0358101,0
0.240589,0.239712,0,-0.0419518,0
0.24128,0.243166,0,-0.0472522,0
0.242062,0.243476,0,-0.0498758,0
0.242211,0.243711,0,-0.0511999,0
0.242449,0.243865,0,-0.0506659,0
0.24393,0.243932,0,-0.049562,0
0.245742,0.243935,0,-0.0414134,0
0.245742,0.243935,0,0,0
0.245742,0.243935,0,0,0
0.245742,0.243935,0,0,0
0.245742,0.243935,0,0,0
0.245742,0.243935,0,0,0
0.245742,0.243935,0,0,0
-0.245,0,-0.235583,0,0
-0.245,0,-0.235583,0,0
-0.245,0,-0.235583,0,0
-0.245,0,-0.235583,0,0
-0.245,0,-0.235583,0,0
-0.245,0,-0.235583,0,0
-0.245,0,-0.235583,0,0
-0.245,0,-0.235583,0,0
-0.28,0,-0.235707,0,0
-0.21,0,-0.235327,0.00329302,0
-0.217502,0,-0.235149,0.01053,0
-0.223962,0,-0.235079,0.0152527,0
-0.229556,0,-0.235175,0.018529,0
-0.239714,0,-0.235983,0.0214226,0
-0.239087,0,-0.236038,0.0220653,0
-0.237327,0,-0.235874,0.022711,0
-0.238013,0,-0.23611,0.023975,0
-0.239341,0,-0.236561,0.0252715,0
-0.240375,0,-0.237049,0.0261897,0
-0.24187,0,-0.237804,0.0271384,0
-0.242648,0,-0.238413,0.0277051,0
-0.241957,0,-0.23846,0.0280832,0
-0.241601,0,-0.2386,0.0291319,0
-0.243141,0,-0.239749,0.0306605,0
-0.242442,0,-0.239703,0.0311033,0
-0.241283,0,-0.239283,0.0319501,0
-0.240837,0,-0.239242,0.0337114,0
-0.24077,0,-0.239431,0.0360855,0
-0.240294,0,-0.239282,0.0384906,0
-0.239254,0,-0.238614,0.041367,0
-0.237753,0,-0.237456,0.0450007,0
-0.237797,0,-0.237569,0.0495947,0
-0.237936,0,-0.237991,0.0543254,0
-0.238734,0,-0.238057,0.0586845,0
-0.239265,0,-0.23811,0.0599713,0
-0.240327,0,-0.238149,0.0628991,0
-0.240506,0,-0.238174,0.0647428,0
-0.241413,0,-0.238182,0.0667442,0
-0.241413,0,-0.238182,0.0649063,0
-0.241413,0,-0.238182,0,0
-0.241413,0,-0.238182,0,0
-0.241413,0,-0.238182,0,0
-0.241413,0,-0.238182,0,0
-0.241413,0,-0.238182,0,0
-0.241413,0,-0.238182,0,0
0.245,0.22933,0,0,0
0.245,0.22933,0,0,0
0.245,0.22933,0,0,0
0.245,0.22933,0,0,0
0.245,0.22933,0,0,0
0.245,0.22933,0,0,0
0.245,0.22933,0,0,0
0.245,0.22933,0,0,0
0.245,0.22936,0,0,0
0.21,0.229136,0,-0.000489889,0
0.219237,0.229087,0,-0.00718507,0
0.231117,0.229407,0,-0.0118411,0
0.233412,0.229607,0,-0.0139563,0
0.241164,0.230476,0,-0.016366,0
0.238682,0.230545,0,-0.016842,0
0.23943,0.231013,0,-0.0179312,0
0.242582,0.232068,0,-0.0191191,0
0.242088,0.23251,0,-0.0194857,0
0.243021,0.233359,0,-0.0200648,0
0.244542,0.234521,0,-0.0205708,0
0.245276,0.235542,0,-0.0207029,0
0.245074,0.23624,0,-0.02049,0
0.244442,0.236716,0,-0.0205994,0
0.243348,0.236882,0,-0.0210403,0
0.241997,0.236782,0,-0.0222264,0
0.241602,0.237149,0,-0.0243916,0
0.241596,0.237729,0,-0.0271551,0
0.239901,0.237054,0,-0.0299314,0
0.240508,0.237987,0,-0.0346122,0
0.239578,0.23779,0,-0.0385927,0
0.238393,0.237151,0,-0.0426108,0
0.23732,0.236496,0,-0.0468036,0
0.237935,0.237436,0,-0.0521644,0
0.238976,0.237658,0,-0.0572336,0
0.239585,0.237837,0,-0.0583056,0
0.240105,0.237969,0,-0.060984,0
0.240235,0.238051,0,-0.0634683,0
0.241111,0.238077,0,-0.0654044,0
0.244741,0.238078,0,-0.062469,0
0.244741,0.238078,0,0,0
0.244741,0.238078,0,0,0
0.244741,0.238078,0,0,0
0.244741,0.238078,0,0,0
0.244741,0.238078,0,0,0
0.244741,0.238078,0,0,0
-0.245,0,-0.230337,0,0
-0.245,0,-0.230337,0,0
-0.245,0,-0.230337,0,0
-0.245,0,-0.230337,0,0
-0.245,0,-0.230337,0,0
-0.245,0,-0.230337,0,0
-0.245,0,-0.230337,0,0
-0.245,0,-0.230337,0,0
-0.28,0,-0.230469,0,0
-0.21,0,-0.230134,0.00217684,0
-0.211535,0,-0.229886,0.010507,0
-0.220102,0,-0.229893,0.0161531,0
-0.223511,0,-0.229875,0.0198719,0
-0.235498,0,-0.230878,0.0236204,0
-0.235988,0,-0.231122,0.0246103,0
-0.235699,0,-0.231283,0.0257512,0
-0.234858,0,-0.231316,0.026952,0
-0.235011,0,-0.231551,0.0285187,0
-0.236773,0,-0.232306,0.0304812,0
-0.236589,0,-0.232545,0.0321532,0
-0.237552,0,-0.233236,0.0334472,0
-0.23919,0,-0.234333,0.0355385,0
-0.239245,0,-0.234803,0.0368423,0
-0.23878,0,-0.234991,0.03839,0
-0.238468,0,-0.235221,0.040161,0
-0.238775,0,-0.235815,0.0425313,0
-0.238347,0,-0.235906,0.0448693,0
-0.238047,0,-0.236048,0.0504756,0
-0.23716,0,-0.235686,0.0540195,0
-0.236633,0,-0.235535,0.0540195,0
-0.235787,0,-0.235033,0.057717,0
-0.23564,0,-0.235086,0.0615629,0
-0.235615,0,-0.235221,0.0648984,0
-0.236987,0,-0.235356,0.067719,0
-0.237214,0,-0.235467,0.0689769,0
-0.238011,0,-0.235548,0.0698208,0
-0.239124,0,-0.235597,0.0700133,0
-0.239682,0,-0.235615,0.0700187,0
-0.239682,0,-0.235615,0.0700255,0
-0.239682,0,-0.235615,0,0
-0.239682,0,-0.235615,0,0
-0.239682,0,-0.235615,0,0
-0.239682,0,-0.235615,0,0
-0.239682,0,-0.235615,0,0
-0.239682,0,-0.235615,0,0
0.245,0.227144,0,0,0
0.245,0.227144,0,0,0
0.245,0.227144,0,0,0
0.245,0.227144,0,0,0
0.245,0.227144,0,0,0
0.245,0.227144,0,0,0
0.245,0.227175,0,0,0
0.21,0.226981,0,0.0317887,0
0.215492,0.226874,0,0.024219,0
0.223503,0.22699,0,0.0170054,0
0.22506,0.227005,0,0.0118461,0
0.240009,0.228371,0,0.00609071,0
0.241439,0.228977,0,0.00376663,0
0.247715,0.230533,0,0.00175062,0
0.25292,0.232416,0,0.00117598,0
0.252893,0.233507,0,0.00217038,0
0.251699,0.234315,0,0.0032042,0
0.249796,0.234819,0,0.00391981,0
0.250175,0.23606,0,0.00403903,0
0.251529,0.237786,0,0.00420681,0
0.251058,0.238772,0,0.00514042,0
0.24887,0.238794,0,0.00597541,0
0.243899,0.23696,0,0.00584317,0
0.243364,0.23744,0,0.00360513,0
0.243771,0.238491,0,-0.00047105,0
0.24416,0.239539,0,-0.00445333,0
0.242767,0.239211,0,-0.00781897,0
0.241643,0.238942,0,-0.012623,0
0.241374,0.239269,0,-0.0185601,0
0.241204,0.239616,0,-0.025255,0
0.241096,0.239953,0,-0.0319846,0
0.241131,0.2432,0,-0.0380898,0
0.242471,0.243573,0,-0.0437268,0
0.243095,0.243858,0,-0.0462154,0
0.243915,0.244047,0,-0.0453419,0
0.246031,0.244132,0,-0.0422078,0
0.246648,0.244136,0,-0.0306786,0
0.246648,0.244136,0,0,0
0.246648,0.244136,0,0,0
0.246648,0.244136,0,0,0
0.246648,0.244136,0,0,0
0.246648,0.244136,0,0,0
0.246648,0.244136,0,0,0
-0.245,0,-0.234477,0,0
-0.245,0,-0.234477,0,0
-0.245,0,-0.234477,0,0
-0.245,0,-0.234477,0,0
-0.245,0,-0.234477,0,0
-0.245,0,-0.234477,0,0
-0.245,0,-0.234477,0,0
-0.245,0,-0.234477,0,0
-0.28,0,-0.234574,0,0
-0.21,0,-0.234245,0.00525622,0
-0.210059,0,-0.233911,0.0138121,0
-0.225248,0,-0.234086,0.0198172,0
-0.228048,0,-0.234006,0.0225732,0
-0.241715,0,-0.235224,0.0255215,0
-0.242548,0,-0.235583,0.0254307,0
-0.244045,0,-0.236146,0.0253691,0
-0.24279,0,-0.236264,0.0250706,0
-0.241093,0,-0.236185,0.0249451,0
-0.24138,0,-0.236572,0.0255456,0
-0.242211,0,-0.23719,0.026255,0
-0.242766,0,-0.237787,0.0268569,0
-0.243822,0,-0.238671,0.0274462,0
-0.244472,0,-0.239462,0.0278472,0
-0.244928,0,-0.240211,0.0280141,0
-0.244834,0,-0.240545,0.0281048,0
-0.244553,0,-0.240873,0.028409,0
-0.243677,0,-0.240755,0.0288821,0
-0.243307,0,-0.240909,0.0302798,0
-0.242757,0,-0.240872,0.0321119,0
-0.242147,0,-0.240718,0.0347461,0
-0.24197,0,-0.240861,0.0379506,0
-0.242057,0,-0.241201,0.0414695,0
-0.241813,0,-0.241264,0.0448749,0
-0.242322,0,-0.241408,0.0473469,0
-0.242243,0,-0.24157,0.0490857,0
-0.243128,0,-0.241693,0.0509674,0
-0.243889,0,-0.241774,0.0498592,0
-0.243975,0,-0.241811,0.0453405,0
-0.245728,0,-0.241813,0.0389209,0
-0.245728,0,-0.241813,0,0
-0.245728,0,-0.241813,0,0
-0.245728,0,-0.241813,0,0
-0.245728,0,-0.241813,0,0
-0.245728,0,-0.241813,0,0
-0.245728,0,-0.241813,0,0
0.245,0.232342,0,0,0
0.245,0.232342,0,0,0
0.245,0.232342,0,0,0
0.245,0.232342,0,0,0
0.245,0.232342,0,0,0
0.245,0.232342,0,0,0
0.245,0.232342,0,0,0
0.245,0.232342,0,0,0
0.245,0.232364,0,0,0
0.21,0.23213,0,0.0128654,0
0.21413,0.23192,0,0.00382705,0
0.225314,0.232045,0,-0.00233115,0
0.232071,0.232324,0,-0.00633,0
0.2417,0.233234,0,-0.00944171,0
0.24138,0.233501,0,-0.0103724,0
0.243605,0.234198,0,-0.0113555,0
0.243956,0.234718,0,-0.0121123,0
0.243638,0.235133,0,-0.0126399,0
0.243744,0.235672,0,-0.0134191,0
0.241407,0.235414,0,-0.0141493,0
0.241753,0.235985,0,-0.015802,0
0.244062,0.237457,0,-0.0176153,0
0.242782,0.237419,0,-0.0187501,0
0.242955,0.238033,0,-0.0204671,0
0.242182,0.238107,0,-0.0222075,0
0.241575,0.238202,0,-0.0244811,0
0.241448,0.238556,0,-0.0274585,0
0.241432,0.238963,0,-0.0308156,0
0.24099,0.239022,0,-0.0342717,0
0.241013,0.239397,0,-0.0384032,0
0.238984,0.238062,0,-0.0423316,0
0.238616,0.237958,0,-0.0467783,0
0.238442,0.237986,0,-0.0517483,0
0.239128,0.238142,0,-0.0567886,0
0.239775,0.238268,0,-0.0601055,0
0.240348,0.238362,0,-0.0629816,0
0.240993,0.238421,0,-0.0654736,0
0.240982,0.238442,0,-0.0676893,0
0.240982,0.238442,0,-0.0646517,0
0.240982,0.238442,0,0,0
0.240982,0.238442,0,0,0
0.240982,0.238442,0,0,0
0.240982,0.238442,0,0,0
0.240982,0.238442,0,0,0
0.240982,0.238442,0,0,0
-0.245,0,-0.230801,0,0
-0.245,0,-0.230801,0,0
-0.245,0,-0.230801,0,0
-0.245,0,-0.230801,0,0
-0.245,0,-0.230801,0,0
-0.245,0,-0.230801,0,0
-0.245,0,-0.230801,0,0
-0.245,0,-0.230801,0,0
-0.245,0,-0.230825,0,0
-0.21,0,-0.230603,-0.00241616,0
-0.21,0,-0.230318,0.00535052,0
-0.223873,0,-0.230508,0.0117589,0
-0.224559,0,-0.230386,0.0151877,0
-0.236633,0,-0.231357,0.0192541,0
-0.238365,0,-0.23177,0.0206229,0
-0.242829,0,-0.232782,0.0215186,0
-0.242937,0,-0.233283,0.0218182,0
-0.241853,0,-0.233532,0.0219479,0
-0.241719,0,-0.233989,0.022671,0
-0.242121,0,-0.234636,0.0236569,0
-0.243857,0,-0.235855,0.0245695,0
-0.245532,0,-0.237229,0.0250099,0
-0.24601,0,-0.238196,0.0247958,0
-0.245359,0,-0.238607,0.024344,0
-0.245159,0,-0.239213,0.0244497,0
-0.24448,0,-0.239484,0.0247424,0
-0.243968,0,-0.239786,0.0257007,0
-0.242204,0,-0.239107,0.027147,0
-0.24215,0,-0.239566,0.0304216,0
-0.241617,0,-0.239602,0.0337157,0
-0.240618,0,-0.239166,0.0377213,0
-0.238298,0,-0.237513,0.0425509,0
-0.238411,0,-0.237842,0.0479198,0
-0.239085,0,-0.238037,0.0535821,0
-0.239771,0,-0.238194,0.0576236,0
-0.240626,0,-0.238311,0.0607567,0
-0.240984,0,-0.238385,0.0632474,0
-0.242467,0,-0.238409,0.0654766,0
-0.245785,0,-0.238411,0.0605916,0
-0.245785,0,-0.238411,0,0
-0.245785,0,-0.238411,0,0
-0.245785,0,-0.238411,0,0
-0.245785,0,-0.238411,0,0
-0.245785,0,-0.238411,0,0
-0.245785,0,-0.238411,0,0
0.245,0.230347,0,0,0
0.245,0.230347,0,0,0
0.245,0.230347,0,0,0
0.245,0.230347,0,0,0
0.245,0.230347,0,0,0
0.245,0.230347,0,0,0
0.245,0.230347,0,0,0
0.245,0.230347,0,0,0
0.245,0.230372,0,0,0
0.21,0.230154,0,0.00815268,0
0.211528,0.229911,0,0.000510622,0
0.224369,0.230094,0,-0.00581172,0
0.226073,0.230063,0,-0.00954441,0
0.240371,0.231303,0,-0.0136096,0
0.244716,0.232189,0,-0.0146862,0
0.245807,0.232894,0,-0.0147124,0
0.245877,0.233524,0,-0.0145586,0
0.245406,0.234068,0,-0.0143727,0
0.245626,0.234809,0,-0.0144901,0
0.245702,0.23555,0,-0.0146254,0
0.246081,0.236438,0,-0.0148084,0
0.2482,0.238138,0,-0.0150732,0
0.24875,0.239295,0,-0.0142605,0
0.247352,0.239466,0,-0.0133114,0
0.245801,0.239401,0,-0.0129604,0
0.245225,0.239791,0,-0.0136597,0
0.243975,0.239647,0,-0.0150854,0
0.24305,0.2396,0,-0.0173389,0
0.24202,0.239362,0,-0.0204816,0
0.241415,0.239353,0,-0.0248176,0
0.240495,0.238994,0,-0.029978,0
0.240293,0.23917,0,-0.0361228,0
0.239829,0.239053,0,-0.0422904,0
0.23934,0.242843,0,-0.0495578,0
0.240414,0.243115,0,-0.054102,0
0.240185,0.243318,0,-0.0576088,0
0.241708,0.24342,0,-0.059153,0
0.243032,0.243486,0,-0.0587943,0
0.245519,0.243489,0,-0.0536521,0
0.245519,0.243489,0,0,0
0.245519,0.243489,0,0,0
0.245519,0.243489,0,0,0
0.245519,0.243489,0,0,0
0.245519,0.243489,0,0,0
0.245519,0.243489,0,0,0
-0.245,0,-0.235165,0,0
-0.245,0,-0.235165,0,0
-0.245,0,-0.235165,0,0
-0.245,0,-0.235165,0,0
-0.245,0,-0.235165,0,0
-0.245,0,-0.235165,0,0
-0.245,0,-0.235165,0,0
-0.245,0,-0.235165,0,0
-0.245,0,-0.235182,0,0
-0.21,0,-0.234927,-0.00404095,0
-0.21,0,-0.234582,0.0040715,0
-0.221047,0,-0.234568,0.0105066,0
-0.225244,0,-0.234507,0.0144965,0
-0.239922,0,-0.235619,0.018405,0
-0.24025,0,-0.235818,0.0191117,0
-0.245229,0,-0.236824,0.0199692,0
-0.244817,0,-0.23714,0.019711,0
-0.242433,0,-0.236961,0.0194008,0
-0.243246,0,-0.237525,0.0200675,0
-0.244288,0,-0.238257,0.0206636,0
-0.245311,0,-0.239093,0.020962,0
-0.246792,0,-0.240239,0.0211364,0
-0.246399,0,-0.240628,0.0205724,0
-0.245205,0,-0.240549,0.0201921,0
-0.244353,0,-0.240548,0.0206361,0
-0.243656,0,-0.240555,0.0216687,0
-0.243608,0,-0.240927,0.0234396,0
-0.243045,0,-0.240905,0.0253791,0
-0.242675,0,-0.240965,0.0278858,0
-0.242075,0,-0.240788,0.0309525,0
-0.240703,0,-0.239884,0.0344254,0
-0.240132,0,-0.239571,0.0396887,0
-0.23925,0,-0.238945,0.0461296,0
-0.239692,0,-0.239049,0.050886,0
-0.24043,0,-0.239134,0.0546149,0
-0.241102,0,-0.239197,0.0582909,0
-0.242495,0,-0.239228,0.0589669,0
-0.244119,0,-0.239249,0.0565064,0
-0.245851,0,-0.23925,0.0479103,0
-0.245851,0,-0.23925,0,0
-0.245851,0,-0.23925,0,0
-0.245851,0,-0.23925,0,0
-0.245851,0,-0.23925,0,0
-0.245851,0,-0.23925,0,0
-0.245851,0,-0.23925,0,0
0.245,0.231871,0,0,0
0.245,0.231871,0,0,0
0.245,0.231871,0,0,0
0.245,0.231871,0,0,0
0.245,0.231871,0,0,0
0.245,0.231871,0,0,0
0.245,0.231871,0,0,0
0.245,0.231871,0,0,0
0.245,0.231894,0,0,0
0.21,0.231664,0,0.00827043,0
0.211648,0.231402,0,0.000350327,0
0.221612,0.231437,0,-0.00608666,0
0.222569,0.231253,0,-0.0101361,0
0.23885,0.232537,0,-0.0148711,0
0.242675,0.233256,0,-0.0160566,0
0.246414,0.234267,0,-0.01655,0
0.245708,0.234702,0,-0.0161603,0
0.243326,0.234702,0,-0.0159122,0
0.244241,0.235484,0,-0.0165277,0
0.24425,0.236066,0,-0.0169411,0
0.245794,0.237261,0,-0.0174596,0
0.247691,0.238775,0,-0.0176914,0
0.248048,0.239737,0,-0.0170049,0
0.246872,0.239915,0,-0.0161256,0
0.244988,0.239556,0,-0.0158573,0
0.244246,0.239726,0,-0.0169242,0
0.243835,0.240035,0,-0.0186165,0
0.243029,0.239999,0,-0.0208387,0
0.241915,0.239629,0,-0.023782,0
0.240992,0.239293,0,-0.0278281,0
0.239598,0.238455,0,-0.0329832,0
0.239367,0.23852,0,-0.0399561,0
0.238453,0.237961,0,-0.0469892,0
0.238875,0.238129,0,-0.0525008,0
0.239595,0.238265,0,-0.0563681,0
0.240937,0.238367,0,-0.0602942,0
0.241585,0.23843,0,-0.0629308,0
0.242986,0.238451,0,-0.0619643,0
0.245623,0.238453,0,-0.055892,0
0.245623,0.238453,0,0,0
0.245623,0.238453,0,0,0
0.245623,0.238453,0,0,0
0.245623,0.238453,0,0,0
0.245623,0.238453,0,0,0
0.245623,0.238453,0,0,0
-0.245,0,-0.231398,0,0
-0.245,0,-0.231398,0,0
-0.245,0,-0.231398,0,0
-0.245,0,-0.231398,0,0
-0.245,0,-0.231398,0,0
-0.245,0,-0.231398,0,0
-0.245,0,-0.231398,0,0
-0.245,0,-0.231398,0,0
-0.245,0,-0.231421,0,0
-0.21,0,-0.231195,-0.00110125,0
-0.21,0,-0.230902,0.00648068,0
-0.223285,0,-0.231054,0.0128402,0
-0.225389,0,-0.230999,0.016319,0
-0.238804,0,-0.232104,0.020149,0
-0.242587,0,-0.232832,0.0210728,0
-0.246681,0,-0.233916,0.0212586,0
-0.246891,0,-0.234567,0.0204112,0
-0.245947,0,-0.234993,0.0196312,0
-0.24657,0,-0.235829,0.0192631,0
-0.2474,0,-0.23682,0.0187964,0
-0.248323,0,-0.23795,0.018073,0
-0.248591,0,-0.238901,0.0170609,0
-0.2456,0,-0.238303,0.016008,0
-0.245922,0,-0.239186,0.0165672,0
-0.244807,0,-0.239254,0.0166744,0
-0.244314,0,-0.239597,0.0179493,0
-0.243191,0,-0.239446,0.0195272,0
-0.24194,0,-0.239077,0.0219782,0
-0.241101,0,-0.238892,0.0256946,0
-0.240444,0,-0.238759,0.0304587,0
-0.239903,0,-0.238645,0.0362883,0
-0.239186,0,-0.238306,0.0422802,0
-0.238148,0,-0.237644,0.0485826,0
-0.238288,0,-0.237816,0.0543766,0
-0.239037,0,-0.237956,0.0585875,0
-0.240267,0,-0.23806,0.0622228,0
-0.241297,0,-0.238125,0.0647592,0
-0.243187,0,-0.238148,0.0668056,0
-0.243187,0,-0.238148,0.0609485,0
-0.243187,0,-0.238148,0,0
-0.243187,0,-0.238148,0,0
-0.243187,0,-0.238148,0,0
-0.243187,0,-0.238148,0,0
-0.243187,0,-0.238148,0,0
-0.243187,0,-0.238148,0,0
0.245,0.230152,0,0,0
0.245,0.230152,0,0,0
0.245,0.230152,0,0,0
0.245,0.230152,0,0,0
0.245,0.230152,0,0,0
0.245,0.230152,0,0,0
0.245,0.230152,0,0,0
0.245,0.230152,0,0,0
0.245,0.230178,0,0,0
0.21,0.229961,0,0.010358,0
0.211391,0.229717,0,0.00229348,0
0.221468,0.229785,0,-0.00418425,0
0.223759,0.229728,0,-0.00847649,0
0.239802,0.231072,0,-0.0131522,0
0.242597,0.231748,0,-0.0143578,0
0.245086,0.232613,0,-0.0148465,0
0.246356,0.233467,0,-0.0149796,0
0.244761,0.233762,0,-0.0146379,0
0.244006,0.234198,0,-0.0149006,0
0.243336,0.23462,0,-0.0155682,0
0.244655,0.235767,0,-0.0165371,0
0.24661,0.237334,0,-0.0172399,0
0.246489,0.238096,0,-0.0170357,0
0.245128,0.238183,0,-0.0169982,0
0.242718,0.237514,0,-0.0174608,0
0.242459,0.237964,0,-0.0198285,0
0.242703,0.238717,0,-0.0226766,0
0.241028,0.238075,0,-0.0254022,0
0.24121,0.238693,0,-0.0298713,0
0.240032,0.238192,0,-0.0339744,0
0.239354,0.237993,0,-0.0399147,0
0.238135,0.237298,0,-0.0453033,0
0.238409,0.237791,0,-0.0505166,0
0.239177,0.238003,0,-0.0554882,0
0.239527,0.238174,0,-0.0585928,0
0.241083,0.238301,0,-0.0617914,0
0.242038,0.23838,0,-0.0641064,0
0.242574,0.238407,0,-0.0646784,0
0.245423,0.238409,0,-0.0589151,0
0.245423,0.238409,0,0,0
0.245423,0.238409,0,0,0
0.245423,0.238409,0,0,0
0.245423,0.238409,0,0,0
0.245423,0.238409,0,0,0
0.245423,0.238409,0,0,0
-0.245,0,-0.230404,0,0
-0.245,0,-0.230404,0,0
-0.245,0,-0.230404,0,0
-0.245,0,-0.230404,0,0
-0.245,0,-0.230404,0,0
-0.245,0,-0.230404,0,0
-0.245,0,-0.230404,0,0
-0.245,0,-0.230404,0,0
-0.245,0,-0.230429,0,0
-0.21,0,-0.23021,-0.00511748,0
-0.21,0,-0.229931,0.00228988,0
-0.223375,0,-0.230107,0.00904472,0
-0.222875,0,-0.229904,0.0126786,0
-0.236877,0,-0.231016,0.0187788,0
-0.24062,0,-0.231714,0.0187788,0
-0.245679,0,-0.232921,0.0195355,0
-0.244286,0,-0.233243,0.019094,0
-0.243328,0,-0.233598,0.0189716,0
-0.243401,0,-0.234184,0.0199516,0
-0.243812,0,-0.234931,0.0205334,0
-0.24344,0,-0.23545,0.0205334,0
-0.245608,0,-0.237039,0.021518,0
-0.245551,0,-0.237769,0.0214584,0
-0.245558,0,-0.23853,0.0221708,0
-0.243953,0,-0.238342,0.0221708,0
-0.243054,0,-0.238433,0.0233603,0
-0.24247,0,-0.238638,0.0253413,0
-0.241944,0,-0.23881,0.0280367,0
-0.241051,0,-0.238627,0.031243,0
-0.240747,0,-0.23882,0.0354653,0
-0.238633,0,-0.237491,0.0402716,0
-0.23814,0,-0.23733,0.0456779,0
-0.237971,0,-0.237406,0.0509078,0
-0.239329,0,-0.237599,0.0561047,0
-0.239682,0,-0.237756,0.0591344,0
-0.240627,0,-0.237873,0.0620516,0
-0.241416,0,-0.237946,0.0644474,0
-0.242631,0,-0.237971,0.0665013,0
-0.242631,0,-0.237971,0.0619826,0
-0.242631,0,-0.237971,0,0
-0.242631,0,-0.237971,0,0
-0.242631,0,-0.237971,0,0
-0.242631,0,-0.237971,0,0
-0.242631,0,-0.237971,0,0
-0.242631,0,-0.237971,0,0
0.245,0.229365,0,0,0
0.245,0.229365,0,0,0
0.245,0.229365,0,0,0
0.245,0.229365,0,0,0
0.245,0.229365,0,0,0
0.245,0.229365,0,0,0
0.245,0.229365,0,0,0
0.245,0.229365,0,0,0
0.245,0.229392,0,0,0
0.21,0.229182,0,0.00824762,0
0.21,0.228917,0,0.000610094,0
0.22288,0.229091,0,-0.00620869,0
0.224383,0.229035,0,-0.0100318,0
0.239386,0.230321,0,-0.0143987,0
0.244168,0.231263,0,-0.0156837,0
0.247376,0.232333,0,-0.0158862,0
0.247867,0.23315,0,-0.0153301,0
0.246855,0.233688,0,-0.0145524,0
0.246385,0.234336,0,-0.0141638,0
0.245727,0.234909,0,-0.0140187,0
0.247103,0.236232,0,-0.0142496,0
0.249075,0.237967,0,-0.0140813,0
0.248652,0.238743,0,-0.013004,0
0.246791,0.238709,0,-0.0118791,0
0.246311,0.239293,0,-0.0121254,0
0.245763,0.239774,0,-0.0125722,0
0.244776,0.239882,0,-0.0137501,0
0.243356,0.239557,0,-0.0155621,0
0.242016,0.239136,0,-0.0185784,0
0.240976,0.238813,0,-0.0230021,0
0.240604,0.238942,0,-0.0288133,0
0.240003,0.238802,0,-0.0352582,0
0.240222,0.239333,0,-0.0424592,0
0.240655,0.242612,0,-0.048593,0
0.241422,0.24292,0,-0.05298,0
0.241808,0.243155,0,-0.0561027,0
0.242467,0.243311,0,-0.0564535,0
0.243808,0.243382,0,-0.0545698,0
0.245904,0.243385,0,-0.0471094,0
0.245904,0.243385,0,0,0
0.245904,0.243385,0,0,0
0.245904,0.243385,0,0,0
0.245904,0.243385,0,0,0
0.245904,0.243385,0,0,0
0.245904,0.243385,0,0,0
-0.245,0,-0.235143,0,0
-0.245,0,-0.235143,0,0
-0.245,0,-0.235143,0,0
-0.245,0,-0.235143,0,0
-0.245,0,-0.235143,0,0
-0.245,0,-0.235143,0,0
-0.245,0,-0.235143,0,0
-0.245,0,-0.235143,0,0
-0.245,0,-0.23516,0,0
-0.21,0,-0.234905,-0.00342462,0
-0.211476,0,-0.234595,0.00412358,0
-0.219712,0,-0.234491,0.0100282,0
-0.225979,0,-0.234535,0.0142328,0
-0.238342,0,-0.235448,0.0180118,0
-0.241465,0,-0.235954,0.0191224,0
-0.245904,0,-0.236916,0.0198138,0
-0.244416,0,-0.23704,0.0193048,0
-0.241164,0,-0.236631,0.0191625,0
-0.243694,0,-0.23764,0.020316,0
-0.244128,0,-0.238188,0.0207496,0
-0.245522,0,-0.239161,0.0210883,0
-0.246765,0,-0.240215,0.0211988,0
-0.246334,0,-0.240585,0.0206236,0
-0.245716,0,-0.240813,0.0203389,0
-0.244527,0,-0.240641,0.020463,0
-0.243803,0,-0.24064,0.0214486,0
-0.243037,0,-0.24053,0.0230507,0
-0.242886,0,-0.240783,0.025467,0
-0.242302,0,-0.240672,0.0280949,0
-0.241335,0,-0.240181,0.031514,0
-0.239362,0,-0.238738,0.0357636,0
-0.239498,0,-0.239042,0.0430569,0
-0.239223,0,-0.238918,0.0479172,0
-0.23966,0,-0.239022,0.0522678,0
-0.240481,0,-0.239107,0.0555636,0
-0.241356,0,-0.239169,0.0590265,0
-0.242611,0,-0.239201,0.0612655,0
-0.244009,0,-0.239222,0.0579457,0
-0.24626,0,-0.239223,0.0492351,0
-0.24626,0,-0.239223,0,0
-0.24626,0,-0.239223,0,0
-0.24626,0,-0.239223,0,0
-0.24626,0,-0.239223,0,0
-0.24626,0,-0.239223,0,0
-0.24626,0,-0.239223,0,0
0.245,0.231077,0,0,0
0.245,0.231077,0,0,0
0.245,0.231077,0,0,0
0.245,0.231077,0,0,0
0.245,0.231077,0,0,0
0.245,0.231077,0,0,0
0.245,0.231077,0,0,0
0.245,0.231077,0,0,0
0.245,0.231101,0,0,0
0.21,0.230878,0,0.00574061,0
0.217377,0.23076,0,-0.00178435,0
0.225922,0.230859,0,-0.00728679,0
0.226933,0.230802,0,-0.0105838,0
0.240303,0.231957,0,-0.0145807,0
0.241397,0.232401,0,-0.0154592,0
0.243504,0.233125,0,-0.0161292,0
0.247402,0.234417,0,-0.0165841,0
0.247067,0.235029,0,-0.0159104,0
0.247279,0.235809,0,-0.0154628,0
0.247184,0.236535,0,-0.0149306,0
0.24854,0.237837,0,-0.0145613,0
0.250587,0.239591,0,-0.0138622,0
0.248136,0.239372,0,-0.0121601,0
0.248164,0.240239,0,-0.0116797,0
0.246498,0.240112,0,-0.0111211,0
0.245428,0.240187,0,-0.0115798,0
0.244353,0.240137,0,-0.0127869,0
0.242935,0.239715,0,-0.0148583,0
0.241928,0.239458,0,-0.018434,0
0.240576,0.238807,0,-0.0229845,0
0.239348,0.238125,0,-0.0291939,0
0.23879,0.237919,0,-0.0366441,0
0.238527,0.237917,0,-0.0453927,0
0.238009,0.242229,0,-0.0525687,0
0.239323,0.242472,0,-0.0571266,0
0.240075,0.242652,0,-0.0609869,0
0.24129,0.242765,0,-0.0640474,0
0.242407,0.242805,0,-0.0663601,0
0.242407,0.242805,0,-0.0600795,0
0.242407,0.242805,0,0,0
0.242407,0.242805,0,0,0
0.242407,0.242805,0,0,0
0.242407,0.242805,0,0,0
0.242407,0.242805,0,0,0
0.242407,0.242805,0,0,0
-0.245,0,-0.234768,0,0
-0.245,0,-0.234768,0,0
-0.245,0,-0.234768,0,0
-0.245,0,-0.234768,0,0
-0.245,0,-0.234768,0,0
-0.245,0,-0.234768,0,0
-0.245,0,-0.234768,0,0
-0.245,0,-0.234768,0,0
-0.245,0,-0.234786,0,0
-0.21,0,-0.234533,-0.00800138,0
-0.21,0,-0.234194,-0.00015582,0
-0.217352,0,-0.234031,0.00668386,0
-0.223738,0,-0.234036,0.0116802,0
-0.237455,0,-0.235024,0.0161583,0
-0.240107,0,-0.235453,0.0175446,0
-0.245334,0,-0.236509,0.0184303,0
-0.245743,0,-0.237013,0.0182921,0
-0.24377,0,-0.236992,0.0178498,0
-0.243779,0,-0.237399,0.0182266,0
-0.243979,0,-0.237889,0.0187148,0
-0.245327,0,-0.238856,0.0192644,0
-0.246245,0,-0.239776,0.0195136,0
-0.2459,0,-0.240181,0.0193556,0
-0.245039,0,-0.240276,0.019318,0
-0.244582,0,-0.240517,0.0199775,0
-0.243653,0,-0.240408,0.0209493,0
-0.243231,0,-0.240544,0.0227471,0
-0.241385,0,-0.239588,0.0250064,0
-0.242097,0,-0.240428,0.0292586,0
-0.241532,0,-0.240272,0.0327248,0
-0.240559,0,-0.239703,0.0369943,0
-0.241196,0,-0.24047,0.0421342,0
-0.23978,0,-0.239405,0.0463092,0
-0.240479,0,-0.239533,0.0506993,0
-0.240862,0,-0.239637,0.0538095,0
-0.242439,0,-0.239698,0.0565925,0
-0.243221,0,-0.239753,0.056317,0
-0.245211,0,-0.239778,0.0525253,0
-0.246867,0,-0.23978,0.0428673,0
-0.246867,0,-0.23978,0,0
-0.246867,0,-0.23978,0,0
-0.246867,0,-0.23978,0,0
-0.246867,0,-0.23978,0,0
-0.246867,0,-0.23978,0,0
-0.246867,0,-0.23978,0,0
0.245,0.231382,0,0,0
0.245,0.231382,0,0,0
0.245,0.231382,0,0,0
0.245,0.231382,0,0,0
0.245,0.231382,0,0,0
0.245,0.231382,0,0,0
0.245,0.231382,0,0,0
0.245,0.231382,0,0,0
0.245,0.231405,0,0,0
0.212702,0.231204,0,0.00452018,0
0.219595,0.231109,0,-0.000745547,0
0.225514,0.231134,0,-0.00582372,0
0.224276,0.23091,0,-0.00928089,0
0.237653,0.23198,0,-0.0136611,0
0.242077,0.232753,0,-0.0153825,0
0.245095,0.233641,0,-0.0159497,0
0.247178,0.234613,0,-0.015958,0
0.245968,0.234986,0,-0.0152946,0
0.246617,0.235831,0,-0.0150936,0
0.246827,0.236615,0,-0.0148773,0
0.24712,0.237475,0,-0.0146316,0
0.246872,0.238142,0,-0.0142586,0
0.246971,0.238962,0,-0.0140812,0
0.247682,0.240122,0,-0.0140425,0
0.247657,0.240917,0,-0.0136743,0
0.246284,0.240841,0,-0.0131339,0
0.244334,0.240221,0,-0.0136145,0
0.243137,0.239945,0,-0.0156729,0
0.241741,0.239382,0,-0.0189033,0
0.240379,0.238703,0,-0.0235597,0
0.239514,0.238311,0,-0.0300159,0
0.239031,0.238167,0,-0.0379034,0
0.238784,0.238178,0,-0.0457268,0
0.237753,0.24218,0,-0.052162,0
0.238812,0.242415,0,-0.0571688,0
0.239588,0.24259,0,-0.0613254,0
0.240126,0.242699,0,-0.0643841,0
0.242231,0.242738,0,-0.0670795,0
0.242231,0.242738,0,-0.0664605,0
0.242231,0.242738,0,0,0
0.242231,0.242738,0,0,0
0.242231,0.242738,0,0,0
0.242231,0.242738,0,0,0
0.242231,0.242738,0,0,0
0.242231,0.242738,0,0,0
-0.245,0,-0.234237,0,0
-0.245,0,-0.234237,0,0
-0.245,0,-0.234237,0,0
-0.245,0,-0.234237,0,0
-0.245,0,-0.234237,0,0
-0.245,0,-0.234237,0,0
-0.245,0,-0.234237,0,0
-0.245,0,-0.234237,0,0
-0.245,0,-0.234256,0,0
-0.21,0,-0.234007,-0.0017884,0
-0.211643,0,-0.233713,0.00582784,0
-0.224456,0,-0.233823,0.0120127,0
-0.226178,0,-0.233702,0.0152933,0
-0.240733,0,-0.234856,0.0190288,0
-0.243099,0,-0.235373,0.0197012,0
-0.246505,0,-0.236258,0.0198415,0
-0.246138,0,-0.236671,0.0192495,0
-0.244246,0,-0.236711,0.0185786,0
-0.245465,0,-0.237516,0.0186956,0
-0.247504,0,-0.238732,0.018719,0
-0.247734,0,-0.239462,0.0179825,0
-0.24824,0,-0.240348,0.0172088,0
-0.247749,0,-0.240807,0.0162854,0
-0.2476,0,-0.241402,0.0155646,0
-0.247922,0,-0.242255,0.0151109,0
-0.247406,0,-0.242596,0.0144308,0
-0.246308,0,-0.242474,0.0141,0
-0.245338,0,-0.242323,0.014627,0
-0.244558,0,-0.242208,0.0160876,0
-0.244018,0,-0.242196,0.0183452,0
-0.242354,0,-0.241154,0.0210654,0
-0.241964,0,-0.241091,0.0263993,0
-0.242092,0,-0.241449,0.0317117,0
-0.242023,0,-0.243694,0.0362589,0
-0.242764,0,-0.243914,0.0404921,0
-0.243507,0,-0.244082,0.0430154,0
-0.244003,0,-0.244193,0.0421976,0
-0.244705,0,-0.244243,0.0389371,0
-0.245768,0,-0.244246,0.0320865,0
-0.245768,0,-0.244246,0,0
-0.245768,0,-0.244246,0,0
-0.245768,0,-0.244246,0,0
-0.245768,0,-0.244246,0,0
-0.245768,0,-0.244246,0,0
-0.245768,0,-0.244246,0,0
0.245,0.2361,0,0,0
0.245,0.2361,0,0,0
0.245,0.2361,0,0,0
0.245,0.2361,0,0,0
0.245,0.2361,0,0,0
0.245,0.2361,0,0,0
0.245,0.2361,0,0,0
0.245,0.2361,0,0,0
0.245,0.236116,0,0,0
0.21,0.235852,0,0.00924008,0
0.213973,0.235588,0,0.00203139,0
0.222205,0.235513,0,-0.00451402,0
0.223076,0.235236,0,-0.00859744,0
0.237244,0.236209,0,-0.0133535,0
0.240294,0.236638,0,-0.0150543,0
0.243392,0.237302,0,-0.016174,0
0.244125,0.237742,0,-0.0165808,0
0.242973,0.237799,0,-0.0167325,0
0.243325,0.23821,0,-0.0173668,0
0.244246,0.23886,0,-0.0181046,0
0.244703,0.239431,0,-0.0185922,0
0.243069,0.239141,0,-0.0188827,0
0.2441,0.23999,0,-0.0201101,0
0.243595,0.240119,0,-0.0210838,0
0.242957,0.240118,0,-0.0223301,0
0.241853,0.239752,0,-0.0241625,0
0.240743,0.239269,0,-0.0267373,0
0.240517,0.239318,0,-0.0307206,0
0.24014,0.23922,0,-0.0349773,0
0.238042,0.2377,0,-0.0395654,0
0.237038,0.236908,0,-0.0442264,0
0.237214,0.237097,0,-0.050278,0
0.237389,0.237293,0,-0.0557376,0
0.237924,0.237326,0,-0.0600499,0
0.238311,0.237352,0,-0.0628451,0
0.239832,0.237372,0,-0.0660554,0
0.240801,0.237385,0,-0.068153,0
0.241389,0.237389,0,-0.0689482,0
0.241389,0.237389,0,-0.0699934,0
0.241389,0.237389,0,0,0
0.241389,0.237389,0,0,0
0.241389,0.237389,0,0,0
0.241389,0.237389,0,0,0
0.241389,0.237389,0,0,0
0.241389,0.237389,0,0,0
-0.245,0,-0.229616,0,0
-0.245,0,-0.229616,0,0
-0.245,0,-0.229616,0,0
-0.245,0,-0.229616,0,0
-0.245,0,-0.229616,0,0
-0.245,0,-0.229616,0,0
-0.245,0,-0.229616,0,0
-0.245,0,-0.229616,0,0
-0.245,0,-0.229642,0,0
-0.21,0,-0.22943,-0.00602509,0
-0.212932,0,-0.229229,0.000896329,0
-0.224819,0,-0.229413,0.00717558,0
-0.223021,0,-0.229178,0.0106384,0
-0.236527,0,-0.230275,0.0152696,0
-0.240578,0,-0.231021,0.0169304,0
-0.244771,0,-0.232113,0.0177813,0
-0.243974,0,-0.232553,0.0177229,0
-0.242979,0,-0.232918,0.0178396,0
-0.243883,0,-0.233782,0.0185393,0
-0.244512,0,-0.234663,0.0189104,0
-0.245461,0,-0.23575,0.0193263,0
-0.245697,0,-0.236634,0.0194132,0
-0.244122,0,-0.23667,0.019444,0
-0.245005,0,-0.237868,0.0204885,0
-0.245429,0,-0.23888,0.0210689,0
-0.245468,0,-0.239678,0.021592,0
-0.244335,0,-0.23966,0.0219317,0
-0.24364,0,-0.239816,0.0255488,0
-0.242775,0,-0.239779,0.0255488,0
-0.241855,0,-0.239575,0.0286561,0
-0.241045,0,-0.239355,0.0329634,0
-0.240566,0,-0.239329,0.038114,0
-0.240295,0,-0.239421,0.0441965,0
-0.240433,0,-0.242732,0.0500491,0
-0.241094,0,-0.243018,0.0533189,0
-0.241979,0,-0.243185,0.0545583,0
-0.243003,0,-0.243338,0.0561654,0
-0.244703,0,-0.243407,0.0526426,0
-0.246533,0,-0.243411,0.0436986,0
-0.246533,0,-0.243411,0,0
-0.246533,0,-0.243411,0,0
-0.246533,0,-0.243411,0,0
-0.246533,0,-0.243411,0,0
-0.246533,0,-0.243411,0,0
-0.246533,0,-0.243411,0,0
0.245,0.234513,0,0,0
0.245,0.234513,0,0,0
0.245,0.234513,0,0,0
0.245,0.234513,0,0,0
0.245,0.234513,0,0,0
0.245,0.234513,0,0,0
0.245,0.234513,0,0,0
0.245,0.234513,0,0,0
0.245,0.234531,0,0,0
0.21,0.234281,0,0.00948182,0
0.214476,0.234049,0,0.00223876,0
0.222145,0.23399,0,-0.00367452,0
0.224651,0.233858,0,-0.00794571,0
0.238197,0.234864,0,-0.0124973,0
0.239142,0.235106,0,-0.0139937,0
0.242392,0.235811,0,-0.015278,0
0.243605,0.236373,0,-0.01595,0
0.243717,0.236787,0,-0.0163346,0
0.243888,0.237251,0,-0.0168234,0
0.244584,0.237926,0,-0.0173571,0
0.245198,0.238649,0,-0.017728,0
0.244246,0.23876,0,-0.0178892,0
0.244641,0.239438,0,-0.0187789,0
0.244927,0.240097,0,-0.0196128,0
0.243533,0.239798,0,-0.0202405,0
0.242243,0.239419,0,-0.0218264,0
0.241444,0.239243,0,-0.0243996,0
0.239628,0.238239,0,-0.0278766,0
0.240029,0.238774,0,-0.0334946,0
0.23826,0.237599,0,-0.0384233,0
0.237308,0.23692,0,-0.0437942,0
0.236732,0.2365,0,-0.049643,0
0.237247,0.237042,0,-0.0552123,0
0.237958,0.237112,0,-0.0601086,0
0.23844,0.237169,0,-0.0631186,0
0.239946,0.237211,0,-0.0659958,0
0.241394,0.237237,0,-0.0681892,0
0.241653,0.237247,0,-0.0687909,0
0.241653,0.237247,0,-0.0699806,0
0.241653,0.237247,0,0,0
0.241653,0.237247,0,0,0
0.241653,0.237247,0,0,0
0.241653,0.237247,0,0,0
0.241653,0.237247,0,0,0
0.241653,0.237247,0,0,0
-0.245,0,-0.229103,0,0
-0.245,0,-0.229103,0,0
-0.245,0,-0.229103,0,0
-0.245,0,-0.229103,0,0
-0.245,0,-0.229103,0,0
-0.245,0,-0.229103,0,0
-0.245,0,-0.229103,0,0
-0.245,0,-0.229103,0,0
-0.245,0,-0.22913,0,0
-0.21,0,-0.228922,-0.00603959,0
-0.213592,0,-0.228744,0.000891178,0
-0.226691,0,-0.229001,0.00691783,0
-0.228839,0,-0.229085,0.0102321,0
-0.241517,0,-0.230287,0.0136837,0
-0.244259,0,-0.231046,0.0145396,0
-0.248046,0,-0.232224,0.0146756,0
-0.247074,0,-0.232779,0.0140088,0
-0.245537,0,-0.233164,0.0134946,0
-0.245629,0,-0.233929,0.0136213,0
-0.246476,0,-0.23499,0.0138784,0
-0.246009,0,-0.235648,0.0138512,0
-0.249171,0,-0.237861,0.0143866,0
-0.24922,0,-0.238885,0.0132451,0
-0.248762,0,-0.239645,0.0121023,0
-0.248261,0,-0.240327,0.0111459,0
-0.247975,0,-0.241082,0.0106158,0
-0.247216,0,-0.241463,0.0102737,0
-0.24589,0,-0.241331,0.0104567,0
-0.245189,0,-0.241527,0.0118026,0
-0.244543,0,-0.241667,0.0138833,0
-0.243147,0,-0.24107,0.0167331,0
-0.243269,0,-0.241669,0.0214249,0
-0.242321,0,-0.241239,0.0252272,0
-0.242356,0,-0.244344,0.030929,0
-0.243257,0,-0.244698,0.0360108,0
-0.244332,0,-0.244969,0.0380174,0
-0.244528,0,-0.245148,0.0368332,0
-0.246167,0,-0.245229,0.0332785,0
-0.246806,0,-0.245233,0.0252769,0
-0.246806,0,-0.245233,0,0
-0.246806,0,-0.245233,0,0
-0.246806,0,-0.245233,0,0
-0.246806,0,-0.245233,0,0
-0.246806,0,-0.245233,0,0
-0.246806,0,-0.245233,0,0
0.245,0.236538,0,0,0
0.245,0.236538,0,0,0
0.245,0.236538,0,0,0
0.245,0.236538,0,0,0
0.245,0.236538,0,0,0
0.245,0.236538,0,0,0
0.245,0.236538,0,0,0
0.245,0.236538,0,0,0
0.245,0.236553,0,0,0
0.245,0.236619,0,0.00992274,0
0.245,0.236735,0,0.00345108,0
0.245,0.236897,0,-0.00146936,0
0.245,0.237102,0,-0.00415952,0
0.245,0.237345,0,-0.0073801,0
0.245,0.237623,0,-0.00840769,0
0.245,0.237933,0,-0.00910565,0
0.245,0.238269,0,-0.00915253,0
0.245,0.238629,0,-0.00996022,0
0.245,0.239009,0,-0.0111969,0
0.245,0.239406,0,-0.0123561,0
0.245,0.239814,0,-0.0131023,0
0.245,0.240231,0,-0.0131023,0
0.245,0.240653,0,-0.0134383,0
0.245,0.241076,0,-0.0138954,0
0.245,0.241496,0,-0.015242,0
0.245,0.241909,0,-0.0172806,0
0.245,0.242313,0,-0.0201938,0
0.245,0.242702,0,-0.0229247,0
0.245,0.243074,0,-0.0259314,0
0.245,0.243424,0,-0.0290215,0
0.245,0.243749,0,-0.0313531,0
0.245,0.244044,0,-0.0365104,0
0.245,0.244307,0,-0.0365104,0
0.245,0.244533,0,-0.0391595,0
0.245,0.244719,0,-0.040377,0
0.245,0.244861,0,-0.0403113,0
0.245,0.244955,0,-0.0386161,0
0.245,0.244998,0,-0.034932,0
0.245,0.245,0,-0.0278572,0
0.245,0.245,0,0,0
0.245,0.245,0,0,0
0.245,0.245,0,0,0
0.245,0.245,0,0,0
0.245,0.245,0,0,0
0.245,0.245,0,0,0
0.245,0.245,0,0,0
0.245,0.245,0,0,0
0.245,0.245,0,0,0
0.245,0.245,0,0,0
0.245,0.245,0,0,0
0.245,0.245,0,0,0
0.245,0.245,0,0,0
0.245,0.245,0,0,0
0.245,0.245,0,0,0
0.245,0.245,0,0,0
0.245,0.245,0,0,0
0.245,0.245,0,0,0
0.245,0.245,0,0,0
0.245,0.245,0,0,0
0.245,0.245,0,0,0
0.245,0.245,0,0,0
0.245,0.245,0,0,0
0.245,0.245,0,0,0
0.245,0.245,0,0,0
0.245,0.245,0,0,0
0.245,0.245,0,0,0
0.245,0.245,0,0,0
0.245,0.245,0,0,0
0.245,0.245,0,0,0
0.245,0.245,0,0,0
0.245,0.245,0,0,0
0.245,0.245,0,0,0
0.245,0.245,0,0,0
0.245,0.245,0,0,0
0.245,0.245,0,0,0
0.245,0.245,0,0,0
0.245,0.245,0,0,0
0.245,0.245,0,0,0
0.245,0.245,0,0,0
0.245,0.245,0,0,0
0.245,0.245,0,0,0
0.245,0.245,0,0,0
0.245,0.245,0,0,0
0.245,0.245,0,0,0
0.245,0.245,0,0,0
0.245,0.245,0,0,0
0.245,0.245,0,0,0
0.245,0.245,0,0,0
0.245,0.245,0,0,0
0.245,0.245,0,0,0
0.245,0.245,0,0,0
0.245,0.245,0,0,0
0.245,0.245,0,0,0
0.245,0.245,0,0,0
0.245,0.245,0,0,0
0.245,0.245,0,0,0
0.245,0.245,0,0,0
0.245,0.245,0,0,0
0.245,0.245,0,0,0
0.245,0.245,0,0,0
0.245,0.245,0,0,0
0.245,0.245,0,0,0
0.245,0.245,0,0,0
0.245,0.245,0,0,0
0.245,0.245,0,0,0
0.245,0.245,0,0,0
0.245,0.245,0,0,0
0.245,0.245,0,0,0
