0.000308392,0,0.000295856,0,0,0.9
0.000308392,0,0.000295856,0,0,0.9
0.000308392,0,0.000295856,0,0,0.9
0.000308392,0,0.000295856,0,0,0.9
0.000308392,0,0.000295856,0,0,0.9
0.000308392,0,0.000295856,0,0,0.9
0.000308392,0,0.000295856,0,0,0.9
0.000308392,0,0.000295856,0,0,0.9
0.000308392,0,0.000295856,0,0,0.9
0.000308392,0,0.000295856,0,0,0.9
0.000308392,0,0.000295856,0,0,0.9
0.000308392,0,0.000295856,0,0,0.9
0.000308392,0,0.000295856,0,0,0.9
0.000308392,0,0.000295856,0,0,0.9
0.000308392,0,0.000295856,0,0,0.9
0.000308392,0,0.000295856,0,0,0.9
0.000308392,0,0.000295856,0,0,0.9
0.000308392,0,0.000295856,0,0,0.9
0.000308392,0,0.000295856,0,0,0.9
0.000308392,0,0.000295856,0,0,0.9
0.000308392,0,0.000295856,0,0,0.9
0.000308392,0,0.000295856,0,0,0.9
0.000308392,0,0.000295856,0,0,0.9
0.000308392,0,0.000295856,0,0,0.9
0.000308392,0,0.000295856,0,0,0.9
0.000308392,0,0.000295856,0,0,0.9
0.000308392,0,0.000295856,0,0,0.9
0.000308392,0,0.000295856,0,0,0.9
0.000308392,0,0.000295856,0,0,0.9
0.000308392,0,0.000295856,0,0,0.9
0.000308392,0,0.000295856,0,0,0.9
0.000308392,0,0.000295856,0,0,0.9
0.000308392,0,0.000295856,0,0,0.9
0.000308392,0,0.000295856,0,0,0.9
0.000308392,0,0.000295856,0,0,0.9
0.000308392,0,0.000295856,0,0,0.9
0.000308392,0,0.000295856,0,0,0.9
0.000308392,0,0.000295856,0,0,0.9
0.000308392,0,0.000295856,0,0,0.9
0.000308392,0,0.000295856,0,0,0.9
0.000308392,0,0.000295856,0,0,0.9
0.000308392,0,0.000295856,0,0,0.9
0.000308392,0,0.000295856,0,0,0.9
0.000308392,0,0.000295856,0,0,0.9
0.000308392,0,0.000295856,0,0,0.9
0.000308392,0,0.000295856,0,0,0.9
0.000308392,0,0.000295856,0,0,0.9
0.000308392,0,0.000295856,0,0,0.9
0.000308392,0,0.000295856,0,0,0.9
0.000308392,0,0.000295856,0,0,0.9
0.000308392,0,0.000295856,0,0,0.9
0.000308392,0,0.000295856,0,0,0.9
0.000308392,0,0.000295856,0,0,0.9
0.000308392,0,0.000295856,0,0,0.9
0.000308392,0,0.000295856,0,0,0.9
0.000308392,0,0.000295856,0,0,0.9
0.000308392,0,0.000295856,0,0,0.9
0.000308392,0,0.000295856,0,0,0.9
0.000308392,0,0.000295856,0,0,0.9
0.000308392,0,0.000295856,0,0,0.9
0.000308392,0,0.000295856,0,0,0.9
0.000308392,0,0.000295856,0,0,0.9
0.000308392,0,0.000295856,0,0,0.9
0.000308392,0,0.000295856,0,0,0.9
0.000308392,0,0.000295856,0,0,0.9
0.000308392,0,0.000295856,0,0,0.9
0.000308392,0,0.000295856,0,0,0.9
0.000308392,0,0.000295856,0,0,0.9
0.000308392,0,0.000295856,0,0,0.9
0.000308392,0,0.000295856,0,0,0.9
0.000308392,0,0.000295856,0,0,0.9
0.000308392,0,0.000295856,0,0,0.9
0.000308392,0,0.000295856,0,0,0.9
0.000308392,0,0.000295856,0,0,0.9
0.000308392,0,0.000295856,0,0,0.9
0.000308392,0,0.000295856,0,0,0.9
0.000308392,0,0.000295856,0,0,0.9
0.000308392,0,0.000295856,0,0,0.9
0.000308392,0,0.000295856,0,0,0.9
0.000308392,0,0.000295856,0,0,0.9
0.000308392,0,0.000295856,0,0,0.9
0.000308392,0,0.000295856,0,0,0.9
0.000308392,0,0.000295856,0,0,0.9
0.000308392,0,0.000295856,0,0,0.9
0.000308392,0,0.000295856,0,0,0.9
0.000308392,0,0.000295856,0,0,0.9
0.000308392,0,0.000295856,0,0,0.9
0.000308392,0,0.000295856,0,0,0.9
0.000308392,0,0.000295856,0,0,0.9
0.000308392,0,0.000295856,0,0,0.9
0.000308392,0,0.000295856,0,0,0.9
0.000308392,0,0.000295856,0,0,0.9
0.000308392,0,0.000295856,0,0,0.9
0.000308392,0,0.000295856,0,0,0.9
0.000308392,0,0.000295856,0,0,0.9
0.000308392,0,0.000295856,0,0,0.9
0.000308392,0,0.000295856,0,0,0.9
0.000308392,0,0.000295856,0,0,0.9
0.000308392,0,0.000295856,0,0,0.9
0.000308392,0,0.000295856,0,0,0.9
0.000308392,0,0.000295856,0,0,0.9
0.000308392,0,0.000295856,0,0,0.9
0.000308392,0,0.000295856,0,0,0.9
0.000308392,0,0.000295856,0,0,0.9
0.000308392,0,0.000295856,0,0,0.9
0.000308392,0,0.000295856,0,0,0.9
0.000308392,0,0.000295856,0,0,0.9
0.000308392,0,0.000295897,0,0,0.9
0.000308392,0,0.000296016,0,0,0.9
0.000308392,0,0.000296207,0,0,0.9
0.000308392,0,0.000296465,0,0,0.9
0.000308392,0,0.000296784,0,0,0.9
0.000308392,0,0.00029716,0,0,0.9
0.000308392,0,0.000297585,0,0,0.9
0.000308392,0,0.000298055,0,0,0.9
0.000308392,0,0.000298564,0,0,0.9
0.000308392,0,0.000299106,0,0,0.9
0.000308392,0,0.000299676,0,0,0.9
0.000308392,0,0.000300269,0,0,0.9
0.000308392,0,0.000300878,0,0,0.9
0.000308392,0,0.000301498,0,0,0.9
0.000308392,0,0.000302124,0,0,0.9
0.000308392,0,0.00030275,0,0,0.9
0.000308392,0,0.00030337,0,0,0.9
0.000308392,0,0.000303979,0,0,0.9
0.000308392,0,0.000304572,0,0,0.9
0.000308392,0,0.000305142,0,0,0.9
0.000308392,0,0.000305684,0,0,0.9
0.000308392,0,0.000306193,0,0,0.9
0.000308392,0,0.000306663,0,0,0.9
0.000308392,0,0.000307088,0,0,0.9
0.000308392,0,0.000307463,0,0,0.9
0.000308392,0,0.000307783,0,0,0.9
0.000308392,0,0.000308041,0,0,0.9
0.000308392,0,0.000308232,0,0,0.9
0.000308392,0,0.000308351,0,0,0.9
0.000308392,0,0.000308392,0,0,0.9
0.000308392,0,0.000308392,0,0,0.9
0.000308392,0,0.000308392,0,0,0.9
0.000308392,0,0.000308392,0,0,0.9
0.000308392,0,0.000308392,0,0,0.9
0.000308392,0,0.000308392,0,0,0.9
0.000308392,0,0.000308392,0,0,0.9
0.000308392,0,0.000308392,0,0,0.9
0,-0.0118624,0,0,0,0.9
0,-0.0118624,0,0,0,0.9
0,-0.0118624,0,0,0,0.9
0,-0.0118624,0,0,0,0.9
0,-0.0118624,0,0,0,0.9
0,-0.0118624,0,0,0,0.9
0,-0.0118624,0,0,0,0.9
-0.035,-0.0118625,0,0,0,0.813
-0.035,-0.0119482,0,0,0,0.862
0.0170106,-0.0114671,0,-0.0140847,0,0.9
0.00382848,-0.0114245,0,-0.0113076,0,0.901
8.17904e-05,-0.0112839,0,-0.00961993,0,0.901
0.00680612,-0.0104796,0,-0.00965495,0,0.9
0.00681258,-0.00992022,0,-0.00830692,0,0.9
0.00936549,-0.00893454,0,-0.00653637,0,0.9
0.0115848,-0.00773735,0,-0.00494849,0,0.899
0.00895028,-0.00735373,0,-0.00181141,0,0.899
0.00520233,-0.00742556,0,0.000268146,0,0.899
0.000258715,-0.00816862,0,0.00204431,0,0.9
-0.00187171,-0.00834569,0,0.00218106,0,0.9
-0.00290583,-0.00827448,0,0.00163605,0,0.9
-0.00258131,-0.00781211,0,0.000781613,0,0.9
-0.00123398,-0.00669432,0,-0.000370528,0,0.9
-0.00239015,-0.00678318,0,-0.00106675,0,0.9
-0.00486268,-0.00776149,0,-0.00216248,0,0.9
-0.00499029,-0.00750033,0,-0.00489781,0,0.9
-0.00586024,-0.0077664,0,-0.00769176,0,0.9
-0.0058107,-0.00745413,0,-0.0115126,0,0.9
-0.00547985,-0.00693284,0,-0.0155289,0,0.9
-0.00447698,-0.00585273,0,-0.0193841,0,0.9
-0.00300242,-0.00431279,0,-0.0223489,0,0.9
-0.00368963,-0.00461274,0,-0.0235175,0,0.9
-0.00367953,-0.00434954,0,-0.0257473,0,0.9
-0.00348239,-0.00295227,0,-0.0281909,0,0.9
-0.00386158,-0.00274498,0,-0.0303607,0,0.9
-0.00402639,-0.00258684,0,-0.0326972,0,0.9
-0.00480372,-0.00248203,0,-0.0358761,0,0.9
-0.00415495,-0.00243474,0,-0.0398572,0,0.9
-0.00169499,-0.00243238,0,-0.0441702,0,0.9
-0.00169499,-0.00243238,0,0,0,0.9
-0.00169499,-0.00243238,0,0,0,0.9
-0.00169499,-0.00243238,0,0,0,0.9
-0.00169499,-0.00243238,0,0,0,0.9
-0.00169499,-0.00243238,0,0,0,0.9
-0.00169499,-0.00243238,0,0,0,0.9
0,0,-0.00955134,0,0,0.9
0,0,-0.00955134,0,0,0.9
0,0,-0.00955134,0,0,0.9
0,0,-0.00955134,0,0,0.9
0,0,-0.00955134,0,0,0.9
0,0,-0.00955134,0,0,0.9
0,0,-0.00955134,0,0,0.9
0,0,-0.00955134,0,0,0.9
0,0,-0.00952021,0,0,0.9
0.00968048,0,-0.00936909,-0.00897493,0,0.902
0.00607486,0,-0.00918915,-0.0070876,0,0.901
0.00177316,0,-0.00907244,-0.00551478,0,0.901
0.00789459,0,-0.00839299,-0.005035,0,0.901
0.00433969,0,-0.00822679,-0.0032457,0,0.9
0.00722188,0,-0.00737138,-0.00212486,0,0.9
0.00653417,0,-0.00690091,-0.000591624,0,0.9
0.00671017,0,-0.00622501,0.00127626,0,0.9
0.00155782,0,-0.00680601,0.00284016,0,0.9
-0.00108133,0,-0.00707778,0.00312338,0,0.9
-0.00277676,0,-0.00725576,0.0026268,0,0.9
-0.00356701,0,-0.00723467,0.00146699,0,0.9
-0.00308789,0,-0.00673067,9.44078e-06,0,0.9
-0.00153848,0,-0.00565507,-0.00142917,0,0.9
-0.00162446,0,-0.00530077,-0.00214203,0,0.9
-0.00268793,0,-0.00553028,-0.00280322,0,0.9
-0.00300926,0,-0.00539875,-0.0040947,0,0.9
-0.00314166,0,-0.00517724,-0.00583837,0,0.9
-0.00346255,0,-0.00504789,-0.00764821,0,0.9
-0.00374064,0,-0.00500186,-0.00960933,0,0.9
-0.00370721,0,-0.00473804,-0.0117631,0,0.9
-0.00331505,0,-0.00418078,-0.0143962,0,0.9
-0.00291858,0,-0.0036137,-0.0163474,0,0.9
-0.00353914,0,-0.00398867,-0.018251,0,0.9
-0.00379823,0,-0.00383477,-0.0206259,0,0.9
-0.00379403,0,-0.00370748,-0.0222713,0,0.9
-0.00244093,0,-0.00361574,-0.0286864,0,0.9
-0.00406826,0,-0.00355971,-0.0323253,0,0.9
-0.00349541,0,-0.00353914,-0.0323253,0,0.9
-0.00349541,0,-0.00353914,-0.0349526,0,0.9
-0.00349541,0,-0.00353914,0,0,0.9
-0.00349541,0,-0.00353914,0,0,0.9
-0.00349541,0,-0.00353914,0,0,0.9
-0.00349541,0,-0.00353914,0,0,0.9
-0.00349541,0,-0.00353914,0,0,0.9
-0.00349541,0,-0.00353914,0,0,0.9
0,-0.00763271,0,0,0,0.9
0,-0.00763271,0,0,0,0.9
0,-0.00763271,0,0,0,0.9
0,-0.00763271,0,0,0,0.9
0,-0.00763271,0,0,0,0.9
0,-0.00763271,0,0,0,0.9
0,-0.00763271,0,0,0,0.9
0,-0.00763271,0,0,0,0.9
0,-0.00761955,0,0,0,0.9
0.00702128,-0.00749338,0,-0.00986422,0,0.901
0.00410936,-0.00736054,0,-0.00833103,0,0.901
0.00708247,-0.00700844,0,-0.00711289,0,0.9
0.00981933,-0.00647396,0,-0.005646,0,0.901
0.00986583,-0.00596417,0,-0.00338287,0,0.9
0.00767562,-0.00566983,0,-0.00112526,0,0.9
0.00385355,-0.0057401,0,0.000630876,0,0.9
-0.00130535,-0.00633843,0,0.00163498,0,0.9
-0.00564601,-0.00714175,0,0.00125216,0,0.9
-0.0055351,-0.00702013,0,-0.000436645,0,0.9
-0.00351729,-0.00623329,0,-0.00217661,0,0.9
-0.00301884,-0.00584658,0,-0.00337088,0,0.9
-0.00162316,-0.00501012,0,-0.0044479,0,0.9
-0.000283022,-0.00405891,0,-0.0047314,0,0.9
0.000837891,-0.00309059,0,-0.00452929,0,0.9
-0.000219746,-0.00328968,0,-0.00391311,0,0.9
-0.00218594,-0.00417536,0,-0.00353173,0,0.9
-0.00341284,-0.00475298,0,-0.00469529,0,0.9
-0.00359659,-0.00469265,0,-0.0070233,0,0.9
-0.00289292,-0.00397193,0,-0.00944692,0,0.9
-0.00130215,-0.0024814,0,-0.0115369,0,0.9
-0.00105773,-0.00203016,0,-0.0123087,0,0.9
-0.0022294,-0.0028397,0,-0.0118171,0,0.9
-0.00280469,-0.0032,0,-0.0133937,0,0.9
-0.00328026,-0.00216338,0,-0.0160273,0,0.9
-0.00389369,-0.00203614,0,-0.0180843,0,0.9
-0.00383577,-0.00193907,0,-0.0231873,0,0.9
-0.00445451,-0.00187473,0,-0.0269825,0,0.9
-0.00424439,-0.00184571,0,-0.0327422,0,0.9
-0.00234824,-0.00184426,0,-0.037244,0,0.9
-0.00234824,-0.00184426,0,0,0,0.9
-0.00234824,-0.00184426,0,0,0,0.9
-0.00234824,-0.00184426,0,0,0,0.9
-0.00234824,-0.00184426,0,0,0,0.9
-0.00234824,-0.00184426,0,0,0,0.9
-0.00234824,-0.00184426,0,0,0,0.9
0,0,-0.0120269,0,0,0.9
0,0,-0.0120269,0,0,0.9
0,0,-0.0120269,0,0,0.9
0,0,-0.0120269,0,0,0.9
0,0,-0.0120269,0,0,0.9
0,0,-0.0120269,0,0,0.9
0,0,-0.0120269,0,0,0.9
0,0,-0.0120269,0,0,0.9
0,0,-0.0120062,0,0,0.9
0.00864357,0,-0.011831,-0.0148929,0,0.902
0.00715739,0,-0.0115822,-0.012892,0,0.901
0.00286539,0,-0.0113971,-0.0108654,0,0.901
0.00956379,0,-0.0105934,-0.010114,0,0.901
0.00661656,0,-0.0102492,-0.00758501,0,0.9
0.00773091,0,-0.0094935,-0.00582324,0,0.9
0.00714902,0,-0.00886726,-0.00371881,0,0.9
0.00598519,0,-0.00834249,-0.0019579,0,0.9
0.00113532,0,-0.00877422,1.89861e-05,0,0.9
-0.00352322,0,-0.00954351,0.000550184,0,0.9
-0.00662141,0,-0.0101952,-0.000343945,0,0.9
-0.00774979,0,-0.0103711,-0.0026604,0,0.9
-0.00584443,0,-0.00932885,-0.00571533,0,0.9
-0.00394574,0,-0.00809742,-0.00800958,0,0.9
-0.0021747,0,-0.00674393,-0.00944388,0,0.9
-0.00263533,0,-0.00651308,-0.00995153,0,0.9
-0.00283126,0,-0.00618996,-0.0107779,0,0.9
-0.0034219,0,-0.00615467,-0.0118364,0,0.9
-0.00385805,0,-0.00607642,-0.0136039,0,0.9
-0.00350246,0,-0.00544304,-0.0154983,0,0.9
-0.00306876,0,-0.00473748,-0.017452,0,0.9
-0.00315382,0,-0.00438559,-0.0190385,0,0.9
-0.00302268,0,-0.00395912,-0.020344,0,0.9
-0.00342069,0,-0.00403045,-0.0218754,0,0.9
-0.00375228,0,-0.00381539,-0.023861,0,0.9
-0.0033773,0,-0.00363645,-0.0260165,0,0.9
-0.00371264,0,-0.00350077,-0.0260165,0,0.9
-0.00417949,0,-0.00341888,-0.0282852,0,0.9
-0.00316111,0,-0.0033929,-0.0322475,0,0.9
-0.0020153,0,-0.00339073,-0.0341889,0,0.9
-0.0020153,0,-0.00339073,0,0,0.9
-0.0020153,0,-0.00339073,0,0,0.9
-0.0020153,0,-0.00339073,0,0,0.9
-0.0020153,0,-0.00339073,0,0,0.9
-0.0020153,0,-0.00339073,0,0,0.9
-0.0020153,0,-0.00339073,0,0,0.9
0,-0.00784909,0,0,0,0.9
0,-0.00784909,0,0,0,0.9
0,-0.00784909,0,0,0,0.9
0,-0.00784909,0,0,0,0.9
0,-0.00784909,0,0,0,0.9
0,-0.00784909,0,0,0,0.9
0,-0.00784909,0,0,0,0.9
0,-0.00784909,0,0,0,0.9
0,-0.00783556,0,0,0,0.9
-0.00954246,-0.00786519,0,-0.0182211,0,0.901
-0.0150081,-0.00801503,0,-0.0186355,0,0.901
-0.0202271,-0.00837254,0,-0.0196019,0,0.901
-0.0182579,-0.0085402,0,-0.0219346,0,0.901
-0.0257051,-0.00955171,0,-0.0238726,0,0.9
-0.0283269,-0.0104748,0,-0.0275856,0,0.9
-0.035,-0.0123228,0,-0.0318111,0,0.9
-0.035,-0.0134473,0,-0.0384761,0,0.899
-0.035,-0.0149084,0,-0.0466197,0,0.899
-0.035,-0.0161462,0,-0.057549,0,0.899
-0.035,-0.0174849,0,-0.06,0,0.897
-0.035,-0.0189346,0,-0.06,0,0.894
-0.035,-0.0202925,0,-0.06,0,0.893
-0.0453444,-0.0270235,0,-0.06,0,0.893
-0.0850148,-0.0509048,0,-0.06,0,0.894
-0.132255,-0.0836201,0,-0.06,0,0.894
-0.150003,-0.102228,0,-0.06,0,0.894
-0.143559,-0.104307,0,-0.06,0,0.895
-0.136549,-0.104518,0,-0.06,0,0.896
-0.125563,-0.101637,0,-0.06,0,0.897
-0.115605,-0.102265,0,-0.06,0,0.898
-0.0959303,-0.0864571,0,-0.06,0,0.899
-0.0885209,-0.081237,0,-0.06,0,0.899
-0.0704329,-0.0775755,0,-0.06,0,0.899
-0.0603793,-0.0794904,0,-0.06,0,0.899
-0.0481495,-0.0812333,0,-0.06,0,0.899
-0.0371578,-0.0827485,0,-0.06,0,0.899
-0.031613,-0.0831159,0,-0.06,0,0.899
-0.031613,-0.0831159,0,-0.06,0,0.899
-0.031613,-0.0831159,0,0,0,0.899
-0.031613,-0.0831159,0,0,0,0.899
-0.031613,-0.0831159,0,0,0,0.899
-0.031613,-0.0831159,0,0,0,0.899
-0.031613,-0.0831159,0,0,0,0.899
0,0,0.0783496,0,0,0.9
0,0,0.0783496,0,0,0.9
0,0,0.0783496,0,0,0.9
0,0,0.0783496,0,0,0.9
0,0,0.0783496,0,0,0.9
0,0,0.0783496,0,0,0.9
0,0,0.0783496,0,0,0.9
0,0,0.0783496,0,0,0.9
0,0,0.0783494,0,0,0.9
0,0,0.0780815,0,0,0.9
-0.035,0,0.0768456,-0.06,0,0.895
-0.035,0,0.0750508,-0.06,0,0.893
-0.035,0,0.0726685,-0.06,0,0.894
-0.035,0,0.0697134,-0.06,0,0.894
-0.035,0,0.0662105,-0.06,0,0.893
-0.035,0,0.062177,-0.06,0,0.891
-0.035,0,0.0575092,-0.06,0,0.888
-0.035,0,0.0524345,-0.06,0,0.884
-0.035,0,0.0474009,-0.06,0,0.885
-0.035,0,0.0421112,-0.06,0,0.887
-0.0510265,0,0.0313839,-0.06,0,0.89
-0.0646505,0,0.019472,-0.06,0,0.892
-0.0898768,0,0.000412065,-0.06,0,0.892
-0.121855,0,-0.0242847,-0.06,0,0.893
-0.15062,0,-0.0520172,-0.06,0,0.893
-0.15684,0,-0.0669263,-0.06,0,0.894
-0.163474,0,-0.0809151,-0.06,0,0.896
-0.158916,0,-0.0893121,-0.06,0,0.897
-0.140996,0,-0.0873562,-0.06,0,0.899
-0.123268,0,-0.08315,-0.06,0,0.899
-0.106502,0,-0.0778785,-0.06,0,0.899
-0.0914141,0,-0.0770183,-0.06,0,0.9
-0.0681791,0,-0.0756939,-0.06,0,0.9
-0.0314015,0,-0.0841965,-0.06,0,0.9
-0.00156236,0,-0.0855352,-0.06,0,0.9
0.0056735,0,-0.0859912,-0.06,0,0.9
-0.00104538,0,-0.0859943,-0.06,0,0.9
-0.00104538,0,-0.0859943,-0.06,0,0.9
-0.00104538,0,-0.0859943,0,0,0.9
-0.00104538,0,-0.0859943,0,0,0.9
-0.00104538,0,-0.0859943,0,0,0.9
-0.00104538,0,-0.0859943,0,0,0.9
-0.00104538,0,-0.0859943,0,0,0.9
-0.00104538,0,-0.0859943,0,0,0.9
0,0.0769749,0,0,0,0.9
0,0.0769749,0,0,0,0.9
0,0.0769749,0,0,0,0.9
0,0.0769749,0,0,0,0.9
0,0.0769749,0,0,0,0.9
0,0.0769749,0,0,0,0.9
0,0.0769749,0,0,0,0.9
0,0.076948,0,0,0,0.9
0,0.0765377,0,0,0,0.9
-0.0331922,0.0751315,0,-0.0357856,0,0.9
-0.0155932,0.0738611,0,-0.0385885,0,0.9
-0.00409881,0.0729883,0,-0.0393822,0,0.9
0.00139964,0.0713241,0,-0.0382437,0,0.9
-0.000235713,0.0688831,0,-0.0361211,0,0.9
-0.000358528,0.0669241,0,-0.0341028,0,0.9
0.00109487,0.0643267,0,-0.0319751,0,0.9
0.000150828,0.061055,0,-0.0297496,0,0.899
0.00219722,0.0582779,0,-0.0282097,0,0.899
0.00159957,0.0547267,0,-0.0256323,0,0.899
-0.000204606,0.0505662,0,-0.023296,0,0.899
-5.77604e-05,0.0468852,0,-0.0219734,0,0.899
-0.00222361,0.0422157,0,-0.0202095,0,0.9
0.00200277,0.0402397,0,-0.0200412,0,0.899
-0.000632027,0.0351668,0,-0.0176727,0,0.9
-0.00600086,0.0281573,0,-0.0157262,0,0.9
-0.00819972,0.0227044,0,-0.0181649,0,0.9
-0.00265224,0.022449,0,-0.0229341,0,0.9
0.00327361,0.0231224,0,-0.0235374,0,0.9
0.0048017,0.0210779,0,-0.0187734,0,0.9
0.0063197,0.0193404,0,-0.0123956,0,0.9
0.00312201,0.0139093,0,-0.00369866,0,0.9
0.00107438,0.00952214,0,0.00114814,0,0.9
0.000529683,0.00667861,0,0.00194614,0,0.9
0.000790738,0.00435479,0,0.0034746,0,0.9
0.00421368,0.00268672,0,0.00358915,0,0.9
0.00663572,0.00142036,0,0.0104601,0,0.9
0.00427772,0.000589811,0,0.0248103,0,0.9
0.00269318,0.000229199,0,0.0309397,0,0.9
0.00148122,0.000216311,0,0.032527,0,0.9
0.00148122,0.000216311,0,0,0,0.9
0.00148122,0.000216311,0,0,0,0.9
0.00148122,0.000216311,0,0,0,0.9
0.00148122,0.000216311,0,0,0,0.9
0.00148122,0.000216311,0,0,0,0.9
0.00148122,0.000216311,0,0,0,0.9
0,0,-0.00966427,0,0,0.9
0,0,-0.00966427,0,0,0.9
0,0,-0.00966427,0,0,0.9
0,0,-0.00966427,0,0,0.9
0,0,-0.00966427,0,0,0.9
0,0,-0.00966427,0,0,0.9
0,0,-0.00966427,0,0,0.9
0,0,-0.00966419,0,0,0.9
0,0,-0.00964526,0,0,0.9
-0.00600635,0,-0.00962749,-0.00253388,0,0.901
0.00015552,0,-0.00942852,-0.00342607,0,0.901
0.00732578,0,-0.00892726,-0.00338928,0,0.901
0.0116738,0,-0.00821916,-0.00221558,0,0.901
0.0057832,0,-0.00816738,0.000363799,0,0.9
0.00622889,0,-0.00759869,0.00142654,0,0.9
0.00674716,0,-0.0069287,0.00286409,0,0.9
0.00720931,0,-0.00617788,0.00414708,0,0.9
0.0106143,0,-0.0046085,0.00594026,0,0.9
0.0072993,0,-0.00467127,0.00857466,0,0.9
0.00229322,0,-0.00558396,0.0106032,0,0.9
-0.000422245,0,-0.00606389,0.0108619,0,0.9
-0.00188531,0,-0.0062502,0.0100347,0,0.9
-0.000400101,0,-0.0051364,0.0084503,0,0.9
-0.000622988,0,-0.00479359,0.00767452,0,0.9
-0.00139474,0,-0.00479901,0.00668637,0,0.9
-0.00169505,0,-0.00458655,0.00524774,0,0.9
-0.00320991,0,-0.00524455,0.00391687,0,0.9
-0.00214611,0,-0.00417086,0.0011877,0,0.9
0.000627264,0,-0.00169365,-0.00112073,0,0.9
0.00215051,0,-2.67838e-05,-0.000613888,0,0.9
0.0038588,0,0.00188355,0.00131916,0,0.9
0.00456175,0,0.00297839,0.00566693,0,0.9
0.00205158,0,0.00110921,0.0127874,0,0.9
-0.000572738,0,-2.31253e-05,0.0146979,0,0.9
-0.00263263,0,0.00019833,0.0112693,0,0.9
-0.00413575,0,0.000366454,0.00440548,0,0.9
-0.00443397,0,0.000476718,-0.00567361,0,0.9
-0.00421024,0,0.000524594,-0.0161001,0,0.9
-0.00131508,0,0.000526305,-0.025902,0,0.9
-0.00131508,0,0.000526305,0,0,0.9
-0.00131508,0,0.000526305,0,0,0.9
-0.00131508,0,0.000526305,0,0,0.9
-0.00131508,0,0.000526305,0,0,0.9
-0.00131508,0,0.000526305,0,0,0.9
-0.00131508,0,0.000526305,0,0,0.9
0,-0.011551,0,0,0,0.9
0,-0.011551,0,0,0,0.9
0,-0.011551,0,0,0,0.9
0,-0.011551,0,0,0,0.9
0,-0.011551,0,0,0,0.9
0,-0.011551,0,0,0,0.9
0,-0.011551,0,0,0,0.9
0,-0.011551,0,0,0,0.9
0,-0.0115283,0,0,0,0.9
0.0100356,-0.0113346,0,-0.00994188,0,0.902
0.00671406,-0.0111125,0,-0.00806065,0,0.901
0.00144569,-0.0109872,0,-0.00629413,0,0.901
0.0056923,-0.0103832,0,-0.00578776,0,0.901
0.0072468,-0.00972944,0,-0.00423581,0,0.9
0.0118034,-0.00851569,0,-0.00270914,0,0.9
0.0131856,-0.00742772,0,0.00017563,0,0.9
0.0100538,-0.00708704,0,0.00326364,0,0.9
0.0060214,-0.00716991,0,0.00609047,0,0.9
-0.00195429,-0.00872633,0,0.00783848,0,0.9
-0.00399046,-0.00897108,0,0.0068007,0,0.9
-0.00514078,-0.00905379,0,0.0050708,0,0.9
-0.0040486,-0.00825829,0,0.00263368,0,0.9
-0.0011368,-0.00646105,0,0.000729567,0,0.9
0.00115421,-0.0047065,0,1.58521e-05,0,0.9
-9.44297e-05,-0.00481069,0,0.000514754,0,0.9
-0.000675525,-0.00447761,0,0.000357789,0,0.9
-0.00229251,-0.00509246,0,0.000342901,0,0.9
-0.00272469,-0.0049934,0,-0.00113385,0,0.9
-0.00310287,-0.0049188,0,-0.00530605,0,0.9
-0.00192594,-0.00360484,0,-0.00530605,0,0.9
-0.00141905,-0.00279843,0,-0.00677143,0,0.9
-0.00075519,-0.00186073,0,-0.00810203,0,0.9
-0.000823213,-0.0016337,0,-0.00751834,0,0.9
-0.00133112,-0.00136369,0,-0.00801909,0,0.9
-0.00177391,-0.0011462,0,-0.0077715,0,0.9
-0.00220906,-0.00098598,0,-0.00928243,0,0.9
-0.00218763,-0.000887792,0,-0.0122664,0,0.9
-0.0018263,-0.000856298,0,-0.0143328,0,0.9
-0.0018263,-0.000856298,0,-0.0173164,0,0.9
-0.0018263,-0.000856298,0,0,0,0.9
-0.0018263,-0.000856298,0,0,0,0.9
-0.0018263,-0.000856298,0,0,0,0.9
-0.0018263,-0.000856298,0,0,0,0.9
-0.0018263,-0.000856298,0,0,0,0.9
-0.0018263,-0.000856298,0,0,0,0.9
0,0,-0.00741885,0,0,0.9
0,0,-0.00741885,0,0,0.9
0,0,-0.00741885,0,0,0.9
0,0,-0.00741885,0,0,0.9
0,0,-0.00741885,0,0,0.9
0,0,-0.00741885,0,0,0.9
0,0,-0.00741885,0,0,0.9
0,0,-0.00741885,0,0,0.9
-0.0172051,0,-0.00744541,0,0,0.81
-0.00294277,0,-0.00737384,-0.00477877,0,0.901
-0.00726673,0,-0.00741519,-0.00476058,0,0.901
-0.00167393,0,-0.00716884,-0.00552945,0,0.9
0.00794184,0,-0.00637528,-0.00580908,0,0.9
0.0083464,0,-0.00589116,-0.00403081,0,0.9
0.00820718,0,-0.00538798,-0.00206694,0,0.9
0.00632927,0,-0.00512721,-5.90447e-05,0,0.9
0.00282814,0,-0.00530163,0.00156014,0,0.9
-0.00187074,0,-0.00603561,0.00228632,0,0.9
-0.00557742,0,-0.00687685,0.00173287,0,0.9
-0.005184,0,-0.00665624,3.40118e-05,0,0.9
-0.00397044,0,-0.00607546,-0.00186335,0,0.9
-0.00183661,0,-0.00496888,-0.00343757,0,0.9
0.000654878,0,-0.00347281,-0.00420984,0,0.9
-0.000203886,0,-0.00353203,-0.0036711,0,0.9
-0.000438307,0,-0.00331194,-0.0034367,0,0.9
-0.00206678,0,-0.00394428,-0.00344696,0,0.9
-0.00242517,0,-0.00394115,-0.00405465,0,0.9
-0.00265095,0,-0.00388178,-0.00569005,0,0.9
-0.00290975,0,-0.00387898,-0.00712398,0,0.9
-0.00269171,0,-0.00351627,-0.0089235,0,0.9
-0.00205192,0,-0.00278736,-0.011902,0,0.9
-0.00180858,0,-0.00238756,-0.011902,0,0.9
-0.00279513,0,-0.00303617,-0.0146261,0,0.9
-0.00307673,0,-0.0029162,-0.0155403,0,0.9
-0.00305824,0,-0.0028173,-0.0155403,0,0.9
-0.00367191,0,-0.00274789,-0.0217021,0,0.9
-0.00378247,0,-0.00270303,-0.0217021,0,0.9
-0.00272725,0,-0.00268989,-0.025717,0,0.9
-0.00120631,0,-0.0026891,-0.028516,0,0.9
-0.00120631,0,-0.0026891,0,0,0.9
-0.00120631,0,-0.0026891,0,0,0.9
-0.00120631,0,-0.0026891,0,0,0.9
-0.00120631,0,-0.0026891,0,0,0.9
-0.00120631,0,-0.0026891,0,0,0.9
-0.00120631,0,-0.0026891,0,0,0.9
0,-0.00779839,0,0,0,0.9
0,-0.00779839,0,0,0,0.9
0,-0.00779839,0,0,0,0.9
0,-0.00779839,0,0,0,0.9
0,-0.00779839,0,0,0,0.9
0,-0.00779839,0,0,0,0.9
0,-0.00779839,0,0,0,0.9
0,-0.00779839,0,0,0,0.9
0,-0.00778304,0,0,0,0.9
0.00929254,-0.00762654,0,-0.00742779,0,0.901
0.00209219,-0.00756093,0,-0.0056562,0,0.901
0.00205547,-0.00737093,0,-0.00462835,0,0.901
0.00473078,-0.00694719,0,-0.00420781,0,0.9
0.00804572,-0.00626306,0,-0.00297097,0,0.9
0.00946392,-0.00555486,0,-0.00157086,0,0.9
0.00552207,-0.00557804,0,0.000757083,0,0.9
0.00250719,-0.00566907,0,0.00214076,0,0.9
7.10883e-05,-0.0058364,0,0.00284279,0,0.9
-0.00327039,-0.00646563,0,0.00278924,0,0.9
-0.00368888,-0.00639608,0,0.0016778,0,0.9
-0.00103776,-0.00516467,0,0.00022271,0,0.9
-0.000299008,-0.00450701,0,-0.000414197,0,0.9
-0.00166468,-0.00480053,0,-0.000368664,0,0.9
-0.00085135,-0.00405591,0,-0.00132293,0,0.9
-0.00220234,-0.00450603,0,-0.00150038,0,0.9
-0.0040254,-0.00539436,0,-0.0026256,0,0.9
-0.00363506,-0.00494748,0,-0.00508384,0,0.9
-0.00414493,-0.00512886,0,-0.00765897,0,0.9
-0.00395067,-0.00481839,0,-0.0105586,0,0.9
-0.00238768,-0.0033262,0,-0.0134193,0,0.9
-0.00275178,-0.00343883,0,-0.0147445,0,0.9
-0.00255325,-0.00309038,0,-0.0159029,0,0.9
-0.00310294,-0.00331725,0,-0.017211,0,0.9
-0.00373526,-0.00319524,0,-0.0192392,0,0.9
-0.00381144,-0.00309697,0,-0.0198249,0,0.9
-0.00407497,-0.00302457,0,-0.0233389,0,0.9
-0.00350719,-0.00298021,0,-0.0264206,0,0.9
-0.00259171,-0.00296679,0,-0.0295106,0,0.9
-0.00166293,-0.00296597,0,-0.0302941,0,0.9
-0.00166293,-0.00296597,0,0,0,0.9
-0.00166293,-0.00296597,0,0,0,0.9
-0.00166293,-0.00296597,0,0,0,0.9
-0.00166293,-0.00296597,0,0,0,0.9
-0.00166293,-0.00296597,0,0,0,0.9
-0.00166293,-0.00296597,0,0,0,0.9
0,0,-0.00881706,0,0,0.9
0,0,-0.00881706,0,0,0.9
0,0,-0.00881706,0,0,0.9
0,0,-0.00881706,0,0,0.9
0,0,-0.00881706,0,0,0.9
0,0,-0.00881706,0,0,0.9
0,0,-0.00881706,0,0,0.9
0,0,-0.00881706,0,0,0.9
-0.034953,0,-0.00888356,0,0,0.827
0.0125017,0,-0.0086034,-0.00930036,0,0.902
0.00468093,0,-0.00849299,-0.00707955,0,0.901
0.00439598,0,-0.00824389,-0.0056179,0,0.901
0.00970275,0,-0.00756281,-0.00503875,0,0.901
0.00650435,0,-0.00733238,-0.00275676,0,0.9
0.00683894,0,-0.0067823,-0.00139169,0,0.9
0.00614746,0,-0.00632267,7.46297e-05,0,0.9
0.00416392,0,-0.00613495,0.00175738,0,0.9
-0.000976079,0,-0.00677549,0.00289931,0,0.9
-0.00327508,0,-0.00712175,0.00256552,0,0.9
-0.00602905,0,-0.00783233,0.00177983,0,0.9
-0.00505293,0,-0.00730456,-0.00189343,0,0.9
-0.00421403,0,-0.00673962,-0.00364433,0,0.9
-0.0017579,0,-0.00527866,-0.00430157,0,0.9
-0.00147841,0,-0.00477221,-0.00430157,0,0.9
-0.00227125,0,-0.00488542,-0.00452279,0,0.9
-0.00257735,0,-0.00476624,-0.00540903,0,0.9
-0.00310985,0,-0.00484245,-0.00644507,0,0.9
-0.00357806,0,-0.0049305,-0.00768126,0,0.9
-0.00380704,0,-0.00488394,-0.00972162,0,0.9
-0.00382949,0,-0.00469947,-0.0119358,0,0.9
-0.00328944,0,-0.00404198,-0.0146116,0,0.9
-0.00311235,0,-0.00370108,-0.0183387,0,0.9
-0.00361972,0,-0.00393152,-0.0208645,0,0.9
-0.00377391,0,-0.00379779,-0.0208645,0,0.9
-0.00318248,0,-0.00368754,-0.0216458,0,0.9
-0.00379928,0,-0.00361017,-0.0238349,0,0.9
-0.00372736,0,-0.00356097,-0.026224,0,0.9
-0.00276465,0,-0.00354462,-0.0296385,0,0.9
-0.00276465,0,-0.00354462,-0.0310703,0,0.9
-0.00276465,0,-0.00354462,0,0,0.9
-0.00276465,0,-0.00354462,0,0,0.9
-0.00276465,0,-0.00354462,0,0,0.9
-0.00276465,0,-0.00354462,0,0,0.9
-0.00276465,0,-0.00354462,0,0,0.9
-0.00276465,0,-0.00354462,0,0,0.9
0,-0.00756031,0,0,0,0.9
0,-0.00756031,0,0,0,0.9
0,-0.00756031,0,0,0,0.9
0,-0.00756031,0,0,0,0.9
0,-0.00756031,0,0,0,0.9
0,-0.00756031,0,0,0,0.9
0,-0.00756031,0,0,0,0.9
0,-0.00756031,0,0,0,0.9
0,-0.00754543,0,0,0,0.9
0.00934837,-0.00739085,0,-0.00901456,0,0.902
0.00279038,-0.00731181,0,-0.00710056,0,0.901
0.00711013,-0.00692392,0,-0.00624015,0,0.901
0.00830271,-0.00648599,0,-0.00472553,0,0.901
0.0102143,-0.00583791,0,-0.00292027,0,0.9
0.00347171,-0.00612651,0,-0.00074939,0,0.9
0.00179757,-0.00600047,0,-0.000153269,0,0.9
-0.00389934,-0.00680389,0,0.000542349,0,0.9
-0.00697771,-0.00741506,0,-0.000581973,0,0.9
-0.0085083,-0.00783934,0,-0.00238879,0,0.9
-0.00763063,-0.0075843,0,-0.00501328,0,0.9
-0.00337304,-0.00592909,0,-0.00768415,0,0.9
-0.00301195,-0.0055641,0,-0.00854612,0,0.9
-0.000648265,-0.00418204,0,-0.00937514,0,0.9
-0.000615476,-0.00381902,0,-0.009071,0,0.9
-0.00255085,-0.00461306,0,-0.00870684,0,0.9
-0.0035239,-0.00498844,0,-0.00934459,0,0.9
-0.00362436,-0.00486511,0,-0.0110389,0,0.9
-0.00388646,-0.00487588,0,-0.0126919,0,0.9
-0.00348533,-0.00440431,0,-0.0148051,0,0.9
-0.00176315,-0.00283148,0,-0.0167306,0,0.9
-0.000565465,-0.00158717,0,-0.0174564,0,0.9
-0.00157313,-0.00223951,0,-0.0157586,0,0.9
-0.00148813,-0.00197655,0,-0.0159344,0,0.9
-0.00154517,-0.00175074,0,-0.015934,0,0.9
-0.00254111,-0.0016173,0,-0.0152957,0,0.9
-0.00297698,-0.00151599,0,-0.0178542,0,0.9
-0.00331739,-0.00144955,0,-0.0208617,0,0.9
-0.00294466,-0.0014207,0,-0.0258205,0,0.9
-0.00183074,-0.00141967,0,-0.0283332,0,0.9
-0.00183074,-0.00141967,0,0,0,0.9
-0.00183074,-0.00141967,0,0,0,0.9
-0.00183074,-0.00141967,0,0,0,0.9
-0.00183074,-0.00141967,0,0,0,0.9
-0.00183074,-0.00141967,0,0,0,0.9
-0.00183074,-0.00141967,0,0,0,0.9
0,0,-0.0114623,0,0,0.9
0,0,-0.0114623,0,0,0.9
0,0,-0.0114623,0,0,0.9
0,0,-0.0114623,0,0,0.9
0,0,-0.0114623,0,0,0.9
0,0,-0.0114623,0,0,0.9
0,0,-0.0114623,0,0,0.9
0,0,-0.0114623,0,0,0.9
-0.035,0,-0.0115283,0,0,0.802
0.00984006,0,-0.0112488,-0.0105803,0,0.902
0.00571477,0,-0.0110499,-0.00860973,0,0.901
0.000570758,0,-0.0109403,-0.00698618,0,0.901
0.00561737,0,-0.0103056,-0.00663409,0,0.901
0.00494004,0,-0.00985813,-0.00515905,0,0.9
0.00595369,0,-0.00919883,-0.00381987,0,0.9
0.00620284,0,-0.00851778,-0.00226521,0,0.9
0.00515433,0,-0.00785567,-0.000839204,0,0.9
0.000519421,0,-0.00834263,0.000759477,0,0.9
-0.00295667,0,-0.00886043,0.000964446,0,0.9
-0.00497731,0,-0.00917182,0.000497179,0,0.9
-0.00357809,0,-0.00830396,-0.00119886,0,0.9
-0.0020749,0,-0.00722561,-0.00251682,0,0.9
-0.00163186,0,-0.00653481,-0.00315467,0,0.9
-0.00160586,0,-0.00602974,-0.00374486,0,0.9
-0.00267002,0,-0.00618136,-0.00393027,0,0.9
-0.00312004,0,-0.00604652,-0.00496443,0,0.9
-0.00276025,0,-0.00540203,-0.00639022,0,0.9
-0.00234102,0,-0.00469568,-0.00788787,0,0.9
-0.0027648,0,-0.00463434,-0.00893254,0,0.9
-0.00294855,0,-0.00443361,-0.0102863,0,0.9
-0.0028911,0,-0.00406563,-0.0121593,0,0.9
-0.00368785,0,-0.00449019,-0.0139574,0,0.9
-0.00477715,0,-0.00516863,-0.0165662,0,0.9
-0.00469602,0,-0.00499635,-0.0207306,0,0.9
-0.00412234,0,-0.00485735,-0.0224336,0,0.9
-0.00433382,0,-0.00475466,-0.0258403,0,0.9
-0.0039922,0,-0.00469128,-0.0298964,0,0.9
-0.00291841,0,-0.00467022,-0.0327886,0,0.9
-0.00291841,0,-0.00467022,-0.0345424,0,0.9
-0.00291841,0,-0.00467022,0,0,0.9
-0.00291841,0,-0.00467022,0,0,0.9
-0.00291841,0,-0.00467022,0,0,0.9
-0.00291841,0,-0.00467022,0,0,0.9
-0.00291841,0,-0.00467022,0,0,0.9
-0.00291841,0,-0.00467022,0,0,0.9
0,-0.0077174,0,0,0,0.9
0,-0.0077174,0,0,0,0.9
0,-0.0077174,0,0,0,0.9
0,-0.0077174,0,0,0,0.9
0,-0.0077174,0,0,0,0.9
0,-0.0077174,0,0,0,0.9
0,-0.0077174,0,0,0,0.9
0,-0.0077174,0,0,0,0.9
0,-0.00770221,0,0,0,0.9
0.00501204,-0.00758982,0,-0.0119842,0,0.902
0.00332948,-0.00745218,0,-0.0106609,0,0.901
0.00454023,-0.00718567,0,-0.00926835,0,0.901
0.00898289,-0.00658282,0,-0.00814769,0,0.9
0.00563749,-0.00642328,0,-0.00598484,0,0.9
0.00530231,-0.00602527,0,-0.00437964,0,0.9
0.00288141,-0.00595071,0,-0.00274917,0,0.9
-0.00107885,-0.00634575,0,-0.00160348,0,0.9
-0.00467417,-0.00695867,0,-0.00190256,0,0.9
-0.0074826,-0.00764829,0,-0.00309423,0,0.9
-0.00673505,-0.00738219,0,-0.00532883,0,0.9
-0.00401566,-0.00627533,0,-0.00751712,0,0.9
-0.00254095,-0.00544553,0,-0.00876963,0,0.9
0.000103697,-0.00389483,0,-0.00956836,0,0.9
-0.00137617,-0.00430128,0,-0.00887128,0,0.9
-0.0034755,-0.00522174,0,-0.0086072,0,0.9
-0.00373844,-0.00518213,0,-0.00992364,0,0.9
-0.00394576,-0.00513471,0,-0.0116359,0,0.9
-0.00416571,-0.00512223,0,-0.0136931,0,0.9
-0.00326213,-0.00426687,0,-0.0160407,0,0.9
-0.00118415,-0.00232375,0,-0.0177955,0,0.9
0.000205015,-0.000880614,0,-0.018043,0,0.9
-0.00106262,-0.0017494,0,-0.0155519,0,0.9
-0.00164201,-0.00201574,0,-0.0154993,0,0.9
-0.00228796,-0.00185966,0,-0.015247,0,0.9
-0.00426298,-0.00173374,0,-0.0149084,0,0.9
-0.00558513,-0.0016407,0,-0.0188294,0,0.9
-0.00617951,-0.00158329,0,-0.0256081,0,0.9
-0.00516021,-0.00156524,0,-0.0342418,0,0.9
-0.00257584,-0.00156421,0,-0.041881,0,0.9
-0.00257584,-0.00156421,0,0,0,0.9
-0.00257584,-0.00156421,0,0,0,0.9
-0.00257584,-0.00156421,0,0,0,0.9
-0.00257584,-0.00156421,0,0,0,0.9
-0.00257584,-0.00156421,0,0,0,0.9
-0.00257584,-0.00156421,0,0,0,0.9
0,0,-0.0115513,0,0,0.9
0,0,-0.0115513,0,0,0.9
0,0,-0.0115513,0,0,0.9
0,0,-0.0115513,0,0,0.9
0,0,-0.0115513,0,0,0.9
0,0,-0.0115513,0,0,0.9
0,0,-0.0115513,0,0,0.9
0,0,-0.0115513,0,0,0.9
-0.0279884,0,-0.0115949,0,0,0.816
0.0120992,0,-0.0113143,-0.00876148,0,0.902
0.0070754,0,-0.0111041,-0.00663277,0,0.901
0.00739775,0,-0.0107293,-0.00481175,0,0.901
0.0115645,0,-0.00998582,-0.00353862,0,0.901
0.00993023,0,-0.00930004,-0.00104245,0,0.9
0.0109594,0,-0.00842637,0.000793252,0,0.9
0.0106719,0,-0.00763147,0.00272945,0,0.9
0.00773729,0,-0.0073769,0.00484889,0,0.901
0.00173595,0,-0.00810157,0.00645348,0,0.901
-0.00156662,0,-0.00849699,0.00685993,0,0.9
-0.0037447,0,-0.00879403,0.00615096,0,0.9
-0.00376318,0,-0.00842189,0.0046207,0,0.9
-0.00250873,0,-0.00747024,0.00317826,0,0.9
-0.000345942,0,-0.00593463,0.0018297,0,0.9
-0.00120258,0,-0.00584741,0.00143364,0,0.9
-0.00223652,0,-0.00595653,0.00121257,0,0.9
-0.00210478,0,-0.00541863,-0.000140119,0,0.9
-0.00286141,0,-0.00550959,-0.00116788,0,0.9
-0.00290329,0,-0.00514537,-0.0048015,0,0.9
-0.00400209,0,-0.00563273,-0.00747183,0,0.9
-0.00415841,0,-0.00544797,-0.00747183,0,0.9
-0.00398229,0,-0.00502986,-0.0108781,0,0.901
-0.00419688,0,-0.00496527,-0.0137415,0,0.901
-0.00424516,0,-0.00478974,-0.0173489,0,0.901
-0.00391017,0,-0.00460328,-0.0210023,0,0.901
-0.00372913,0,-0.00444908,-0.022808,0,0.901
-0.00403926,0,-0.00433794,-0.0253899,0,0.901
-0.00373804,0,-0.00426889,-0.0288597,0,0.901
-0.00344621,0,-0.00424516,-0.0313522,0,0.901
-0.00344621,0,-0.00424516,-0.0336241,0,0.901
-0.00344621,0,-0.00424516,0,0,0.901
-0.00344621,0,-0.00424516,0,0,0.901
-0.00344621,0,-0.00424516,0,0,0.901
-0.00344621,0,-0.00424516,0,0,0.901
-0.00344621,0,-0.00424516,0,0,0.901
-0.00344621,0,-0.00424516,0,0,0.901
0,-0.00469508,0,0,0,0.9
0,-0.00469508,0,0,0,0.9
0,-0.00469508,0,0,0,0.9
0,-0.00469508,0,0,0,0.9
0,-0.00469508,0,0,0,0.9
0,-0.00469508,0,0,0,0.9
0,-0.00468699,0,0,0,0.9
-0.00324172,-0.00468127,0,-0.00978535,0,0.901
-0.00104332,-0.00461044,0,-0.00980702,0,0.901
-0.00160621,-0.00456446,0,-0.00927848,0,0.901
0.00307523,-0.00417916,0,-0.0091018,0,0.901
0.00622454,-0.00365387,0,-0.00802999,0,0.9
0.00905187,-0.00293241,0,-0.00636235,0,0.9
0.00690894,-0.00278308,0,-0.0037798,0,0.9
0.00858378,-0.00197886,0,-0.0018231,0,0.9
0.00746218,-0.00169075,0,0.000554464,0,0.9
0.00468691,-0.00195519,0,0.00272939,0,0.9
-4.57726e-05,-0.00311966,0,0.00450572,0,0.9
-0.00170608,-0.00353797,0,0.0042285,0,0.9
-0.00213542,-0.00357804,0,0.00327771,0,0.9
-0.00399293,-0.00435366,0,0.00223787,0,0.9
-0.00355742,-0.00408504,0,0.000187775,0,0.9
-0.00507155,-0.00491565,0,-0.00158438,0,0.9
-0.00594868,-0.00549081,0,-0.0045494,0,0.9
-0.00552018,-0.00525815,0,-0.00830144,0,0.9
-0.0051073,-0.00499536,0,-0.0117991,0,0.9
-0.0049571,-0.00489745,0,-0.015151,0,0.9
-0.00427919,-0.00435666,0,-0.0185813,0,0.9
-0.00292762,-0.00318903,0,-0.0215113,0,0.9
-0.00352075,-0.00365339,0,-0.0226614,0,0.9
-0.00344411,-0.00354654,0,-0.024786,0,0.9
-0.00364626,-0.00280134,0,-0.0265823,0,0.9
-0.00321905,-0.00275728,0,-0.0278179,0,0.9
-0.00340588,-0.00272367,0,-0.0294468,0,0.9
-0.00359069,-0.00270139,0,-0.0314083,0,0.9
-0.00242428,-0.00269134,0,-0.0338806,0,0.9
-0.0013929,-0.00269084,0,-0.0332898,0,0.9
-0.0013929,-0.00269084,0,0,0,0.9
-0.0013929,-0.00269084,0,0,0,0.9
-0.0013929,-0.00269084,0,0,0,0.9
-0.0013929,-0.00269084,0,0,0,0.9
-0.0013929,-0.00269084,0,0,0,0.9
-0.0013929,-0.00269084,0,0,0,0.9
0,0,-0.00959621,0,0,0.9
0,0,-0.00959621,0,0,0.9
0,0,-0.00959621,0,0,0.9
0,0,-0.00959621,0,0,0.9
0,0,-0.00959621,0,0,0.9
0,0,-0.00959621,0,0,0.9
0,0,-0.00959621,0,0,0.9
0,0,-0.00959621,0,0,0.9
-0.035,0,-0.00965077,0,0,0.837
0.00733864,0,-0.00943625,-0.0109095,0,0.903
0.0060784,0,-0.0092329,-0.009396,0,0.901
0.00507382,0,-0.00897583,-0.00773027,0,0.901
0.00785346,0,-0.00831973,-0.00640642,0,0.901
0.00449414,0,-0.00814207,-0.00464351,0,0.9
0.00348221,0,-0.00780404,-0.00336675,0,0.9
0.00317899,0,-0.00736782,-0.00278377,0,0.9
-1.33621e-05,0,-0.00753637,-0.00193164,0,0.9
-0.00315883,0,-0.00793441,-0.00161752,0,0.9
-0.00545253,0,-0.00833827,-0.0022208,0,0.9
-0.00714793,0,-0.00873735,-0.00330938,0,0.9
-0.00556233,0,-0.00798522,-0.00553296,0,0.9
-0.00335448,0,-0.00679473,-0.00701057,0,0.9
-0.000264997,0,-0.00494227,-0.00819346,0,0.9
0.000600416,0,-0.00400151,-0.00799629,0,0.9
0.00015511,0,-0.00388321,-0.00719504,0,0.9
-0.000781176,0,-0.00400086,-0.00650068,0,0.9
-0.00170606,0,-0.0042118,-0.00647424,0,0.9
-0.00210324,0,-0.00413806,-0.00702652,0,0.9
-0.00234206,0,-0.00399346,-0.00812408,0,0.9
-0.00195547,0,-0.00337878,-0.00986221,0,0.9
-0.00159737,0,-0.00278038,-0.0109667,0,0.9
-0.00115225,0,-0.00210599,-0.0116941,0,0.9
-0.00154346,0,-0.00214556,-0.0119587,0,0.9
-0.00170001,0,-0.00198742,-0.0122847,0,0.9
-0.00207594,0,-0.00181041,-0.012623,0,0.9
-0.00216705,0,-0.00167536,-0.0147723,0,0.9
-0.00265511,0,-0.00158586,-0.0166431,0,0.9
-0.00283497,0,-0.00154548,-0.019975,0,0.9
-0.00169363,0,-0.00154346,-0.0236578,0,0.9
-0.00169363,0,-0.00154346,0,0,0.9
-0.00169363,0,-0.00154346,0,0,0.9
-0.00169363,0,-0.00154346,0,0,0.9
-0.00169363,0,-0.00154346,0,0,0.9
-0.00169363,0,-0.00154346,0,0,0.9
-0.00169363,0,-0.00154346,0,0,0.9
0,-0.0082648,0,0,0,0.9
0,-0.0082648,0,0,0,0.9
0,-0.0082648,0,0,0,0.9
0,-0.0082648,0,0,0,0.9
0,-0.0082648,0,0,0,0.9
0,-0.0082648,0,0,0,0.9
0,-0.0082648,0,0,0,0.9
0,-0.0082648,0,0,0,0.9
0,-0.00825056,0,0,0,0.9
0.00536883,-0.0081356,0,-0.0132778,0,0.902
0.00395768,-0.00798151,0,-0.0118435,0,0.901
0.000160421,-0.00790851,0,-0.0103683,0,0.901
0.00530447,-0.00736385,0,-0.00987332,0,0.901
0.0078771,-0.00672563,0,-0.00829711,0,0.9
0.00780391,-0.00620442,0,-0.00620529,0,0.9
0.00552227,-0.00599309,0,-0.00376587,0,0.9
0.00582588,-0.00538252,0,-0.00238755,0,0.9
0.00288982,-0.00550824,0,-0.00051692,0,0.9
-9.40126e-05,-0.00587863,0,0.000399395,0,0.9
-0.00259575,-0.00634383,0,0.000526539,0,0.9
-0.00271014,-0.00611447,0,-0.00035074,0,0.9
-0.000680634,-0.00495504,0,-0.00147289,0,0.9
-0.00099951,-0.00473204,0,-0.00167873,0,0.9
-0.00060963,-0.00415993,0,-0.00187134,0,0.9
-0.00129572,-0.00418183,0,-0.00189742,0,0.9
-0.00207903,-0.00433838,0,-0.00261392,0,0.9
-0.00286525,-0.00458004,0,-0.00376833,0,0.9
-0.00343817,-0.00474891,0,-0.00560171,0,0.9
-0.00314148,-0.0043078,0,-0.00792805,0,0.9
-0.00135619,-0.00264312,0,-0.0104036,0,0.9
-0.00113427,-0.00212414,0,-0.0110424,0,0.9
-0.00103827,-0.00179562,0,-0.0111047,0,0.9
-0.00146038,-0.00196915,0,-0.0113582,0,0.9
-0.0026279,-0.00179497,0,-0.011377,0,0.9
-0.00415972,-0.00165398,0,-0.0120291,0,0.9
-0.00471956,-0.0015492,0,-0.0173222,0,0.9
-0.00484521,-0.00148367,0,-0.0230889,0,0.9
-0.00469684,-0.00146039,0,-0.0295023,0,0.9
-0.00469684,-0.00146038,0,-0.0347376,0,0.9
-0.00469684,-0.00146038,0,0,0,0.9
-0.00469684,-0.00146038,0,0,0,0.9
-0.00469684,-0.00146038,0,0,0,0.9
-0.00469684,-0.00146038,0,0,0,0.9
-0.00469684,-0.00146038,0,0,0,0.9
-0.00469684,-0.00146038,0,0,0,0.9
0,0,-0.0108237,0,0,0.9
0,0,-0.0108237,0,0,0.9
0,0,-0.0108237,0,0,0.9
0,0,-0.0108237,0,0,0.9
0,0,-0.0108237,0,0,0.9
0,0,-0.0108237,0,0,0.9
0,0,-0.0108237,0,0,0.9
0,0,-0.0108237,0,0,0.9
0,0,-0.010805,0,0,0.9
0.0126102,0,-0.0106016,-0.0124039,0,0.902
0.0121269,0,-0.0102917,-0.00998796,0,0.901
0.00829351,0,-0.0100152,-0.00716764,0,0.901
0.0098886,0,-0.00944845,-0.00544164,0,0.901
0.00701412,0,-0.00912278,-0.00321141,0,0.9
0.00581738,0,-0.0086899,-0.00143692,0,0.9
0.00453108,0,-0.00829365,9.19455e-05,0,0.9
0.00169938,0,-0.00826204,0.00104487,0,0.9
-0.00189812,0,-0.00861796,0.00155791,0,0.9
-0.00284247,0,-0.00849286,0.000911907,0,0.9
-0.00452391,0,-0.00868898,-2.46715e-05,0,0.9
-0.00443475,0,-0.00835037,-0.00162052,0,0.9
-0.0026046,0,-0.00723684,-0.00320992,0,0.9
-0.00107946,0,-0.00608553,-0.00423907,0,0.9
-0.000873092,0,-0.00548795,-0.00444956,0,0.9
-0.000954295,0,-0.0050415,-0.00460745,0,0.9
-0.0016948,0,-0.0050291,-0.00482162,0,0.9
-0.00203015,0,-0.00482278,-0.0054089,0,0.9
-0.00188569,0,-0.00431292,-0.00652926,0,0.9
-0.00224408,0,-0.00419721,-0.00747184,0,0.9
-0.00266367,0,-0.0041837,-0.00883629,0,0.9
-0.00195473,0,-0.00326643,-0.0107778,0,0.9
-0.00255494,0,-0.00342151,-0.012226,0,0.9
-0.00380934,0,-0.0043338,-0.0137669,0,0.9
-0.00417849,0,-0.00415425,-0.0168793,0,0.9
-0.00460417,0,-0.00400891,-0.0193229,0,0.9
-0.00518178,0,-0.0039009,-0.0239363,0,0.9
-0.00487299,0,-0.00383334,-0.0293902,0,0.9
-0.0035114,0,-0.0038111,-0.0351335,0,0.9
-0.00182914,0,-0.00380934,-0.0378041,0,0.9
-0.00182914,0,-0.00380934,0,0,0.9
-0.00182914,0,-0.00380934,0,0,0.9
-0.00182914,0,-0.00380934,0,0,0.9
-0.00182914,0,-0.00380934,0,0,0.9
-0.00182914,0,-0.00380934,0,0,0.9
-0.00182914,0,-0.00380934,0,0,0.9
0,-0.0085145,0,0,0,0.9
0,-0.0085145,0,0,0,0.9
0,-0.0085145,0,0,0,0.9
0,-0.0085145,0,0,0,0.9
0,-0.0085145,0,0,0,0.9
0,-0.0085145,0,0,0,0.9
0,-0.0085145,0,0,0,0.9
0,-0.0085145,0,0,0,0.9
0,-0.00849983,0,0,0,0.9
0.00387039,-0.00839714,0,-0.0129349,0,0.902
-0.0022151,-0.00836849,0,-0.0116453,0,0.901
0.00121057,-0.00810324,0,-0.0110461,0,0.901
0.00771783,-0.00743674,0,-0.0104072,0,0.901
0.0111996,-0.00663471,0,-0.0083552,0,0.9
0.00681956,-0.00654832,0,-0.00563778,0,0.9
0.00668117,-0.0060107,0,-0.00375248,0,0.9
0.00131801,-0.00650324,0,-0.00172738,0,0.9
-0.000877021,-0.00662711,0,-0.0012335,0,0.9
-0.00401236,-0.00719971,0,-0.00117842,0,0.9
-0.00541632,-0.00746468,0,-0.0024287,0,0.9
-0.00349071,-0.00656968,0,-0.00405095,0,0.9
-0.00121433,-0.00532868,0,-0.00522367,0,0.9
0.00066944,-0.0040488,0,-0.00544511,0,0.9
0.00139746,-0.00319949,0,-0.00495813,0,0.9
0.000677272,-0.00312932,0,-0.00367124,0,0.9
-0.00135501,-0.00397,0,-0.00283888,0,0.9
-0.00175588,-0.00390227,0,-0.00333855,0,0.9
-0.00285493,-0.00439187,0,-0.00436069,0,0.9
-0.00292266,-0.00419564,0,-0.00649934,0,0.9
-0.00248331,-0.00360679,0,-0.00872097,0,0.9
-0.000524089,-0.00170585,0,-0.0109097,0,0.9
-0.00178066,-0.00254125,0,-0.0101763,0,0.9
-0.00255748,-0.00304524,0,-0.0117637,0,0.9
-0.00342684,-0.00214409,0,-0.0138775,0,0.9
-0.00444686,-0.00200527,0,-0.0157286,0,0.9
-0.00444041,-0.0019021,0,-0.0207354,0,0.9
-0.00383011,-0.00184992,0,-0.0257115,0,0.9
-0.00382049,-0.00181633,0,-0.0304486,0,0.9
-0.00218487,-0.00181465,0,-0.0348556,0,0.9
-0.00218487,-0.00181465,0,0,0,0.9
-0.00218487,-0.00181465,0,0,0,0.9
-0.00218487,-0.00181465,0,0,0,0.9
-0.00218487,-0.00181465,0,0,0,0.9
-0.00218487,-0.00181465,0,0,0,0.9
-0.00218487,-0.00181465,0,0,0,0.9
0,0,-0.0107915,0,0,0.9
0,0,-0.0107915,0,0,0.9
0,0,-0.0107915,0,0,0.9
0,0,-0.0107915,0,0,0.9
0,0,-0.0107915,0,0,0.9
0,0,-0.0107915,0,0,0.9
0,0,-0.0107915,0,0,0.9
0,0,-0.0107915,0,0,0.9
0,0,-0.0107729,0,0,0.9
0.0119486,0,-0.010576,-0.0136452,0,0.902
0.0100113,0,-0.0103093,-0.0112275,0,0.901
0.00696218,0,-0.0100407,-0.00867536,0,0.901
0.00700159,0,-0.00961006,-0.00698307,0,0.901
0.00576304,0,-0.00921294,-0.00521615,0,0.9
0.00664277,0,-0.00855599,-0.00374501,0,0.9
0.00692911,0,-0.00787162,-0.00204489,0,0.9
0.00483419,0,-0.00759519,-0.000288731,0,0.9
0.000233076,0,-0.00806704,0.0011098,0,0.9
-0.00290136,0,-0.00848725,0.00121154,0,0.9
-0.00575751,0,-0.00908569,0.00025399,0,0.9
-0.00736495,0,-0.00946498,-0.00173992,0,0.9
-0.00606654,0,-0.00872949,-0.00433262,0,0.9
-0.00319422,0,-0.00709729,-0.00694212,0,0.9
-0.00254948,0,-0.00637193,-0.0080802,0,0.9
-0.00286686,0,-0.00614867,-0.00875829,0,0.9
-0.00282394,0,-0.00573407,-0.00981234,0,0.9
-0.00320012,0,-0.00561097,-0.0108886,0,0.9
-0.00369929,0,-0.00562527,-0.0123135,0,0.9
-0.00325946,0,-0.00497411,-0.0144549,0,0.9
-0.00304007,0,-0.00448399,-0.0163361,0,0.9
-0.00298821,0,-0.00414229,-0.0180436,0,0.9
-0.00308851,0,-0.00395855,-0.019666,0,0.9
-0.00403066,0,-0.00453616,-0.0216076,0,0.9
-0.004219,0,-0.0043631,-0.0239761,0,0.9
-0.00424274,0,-0.00422301,-0.025621,0,0.9
-0.00488913,0,-0.00411891,-0.0290491,0,0.9
-0.00460198,0,-0.00406626,-0.0321281,0,0.9
-0.00386368,0,-0.00403235,-0.0373724,0,0.9
-0.00234735,0,-0.00403066,-0.0401959,0,0.9
-0.00234735,0,-0.00403066,0,0,0.9
-0.00234735,0,-0.00403066,0,0,0.9
-0.00234735,0,-0.00403066,0,0,0.9
-0.00234735,0,-0.00403066,0,0,0.9
-0.00234735,0,-0.00403066,0,0,0.9
-0.00234735,0,-0.00403066,0,0,0.9
0,-0.00901034,0,0,0,0.9
0,-0.00901034,0,0,0,0.9
0,-0.00901034,0,0,0,0.9
0,-0.00901034,0,0,0,0.9
0,-0.00901034,0,0,0,0.9
0,-0.00901034,0,0,0,0.9
0,-0.00901034,0,0,0,0.9
0,-0.00901034,0,0,0,0.9
0,-0.00899481,0,0,0,0.9
0.00932689,-0.00883657,0,-0.0107346,0,0.902
0.00382814,-0.00871277,0,-0.00875143,0,0.901
0.00328619,-0.00849034,0,-0.00746519,0,0.901
0.00752661,-0.00791235,0,-0.00649247,0,0.901
0.00998966,-0.00719864,0,-0.00474742,0,0.9
0.00798478,-0.00683118,0,-0.00231516,0,0.9
0.00867931,-0.0060956,0,-0.000697997,0,0.9
0.00485155,-0.00617486,0,0.0014627,0,0.9
0.000201322,-0.00673393,0,0.00277714,0,0.9
-0.00331944,-0.00734839,0,0.00302242,0,0.9
-0.00497225,-0.00764203,0,0.00170238,0,0.9
-0.00350208,-0.00687797,0,-0.000239706,0,0.9
-0.00213953,-0.00601189,0,-0.00170327,0,0.9
-0.000734626,-0.00498626,0,-0.00251506,0,0.9
0.00051232,-0.00390408,0,-0.00269507,0,0.9
-0.000569674,-0.00406521,0,-0.00206144,0,0.9
-0.00155556,-0.00427841,0,-0.00221375,0,0.9
-0.00207722,-0.00427903,0,-0.00309165,0,0.9
-0.00301351,-0.00464203,0,-0.00417624,0,0.9
-0.0029431,-0.0043243,0,-0.00639865,0,0.9
-0.00258391,-0.00378102,0,-0.00861706,0,0.9
-0.000932878,-0.00212752,0,-0.0110327,0,0.9
-0.00224395,-0.00300821,0,-0.0108681,0,0.9
-0.00354501,-0.00395365,0,-0.0124911,0,0.9
-0.00363105,-0.00381375,0,-0.01553,0,0.9
-0.00441971,-0.00370051,0,-0.0175061,0,0.9
-0.00451119,-0.00361635,0,-0.0223498,0,0.9
-0.00471859,-0.00356372,0,-0.0274042,0,0.9
-0.00398368,-0.00354638,0,-0.0321932,0,0.9
-0.00216326,-0.00354501,0,-0.0368846,0,0.9
-0.00216326,-0.00354501,0,0,0,0.9
-0.00216326,-0.00354501,0,0,0,0.9
-0.00216326,-0.00354501,0,0,0,0.9
-0.00216326,-0.00354501,0,0,0,0.9
-0.00216326,-0.00354501,0,0,0,0.9
-0.00216326,-0.00354501,0,0,0,0.9
0,0,-0.00956182,0,0,0.9
0,0,-0.00956182,0,0,0.9
0,0,-0.00956182,0,0,0.9
0,0,-0.00956182,0,0,0.9
0,0,-0.00956182,0,0,0.9
0,0,-0.00956182,0,0,0.9
0,0,-0.00956182,0,0,0.9
0,0,-0.00956182,0,0,0.9
0,0,-0.00954533,0,0,0.9
0.0090578,0,-0.00938537,-0.0162941,0,0.902
0.00898481,0,-0.00913194,-0.0140809,0,0.901
0.00967475,0,-0.00874833,-0.0117306,0,0.901
0.00844354,0,-0.00836633,-0.009428,0,0.901
0.00401807,0,-0.00826694,-0.00711242,0,0.9
0.00582125,0,-0.00758935,-0.00579933,0,0.9
0.00463571,0,-0.00722248,-0.00407863,0,0.9
0.00127158,0,-0.00734582,-0.00291046,0,0.9
-0.00357266,0,-0.00808176,-0.00216077,0,0.9
-0.00454387,0,-0.00809639,-0.00303608,0,0.9
-0.00753068,0,-0.00887356,-0.00423364,0,0.9
-0.00764683,0,-0.00882048,-0.00664657,0,0.9
-0.0046147,0,-0.00740288,-0.00933402,0,0.9
-0.00272705,0,-0.0062384,-0.010615,0,0.9
-0.00260879,0,-0.00583345,-0.011199,0,0.9
-0.00185205,0,-0.0050449,-0.0118722,0,0.9
-0.00139395,0,-0.00437726,-0.0121991,0,0.9
-0.00175033,0,-0.00423109,-0.0120846,0,0.9
-0.0024381,0,-0.00437264,-0.0123971,0,0.9
-0.0027258,0,-0.00428201,-0.0132132,0,0.9
-0.00220014,0,-0.00357147,-0.0146556,0,0.9
-0.00256947,0,-0.00360362,-0.0155417,0,0.9
-0.00277981,0,-0.00354583,-0.0168902,0,0.9
-0.00315191,0,-0.00363118,-0.0189519,0,0.9
-0.00407491,0,-0.00346709,-0.0201024,0,0.9
-0.00446105,0,-0.00333428,-0.0221598,0,0.9
-0.0048583,0,-0.00323558,-0.0261259,0,0.9
-0.00454213,0,-0.00317384,-0.031105,0,0.9
-0.00322744,0,-0.00315192,-0.0356076,0,0.9
-0.00322744,0,-0.00315191,-0.0371428,0,0.9
-0.00322744,0,-0.00315191,0,0,0.9
-0.00322744,0,-0.00315191,0,0,0.9
-0.00322744,0,-0.00315191,0,0,0.9
-0.00322744,0,-0.00315191,0,0,0.9
-0.00322744,0,-0.00315191,0,0,0.9
-0.00322744,0,-0.00315191,0,0,0.9
0,-0.00900007,0,0,0,0.9
0,-0.00900007,0,0,0,0.9
0,-0.00900007,0,0,0,0.9
0,-0.00900007,0,0,0,0.9
0,-0.00900007,0,0,0,0.9
0,-0.00900007,0,0,0,0.9
0,-0.00900007,0,0,0,0.9
0,-0.00900007,0,0,0,0.9
0,-0.00898456,0,0,0,0.9
0.00687359,-0.00884964,0,-0.011529,0,0.902
-0.000572401,-0.00880473,0,-0.00979925,0,0.901
0.000680179,-0.0085907,0,-0.00910609,0,0.901
0.00629819,-0.00798432,0,-0.00862042,0,0.901
0.00930196,-0.00725492,0,-0.00695013,0,0.9
0.00713743,-0.00693087,0,-0.00470592,0,0.9
0.00919242,-0.00600247,0,-0.00287593,0,0.9
0.00598195,-0.00593546,0,-0.000494376,0,0.9
0.00298896,-0.00603731,0,0.00121718,0,0.9
-0.00174487,-0.00688128,0,0.0023063,0,0.9
-0.003001,-0.00696727,0,0.00158986,0,0.9
-0.00159409,-0.00613305,0,0.000408317,0,0.9
-0.000593322,-0.00533134,0,-0.000397983,0,0.9
0.000309295,-0.00447338,0,-0.000606471,0,0.9
0.000691056,-0.00380348,0,-0.000476552,0,0.9
-0.00043289,-0.00398082,0,0.000193344,0,0.9
-0.000814119,-0.00380403,0,-0.000130311,0,0.9
-0.00102539,-0.00355797,0,-0.000589245,0,0.9
-0.00123196,-0.0033415,0,-0.00130748,0,0.9
-0.00191164,-0.00352531,0,-0.00207977,0,0.9
-0.00133684,-0.00276434,0,-0.00369521,0,0.9
-0.000175256,-0.00148043,0,-0.00492391,0,0.9
-0.00124587,-0.00205852,0,-0.00478155,0,0.9
-0.0019617,-0.00248795,0,-0.0062522,0,0.9
-0.00294704,-0.00230779,0,-0.00784713,0,0.9
-0.00410504,-0.00216195,0,-0.00972343,0,0.9
-0.00400033,-0.00205357,0,-0.0154539,0,0.9
-0.00400319,-0.00198578,0,-0.0205719,0,0.9
-0.00316811,-0.00196346,0,-0.0259058,0,0.9
-0.00182663,-0.0019617,0,-0.0292744,0,0.9
-0.00182663,-0.0019617,0,0,0,0.9
-0.00182663,-0.0019617,0,0,0,0.9
-0.00182663,-0.0019617,0,0,0,0.9
-0.00182663,-0.0019617,0,0,0,0.9
-0.00182663,-0.0019617,0,0,0,0.9
-0.00182663,-0.0019617,0,0,0,0.9
0,0,-0.0102539,0,0,0.9
0,0,-0.0102539,0,0,0.9
0,0,-0.0102539,0,0,0.9
0,0,-0.0102539,0,0,0.9
0,0,-0.0102539,0,0,0.9
0,0,-0.0102539,0,0,0.9
0,0,-0.0102539,0,0,0.9
0,0,-0.0102539,0,0,0.9
0,0,-0.0102362,0,0,0.9
0.00737186,0,-0.0100868,-0.0148608,0,0.902
0.0065295,0,-0.00986485,-0.0130119,0,0.901
0.00737124,0,-0.00950852,-0.0111211,0,0.901
0.00779513,0,-0.00905547,-0.009241,0,0.901
0.00952661,0,-0.00838298,-0.00490166,0,0.9
0.00824287,0,-0.00788215,-0.00490166,0,0.9
0.00666393,0,-0.0074663,-0.00263028,0,0.9
0.003318,0,-0.0074777,-0.000544764,0,0.9
-0.000391899,0,-0.00781675,0.000365952,0,0.9
-0.00310624,0,-0.00817469,-0.000698527,0,0.9
-0.00605355,0,-0.00883558,-0.00255574,0,0.9
-0.00707432,0,-0.00902299,-0.00255574,0,0.9
-0.00466194,0,-0.00781353,-0.00537921,0,0.9
-0.00284634,0,-0.00665194,-0.00718775,0,0.9
-0.00249441,0,-0.00560006,-0.00882423,0,0.9
-0.0024787,0,-0.00569863,-0.00882423,0,0.9
-0.00198365,0,-0.00500434,-0.00969387,0,0.9
-0.00223485,0,-0.00478152,-0.0102236,0,0.9
-0.00282627,0,-0.00484334,-0.0110121,0,0.9
-0.00226386,0,-0.00408278,-0.0124885,0,0.9
-0.00203595,0,-0.00356678,-0.0135824,0,0.9
-0.00258538,0,-0.00364993,-0.0143608,0,0.9
-0.00242974,0,-0.00324971,-0.0151939,0,0.9
-0.00344379,0,-0.00395298,-0.0165347,0,0.9
-0.00409034,0,-0.00377865,-0.018653,0,0.9
-0.00428947,0,-0.00363755,-0.0209059,0,0.9
-0.00465859,0,-0.00353269,-0.0249462,0,0.9
-0.00430723,0,-0.0034671,-0.0299411,0,0.9
-0.00313075,0,-0.0034438,-0.0345274,0,0.9
-0.00313075,0,-0.00344379,-0.035871,0,0.9
-0.00313075,0,-0.00344379,0,0,0.9
-0.00313075,0,-0.00344379,0,0,0.9
-0.00313075,0,-0.00344379,0,0,0.9
-0.00313075,0,-0.00344379,0,0,0.9
-0.00313075,0,-0.00344379,0,0,0.9
-0.00313075,0,-0.00344379,0,0,0.9
0,-0.00918995,0,0,0,0.9
0,-0.00918995,0,0,0,0.9
0,-0.00918995,0,0,0,0.9
0,-0.00918995,0,0,0,0.9
0,-0.00918995,0,0,0,0.9
0,-0.00918995,0,0,0,0.9
0,-0.00918995,0,0,0,0.9
0,-0.00918995,0,0,0,0.9
0,-0.00917411,0,0,0,0.9
0.00417613,-0.00906329,0,-0.0119459,0,0.902
-0.00251585,-0.00903525,0,-0.0106738,0,0.901
0.00441555,-0.00861459,0,-0.0102225,0,0.901
0.00983656,-0.00792666,0,-0.00904971,0,0.901
0.0107644,-0.00728724,0,-0.00667006,0,0.9
0.00925633,-0.00682471,0,-0.00409457,0,0.9
0.00917972,-0.00616316,0,-0.00192988,0,0.9
0.0046521,-0.00635852,0,0.000746015,0,0.9
0.00137978,-0.00657793,0,0.00191637,0,0.9
-0.00279031,-0.00732102,0,0.00247187,0,0.9
-0.00429822,-0.00753238,0,0.00136263,0,0.9
-0.0021614,-0.00646904,0,-0.000393697,0,0.9
-0.000425472,-0.0053651,0,-0.00138447,0,0.9
0.0014318,-0.00402511,0,-0.00163108,0,0.9
0.000309873,-0.00409594,0,-0.000639897,0,0.9
-0.000460138,-0.00407542,0,-0.000349553,0,0.9
-0.00233406,-0.00483817,0,-0.000435937,0,0.9
-0.00162715,-0.00402894,0,-0.00194419,0,0.9
-0.00263173,-0.00441271,0,-0.00291928,0,0.9
-0.00302708,-0.00443005,0,-0.00500093,0,0.9
-0.00238496,-0.00365259,0,-0.00743601,0,0.9
-0.000547174,-0.00182542,0,-0.00980016,0,0.9
-0.00156565,-0.00242682,0,-0.0088751,0,0.9
-0.00190015,-0.00249703,0,-0.00990312,0,0.9
-0.00207179,-0.00169875,0,-0.0115148,0,0.9
-0.00287127,-0.00152448,0,-0.0126152,0,0.9
-0.00340629,-0.00139152,0,-0.015955,0,0.9
-0.00334221,-0.0013034,0,-0.0206373,0,0.9
-0.00382679,-0.00126364,0,-0.0250716,0,0.9
-0.00203816,-0.00126166,0,-0.0307543,0,0.9
-0.00203816,-0.00126166,0,0,0,0.9
-0.00203816,-0.00126166,0,0,0,0.9
-0.00203816,-0.00126166,0,0,0,0.9
-0.00203816,-0.00126166,0,0,0,0.9
-0.00203816,-0.00126166,0,0,0,0.9
-0.00203816,-0.00126166,0,0,0,0.9
0,0,-0.0116056,0,0,0.9
0,0,-0.0116056,0,0,0.9
0,0,-0.0116056,0,0,0.9
0,0,-0.0116056,0,0,0.9
0,0,-0.0116056,0,0,0.9
0,0,-0.0116056,0,0,0.9
0,0,-0.0116056,0,0,0.9
0,0,-0.0116056,0,0,0.9
0,0,-0.0115855,0,0,0.9
0.0141507,0,-0.0113615,-0.0150906,0,0.902
0.0100566,0,-0.0111035,-0.0122067,0,0.901
0.00674854,0,-0.0108294,-0.00966871,0,0.901
0.00808334,0,-0.0102983,-0.00787219,0,0.901
0.00318734,0,-0.010195,-0.00582243,0,0.9
0.00676094,0,-0.00925055,-0.00485848,0,0.9
0.00864268,0,-0.00826923,-0.00324937,0,0.9
0.00634188,0,-0.00793436,-0.000754391,0,0.9
0.00394743,0,-0.00776206,0.001078,0,0.9
-0.000427014,0,-0.008341,0.0022458,0,0.9
-0.0038367,0,-0.00897306,0.00205405,0,0.9
-0.00693861,0,-0.00979887,0.000630596,0,0.9
-0.00566353,0,-0.00901243,-0.00202983,0,0.9
-0.00407405,0,-0.00794335,-0.00440799,0,0.9
-0.00243762,0,-0.00668951,-0.00619936,0,0.9
-0.00281487,0,-0.00645536,-0.00711657,0,0.9
-0.00306143,0,-0.00618216,-0.008227,0,0.9
-0.00354253,0,-0.00610317,-0.00964153,0,0.9
-0.00369488,0,-0.00584313,-0.0114479,0,0.9
-0.00391809,0,-0.00566814,-0.013538,0,0.9
-0.00370294,0,-0.00517503,-0.0160672,0,0.9
-0.0032984,0,-0.00452701,-0.0185186,0,0.9
-0.00358661,0,-0.00442701,-0.0204452,0,0.9
-0.00401426,0,-0.00458186,-0.0224747,0,0.9
-0.00442898,0,-0.00438754,-0.0248929,0,0.9
-0.00463742,0,-0.00423025,-0.026558,0,0.9
-0.00493846,0,-0.00411336,-0.0304175,0,0.9
-0.00428245,0,-0.00405423,-0.0348225,0,0.9
-0.00364972,0,-0.00401616,-0.0386976,0,0.9
-0.00211273,0,-0.00401426,-0.040489,0,0.9
-0.00211273,0,-0.00401426,0,0,0.9
-0.00211273,0,-0.00401426,0,0,0.9
-0.00211273,0,-0.00401426,0,0,0.9
-0.00211273,0,-0.00401426,0,0,0.9
-0.00211273,0,-0.00401426,0,0,0.9
-0.00211273,0,-0.00401426,0,0,0.9
0,-0.00812576,0,0,0,0.9
0,-0.00812576,0,0,0,0.9
0,-0.00812576,0,0,0,0.9
0,-0.00812576,0,0,0,0.9
0,-0.00812576,0,0,0,0.9
0,-0.00812576,0,0,0,0.9
0,-0.00812576,0,0,0,0.9
0,-0.00812576,0,0,0,0.9
0,-0.00811175,0,0,0,0.9
0.00597922,-0.00799209,0,-0.0090118,0,0.902
-0.000822096,-0.00795647,0,-0.00755299,0,0.901
0.000997003,-0.00773997,0,-0.00723599,0,0.901
0.00735643,-0.0070978,0,-0.00684432,0,0.901
0.00704852,-0.00667885,0,-0.00510938,0,0.9
0.00521419,-0.00641527,0,-0.00323316,0,0.9
0.00681409,-0.00566411,0,-0.00195898,0,0.9
0.00288884,-0.0058727,0,-0.000128381,0,0.9
0.000283018,-0.00604776,0,0.00062118,0,0.9
-0.00300829,-0.00663127,0,0.000897511,0,0.9
-0.00492134,-0.00703994,0,2.38317e-05,0,0.9
-0.00300633,-0.00614392,0,-0.00195736,0,0.9
-0.000649038,-0.00486289,0,-0.00297816,0,0.9
0.00120456,-0.00358888,0,-0.00322918,0,0.9
0.00113338,-0.00316081,0,-0.00229561,0,0.9
0.000495738,-0.00307469,0,-0.00138321,0,0.9
-0.000979715,-0.0035898,0,-0.000873299,0,0.9
-0.00157802,-0.00365744,0,-0.00146991,0,0.9
-0.00264359,-0.00413235,0,-0.00250019,0,0.9
-0.00348944,-0.0045449,0,-0.00438383,0,0.9
-0.00393655,-0.00471691,0,-0.00723238,0,0.9
-0.00189167,-0.00281368,0,-0.0110615,0,0.9
-0.0033335,-0.00387478,0,-0.0123372,0,0.9
-0.003324,-0.00371717,0,-0.0154342,0,0.9
-0.00420256,-0.00242221,0,-0.0183413,0,0.9
-0.00467188,-0.00229792,0,-0.0209641,0,0.9
-0.00477979,-0.00220556,0,-0.0254299,0,0.9
-0.00450841,-0.00214778,0,-0.0307699,0,0.9
-0.00447556,-0.00212727,0,-0.0346273,0,0.9
-0.00447556,-0.00212726,0,-0.0389414,0,0.9
-0.00447556,-0.00212726,0,0,0,0.9
-0.00447556,-0.00212726,0,0,0,0.9
-0.00447556,-0.00212726,0,0,0,0.9
-0.00447556,-0.00212726,0,0,0,0.9
-0.00447556,-0.00212726,0,0,0,0.9
-0.00447556,-0.00212726,0,0,0,0.9
0,0,-0.0111054,0,0,0.9
0,0,-0.0111054,0,0,0.9
0,0,-0.0111054,0,0,0.9
0,0,-0.0111054,0,0,0.9
0,0,-0.0111054,0,0,0.9
0,0,-0.0111054,0,0,0.9
0,0,-0.0111054,0,0,0.9
0,0,-0.0111054,0,0,0.9
0,0,-0.0110863,0,0,0.9
0.0163509,0,-0.0108452,-0.0150441,0,0.902
0.0128268,0,-0.0105507,-0.0119989,0,0.901
0.00701605,0,-0.0103391,-0.00901735,0,0.901
0.00648272,0,-0.00993765,-0.00737231,0,0.901
0.00196852,0,-0.0098588,-0.00538728,0,0.9
0.00562022,0,-0.00896082,-0.00468134,0,0.9
0.00972276,0,-0.00767355,-0.00323605,0,0.9
0.0060158,0,-0.00760325,-0.000960403,0,0.9
0.00457302,0,-0.00723094,0.000623549,0,0.9
-0.00178615,0,-0.00838386,0.0022254,0,0.9
-0.00418538,0,-0.00876056,0.0016601,0,0.9
-0.00755546,0,-0.00973116,0.00017432,0,0.9
-0.00694649,0,-0.00929046,-0.00266984,0,0.9
-0.00395272,0,-0.00762742,-0.00566322,0,0.9
-0.00269404,0,-0.00659506,-0.00730655,0,0.9
-0.00320477,0,-0.00647668,-0.00817113,0,0.9
-0.00357076,0,-0.00632279,-0.00945829,0,0.9
-0.00371888,0,-0.00606469,-0.0111172,0,0.9
-0.00384047,0,-0.00581338,-0.0130324,0,0.9
-0.00373531,0,-0.00541311,-0.0150712,0,0.9
-0.00351221,0,-0.00492667,-0.0172526,0,0.9
-0.00296737,0,-0.00417097,-0.0194212,0,0.9
-0.00314945,0,-0.00404808,-0.0208435,0,0.9
-0.00314459,0,-0.00373982,-0.022955,0,0.9
-0.00377109,0,-0.00353604,-0.0238729,0,0.9
-0.00386274,0,-0.00337109,-0.0249276,0,0.9
-0.00331874,0,-0.00327498,-0.0278588,0,0.9
-0.00368187,0,-0.0031865,-0.0303001,0,0.9
-0.00290652,0,-0.00314658,-0.0338005,0,0.9
-0.00168469,0,-0.00314459,-0.0348796,0,0.9
-0.00168469,0,-0.00314459,0,0,0.9
-0.00168469,0,-0.00314459,0,0,0.9
-0.00168469,0,-0.00314459,0,0,0.9
-0.00168469,0,-0.00314459,0,0,0.9
-0.00168469,0,-0.00314459,0,0,0.9
-0.00168469,0,-0.00314459,0,0,0.9
0,-0.00793134,0,0,0,0.9
0,-0.00793134,0,0,0,0.9
0,-0.00793134,0,0,0,0.9
0,-0.00793134,0,0,0,0.9
0,-0.00793134,0,0,0,0.9
0,-0.00793134,0,0,0,0.9
0,-0.00793134,0,0,0,0.9
0,-0.00793134,0,0,0,0.9
0,-0.00791767,0,0,0,0.9
0.00302948,-0.00782713,0,-0.0079643,0,0.901
-0.00171032,-0.00778715,0,-0.00706543,0,0.901
0.00174745,-0.00752204,0,-0.00683902,0,0.901
0.00688926,-0.00694731,0,-0.00638881,0,0.901
0.00804693,-0.00640777,0,-0.00472058,0,0.9
0.00622712,-0.0061159,0,-0.00299803,0,0.9
0.00653328,-0.00554799,0,-0.00141633,0,0.9
-1.81145e-07,-0.00630901,0,0.00101683,0,0.9
8.83413e-05,-0.0059495,0,0.000847974,0,0.9
-0.00349805,-0.00663665,0,0.00114267,0,0.9
-0.00417493,-0.00665847,0,-0.000108286,0,0.9
-0.00244953,-0.00580921,0,-0.00146681,0,0.9
-0.00209735,-0.00538537,0,-0.00256915,0,0.9
2.08125e-05,-0.0040646,0,-0.00335303,0,0.9
0.000681126,-0.00331315,0,-0.00338773,0,0.9
-0.000352691,-0.00349124,0,-0.00259342,0,0.9
-0.00119181,-0.00365342,0,-0.00252425,0,0.9
-0.00186139,-0.00378907,0,-0.00307542,0,0.9
-0.00317601,-0.00446739,0,-0.00409774,0,0.9
-0.00312666,-0.00422044,0,-0.00645375,0,0.9
-0.002604,-0.00359637,0,-0.00882199,0,0.9
-0.0015871,-0.0025254,0,-0.0110972,0,0.9
-0.00221214,-0.00285813,0,-0.0112046,0,0.9
-0.00212233,-0.00259797,0,-0.0134394,0,0.9
-0.00315427,-0.00179776,0,-0.0150177,0,0.9
-0.00426122,-0.0016641,0,-0.0163221,0,0.9
-0.00469083,-0.00156477,0,-0.0210638,0,0.9
-0.00484455,-0.00150264,0,-0.0260579,0,0.9
-0.00363872,-0.00148058,0,-0.0324545,0,0.9
-0.00363872,-0.00148056,0,-0.0360063,0,0.9
-0.00363872,-0.00148056,0,0,0,0.9
-0.00363872,-0.00148056,0,0,0,0.9
-0.00363872,-0.00148056,0,0,0,0.9
-0.00363872,-0.00148056,0,0,0,0.9
-0.00363872,-0.00148056,0,0,0,0.9
-0.00363872,-0.00148056,0,0,0,0.9
0,0,-0.0107392,0,0,0.9
0,0,-0.0107392,0,0,0.9
0,0,-0.0107392,0,0,0.9
0,0,-0.0107392,0,0,0.9
0,0,-0.0107392,0,0,0.9
0,0,-0.0107392,0,0,0.9
0,0,-0.0107392,0,0,0.9
0,0,-0.0107392,0,0,0.9
0,0,-0.0107207,0,0,0.9
0.00693113,0,-0.0105717,-0.0125969,0,0.902
0.00535281,0,-0.0103662,-0.0109875,0,0.901
0.0040223,0,-0.0101149,-0.00938587,0,0.901
0.00483909,0,-0.00970483,-0.00818067,0,0.901
0.00509963,0,-0.0092289,-0.00677313,0,0.9
0.00481284,0,-0.00874504,-0.00534018,0,0.9
0.00664089,0,-0.00787544,-0.00398038,0,0.9
0.00401054,0,-0.00772208,-0.00182458,0,0.9
0.000125335,0,-0.00805431,-0.000617532,0,0.9
-0.00207059,0,-0.00820762,-0.000488792,0,0.9
-0.00594757,0,-0.00911553,-0.00104104,0,0.9
-0.00591452,0,-0.00887144,-0.00301154,0,0.9
-0.00469611,0,-0.00810196,-0.00525793,0,0.9
-0.00391647,0,-0.00742162,-0.00703281,0,0.9
-0.00306653,0,-0.00662493,-0.00848756,0,0.9
-0.00321581,0,-0.00633146,-0.00956752,0,0.9
-0.00405293,0,-0.00649507,-0.010711,0,0.9
-0.00370223,0,-0.00593701,-0.0125989,0,0.9
-0.00446198,0,-0.00616664,-0.0142786,0,0.9
-0.00380367,0,-0.00538253,-0.0168228,0,0.9
-0.0035882,0,-0.00492027,-0.0189671,0,0.9
-0.00330228,0,-0.00440218,-0.0209466,0,0.9
-0.00341564,0,-0.00424283,-0.0224908,0,0.9
-0.00331967,0,-0.00392717,-0.0246375,0,0.9
-0.00411763,0,-0.00284974,-0.0264208,0,0.9
-0.00466292,0,-0.0026662,-0.0282588,0,0.9
-0.00453157,0,-0.00252618,-0.0327531,0,0.9
-0.00435866,0,-0.00243337,-0.0369627,0,0.9
-0.00382372,0,-0.0023915,-0.0404453,0,0.9
-0.00185545,0,-0.00238941,-0.043089,0,0.9
-0.00185545,0,-0.00238941,0,0,0.9
-0.00185545,0,-0.00238941,0,0,0.9
-0.00185545,0,-0.00238941,0,0,0.9
-0.00185545,0,-0.00238941,0,0,0.9
-0.00185545,0,-0.00238941,0,0,0.9
-0.00185545,0,-0.00238941,0,0,0.9
0,-0.00962986,0,0,0,0.9
0,-0.00962986,0,0,0,0.9
0,-0.00962986,0,0,0,0.9
0,-0.00962986,0,0,0,0.9
0,-0.00962986,0,0,0,0.9
0,-0.00962986,0,0,0,0.9
0,-0.00962986,0,0,0,0.9
0,-0.00962986,0,0,0,0.9
0,-0.00961326,0,0,0,0.9
0.0090356,-0.0094524,0,-0.0109755,0,0.901
0.00735794,-0.00923611,0,-0.00903709,0,0.901
0.00380513,-0.00906171,0,-0.00721643,0,0.901
0.00707839,-0.0085205,0,-0.00612216,0,0.901
0.00917613,-0.00783666,0,-0.00441833,0,0.9
0.00830613,-0.00733006,0,-0.00230708,0,0.9
0.00977534,-0.00643245,0,-0.000562575,0,0.9
0.00587411,-0.00645849,0,0.00201818,0,0.9
0.00253804,-0.0066229,0,0.00352969,0,0.9
-0.00254328,-0.00756032,0,0.00440703,0,0.9
-0.00407327,-0.007747,0,0.00324945,0,0.9
-0.00527722,-0.00794486,0,0.00170965,0,0.9
-0.00558601,-0.00786511,0,-0.000510344,0,0.9
-0.0034904,-0.00664454,0,-0.00286979,0,0.9
-0.00170672,-0.0053813,0,-0.00457022,0,0.9
-0.00242122,-0.00540654,0,-0.0051224,0,0.9
-0.00293356,-0.00537938,0,-0.00624147,0,0.9
-0.00334979,-0.00534421,0,-0.00775189,0,0.9
-0.00383814,-0.00541096,0,-0.00940516,0,0.9
-0.00378936,-0.00511895,0,-0.0118535,0,0.9
-0.00305964,-0.00421854,0,-0.0143898,0,0.9
-0.00215153,-0.00318968,0,-0.0167845,0,0.9
-0.00274168,-0.00346357,0,-0.0170139,0,0.9
-0.00310753,-0.00359521,0,-0.0183759,0,0.9
-0.00344976,-0.00342825,0,-0.0203219,0,0.9
-0.0038563,-0.00329311,0,-0.021769,0,0.9
-0.00450978,-0.00319267,0,-0.0247414,0,0.9
-0.00446389,-0.00312986,0,-0.0293817,0,0.9
-0.00395258,-0.00310753,0,-0.0333568,0,0.9
-0.00395258,-0.00310753,0,-0.0371124,0,0.9
-0.00395258,-0.00310753,0,0,0,0.9
-0.00395258,-0.00310753,0,0,0,0.9
-0.00395258,-0.00310753,0,0,0,0.9
-0.00395258,-0.00310753,0,0,0,0.9
-0.00395258,-0.00310753,0,0,0,0.9
-0.00395258,-0.00310753,0,0,0,0.9
0,0,-0.00939934,0,0,0.9
0,0,-0.00939934,0,0,0.9
0,0,-0.00939934,0,0,0.9
0,0,-0.00939934,0,0,0.9
0,0,-0.00939934,0,0,0.9
0,0,-0.00939934,0,0,0.9
0,0,-0.00939934,0,0,0.9
0,0,-0.00939934,0,0,0.9
0,0,-0.00938314,0,0,0.9
0.00714315,0,-0.00924258,-0.0101755,0,0.902
0.00619068,0,-0.00903799,-0.00865403,0,0.901
0.00867391,0,-0.00863505,-0.00727743,0,0.901
0.0130809,0,-0.00790674,-0.00548047,0,0.901
0.0102687,0,-0.00752394,-0.00266434,0,0.9
0.00942937,0,-0.00698507,-0.000298211,0,0.9
0.00684459,0,-0.00672281,0.00194415,0,0.9
0.00247018,0,-0.0069714,0.00353123,0,0.9
-0.00190938,0,-0.0075484,0.0041973,0,0.9
-0.00290084,0,-0.00750154,0.00339273,0,0.9
-0.00524365,0,-0.00799118,0.00245101,0,0.9
-0.0045649,0,-0.00752782,0.000311341,0,0.9
-0.00337593,0,-0.0067707,-0.00164177,0,0.9
-0.00231648,0,-0.00595529,-0.0031102,0,0.9
-0.00273652,0,-0.00582659,-0.00397094,0,0.9
-0.0029774,0,-0.00563692,-0.00510091,0,0.9
-0.00331218,0,-0.00553551,-0.00656896,0,0.9
-0.00331218,0,-0.00524533,-0.00829924,0,0.9
-0.00363507,0,-0.00520693,-0.0122736,0,0.9
-0.00355762,0,-0.00488749,-0.0122736,0,0.9
-0.00344745,0,-0.00455616,-0.0145108,0,0.9
-0.00271606,0,-0.0037045,-0.0168468,0,0.9
-0.00285602,0,-0.00359509,-0.0183135,0,0.9
-0.00333848,0,-0.00383474,-0.0199024,0,0.9
-0.00461965,0,-0.00260462,-0.0221551,0,0.9
-0.00428899,0,-0.00245655,-0.0246399,0,0.9
-0.00415162,0,-0.00237028,-0.028562,0,0.9
-0.0041987,0,-0.00229085,-0.0329841,0,0.9
-0.00366099,0,-0.00225502,-0.0370924,0,0.9
-0.00216717,0,-0.00225323,-0.0393233,0,0.9
-0.00216717,0,-0.00225323,0,0,0.9
-0.00216717,0,-0.00225323,0,0,0.9
-0.00216717,0,-0.00225323,0,0,0.9
-0.00216717,0,-0.00225323,0,0,0.9
-0.00216717,0,-0.00225323,0,0,0.9
-0.00216717,0,-0.00225323,0,0,0.9
0,-0.00937425,0,0,0,0.9
0,-0.00937425,0,0,0,0.9
0,-0.00937425,0,0,0,0.9
0,-0.00937425,0,0,0,0.9
0,-0.00937425,0,0,0,0.9
0,-0.00937425,0,0,0,0.9
0,-0.00937425,0,0,0,0.9
0,-0.00937425,0,0,0,0.9
0,-0.00935809,0,0,0,0.9
0.00615087,-0.00922712,0,-0.00996675,0,0.902
-0.00084906,-0.00917665,0,-0.00850704,0,0.901
-0.00164553,-0.00904741,0,-0.00790721,0,0.901
0.00373027,-0.00850415,0,-0.0079614,0,0.901
0.00759808,-0.00775589,0,-0.00675427,0,0.9
0.00800267,-0.00714613,0,-0.00494687,0,0.9
0.00973942,-0.00622487,0,-0.00285904,0,0.9
0.00588411,-0.00625311,0,-0.00011625,0,0.9
0.00377061,-0.00612586,0,0.00147697,0,0.9
-0.0020057,-0.00722236,0,0.00285254,0,0.9
-0.00383261,-0.00749645,0,0.00209843,0,0.9
-0.00443295,-0.00746136,0,0.000675709,0,0.9
-0.00438591,-0.00719732,0,-0.00127215,0,0.9
-0.00190009,-0.00573993,0,-0.00308249,0,0.9
-0.000126526,-0.00441542,0,-0.00404275,0,0.9
-0.00210487,-0.00511534,0,-0.00352606,0,0.9
-0.00259093,-0.00506853,0,-0.00451813,0,0.9
-0.00326279,-0.00520366,0,-0.00590722,0,0.9
-0.00360168,-0.0051693,0,-0.00784775,0,0.9
-0.00394632,-0.00518198,0,-0.0101796,0,0.9
-0.00339805,-0.00445217,0,-0.0129451,0,0.9
-0.00204633,-0.0030636,0,-0.0157524,0,0.9
-0.00220382,-0.00295529,0,-0.0158394,0,0.9
-0.00255478,-0.00306467,0,-0.0173667,0,0.9
-0.0032954,-0.00289011,0,-0.018158,0,0.9
-0.00446064,-0.00274881,0,-0.0189647,0,0.9
-0.0042109,-0.0026438,0,-0.0234681,0,0.9
-0.00424958,-0.00257812,0,-0.0283692,0,0.9
-0.0037596,-0.00255478,0,-0.0321979,0,0.9
-0.0037596,-0.00255478,0,-0.0353329,0,0.9
-0.0037596,-0.00255478,0,0,0,0.9
-0.0037596,-0.00255478,0,0,0,0.9
-0.0037596,-0.00255478,0,0,0,0.9
-0.0037596,-0.00255478,0,0,0,0.9
-0.0037596,-0.00255478,0,0,0,0.9
-0.0037596,-0.00255478,0,0,0,0.9
0,0,-0.00860699,0,0,0.9
0,0,-0.00860699,0,0,0.9
0,0,-0.00860699,0,0,0.9
0,0,-0.00860699,0,0,0.9
0,0,-0.00860699,0,0,0.9
0,0,-0.00860699,0,0,0.9
0,0,-0.00860699,0,0,0.9
0,0,-0.00860699,0,0,0.9
0,0,-0.00859215,0,0,0.9
0.00299163,0,-0.00849708,-0.0110667,0,0.902
0.000672994,0,-0.00839189,-0.0100685,0,0.901
0.000587619,0,-0.00821816,-0.00922156,0,0.901
0.00205732,0,-0.00789892,-0.00871852,0,0.901
0.0051627,0,-0.00729401,-0.00789781,0,0.9
0.00521007,0,-0.00683533,-0.00639503,0,0.9
0.00564358,0,-0.00625891,-0.00474058,0,0.9
0.0024213,0,-0.00635113,-0.00263149,0,0.9
0.000235923,0,-0.00642171,-0.0018367,0,0.9
-0.00376483,0,-0.0071929,-0.00159092,0,0.9
-0.00629507,0,-0.00782359,-0.00257318,0,0.9
-0.00453482,0,-0.00703056,-0.00464611,0,0.9
-0.0032335,0,-0.00626198,-0.0062458,0,0.9
-0.00222287,0,-0.0055027,-0.00729819,0,0.9
-0.00244594,0,-0.0053033,-0.00793241,0,0.9
-0.00344008,0,-0.00557985,-0.00858855,0,0.9
-0.00484133,0,-0.00621674,-0.00984057,0,0.9
-0.00425738,0,-0.00563872,-0.0123877,0,0.9
-0.00520508,0,-0.00612892,-0.0145819,0,0.9
-0.00484137,0,-0.00569861,-0.0177942,0,0.9
-0.00401221,0,-0.00486812,-0.0207887,0,0.9
-0.00318035,0,-0.00398294,-0.0230465,0,0.9
-0.00328282,0,-0.00388418,-0.0242274,0,0.9
-0.00329807,0,-0.00373277,-0.0262303,0,0.9
-0.00464351,0,-0.00320542,-0.0274259,0,0.9
-0.00471773,0,-0.00307976,-0.0297872,0,0.9
-0.00439065,0,-0.00298389,-0.0340232,0,0.9
-0.00419948,0,-0.00292035,-0.0381595,0,0.9
-0.00365998,0,-0.00289168,-0.0407521,0,0.9
-0.00162979,0,-0.00289025,-0.0430656,0,0.9
-0.00162979,0,-0.00289025,0,0,0.9
-0.00162979,0,-0.00289025,0,0,0.9
-0.00162979,0,-0.00289025,0,0,0.9
-0.00162979,0,-0.00289025,0,0,0.9
-0.00162979,0,-0.00289025,0,0,0.9
-0.00162979,0,-0.00289025,0,0,0.9
0,-0.00773795,0,0,0,0.9
0,-0.00773795,0,0,0,0.9
0,-0.00773795,0,0,0,0.9
0,-0.00773795,0,0,0,0.9
0,-0.00773795,0,0,0,0.9
0,-0.00773795,0,0,0,0.9
0,-0.00773795,0,0,0,0.9
0,-0.00773795,0,0,0,0.9
0,-0.00772461,0,0,0,0.9
0,-0.00766414,0,-0.0108174,0,0.9
0,-0.00755802,0,-0.00871146,0,0.9
0,-0.00740968,0,-0.00755089,0,0.9
0,-0.00722257,0,-0.00757904,0,0.9
0,-0.00700012,0,-0.00684165,0,0.9
0,-0.00674577,0,-0.00570232,0,0.9
0,-0.00646296,0,-0.00494054,0,0.9
0,-0.00615514,0,-0.00261092,0,0.9
0,-0.00582573,0,-0.000309224,0,0.9
0,-0.00547818,0,-0.00141848,0,0.9
0,-0.00511593,0,-0.00312223,0,0.9
0,-0.00474242,0,-0.00470063,0,0.9
0,-0.00436108,0,-0.00470063,0,0.9
0,-0.00397536,0,-0.00642275,0,0.9
0,-0.00358869,0,-0.00793321,0,0.9
0,-0.00320452,0,-0.00890779,0,0.9
0,-0.00282628,0,-0.0102465,0,0.9
0,-0.00245741,0,-0.0108042,0,0.9
0,-0.00210135,0,-0.01159,0,0.9
0,-0.00176154,0,-0.0129417,0,0.9
0,-0.00144142,0,-0.0150975,0,0.9
0,-0.00114443,0,-0.0163926,0,0.9
0,-0.000874,0,-0.0175622,0,0.9
0,-0.00063358,0,-0.0175622,0,0.9
0,-0.000426605,0,-0.0192559,0,0.9
0,-0.000256514,0,-0.0216302,0,0.9
0,-0.000126747,0,-0.025115,0,0.9
0,-4.0742e-05,0,-0.0292838,0,0.9
0,-1.93869e-06,0,-0.0339842,0,0.9
0,0,0,-0.0361554,0,0.9
0,0,0,0,0,0.9
0,0,0,0,0,0.9
0,0,0,0,0,0.9
0,0,0,0,0,0.9
0,0,0,0,0,0.9
0,0,0,0,0,0.9
0,0,0,0,0,0.9
0,0,0,0,0,0.9
0,0,0,0,0,0.9
0,0,0,0,0,0.9
0,0,0,0,0,0.9
0,0,0,0,0,0.9
0,0,0,0,0,0.9
0,0,0,0,0,0.9
0,0,0,0,0,0.9
0,0,0,0,0,0.9
0,0,0,0,0,0.9
0,0,0,0,0,0.9
0,0,0,0,0,0.9
0,0,0,0,0,0.9
0,0,0,0,0,0.9
0,0,0,0,0,0.9
0,0,0,0,0,0.9
0,0,0,0,0,0.9
0,0,0,0,0,0.9
0,0,0,0,0,0.9
0,0,0,0,0,0.9
0,0,0,0,0,0.9
0,0,0,0,0,0.9
0,0,0,0,0,0.9
0,0,0,0,0,0.9
0,0,0,0,0,0.9
0,0,0,0,0,0.9
0,0,0,0,0,0.9
0,0,0,0,0,0.9
0,0,0,0,0,0.9
0,0,0,0,0,0.9
0,0,0,0,0,0.9
0,0,0,0,0,0.9
0,0,0,0,0,0.9
0,0,0,0,0,0.9
0,0,0,0,0,0.9
0,0,0,0,0,0.9
0,0,0,0,0,0.9
0,0,0,0,0,0.9
0,0,0,0,0,0.9
0,0,0,0,0,0.9
0,0,0,0,0,0.9
0,0,0,0,0,0.9
0,0,0,0,0,0.9
0,0,0,0,0,0.9
0,0,0,0,0,0.9
0,0,0,0,0,0.9
0,0,0,0,0,0.9
0,0,0,0,0,0.9
0,0,0,0,0,0.9
0,0,0,0,0,0.9
0,0,0,0,0,0.9
0,0,0,0,0,0.9
0,0,0,0,0,0.9
0,0,0,0,0,0.9
0,0,0,0,0,0.9
0,0,0,0,0,0.9
0,0,0,0,0,0.9
0,0,0,0,0,0.9
0,0,0,0,0,0.9
0,0,0,0,0,0.9
0,0,0,0,0,0.9
0,0,0,0,0,0.9
