-8.958,-1.5025,229.744,-0.45982,2.53218,-0.01413
-9.0503,-1.316,229.494,-0.4521,2.54078,-0.01332
-9.0753,-1.3225,229.541,-0.45435,2.54075,-0.01391
-9.0277,-1.4732,229.514,-0.46255,2.53557,-0.0122
-9.0438,-1.3646,229.571,-0.4572,2.53764,-0.01448
-9.018,-1.3962,229.55,-0.45826,2.53812,-0.01241
-9.0208,-1.4473,229.595,-0.46229,2.53599,-0.01203
-9.0276,-1.3613,229.548,-0.46056,2.53528,-0.01189
-9.0137,-1.3446,229.465,-0.46123,2.52913,-0.01254
-9.023,-1.32,229.531,-0.45924,2.52528,-0.01174
-9.021,-1.2645,229.465,-0.45525,2.52648,-0.01332
-8.9869,-1.3035,229.446,-0.45585,2.52662,-0.01336
-9.0294,-1.2658,229.487,-0.45779,2.52847,-0.01253
-8.9488,-1.3836,229.716,-0.45844,2.52551,-0.01422
-8.9462,-1.2961,229.605,-0.45254,2.52611,-0.01619
-8.9605,-1.3248,229.579,-0.457,2.52987,-0.01504
-9.0217,-1.2281,229.585,-0.45398,2.52734,-0.01589
-8.9615,-1.2738,229.558,-0.45451,2.53037,-0.01595
-8.9458,-1.2724,229.649,-0.45097,2.52669,-0.01677
-8.9678,-1.2864,229.532,-0.45325,2.52171,-0.01692
-8.9068,-1.2631,229.679,-0.45016,2.52187,-0.01894
-8.936,-1.2954,229.545,-0.45413,2.52247,-0.01754
-8.9686,-1.3218,229.608,-0.45713,2.51964,-0.01683
-8.9246,-1.2802,229.54,-0.45377,2.51909,-0.0175
-8.9591,-1.2877,229.494,-0.45238,2.52193,-0.01679
-8.9183,-1.2297,229.479,-0.44791,2.52383,-0.01842
-8.9304,-1.2755,229.606,-0.45355,2.51843,-0.01785
-8.9772,-1.2752,229.461,-0.454,2.52433,-0.0181
-8.9603,-1.311,229.468,-0.45257,2.52669,-0.01562
-8.9241,-1.4638,229.595,-0.46115,2.52214,-0.01482
-8.8971,-1.2534,229.636,-0.44881,2.52052,-0.0167
-8.9703,-1.2307,229.378,-0.45309,2.52721,-0.01424
-8.9896,-1.201,229.442,-0.45333,2.5337,-0.01441
-8.8999,-1.3819,229.583,-0.45814,2.52241,-0.01413
-8.8814,-1.4768,229.607,-0.46583,2.5184,-0.01332
-8.946,-1.2777,229.361,-0.45938,2.52998,-0.01244
-8.9609,-1.2422,229.353,-0.45774,2.52768,-0.01227
-8.8884,-1.4279,229.687,-0.46429,2.51547,-0.01457
-8.962,-1.2986,229.442,-0.46306,2.52714,-0.01249
-8.9048,-1.2986,229.42,-0.4582,2.5257,-0.01432
-8.8886,-1.3225,229.568,-0.45887,2.5233,-0.01396
-8.8634,-1.4777,229.723,-0.46565,2.52093,-0.01348
-9.0093,-1.2546,229.466,-0.46084,2.53126,-0.01195
-8.9578,-1.3419,229.557,-0.4573,2.52417,-0.01365
-8.8989,-1.3539,229.547,-0.45921,2.51868,-0.01546
-8.8783,-1.3376,229.624,-0.45449,2.51956,-0.01635
-8.8479,-1.4276,229.72,-0.46004,2.51099,-0.0176
-8.91,-1.3437,229.553,-0.45913,2.52266,-0.01418
-8.8934,-1.3673,229.623,-0.45497,2.52033,-0.01691
-8.9122,-1.4015,229.639,-0.4602,2.51956,-0.01678
-8.9196,-1.3542,229.581,-0.45702,2.52038,-0.01646
-8.9671,-1.3059,229.404,-0.45912,2.52805,-0.01533
-8.928,-1.3972,229.481,-0.46222,2.52269,-0.01648
-8.8961,-1.3829,229.581,-0.46214,2.5236,-0.01708
-8.9607,-1.2975,229.619,-0.45817,2.52507,-0.01816
-8.8807,-1.4372,229.771,-0.45908,2.52039,-0.01794
-8.9341,-1.3365,229.643,-0.45881,2.52735,-0.01743
-8.9099,-1.4129,229.551,-0.46135,2.52695,-0.01665
-8.9694,-1.3872,229.405,-0.46708,2.52767,-0.01422
-8.8944,-1.4026,229.545,-0.46185,2.52506,-0.01641
-8.9927,-1.3918,229.654,-0.4651,2.5294,-0.01446
-9.0081,-1.3113,229.495,-0.46391,2.53319,-0.01356
-8.9639,-1.2886,229.594,-0.45796,2.52226,-0.01544
-8.9783,-1.3759,229.503,-0.46185,2.52796,-0.01531
-8.9012,-1.481,229.854,-0.46265,2.52015,-0.01765
-8.9477,-1.3005,229.573,-0.45632,2.52565,-0.01669
-8.8743,-1.4564,229.79,-0.45672,2.51873,-0.01883
-8.943,-1.325,229.657,-0.45421,2.52192,-0.01813
-8.9225,-1.3901,229.621,-0.4585,2.52272,-0.01721
-8.9477,-1.3371,229.523,-0.45944,2.52402,-0.01615
-8.934,-1.4064,229.673,-0.45772,2.52025,-0.01631
-8.9267,-1.4194,229.593,-0.46149,2.52396,-0.01597
-9.0347,-1.2655,229.471,-0.45632,2.5305,-0.01471
-8.9504,-1.3842,229.541,-0.46221,2.52037,-0.0156
-8.9937,-1.3429,229.594,-0.46078,2.52284,-0.01625
-9.0019,-1.3198,229.609,-0.46012,2.52279,-0.01521
-9.0025,-1.263,229.539,-0.45937,2.52766,-0.01582
-9.0122,-1.2146,229.464,-0.45878,2.52897,-0.01473
-8.9503,-1.3524,229.615,-0.46022,2.52158,-0.01427
-8.9848,-1.3322,229.56,-0.45929,2.5282,-0.01416
-8.9502,-1.3305,229.434,-0.46271,2.52491,-0.01366
-8.9848,-1.3241,229.509,-0.46294,2.52893,-0.0131
-8.9473,-1.44,229.697,-0.46644,2.5267,-0.01481
-8.9729,-1.4071,229.64,-0.46378,2.52835,-0.0157
-8.9821,-1.3826,229.546,-0.46745,2.52687,-0.01437
-8.9139,-1.4617,229.519,-0.46813,2.52625,-0.01247
-8.9007,-1.6105,229.623,-0.47499,2.52168,-0.0134
-8.9665,-1.3564,229.503,-0.46024,2.52818,-0.01473
-8.9619,-1.4639,229.545,-0.46717,2.53237,-0.01367
-9.0703,-1.2667,229.291,-0.46527,2.54112,-0.01097
-8.9135,-1.3375,229.562,-0.45973,2.53025,-0.01419
-8.9813,-1.3755,229.546,-0.46379,2.5304,-0.01335
-8.9566,-1.3948,229.608,-0.46283,2.52562,-0.01475
-8.9448,-1.3364,229.681,-0.45706,2.52263,-0.01528
-8.9923,-1.3605,229.531,-0.46125,2.52846,-0.01439
-9.016,-1.3223,229.463,-0.46037,2.53423,-0.01156
-8.9802,-1.3435,229.446,-0.46577,2.53331,-0.01329
-8.9974,-1.3599,229.542,-0.46197,2.53023,-0.01432
-8.9333,-1.4767,229.618,-0.47292,2.5213,-0.01393
-8.9611,-1.5626,229.655,-0.47557,2.52276,-0.01292
-8.9666,-1.4955,229.604,-0.46819,2.51835,-0.0139
-8.9524,-1.4877,229.61,-0.46831,2.51417,-0.01572
-9.0385,-1.4697,229.454,-0.47331,2.52068,-0.01228
-9.0704,-1.4399,229.558,-0.46919,2.52067,-0.0126
-9.0632,-1.4061,229.585,-0.4634,2.5221,-0.01484
-9.0588,-1.3815,229.515,-0.46044,2.52582,-0.01559
-9.1019,-1.3819,229.639,-0.46203,2.52933,-0.01571
-9.1346,-1.3673,229.613,-0.46084,2.53065,-0.01522
-9.0658,-1.4294,229.757,-0.45856,2.52688,-0.01701
-9.0943,-1.3822,229.565,-0.46151,2.53337,-0.0141
-9.1161,-1.2195,229.503,-0.45533,2.53984,-0.01283
-9.1168,-1.2711,229.506,-0.45906,2.53302,-0.01448
-9.0963,-1.3175,229.451,-0.45674,2.53558,-0.01467
-9.0961,-1.3151,229.413,-0.45946,2.53449,-0.01414
-9.0733,-1.2055,229.507,-0.45525,2.52547,-0.01555
-9.0125,-1.2364,229.626,-0.45698,2.52954,-0.0149
-9.0116,-1.2653,229.54,-0.45405,2.52971,-0.01467
-8.9853,-1.2613,229.555,-0.45667,2.52706,-0.01468
-8.8859,-1.3826,229.682,-0.45598,2.51295,-0.01679
-8.9666,-1.2755,229.481,-0.45477,2.52324,-0.0142
-8.9879,-1.2333,229.477,-0.45521,2.52649,-0.01523
-9.0051,-1.3152,229.496,-0.45669,2.52403,-0.01468
-9.0403,-1.2899,229.512,-0.45941,2.52547,-0.01473
-8.933,-1.3487,229.627,-0.44987,2.51612,-0.01783
-9.0287,-1.2553,229.469,-0.45426,2.52018,-0.01556
-8.9382,-1.4456,229.607,-0.46208,2.51456,-0.01714
-8.9602,-1.369,229.567,-0.45617,2.51515,-0.01971
-9.0155,-1.3036,229.538,-0.45674,2.51625,-0.01952
-9.0343,-1.2176,229.422,-0.45356,2.52187,-0.01903
-9.0147,-1.2905,229.413,-0.45915,2.52269,-0.01744
-8.9754,-1.3341,229.597,-0.45895,2.5179,-0.01721
-9.0304,-1.2807,229.629,-0.45786,2.51986,-0.01619
-9.0143,-1.3261,229.63,-0.45722,2.52881,-0.01612
-9.0194,-1.3097,229.569,-0.46373,2.53406,-0.0149
-8.8512,-1.4074,229.699,-0.4644,2.5221,-0.016
-8.8005,-1.3652,229.555,-0.46301,2.52575,-0.01497
-8.707,-1.2862,229.811,-0.45198,2.5256,-0.01635
-8.4607,-1.4223,229.926,-0.45866,2.52179,-0.01786
-8.2992,-1.469,229.913,-0.46431,2.52055,-0.01822
-7.9942,-1.5276,229.891,-0.47167,2.50969,-0.01894
-7.7027,-1.3213,229.793,-0.4558,2.4934,-0.0223
-7.5139,-1.3487,229.829,-0.46502,2.48089,-0.02146
-7.4359,-1.5718,229.875,-0.47175,2.46859,-0.01999
-7.6394,-1.2054,229.828,-0.45857,2.48341,-0.02329
-7.7446,-1.3874,230.009,-0.45676,2.4778,-0.03125
-7.8644,-1.2593,229.958,-0.45124,2.48584,-0.03564
-7.7843,-1.3326,229.901,-0.45173,2.47829,-0.03639
-7.7116,-1.531,229.965,-0.46061,2.47292,-0.03683
-7.7637,-1.3772,229.825,-0.4583,2.47789,-0.03716
-7.7462,-1.4109,229.724,-0.46573,2.47369,-0.03841
-7.664,-1.4024,229.663,-0.46938,2.47756,-0.04101
-7.7051,-1.1773,229.609,-0.45484,2.48001,-0.04501
-7.5441,-1.4147,229.655,-0.46658,2.46932,-0.05084
-7.433,-1.3539,229.601,-0.46455,2.46197,-0.05624
-7.3949,-1.4492,229.419,-0.47627,2.457,-0.05383
-7.3367,-1.4221,229.469,-0.47951,2.44549,-0.05479
-7.2634,-1.464,229.322,-0.48683,2.43974,-0.0534
-7.2504,-1.4161,229.114,-0.49295,2.44245,-0.05456
-7.3199,-1.3342,229.032,-0.49804,2.44042,-0.05673
-7.4194,-1.2968,228.913,-0.50176,2.44344,-0.05699
-7.4326,-1.2983,228.947,-0.50638,2.4407,-0.05796
-7.4488,-1.2007,228.588,-0.50954,2.44966,-0.05639
-7.4974,-1.1565,228.531,-0.51508,2.44866,-0.05283
-7.5045,-1.2925,228.629,-0.52152,2.44054,-0.05172
-7.6584,-1.0711,228.463,-0.52314,2.44539,-0.04821
-7.7178,-1.0091,228.538,-0.51903,2.44247,-0.04795
-7.8305,-1.0643,228.4,-0.528,2.4446,-0.04279
-7.8275,-1.1924,228.438,-0.53801,2.43951,-0.04182
-7.8496,-1.1823,228.356,-0.53627,2.43544,-0.0423
-7.5914,-1.4721,228.404,-0.5472,2.43119,-0.04399
-7.4894,-1.5679,228.549,-0.54594,2.42772,-0.04636
-7.5586,-1.5434,228.584,-0.54569,2.42183,-0.04506
-7.5525,-1.5173,228.304,-0.5502,2.41657,-0.04744
-7.3959,-1.5592,228.33,-0.55066,2.40543,-0.04746
-7.5004,-1.549,228.303,-0.55234,2.40747,-0.0486
-7.5552,-1.5259,228.299,-0.54975,2.41239,-0.05088
-7.5654,-1.4065,228.257,-0.54573,2.41459,-0.05313
-7.399,-1.5184,228.325,-0.54981,2.40758,-0.05752
-7.2639,-1.369,228.066,-0.5431,2.40561,-0.06031
-7.1342,-1.3836,228.041,-0.53133,2.39591,-0.06024
-7.1436,-1.4689,228.187,-0.52902,2.39233,-0.05883
-7.1475,-1.5735,228.297,-0.52381,2.38864,-0.06064
-7.1914,-1.5321,228.071,-0.52549,2.39422,-0.05891
-7.2252,-1.5733,228.185,-0.52259,2.39126,-0.05667
-7.2844,-1.6448,228.263,-0.52237,2.39001,-0.05411
-7.276,-1.6962,228.292,-0.52416,2.39189,-0.04938
-7.299,-1.9506,228.368,-0.53184,2.39329,-0.04558
-7.4706,-1.9948,228.282,-0.53912,2.40059,-0.04066
-7.6077,-1.8662,228.407,-0.5312,2.40692,-0.04161
-7.6262,-1.6682,228.46,-0.52278,2.41023,-0.04344
-7.3144,-1.203,228.39,-0.5152,2.40279,-0.05451
-7.2251,-1.1734,228.434,-0.51776,2.39911,-0.05789
-7.1346,-1.1376,228.387,-0.51783,2.39323,-0.06297
-7.088,-1.0407,228.458,-0.51427,2.38564,-0.06566
-7.0581,-1.1979,228.366,-0.52461,2.38211,-0.06281
-7.1178,-1.0895,228.213,-0.52121,2.38402,-0.0614
-7.1364,-0.9709,228.319,-0.51505,2.38155,-0.06332
-7.1643,-1.0022,228.314,-0.51297,2.38126,-0.06258
-7.3141,-0.8741,228.482,-0.51102,2.38678,-0.0619
-7.4678,-0.7266,228.453,-0.49759,2.39423,-0.06095
-7.5356,-0.8203,228.553,-0.50262,2.39119,-0.05907
-7.6134,-0.8026,228.59,-0.50323,2.39697,-0.0603
-7.6172,-0.7761,228.636,-0.50392,2.39641,-0.064
-7.4751,-0.8507,228.652,-0.50521,2.39141,-0.06482
-7.4453,-0.7449,228.732,-0.50262,2.39854,-0.06486
-7.4842,-0.6234,228.791,-0.50146,2.40376,-0.06401
-7.473,-0.6957,229.065,-0.49446,2.40025,-0.06358
-7.4953,-0.7079,229.029,-0.49726,2.40363,-0.05819
-7.5301,-0.8506,229.19,-0.49148,2.40038,-0.05346
-7.5594,-0.6434,229.126,-0.47738,2.4114,-0.05077
-7.6072,-0.7231,229.363,-0.46882,2.41382,-0.05052
-7.5897,-0.8927,229.713,-0.46897,2.4139,-0.05088
-7.6631,-0.7728,229.613,-0.4576,2.42085,-0.04936
-7.678,-0.9506,229.537,-0.4694,2.42134,-0.04835
-7.6132,-0.9392,229.756,-0.46302,2.41599,-0.05307
-7.7531,-0.8106,229.579,-0.45824,2.42358,-0.05532
-7.5769,-0.9651,229.78,-0.46209,2.41466,-0.06127
-7.4921,-0.9586,229.835,-0.46715,2.41549,-0.06337
-7.4324,-0.8336,229.916,-0.45429,2.40655,-0.06532
-7.4484,-0.7151,229.841,-0.45176,2.41288,-0.06379
-7.5296,-0.622,229.677,-0.45476,2.41071,-0.06142
-7.5185,-0.6131,229.716,-0.44832,2.4123,-0.06071
-7.5552,-0.6315,229.712,-0.44839,2.41118,-0.05919
-7.5622,-0.8105,229.758,-0.45615,2.40753,-0.05637
-7.4855,-0.9879,229.672,-0.45951,2.40135,-0.05508
-7.4242,-1.0446,229.778,-0.45503,2.4009,-0.05705
-7.4099,-0.9694,229.786,-0.46016,2.40458,-0.05588
-7.3508,-0.9376,229.694,-0.46191,2.40091,-0.05651
-7.3178,-0.9643,229.62,-0.46667,2.3983,-0.05852
-7.3239,-0.8615,229.546,-0.46297,2.3937,-0.05922
-7.3219,-0.8454,229.521,-0.46113,2.39055,-0.06007
-7.2932,-0.8903,229.719,-0.45369,2.38838,-0.0622
-7.4052,-0.8151,229.652,-0.45165,2.39129,-0.0631
-7.4201,-0.893,229.736,-0.4536,2.38635,-0.064
-7.3854,-1.0235,229.732,-0.46001,2.38892,-0.06522
-7.2814,-1.0448,229.769,-0.46393,2.38381,-0.06695
-7.3124,-1.0684,229.797,-0.4655,2.38866,-0.06763
-7.4006,-0.9042,229.565,-0.46651,2.3977,-0.06565
-7.3685,-1.0301,229.764,-0.46939,2.39226,-0.06812
-7.3707,-1.0071,229.652,-0.47016,2.39434,-0.06731
-7.4391,-0.9056,229.492,-0.46464,2.39591,-0.06853
-7.3915,-1.0044,229.505,-0.47122,2.39774,-0.0688
-7.3762,-0.9725,229.605,-0.46917,2.39694,-0.07013
-7.4017,-0.9901,229.558,-0.47422,2.40099,-0.06859
-7.5146,-0.9335,229.334,-0.47153,2.40199,-0.06684
-7.5509,-0.9324,229.262,-0.47423,2.40207,-0.06713
-7.6059,-1.0822,229.431,-0.4832,2.39683,-0.0658
-7.6267,-0.8584,229.301,-0.47555,2.40116,-0.066
-7.6465,-0.8773,229.18,-0.47852,2.40065,-0.06547
-7.6193,-0.8969,229.334,-0.47623,2.39918,-0.06794
-7.6026,-0.885,229.224,-0.47131,2.3974,-0.0695
-7.566,-0.9661,229.411,-0.47291,2.39598,-0.07085
-7.5714,-0.9041,229.297,-0.47587,2.40056,-0.07199
-7.588,-0.7464,229.308,-0.47027,2.39834,-0.07334
-7.5059,-0.8134,229.232,-0.46884,2.39656,-0.07448
-7.4815,-0.8536,229.234,-0.46971,2.39713,-0.07612
-7.5637,-0.6237,229.065,-0.46858,2.40194,-0.07545
-7.5005,-0.607,229.102,-0.46334,2.39704,-0.07725
-7.3853,-0.7478,229.307,-0.47311,2.3896,-0.07824
-7.4502,-0.6366,229.101,-0.4757,2.40206,-0.07618
-7.3815,-0.6685,229.299,-0.47176,2.39516,-0.07797
-7.3545,-0.654,229.342,-0.47308,2.39186,-0.079
-7.3639,-0.4647,229.228,-0.46355,2.39566,-0.07899
-7.2836,-0.6895,229.255,-0.47239,2.39561,-0.07725
-7.2895,-0.4954,229.353,-0.46347,2.40218,-0.07915
-7.2967,-0.6052,229.127,-0.47232,2.40401,-0.07668
-7.3269,-0.5596,229.147,-0.46924,2.403,-0.0752
-7.3532,-0.5995,229.102,-0.47139,2.40636,-0.07476
-7.3437,-0.6078,229.24,-0.4712,2.40066,-0.07428
-7.3929,-0.503,229.225,-0.46659,2.40522,-0.07409
-7.3338,-0.772,229.314,-0.47758,2.39652,-0.07352
-7.3933,-0.674,229.311,-0.4742,2.40117,-0.07252
-7.4069,-0.681,229.415,-0.46766,2.39507,-0.07228
-7.4357,-0.7267,229.162,-0.47593,2.40293,-0.06785
-7.4761,-0.6891,229.152,-0.47264,2.40545,-0.06777
-7.5234,-0.7001,228.988,-0.47883,2.40576,-0.06669
-7.4498,-0.8391,229.125,-0.47798,2.40014,-0.06745
-7.4713,-0.7511,229.231,-0.47554,2.40424,-0.06949
-7.4688,-0.6515,229.109,-0.4694,2.40582,-0.06866
-7.4719,-0.6864,229.333,-0.47365,2.40036,-0.06816
-7.3494,-0.7942,229.202,-0.47912,2.40502,-0.06581
-7.4156,-0.823,229.148,-0.48827,2.40544,-0.06284
-7.4262,-0.8188,229.05,-0.48596,2.407,-0.06269
-7.4181,-0.8253,229.221,-0.48565,2.40647,-0.06135
-7.5233,-0.8102,229.183,-0.48717,2.40961,-0.05737
-7.5324,-0.8857,229.34,-0.49004,2.40565,-0.05677
-7.5645,-0.8394,229.039,-0.49001,2.41233,-0.05397
-7.4901,-0.9273,229.068,-0.49178,2.40746,-0.05366
-7.4791,-0.9926,228.98,-0.49594,2.4096,-0.05251
-7.4439,-0.9576,228.999,-0.48899,2.40699,-0.05514
-7.3911,-0.8374,229.077,-0.48567,2.40768,-0.05544
-7.3528,-0.8501,229.235,-0.48748,2.40252,-0.05777
-7.3859,-0.9119,229.316,-0.48475,2.40369,-0.05739
-7.373,-0.9042,229.147,-0.49286,2.40032,-0.05676
-7.4112,-0.7337,229.143,-0.48443,2.40911,-0.05826
-7.3835,-0.7675,229.115,-0.48665,2.41248,-0.05826
-7.3051,-0.7754,229.241,-0.48397,2.40836,-0.05983
-7.3014,-0.7595,229.239,-0.48231,2.41208,-0.05806
-7.2374,-0.9177,229.368,-0.48993,2.40274,-0.05885
-7.3097,-0.792,229.168,-0.48385,2.41338,-0.05714
-7.2962,-0.8387,229.396,-0.48072,2.4067,-0.0597
-7.3168,-0.7941,229.326,-0.48199,2.41017,-0.05754
-7.2752,-0.9723,229.366,-0.48766,2.40429,-0.05668
-7.2869,-1.0087,229.428,-0.48745,2.4013,-0.05864
-7.3353,-0.9089,229.233,-0.48215,2.40947,-0.05774
-7.4667,-0.7774,229.105,-0.48194,2.41448,-0.05575
-7.4007,-0.7982,229.257,-0.48332,2.41137,-0.05844
-7.3653,-0.879,229.383,-0.48295,2.40157,-0.05961
-7.3812,-1.0928,229.336,-0.49533,2.40513,-0.05638
-7.5011,-1.0796,229.368,-0.49722,2.41163,-0.05557
-7.5599,-0.9189,229.188,-0.48918,2.4173,-0.05687
-7.5354,-0.9181,229.224,-0.48922,2.41556,-0.0561
-7.5379,-0.8675,229.333,-0.4831,2.41414,-0.05754
-7.4365,-1.1881,229.63,-0.49206,2.40267,-0.05979
-7.5061,-1.0146,229.389,-0.48974,2.4176,-0.05674
-7.4933,-1.0927,229.461,-0.49305,2.41259,-0.05638
-7.4461,-1.0879,229.397,-0.4861,2.40847,-0.05759
-7.5064,-1.1701,229.359,-0.49322,2.41456,-0.05528
-7.5272,-1.1978,229.337,-0.49665,2.41582,-0.05516
-7.4938,-1.1965,229.599,-0.48841,2.40644,-0.05908
-7.616,-1.1218,229.46,-0.49042,2.41064,-0.0572
-7.6753,-1.0322,229.253,-0.48982,2.41526,-0.05553
-7.7683,-0.9207,229.26,-0.48471,2.41856,-0.05529
-7.7097,-1.175,229.59,-0.49302,2.41292,-0.05775
-7.7096,-1.1212,229.498,-0.49388,2.41635,-0.05914
-6.1104,-0.5718,222.2,-0.51828,2.41873,-0.06703
-5.4967,-0.0438,218.89,-0.51483,2.42327,-0.06574
-5.2626,0.4935,215.664,-0.5186,2.44476,-0.06562
-5.2838,0.4413,211.144,-0.5594,2.47807,-0.06779
-6.0806,0.0624,206.466,-0.62645,2.55212,-0.06455
-6.4526,-0.5446,203.471,-0.68083,2.58524,-0.05852
-6.4278,-1.5538,197.829,-0.74803,2.62487,-0.05537
-5.7596,-1.6345,189.386,-0.77452,2.67966,-0.05946
-5.1962,-1.7787,181.735,-0.79418,2.73839,-0.05594
-4.758,-3.0402,175.421,-0.88319,2.77622,-0.04085
-4.0184,-3.8894,168.13,-0.97829,2.80772,-0.02763
-2.73,-2.9758,152.423,-1.10381,2.91251,0.01201
-2.0998,-0.2509,127.408,-1.26462,3.15712,0.08001
-0.2981,3.7355,94.6836,-1.45625,3.44836,0.16158
1.8809,7.8073,70.7079,-1.55679,3.64135,0.2373
2.6818,10.1076,61.3365,-1.50438,3.71861,0.27392
-0.9001,8.0122,72.8867,-1.32557,3.72554,0.23335
-5.6098,4.0995,97.8952,-1.1704,3.61459,0.17063
-10.4755,-0.3195,136.72,-0.98782,3.34757,0.08808
-14.0237,-4.3971,183.498,-0.75195,3.0018,-0.01753
-13.5958,-4.4317,213.218,-0.56034,2.73529,-0.07985
-12.4328,-3.4253,225.052,-0.45187,2.62225,-0.09904
-12.3949,-3.7496,227.905,-0.45189,2.61342,-0.09019
-13.336,-4.0199,228.85,-0.47907,2.64302,-0.05482
-14.1311,-3.8111,229.061,-0.49967,2.66736,-0.01388
-14.3359,-3.9594,228.708,-0.53665,2.66246,0.01269
-14.0899,-4.1276,227.493,-0.57715,2.64861,0.03124
-13.5861,-4.352,226.689,-0.6041,2.62708,0.04184
-12.9374,-5.0652,226.383,-0.64811,2.61205,0.0254
-12.6772,-5.218,226.496,-0.65517,2.60805,0.01927
-12.3479,-5.1396,226.686,-0.64573,2.59236,0.01249
-11.9827,-5.0729,226.876,-0.64239,2.582,0.00826
-11.5555,-4.8129,227.056,-0.63398,2.56904,0.00099
-11.4712,-4.3824,227.541,-0.60442,2.58184,-0.01479
-11.2294,-3.8058,228.038,-0.56261,2.58374,-0.03926
-10.8811,-3.3592,228.395,-0.54235,2.56041,-0.04805
-10.9093,-3.0882,228.153,-0.5421,2.5578,-0.04663
-10.9297,-2.8198,228.031,-0.53161,2.55537,-0.04555
-10.794,-2.6936,228.046,-0.53782,2.54243,-0.04478
-10.6021,-2.4799,228.054,-0.53124,2.53495,-0.04633
-10.5067,-2.6323,227.951,-0.54394,2.53589,-0.04464
-10.4655,-2.5824,227.816,-0.54394,2.54083,-0.04479
-10.3118,-2.6555,227.825,-0.5536,2.53886,-0.03987
-10.0789,-2.7785,227.811,-0.56264,2.53672,-0.03347
-9.9788,-2.9579,227.92,-0.5741,2.52959,-0.02851
-9.9543,-2.7808,227.86,-0.56636,2.53429,-0.02668
-9.926,-2.9268,227.861,-0.57405,2.5323,-0.0235
-9.8701,-2.7536,227.837,-0.56144,2.52725,-0.0237
-9.802,-2.87,227.928,-0.56512,2.52208,-0.02083
-9.8476,-2.6694,227.886,-0.55768,2.52482,-0.01867
-9.8227,-2.4851,227.721,-0.54787,2.52605,-0.01742
-9.8646,-2.4785,227.839,-0.54039,2.52323,-0.0209
-9.9421,-2.4354,227.919,-0.53936,2.52125,-0.02531
-10.0323,-2.3447,227.911,-0.53707,2.5235,-0.02525
-10.0743,-2.3036,227.896,-0.53608,2.52496,-0.02352
-10.0371,-2.1729,227.951,-0.52672,2.52016,-0.0228
-10.0487,-2.1399,228.077,-0.52261,2.52045,-0.02329
-10.118,-2.0464,228.007,-0.51749,2.52617,-0.02321
-10.156,-2.0892,228.092,-0.51841,2.53492,-0.02433
-10.1932,-2.1497,228.04,-0.52875,2.53935,-0.02378
-10.137,-2.1601,228.063,-0.52137,2.5374,-0.02727
-10.1159,-2.1751,228.2,-0.51723,2.53616,-0.02923
-10.2338,-2.1647,228.08,-0.51747,2.54504,-0.02787
-10.329,-2.2249,228.088,-0.52137,2.54705,-0.02803
-10.4539,-2.427,228.028,-0.52944,2.54999,-0.02491
-10.4661,-2.4187,228.131,-0.5309,2.54513,-0.02626
-10.499,-2.3377,228.105,-0.52943,2.54182,-0.02486
-10.4741,-2.4363,228.113,-0.54141,2.53932,-0.02106
-10.4858,-2.4181,228.117,-0.53791,2.53645,-0.02021
-10.6041,-2.2832,227.987,-0.53146,2.54486,-0.01917
-10.6215,-2.658,228.049,-0.54324,2.54125,-0.01691
-10.6243,-2.9961,228.176,-0.55609,2.54348,-0.01433
-10.6,-2.9692,227.949,-0.55851,2.54905,-0.01159
-10.6054,-3.2017,227.889,-0.5712,2.54866,-0.00916
-10.6608,-3.2078,228.018,-0.56985,2.55183,-0.0091
-10.6859,-3.3121,227.804,-0.57397,2.5562,-0.00528
-10.634,-3.4638,227.788,-0.57671,2.55136,-0.0054
-10.6413,-3.6096,227.859,-0.5863,2.55136,-0.00459
-10.7012,-3.6482,227.861,-0.59084,2.54686,-0.00224
-10.8134,-3.4408,227.623,-0.58316,2.56116,-0.00239
-10.829,-3.6601,227.826,-0.59062,2.55072,-0.0053
-10.9308,-3.5788,227.795,-0.59063,2.55862,-0.00505
-10.9452,-3.6877,227.868,-0.5978,2.55984,-0.00542
-11.0869,-3.5012,227.758,-0.58834,2.56452,-0.00603
-11.1259,-3.3664,227.673,-0.58292,2.56151,-0.00717
-11.1902,-3.1456,227.776,-0.57914,2.56108,-0.00972
-11.0538,-2.9622,227.919,-0.5672,2.56223,-0.01623
-10.9923,-2.8745,227.929,-0.56105,2.5579,-0.0186
-10.9951,-2.8575,227.888,-0.56249,2.55892,-0.01787
-10.9399,-3.0455,228.037,-0.57097,2.56214,-0.01962
-11.0031,-2.8362,227.882,-0.56596,2.56847,-0.01968
-10.9193,-2.9253,228.094,-0.56559,2.55946,-0.02188
-10.9537,-2.8363,227.977,-0.56499,2.56444,-0.02163
-11.0331,-2.7271,227.852,-0.56647,2.5669,-0.02308
-10.967,-2.7176,228.036,-0.55492,2.56184,-0.02714
-10.9448,-2.6855,228.005,-0.54777,2.55507,-0.03157
-10.9807,-2.523,227.973,-0.54216,2.56106,-0.03732
-10.895,-2.51,228.089,-0.5383,2.55937,-0.04157
-10.865,-2.4251,228.036,-0.53654,2.5518,-0.0435
-10.8348,-2.3192,227.996,-0.5389,2.55516,-0.04263
-10.7698,-2.3097,227.989,-0.53814,2.55675,-0.04446
-10.853,-2.1129,228.033,-0.53224,2.55981,-0.04818
-10.7524,-2.1168,227.989,-0.52066,2.55729,-0.05286
-10.7455,-2.2265,227.91,-0.53396,2.55468,-0.05077
-10.7228,-2.0457,227.985,-0.52409,2.55073,-0.05348
-10.6771,-1.8514,227.871,-0.51795,2.5571,-0.05307
-10.6715,-2.0684,227.798,-0.535,2.5578,-0.04999
-10.6684,-2.0472,227.77,-0.53647,2.55813,-0.0482
-10.6916,-2.0443,227.779,-0.53286,2.56054,-0.04817
-10.6135,-2.2058,227.838,-0.54111,2.55395,-0.04681
-10.5596,-2.381,227.963,-0.54756,2.55134,-0.04514
-10.5078,-2.409,227.956,-0.549,2.5527,-0.04421
-10.3818,-2.5058,228.059,-0.55637,2.55081,-0.0437
-10.4013,-2.406,227.812,-0.55685,2.54921,-0.04376
-10.4961,-2.2809,227.796,-0.55325,2.55662,-0.04423
-10.5578,-2.2897,227.81,-0.55527,2.55377,-0.04517
-10.5267,-2.3104,227.854,-0.55488,2.55577,-0.04815
-10.5146,-2.221,227.968,-0.54479,2.54676,-0.05235
-10.5235,-2.2841,227.789,-0.55103,2.54981,-0.05095
-10.6405,-2.0789,227.761,-0.54582,2.55465,-0.04987
-10.5892,-2.1177,227.868,-0.54303,2.55019,-0.05064
-10.6157,-2.2013,227.956,-0.54389,2.55117,-0.04812
-10.6465,-2.2434,227.834,-0.54922,2.55721,-0.04401
-10.6834,-2.1757,227.962,-0.54821,2.56011,-0.04514
-10.6444,-2.1554,227.907,-0.54308,2.5538,-0.04477
-10.5695,-2.2348,227.961,-0.55066,2.5564,-0.04308
-10.5088,-2.3369,227.883,-0.55141,2.55132,-0.04365
-10.6457,-2.3072,227.941,-0.54817,2.5486,-0.04883
-10.7393,-2.2222,227.865,-0.54605,2.5533,-0.05857
-10.4999,-2.1512,227.864,-0.53077,2.54428,-0.06961
-10.327,-1.9438,227.956,-0.5248,2.54017,-0.07202
-9.5663,-1.5653,228.121,-0.5244,2.52909,-0.06498
-9.3201,-1.4348,228.343,-0.52159,2.52806,-0.0611
-9.0627,-1.4017,228.428,-0.51368,2.52061,-0.06021
-8.6372,-1.4025,228.202,-0.51078,2.50628,-0.05663
-8.3793,-1.3172,228.332,-0.49917,2.49615,-0.05116
-8.2917,-1.4095,228.513,-0.50052,2.49015,-0.04719
-8.2211,-1.3389,228.544,-0.49553,2.49157,-0.04364
-8.0719,-1.4427,228.582,-0.49642,2.4933,-0.03883
-8.0741,-1.3191,228.524,-0.49544,2.50045,-0.03806
-8.0295,-1.2999,228.663,-0.4845,2.50869,-0.0403
-7.92,-1.578,228.956,-0.491,2.50077,-0.04314
-7.9073,-1.4491,228.929,-0.47663,2.50315,-0.04598
-7.9726,-1.4834,228.906,-0.48528,2.50891,-0.04348
-8.1534,-1.3569,228.664,-0.48241,2.52004,-0.04113
-8.0976,-1.4583,229.011,-0.47797,2.50761,-0.04471
-8.2319,-1.3684,229.083,-0.47139,2.51206,-0.04499
-8.3999,-1.3544,229.135,-0.46747,2.51986,-0.04087
-8.3842,-1.5736,229.317,-0.4732,2.52321,-0.03578
-8.3638,-1.6392,229.39,-0.47197,2.52891,-0.03193
-8.3451,-1.4203,229.295,-0.46014,2.52952,-0.03332
-8.2474,-1.6084,229.276,-0.46598,2.52461,-0.0334
-8.2838,-1.5789,229.357,-0.46476,2.53378,-0.03432
-8.2878,-1.5653,229.292,-0.46392,2.5322,-0.03223
-8.3652,-1.5753,229.2,-0.46444,2.53162,-0.03005
-8.3588,-1.6788,229.256,-0.46823,2.52108,-0.02949
-8.4041,-1.5672,229.416,-0.46001,2.52449,-0.03235
-8.4626,-1.5452,229.262,-0.46576,2.53216,-0.0307
-8.481,-1.6137,229.374,-0.46186,2.53113,-0.02809
-8.5436,-1.507,229.364,-0.46167,2.54854,-0.02591
-8.5848,-1.5239,229.253,-0.46002,2.54503,-0.02385
-8.7039,-1.3704,229.116,-0.45905,2.55146,-0.0226
-8.7355,-1.4342,228.987,-0.46519,2.551,-0.01786
-8.7531,-1.3198,228.978,-0.46458,2.55021,-0.01783
-8.8807,-1.155,228.956,-0.45684,2.55344,-0.01777
-8.8098,-1.322,229.113,-0.46512,2.54563,-0.01663
-8.7736,-1.3291,229.129,-0.46682,2.54358,-0.01739
-8.8675,-1.12,228.985,-0.45571,2.5421,-0.01777
-8.7712,-1.3092,229.247,-0.45724,2.5321,-0.01801
-8.9462,-1.0729,229.088,-0.45438,2.54674,-0.01772
-8.926,-1.1439,229.228,-0.45629,2.54089,-0.01767
-8.8405,-1.3418,229.177,-0.4626,2.53757,-0.01634
-8.883,-1.1769,229.07,-0.45639,2.54326,-0.01528
-8.873,-1.2722,229.171,-0.46621,2.54097,-0.01466
-8.9029,-1.1609,229.075,-0.45668,2.5389,-0.01503
-8.8046,-1.308,229.067,-0.46403,2.53026,-0.01493
-8.8913,-1.161,229.071,-0.45831,2.53328,-0.01495
-8.8909,-1.1939,229.031,-0.46432,2.5309,-0.01381
-8.9564,-1.1001,229.103,-0.46272,2.5328,-0.01477
-8.8323,-1.2305,229.252,-0.46531,2.52673,-0.0161
-8.899,-1.1072,229.274,-0.46099,2.52862,-0.01592
-8.9712,-1.0849,229.141,-0.46157,2.53223,-0.01386
-8.9497,-1.1037,229.107,-0.46571,2.53107,-0.01197
-8.8705,-1.2745,229.408,-0.46688,2.52265,-0.01433
-9.0004,-1.0817,229.213,-0.46412,2.5339,-0.01313
-8.8968,-1.1683,229.278,-0.46028,2.52726,-0.01373
-8.9244,-1.0178,229.175,-0.45082,2.53174,-0.01419
-8.9074,-1.212,229.305,-0.45734,2.53248,-0.01444
-9.0072,-1.0787,229.4,-0.45557,2.53861,-0.01598
-9.0906,-1.1821,229.281,-0.46349,2.54437,-0.0127
-9.0192,-1.2257,229.522,-0.45897,2.54211,-0.01687
-9.1124,-1.0833,229.316,-0.45335,2.55212,-0.01425
-9.0607,-1.1586,229.388,-0.45408,2.54606,-0.01352
-9.0254,-1.1973,229.362,-0.45913,2.54978,-0.01172
-9.0828,-1.2814,229.5,-0.46668,2.55565,-0.01048
-9.0975,-1.1441,229.368,-0.45793,2.55887,-0.01044
-9.022,-1.3402,229.435,-0.46776,2.55349,-0.00894
-8.9139,-1.3207,229.42,-0.45693,2.5454,-0.01061
-9.0292,-1.2122,229.287,-0.46061,2.55763,-0.00829
-9.0389,-1.2209,229.388,-0.45927,2.55642,-0.00865
-9.0392,-1.1536,229.368,-0.45128,2.55082,-0.01023
-8.9895,-1.2903,229.311,-0.4513,2.5533,-0.01016
-9.0615,-1.2211,229.357,-0.45468,2.55082,-0.01104
-9.0356,-1.2197,229.383,-0.45511,2.54914,-0.01109
-9.0008,-1.2228,229.413,-0.45238,2.54378,-0.01215
-9.0023,-1.189,229.285,-0.45362,2.54736,-0.01088
-8.9913,-1.243,229.32,-0.45602,2.54204,-0.01146
-8.9996,-1.1151,229.271,-0.44931,2.54215,-0.01243
-8.9725,-1.3101,229.402,-0.45644,2.53918,-0.01375
-8.9484,-1.292,229.366,-0.45667,2.53515,-0.01277
-8.9909,-1.3368,229.276,-0.46158,2.54035,-0.01058
-8.9831,-1.3124,229.303,-0.45969,2.54116,-0.01114
-8.9852,-1.3294,229.456,-0.46099,2.54109,-0.01246
-9.0505,-1.2358,229.298,-0.45664,2.54662,-0.01041
-9.0718,-1.2448,229.323,-0.46089,2.54802,-0.00891
-8.9824,-1.2598,229.369,-0.45456,2.54241,-0.01014
-9.0409,-1.2015,229.346,-0.45414,2.54565,-0.00923
-9.0746,-1.1968,229.33,-0.45805,2.55147,-0.00808
-9.0684,-1.2139,229.346,-0.45865,2.55155,-0.00847
-9.083,-1.1539,229.23,-0.4563,2.55586,-0.00907
-9.0695,-1.346,229.323,-0.4635,2.55495,-0.00739
-8.9826,-1.2204,229.345,-0.45437,2.55264,-0.00951
-8.9635,-1.2359,229.318,-0.45065,2.55,-0.01209
-8.935,-1.2758,229.339,-0.44986,2.54816,-0.01282
-8.9718,-1.2734,229.314,-0.45529,2.55018,-0.01175
-8.9658,-1.2668,229.283,-0.45787,2.55034,-0.01141
-9.0056,-1.2654,229.253,-0.45908,2.55024,-0.01154
-8.9677,-1.3232,229.358,-0.4619,2.54719,-0.01196
-9.0041,-1.2614,229.311,-0.45663,2.55288,-0.01106
-9.014,-1.2532,229.307,-0.45946,2.55371,-0.01019
-9.0002,-1.1475,229.305,-0.45239,2.55132,-0.01076
-9.052,-1.204,229.273,-0.45571,2.54864,-0.00917
-9.0063,-1.2783,229.187,-0.45963,2.55166,-0.00814
-8.9735,-1.1806,229.377,-0.44986,2.54837,-0.01048
-8.9656,-1.2659,229.433,-0.4628,2.54626,-0.00851
-9.0181,-1.1587,229.254,-0.45687,2.55219,-0.00802
-8.9985,-1.175,229.313,-0.45494,2.55101,-0.00796
-8.9599,-1.263,229.295,-0.45983,2.54535,-0.00747
-9.0074,-1.2601,229.212,-0.46107,2.54722,-0.00482
-9.0046,-1.4085,229.329,-0.46857,2.54852,-0.00487
-8.8903,-1.399,229.485,-0.45972,2.54062,-0.00796
-8.9522,-1.3206,229.398,-0.45958,2.54376,-0.00715
-8.9708,-1.3313,229.344,-0.46208,2.54545,-0.0076
-8.9909,-1.2664,229.381,-0.45735,2.55,-0.00829
-9.0366,-1.2486,229.395,-0.4598,2.54814,-0.00826
-9.031,-1.388,229.379,-0.46903,2.55233,-0.00724
-9.066,-1.1488,229.262,-0.4521,2.55395,-0.00787
-9.0753,-1.2088,229.309,-0.45578,2.55494,-0.00848
-8.9959,-1.3422,229.394,-0.46193,2.54432,-0.00815
-9.0893,-1.1783,229.175,-0.46149,2.55475,-0.00596
-9.1449,-1.0941,229.157,-0.45562,2.56059,-0.00669
-9.1474,-1.1058,229.316,-0.45453,2.55643,-0.00736
-9.0164,-1.2401,229.372,-0.45575,2.54584,-0.00902
-9.0497,-1.2099,229.27,-0.45358,2.55331,-0.0087
-9.0354,-1.2485,229.267,-0.45715,2.55635,-0.00792
-8.9689,-1.3818,229.473,-0.46304,2.54826,-0.00843
-9.0383,-1.2323,229.253,-0.45766,2.54921,-0.00709
-8.9554,-1.3702,229.38,-0.45927,2.546,-0.00778
-8.9781,-1.358,229.363,-0.46293,2.54732,-0.00721
-8.9882,-1.1215,229.271,-0.45155,2.54903,-0.00752
-8.9848,-1.255,229.352,-0.45571,2.55058,-0.00758
-9.0407,-1.2146,229.2,-0.46152,2.55098,-0.00532
-9.0291,-1.1765,229.194,-0.45477,2.5521,-0.0056
-9.0036,-1.2864,229.327,-0.46305,2.55142,-0.00593
-9.0258,-1.2325,229.349,-0.4586,2.5516,-0.0066
-8.9799,-1.2235,229.504,-0.45738,2.54879,-0.00794
-9.0792,-1.2387,229.325,-0.46198,2.55988,-0.00543
-9.0145,-1.3591,229.329,-0.46432,2.55184,-0.00699
-9,-1.3175,229.358,-0.461,2.54933,-0.0074
-8.9142,-1.2943,229.485,-0.45659,2.5454,-0.0092
-9.0185,-1.1444,229.31,-0.45355,2.55262,-0.00728
-8.9824,-1.2489,229.51,-0.4539,2.54874,-0.00939
-8.9089,-1.4289,229.528,-0.46489,2.54484,-0.00871
-9.0448,-1.1398,229.207,-0.45672,2.55528,-0.00665
-9.0386,-1.2347,229.266,-0.45842,2.55289,-0.00722
-9.0588,-1.1493,229.377,-0.45498,2.55363,-0.00777
-9.054,-1.1811,229.398,-0.45661,2.55354,-0.00751
-9.0705,-1.1656,229.38,-0.45983,2.55384,-0.00682
-9.0254,-1.1008,229.297,-0.44973,2.55492,-0.00828
-9.0273,-1.1766,229.375,-0.45492,2.55371,-0.00675
-8.9681,-1.2343,229.508,-0.45565,2.54766,-0.00821
-9.0239,-1.19,229.436,-0.45139,2.54971,-0.00784
-9.0407,-1.2117,229.33,-0.45668,2.5534,-0.00641
-9.0911,-1.1656,229.268,-0.46037,2.55736,-0.00552
-9.0229,-1.1887,229.221,-0.45743,2.54963,-0.00656
-9.0443,-1.245,229.28,-0.46116,2.55138,-0.00483
-9.0515,-1.1997,229.35,-0.45959,2.55409,-0.0052
-8.9947,-1.2106,229.364,-0.45187,2.55679,-0.00732
-9.0889,-1.253,229.228,-0.45962,2.55583,-0.00542
-9.0524,-1.1188,229.374,-0.44729,2.55367,-0.00903
-8.9882,-1.2299,229.301,-0.4542,2.54566,-0.00752
-8.9741,-1.338,229.404,-0.45867,2.54441,-0.00828
-9.0168,-1.264,229.341,-0.4582,2.54921,-0.0071
-9.0475,-1.2316,229.243,-0.45714,2.54972,-0.00732
-9.0199,-1.2896,229.426,-0.45949,2.54411,-0.00724
-9.0064,-1.3367,229.362,-0.45921,2.54848,-0.00741
-8.9841,-1.3309,229.455,-0.45704,2.54405,-0.00961
-8.9969,-1.3262,229.38,-0.46089,2.54629,-0.00699
-9.0107,-1.3515,229.393,-0.46264,2.55036,-0.00708
-9.1158,-1.1184,229.248,-0.45241,2.55714,-0.00675
-9.0161,-1.2543,229.351,-0.45655,2.55135,-0.00663
-9.0189,-1.1958,229.281,-0.45804,2.54708,-0.00648
-9.0301,-1.2022,229.247,-0.45361,2.55398,-0.00691
-8.9797,-1.263,229.346,-0.45473,2.54908,-0.00738
-8.9565,-1.2309,229.379,-0.45472,2.54789,-0.00911
-8.9455,-1.3745,229.358,-0.46171,2.54284,-0.00509
-8.9462,-1.1882,229.382,-0.44948,2.54762,-0.00835
-9.0555,-1.1911,229.358,-0.45833,2.55046,-0.00612
-9.0358,-1.1806,229.373,-0.45715,2.55187,-0.00648
-8.9862,-1.254,229.512,-0.45424,2.54447,-0.00843
-9.0098,-1.1816,229.282,-0.45257,2.55225,-0.0062
-8.93,-1.3081,229.319,-0.45473,2.54296,-0.00758
-8.977,-1.2739,229.332,-0.45572,2.54629,-0.00736
-8.9948,-1.2877,229.367,-0.45786,2.5467,-0.00788
-9.0321,-1.334,229.345,-0.46589,2.55393,-0.00549
-9.0411,-1.2074,229.306,-0.46033,2.55333,-0.0059
-8.9708,-1.2191,229.385,-0.45321,2.54896,-0.00737
-8.9928,-1.2647,229.374,-0.45674,2.54799,-0.00782
-8.9692,-1.2159,229.192,-0.45517,2.54771,-0.00774
-8.963,-1.2211,229.429,-0.45288,2.54275,-0.0095
-8.9132,-1.295,229.447,-0.45545,2.54718,-0.00829
-9.0112,-1.1927,229.344,-0.45274,2.54686,-0.00632
-8.9785,-1.2615,229.548,-0.45585,2.54633,-0.00701
-9.0482,-1.1575,229.403,-0.45234,2.54924,-0.00658
-9.0748,-1.0604,229.192,-0.44877,2.55498,-0.0057
-8.9436,-1.2956,229.405,-0.45197,2.54395,-0.00778
-8.9631,-1.2099,229.357,-0.44925,2.54376,-0.008
-9.0446,-1.2327,229.401,-0.45676,2.55008,-0.00706
-8.9594,-1.22,229.305,-0.45547,2.55148,-0.00679
-8.9864,-1.3232,229.445,-0.46046,2.54851,-0.008
-8.9755,-1.3433,229.481,-0.45726,2.55001,-0.00787
-9.0106,-1.2056,229.44,-0.45247,2.54593,-0.00832
-8.9874,-1.2808,229.5,-0.45334,2.54541,-0.00829
-9.0356,-1.1525,229.28,-0.45435,2.54581,-0.00693
-9.0129,-1.2227,229.237,-0.45819,2.55122,-0.00681
-8.9783,-1.2467,229.342,-0.45955,2.55114,-0.00671
-9.0315,-0.9962,229.19,-0.44049,2.55292,-0.00773
-9.0673,-1.1406,229.222,-0.45618,2.55109,-0.0046
-9.0458,-1.1743,229.407,-0.45437,2.54741,-0.00643
-9.0172,-1.1983,229.294,-0.45599,2.54983,-0.00525
-9.0263,-1.1889,229.286,-0.45776,2.54797,-0.00627
-9.0244,-1.2373,229.338,-0.45999,2.54686,-0.00587
-9.0585,-1.0756,229.292,-0.44963,2.54838,-0.00737
-9.0123,-1.1599,229.36,-0.45096,2.54705,-0.00814
-9.0534,-1.0775,229.249,-0.4459,2.55336,-0.00787
-8.9713,-1.3497,229.497,-0.45582,2.54058,-0.00799
-8.9627,-1.3694,229.461,-0.46016,2.54318,-0.00782
-9.0826,-1.2326,229.263,-0.45458,2.55224,-0.00566
-9.0148,-1.2862,229.516,-0.45396,2.54161,-0.00854
-9.0814,-1.2556,229.375,-0.45698,2.54843,-0.00655
-9.0395,-1.3515,229.323,-0.463,2.54348,-0.0059
-8.9932,-1.4,229.349,-0.46518,2.54353,-0.00587
-9.0036,-1.2919,229.419,-0.45321,2.54364,-0.00735
-9.0141,-1.2468,229.442,-0.45258,2.54635,-0.00804
-9.0914,-1.1936,229.258,-0.45491,2.55072,-0.005
-9.0236,-1.2703,229.43,-0.45716,2.54569,-0.00736
-9.0769,-1.2209,229.315,-0.45064,2.55083,-0.00504
-9.0633,-1.1847,229.388,-0.4526,2.55241,-0.00597
-8.9076,-1.3103,229.494,-0.45386,2.54383,-0.00807
-9.0389,-1.077,229.204,-0.44555,2.55474,-0.0074
-9.0228,-1.1776,229.186,-0.45405,2.55655,-0.00603
-8.9396,-1.4183,229.454,-0.46333,2.54163,-0.00823
-9.0147,-1.2332,229.478,-0.45388,2.5461,-0.00818
-9.0501,-1.193,229.355,-0.45441,2.55242,-0.00719
-9.0349,-1.1852,229.346,-0.45688,2.54822,-0.00754
-9.0465,-1.2239,229.361,-0.45673,2.54817,-0.00727
-9.006,-1.2816,229.25,-0.46185,2.54758,-0.00533
-9.0334,-1.2082,229.28,-0.45735,2.55147,-0.00573
-9.0236,-1.2748,229.337,-0.45894,2.54903,-0.00658
-9.0256,-1.1515,229.499,-0.44879,2.54803,-0.0087
-9.0448,-1.1196,229.202,-0.4544,2.5519,-0.00572
-9.055,-1.2406,229.193,-0.45885,2.55374,-0.00478
-9.03,-1.2245,229.37,-0.45344,2.54871,-0.00646
-8.9914,-1.1994,229.442,-0.45422,2.54444,-0.00799
-8.9526,-1.4022,229.394,-0.4636,2.54093,-0.00681
-9.0276,-1.3104,229.405,-0.46144,2.54717,-0.00679
-8.9477,-1.3532,229.432,-0.45281,2.5377,-0.00831
-8.9942,-1.3231,229.344,-0.45829,2.54735,-0.00725
-9.0228,-1.2332,229.246,-0.45363,2.55234,-0.00785
-9.1103,-1.1961,229.231,-0.45529,2.55977,-0.00589
-9.0271,-1.2159,229.34,-0.4539,2.54936,-0.00638
-8.9828,-1.3735,229.459,-0.45922,2.54448,-0.0077
-8.9527,-1.3218,229.452,-0.45587,2.54777,-0.00792
-9.0019,-1.3152,229.438,-0.46129,2.55121,-0.00723
-8.9694,-1.2606,229.506,-0.45794,2.54494,-0.00681
-8.9771,-1.2881,229.345,-0.45821,2.54187,-0.00697
-9.0366,-1.2555,229.298,-0.45663,2.54919,-0.00545
-8.9189,-1.3425,229.493,-0.4552,2.53879,-0.00955
-8.9371,-1.2772,229.365,-0.45677,2.54632,-0.00738
-8.9712,-1.3407,229.399,-0.46372,2.54563,-0.00709
-9.0086,-1.2488,229.39,-0.46102,2.54573,-0.00715
-9.0298,-1.1698,229.326,-0.45205,2.55027,-0.00771
-9.0239,-1.1658,229.249,-0.45268,2.5476,-0.00744
-9.0071,-1.3184,229.384,-0.45754,2.54953,-0.00753
-8.9652,-1.326,229.428,-0.46,2.5431,-0.00742
-8.9768,-1.2357,229.389,-0.44936,2.54482,-0.00714
-9.0518,-1.1521,229.286,-0.452,2.54736,-0.00721
-8.974,-1.301,229.457,-0.4559,2.5423,-0.00884
-9.0026,-1.3009,229.308,-0.4586,2.5478,-0.00587
-8.9963,-1.2189,229.217,-0.4537,2.54691,-0.00639
-9.0206,-1.36,229.297,-0.46538,2.54765,-0.00606
-8.9792,-1.311,229.398,-0.45809,2.54299,-0.00596
-9.0123,-1.1986,229.44,-0.45513,2.54424,-0.00767
-9.0144,-1.2728,229.308,-0.45821,2.54504,-0.00594
-9.0256,-1.2204,229.255,-0.46106,2.54788,-0.00539
-9.0674,-1.1105,229.24,-0.44743,2.54899,-0.00712
-9.0683,-1.263,229.345,-0.46101,2.55111,-0.00605
-9.0382,-1.2516,229.327,-0.46114,2.54954,-0.00577
-8.9241,-1.4526,229.527,-0.46174,2.53834,-0.00738
-8.9957,-1.1201,229.191,-0.45007,2.54663,-0.00751
-8.9804,-1.2648,229.43,-0.45427,2.54226,-0.00818
-9.0219,-1.155,229.269,-0.4525,2.54892,-0.0077
-8.9895,-1.3243,229.319,-0.4583,2.54676,-0.00729
-9.0206,-1.2879,229.499,-0.45732,2.54065,-0.0087
-8.9021,-1.4048,229.544,-0.45898,2.53589,-0.00899
-8.9322,-1.2895,229.507,-0.45048,2.53925,-0.00924
-8.9834,-1.2457,229.47,-0.45376,2.53797,-0.00804
-8.9591,-1.335,229.384,-0.46075,2.54069,-0.00619
-8.9726,-1.2925,229.559,-0.45643,2.54354,-0.00873
-9.0845,-1.0296,229.18,-0.45014,2.55211,-0.00652
-9.0336,-1.172,229.385,-0.45383,2.54202,-0.00802
-9.0485,-1.1773,229.338,-0.45698,2.54636,-0.00769
-9.028,-1.1684,229.331,-0.45141,2.54704,-0.00701
-8.9663,-1.3509,229.401,-0.45797,2.53869,-0.00758
-8.9781,-1.4459,229.309,-0.46775,2.54044,-0.00604
-8.9767,-1.2239,229.297,-0.4524,2.53941,-0.0069
-8.9502,-1.2756,229.377,-0.44837,2.54064,-0.00954
-8.994,-1.2945,229.367,-0.45929,2.54521,-0.00716
-8.9863,-1.2953,229.559,-0.45447,2.54131,-0.0091
-9.0254,-1.1998,229.357,-0.45162,2.5421,-0.00901
-8.9107,-1.3977,229.549,-0.45752,2.53934,-0.00979
-9.0154,-1.3666,229.458,-0.46116,2.54561,-0.00829
-8.9534,-1.3557,229.484,-0.46187,2.5447,-0.00753
-8.9462,-1.3172,229.523,-0.45499,2.53866,-0.00852
-8.9828,-1.2183,229.328,-0.4485,2.54187,-0.00838
-8.9306,-1.341,229.531,-0.45263,2.5378,-0.00901
-9.0247,-1.2666,229.309,-0.45815,2.54586,-0.00574
-8.9974,-1.2773,229.419,-0.45614,2.54184,-0.00648
-9.0207,-1.2339,229.287,-0.46023,2.54869,-0.00694
-8.979,-1.277,229.394,-0.45669,2.54749,-0.007
-8.9648,-1.2367,229.395,-0.45194,2.54244,-0.00797
-8.9971,-1.1978,229.428,-0.45439,2.54217,-0.00801
-9.0173,-1.1848,229.379,-0.45431,2.54543,-0.0076
-9.0123,-1.243,229.359,-0.45197,2.54368,-0.00716
-9.0339,-1.0746,229.286,-0.44306,2.54744,-0.0073
-9.0406,-1.1784,229.312,-0.45223,2.54621,-0.00722
-8.9772,-1.3038,229.57,-0.45011,2.53907,-0.00932
-8.9748,-1.3998,229.527,-0.45909,2.53813,-0.00771
-8.9394,-1.3474,229.461,-0.45744,2.53975,-0.00724
-9.0037,-1.2073,229.322,-0.4509,2.54711,-0.0083
-9.0437,-1.075,229.342,-0.44349,2.54588,-0.00802
-8.9887,-1.1732,229.386,-0.44639,2.54128,-0.00832
-9.0056,-1.1226,229.257,-0.44692,2.54518,-0.00793
-9.0008,-1.3212,229.451,-0.45899,2.54332,-0.00607
-8.9834,-1.3006,229.471,-0.45717,2.54303,-0.00709
-8.9849,-1.2448,229.463,-0.45811,2.5449,-0.00692
-8.9672,-1.276,229.537,-0.45251,2.5404,-0.00957
-8.979,-1.3333,229.481,-0.4593,2.54163,-0.00765
-8.9114,-1.3289,229.433,-0.45457,2.54073,-0.00971
-8.9278,-1.402,229.551,-0.45891,2.53576,-0.00917
-9.0116,-1.1464,229.435,-0.44743,2.5445,-0.00862
-9.0056,-1.2203,229.44,-0.45177,2.54747,-0.00764
-9.0233,-1.2468,229.371,-0.45708,2.54204,-0.00632
-8.9719,-1.3289,229.472,-0.45941,2.54134,-0.00778
-9.0213,-1.2034,229.416,-0.45207,2.54236,-0.0081
-8.9816,-1.1677,229.528,-0.44784,2.53749,-0.00871
-8.9935,-1.3321,229.512,-0.45801,2.54057,-0.00758
-8.9311,-1.36,229.464,-0.45356,2.53858,-0.00776
-8.9564,-1.3224,229.367,-0.45698,2.53836,-0.00739
-9.0058,-1.2789,229.381,-0.45612,2.54525,-0.00665
-9.0119,-1.2744,229.382,-0.45604,2.54356,-0.00577
-9.0386,-1.2561,229.411,-0.4603,2.54215,-0.00662
-9.0451,-1.3077,229.425,-0.45765,2.54524,-0.00713
-9.0144,-1.238,229.601,-0.45289,2.54088,-0.00954
-9.0411,-1.2278,229.438,-0.45125,2.54185,-0.00818
-9.0119,-1.364,229.431,-0.45884,2.54347,-0.00683
-8.9968,-1.2536,229.537,-0.45306,2.5398,-0.01032
-9.0783,-1.2123,229.363,-0.45641,2.54412,-0.0069
-9.0777,-1.2808,229.362,-0.46174,2.54773,-0.00687
-8.9967,-1.2695,229.395,-0.45746,2.5449,-0.00729
-8.9815,-1.2183,229.352,-0.45481,2.54711,-0.00693
-8.9703,-1.4042,229.444,-0.4607,2.54285,-0.00768
-8.9558,-1.3552,229.531,-0.45713,2.53639,-0.00837
-8.9445,-1.3182,229.459,-0.45714,2.54347,-0.00727
-8.9614,-1.3041,229.468,-0.45789,2.54254,-0.0068
-8.9813,-1.2818,229.368,-0.45777,2.54408,-0.00715
-8.9832,-1.2613,229.399,-0.45509,2.54369,-0.00646
-8.9719,-1.2935,229.367,-0.46099,2.54303,-0.00648
-9.0267,-1.3024,229.393,-0.46069,2.54593,-0.00586
-9.0557,-1.2004,229.307,-0.45694,2.54903,-0.00538
-9.0645,-1.1408,229.388,-0.45483,2.54855,-0.00577
-9.0669,-1.2049,229.326,-0.46023,2.5459,-0.0059
-9.0806,-1.2384,229.286,-0.45704,2.55172,-0.00413
-8.9873,-1.3901,229.577,-0.45966,2.54289,-0.00689
-9.0177,-1.2995,229.44,-0.45574,2.54707,-0.00708
-8.9943,-1.2677,229.481,-0.45461,2.54412,-0.00719
-9.034,-1.2119,229.445,-0.45375,2.54772,-0.00728
-8.9676,-1.2808,229.533,-0.45361,2.54395,-0.00845
-8.9722,-1.2831,229.461,-0.45513,2.54489,-0.00807
-9.0726,-1.1697,229.195,-0.45616,2.55241,-0.00508
-9.025,-1.3159,229.357,-0.45865,2.54554,-0.00617
-8.9496,-1.3397,229.533,-0.45432,2.54136,-0.00796
-9.0047,-1.1928,229.322,-0.45454,2.54582,-0.00658
-8.9702,-1.2842,229.42,-0.45786,2.54339,-0.00586
-8.9761,-1.2716,229.492,-0.45427,2.5425,-0.00668
-9.0062,-1.2331,229.524,-0.45209,2.54959,-0.00797
-8.9512,-1.4975,229.618,-0.46413,2.5385,-0.00787
-9.0275,-1.2087,229.483,-0.45349,2.5465,-0.00751
-9.015,-1.1932,229.478,-0.44974,2.54838,-0.00811
-8.991,-1.2424,229.571,-0.45348,2.5443,-0.00831
-8.9591,-1.3441,229.597,-0.45703,2.53926,-0.00773
-8.9824,-1.3282,229.474,-0.46143,2.54262,-0.00611
-9.0813,-1.2323,229.381,-0.45951,2.55203,-0.0049
-9.0238,-1.1648,229.438,-0.45032,2.5479,-0.00544
-9.0388,-1.2437,229.385,-0.45833,2.55055,-0.00579
-9.0118,-1.2389,229.485,-0.45426,2.54451,-0.00739
-9.0007,-1.1472,229.542,-0.44556,2.54535,-0.01027
-9.0291,-1.1946,229.492,-0.44953,2.54775,-0.00805
-8.9987,-1.276,229.525,-0.45298,2.54379,-0.00875
-9.002,-1.2832,229.452,-0.45424,2.54115,-0.00773
-9.0175,-1.3189,229.434,-0.45925,2.54411,-0.00717
-9.0991,-1.2119,229.408,-0.45857,2.54841,-0.00698
-8.948,-1.3641,229.535,-0.45869,2.53962,-0.0084
-9.0669,-1.3119,229.334,-0.4617,2.54847,-0.00449
-8.9669,-1.2839,229.5,-0.45756,2.53979,-0.00643
-9.0639,-1.1689,229.404,-0.45212,2.55108,-0.00628
-9.0274,-1.2021,229.469,-0.45073,2.54327,-0.00764
-9.0251,-1.1653,229.451,-0.4528,2.54557,-0.00585
-9.0456,-1.2502,229.371,-0.4616,2.54942,-0.00529
-8.9854,-1.0897,229.422,-0.44584,2.54804,-0.00881
-8.9679,-1.2839,229.496,-0.45294,2.54379,-0.00632
-8.9992,-1.2612,229.467,-0.45999,2.54405,-0.00572
-9.0845,-1.0645,229.339,-0.45459,2.55227,-0.00551
-9.0431,-1.0968,229.379,-0.44767,2.5495,-0.0069
-8.992,-1.139,229.567,-0.44717,2.54501,-0.00905
-8.9781,-1.2743,229.622,-0.45372,2.54095,-0.00921
-8.9903,-1.2157,229.515,-0.45252,2.54356,-0.00869
-8.9824,-1.2371,229.554,-0.45065,2.54539,-0.00798
-8.9947,-1.3426,229.482,-0.46242,2.54704,-0.00555
-8.9858,-1.2923,229.531,-0.4546,2.54387,-0.00758
-9.0577,-1.2258,229.419,-0.45443,2.54996,-0.00579
-8.9906,-1.3269,229.44,-0.46298,2.54891,-0.00398
-9.0197,-1.2742,229.436,-0.45921,2.54643,-0.00684
-9.0573,-1.2286,229.421,-0.45409,2.54608,-0.0065
-8.9372,-1.3187,229.63,-0.45732,2.5394,-0.00804
-8.944,-1.3484,229.498,-0.45954,2.54214,-0.00807
-8.9842,-1.3171,229.513,-0.45687,2.54102,-0.00943
-9.0763,-1.2092,229.375,-0.45517,2.54963,-0.00616
-9.0014,-1.3153,229.428,-0.45984,2.5437,-0.00626
-8.9903,-1.2092,229.41,-0.44933,2.54067,-0.00729
-9.0394,-1.1944,229.454,-0.45334,2.54776,-0.0069
-9.0437,-1.0617,229.355,-0.44432,2.55243,-0.00741
-8.9712,-1.229,229.478,-0.44777,2.5429,-0.00872
-9.0089,-1.2144,229.501,-0.45167,2.54456,-0.00722
-9.1151,-1.1479,229.292,-0.45526,2.55407,-0.00513
-9.0017,-1.2778,229.464,-0.45475,2.54539,-0.00696
-9.0477,-1.3167,229.441,-0.45966,2.54604,-0.00633
-8.97,-1.3723,229.537,-0.45338,2.53946,-0.00688
-8.9798,-1.2574,229.62,-0.45436,2.54005,-0.00906
-9.0462,-1.2267,229.36,-0.45282,2.54859,-0.00683
-9.0241,-1.2858,229.5,-0.45341,2.54215,-0.0084
-9.046,-1.2298,229.458,-0.45569,2.54652,-0.00788
-8.98,-1.2307,229.575,-0.45355,2.54082,-0.00896
-8.913,-1.4446,229.62,-0.46296,2.53698,-0.00745
-8.974,-1.2372,229.5,-0.45268,2.54304,-0.0083
-9.0129,-1.261,229.532,-0.45661,2.54277,-0.00668
-9.0261,-1.1799,229.494,-0.45268,2.54383,-0.00719
-9.092,-1.1584,229.454,-0.4527,2.55044,-0.0059
-9.0632,-1.1638,229.483,-0.4548,2.55193,-0.00686
-9.0692,-1.1629,229.45,-0.45161,2.55124,-0.00636
-9.067,-1.1456,229.461,-0.45142,2.55047,-0.00642
-9.0194,-1.2174,229.422,-0.4559,2.54955,-0.00643
-9.0834,-1.076,229.436,-0.44635,2.55576,-0.00631
-9.0636,-1.1562,229.311,-0.4532,2.55362,-0.00555
-9.0869,-1.2564,229.448,-0.45765,2.55258,-0.00537
-9.0402,-1.1147,229.414,-0.45265,2.54899,-0.0066
-9.0663,-1.1864,229.457,-0.45528,2.54879,-0.00686
-9.0054,-1.2403,229.626,-0.45527,2.54384,-0.00714
-9.0378,-1.1788,229.522,-0.45269,2.54997,-0.00712
-9.0568,-1.1849,229.576,-0.45384,2.54643,-0.00618
-9.0162,-1.3304,229.5,-0.46166,2.54989,-0.00501
-9.0275,-1.2931,229.55,-0.45465,2.54272,-0.00588
-9,-1.2826,229.388,-0.45456,2.54689,-0.00581
-8.9838,-1.3184,229.686,-0.45768,2.54444,-0.00803
-8.9894,-1.2817,229.508,-0.45871,2.54585,-0.00706
-8.9846,-1.2042,229.525,-0.45148,2.5459,-0.00757
-9.0303,-1.0799,229.411,-0.44741,2.55264,-0.00716
-8.9846,-1.2937,229.525,-0.45802,2.54343,-0.00603
-9.0187,-1.3767,229.524,-0.46271,2.5452,-0.00621
-9.0343,-1.1901,229.519,-0.45473,2.55148,-0.00714
-9.0449,-1.1693,229.426,-0.44626,2.54729,-0.00762
-9.0468,-1.1403,229.433,-0.45217,2.55028,-0.00671
-9.0398,-1.1724,229.372,-0.45462,2.55124,-0.00536
-9.0408,-1.1179,229.565,-0.4501,2.55057,-0.00806
-8.975,-1.3679,229.679,-0.45609,2.5412,-0.00862
-9.0735,-1.2016,229.595,-0.45375,2.5502,-0.00561
-9.0647,-1.1197,229.47,-0.4523,2.5504,-0.00653
-8.9908,-1.2768,229.62,-0.45663,2.54361,-0.00685
-9.0457,-1.2174,229.532,-0.45779,2.54626,-0.0062
-9.0641,-1.1489,229.508,-0.45162,2.55295,-0.00733
-8.9847,-1.3621,229.607,-0.46546,2.54635,-0.00623
-9.0094,-1.348,229.556,-0.46404,2.55033,-0.00526
-9.0254,-1.2464,229.483,-0.45637,2.54511,-0.0046
-9.024,-1.1977,229.572,-0.45126,2.5465,-0.00734
-9.031,-1.2232,229.471,-0.45587,2.54812,-0.00611
-8.9741,-1.2592,229.571,-0.45255,2.54488,-0.00758
-9.0165,-1.3163,229.434,-0.45912,2.5471,-0.00751
-9.0479,-1.1688,229.553,-0.45298,2.54664,-0.00834
-8.9804,-1.2766,229.632,-0.45333,2.54152,-0.00813
-9.0469,-1.2003,229.474,-0.45161,2.55131,-0.00703
-9.0089,-1.2724,229.526,-0.46018,2.54563,-0.00661
-8.9852,-1.2057,229.595,-0.45125,2.5419,-0.0088
-8.9934,-1.2023,229.582,-0.45292,2.54152,-0.0089
-8.9786,-1.2158,229.56,-0.4538,2.54421,-0.00714
-9.0383,-1.2699,229.423,-0.45931,2.54734,-0.00484
-9.0219,-1.1902,229.427,-0.45836,2.5505,-0.00502
-9.0627,-1.1294,229.429,-0.45167,2.54808,-0.00623
-8.9993,-1.2091,229.487,-0.44901,2.54345,-0.00736
-9.08,-1.126,229.448,-0.45014,2.55294,-0.00677
-8.9997,-1.286,229.566,-0.45848,2.54417,-0.00669
-9.0363,-1.1783,229.406,-0.45877,2.5518,-0.00496
-9.1201,-1.169,229.551,-0.45705,2.55418,-0.00725
-9.0566,-1.1561,229.6,-0.44698,2.54958,-0.00907
-8.9873,-1.4309,229.62,-0.4601,2.54134,-0.00707
-9.0198,-1.2538,229.552,-0.45524,2.5438,-0.00718
-9.01,-1.2956,229.508,-0.45823,2.5412,-0.00688
-9.0589,-1.1637,229.346,-0.45902,2.54738,-0.00535
-8.9979,-1.2985,229.453,-0.45642,2.54684,-0.00626
-8.9792,-1.2568,229.334,-0.45676,2.54876,-0.00516
-9.0127,-1.3072,229.515,-0.46125,2.54661,-0.00599
-8.952,-1.3007,229.499,-0.4568,2.53987,-0.00747
-9.0023,-1.2425,229.473,-0.46035,2.54785,-0.00598
-8.9864,-1.2146,229.548,-0.45202,2.54668,-0.00774
-9.0108,-1.2184,229.688,-0.45276,2.54186,-0.00832
-8.9924,-1.1863,229.642,-0.44854,2.54344,-0.00854
-9.0322,-1.2032,229.555,-0.45136,2.54128,-0.00745
-9.0046,-1.331,229.543,-0.45825,2.54179,-0.00602
-9.0246,-1.2695,229.662,-0.45455,2.54653,-0.00785
-9.0206,-1.1512,229.538,-0.44822,2.54687,-0.00679
-9.0962,-1.124,229.399,-0.45143,2.55407,-0.00555
-9.022,-1.3422,229.537,-0.46142,2.54591,-0.00579
-9.0028,-1.2364,229.569,-0.45269,2.54622,-0.00729
-9.0274,-1.2267,229.516,-0.45692,2.54694,-0.00618
-9.0216,-1.2438,229.456,-0.45674,2.54862,-0.00639
-9.0194,-1.3481,229.56,-0.45738,2.54495,-0.00611
-9.0296,-1.2237,229.581,-0.45328,2.54765,-0.00739
-8.9965,-1.3696,229.553,-0.45959,2.54591,-0.00602
-8.9982,-1.1691,229.557,-0.44718,2.54451,-0.0079
-9.0394,-1.266,229.464,-0.45704,2.54701,-0.00593
-8.9617,-1.3395,229.686,-0.45741,2.54036,-0.00804
-9.0087,-1.2608,229.579,-0.45609,2.54774,-0.00637
-9.0264,-1.1739,229.488,-0.45169,2.5489,-0.00608
-9.0226,-1.2322,229.619,-0.4527,2.54885,-0.00743
-8.9779,-1.3658,229.564,-0.45962,2.54722,-0.00695
-8.9378,-1.327,229.491,-0.45925,2.54266,-0.00673
-8.978,-1.213,229.631,-0.45181,2.54336,-0.00855
-8.9431,-1.3095,229.687,-0.4564,2.53998,-0.00663
-8.9446,-1.3123,229.678,-0.45533,2.53884,-0.00811
-9.0054,-1.2859,229.601,-0.46053,2.54425,-0.00551
-9.0418,-1.3489,229.593,-0.46517,2.54436,-0.00529
-9.0439,-1.206,229.455,-0.45643,2.55125,-0.00543
-9.0835,-1.0956,229.566,-0.44799,2.54827,-0.0066
-9.1012,-1.2274,229.499,-0.4538,2.54982,-0.00588
-9.0594,-1.3747,229.699,-0.46175,2.54605,-0.00594
-9.0685,-1.2158,229.62,-0.44994,2.55156,-0.00603
-9.0723,-1.2778,229.623,-0.45517,2.55473,-0.00551
-9.1014,-1.1938,229.413,-0.45314,2.55389,-0.00429
-9.1363,-1.1591,229.484,-0.45246,2.55549,-0.00444
-9.0698,-1.2248,229.609,-0.45546,2.54921,-0.0052
-9.0343,-1.1766,229.534,-0.4556,2.5474,-0.00466
-8.9681,-1.303,229.594,-0.45805,2.5416,-0.00737
-9.0482,-1.2365,229.49,-0.4564,2.54564,-0.00553
-8.9394,-1.3619,229.635,-0.45761,2.53752,-0.00652
-9.0319,-1.3057,229.632,-0.46072,2.54092,-0.00518
-9.0203,-1.3205,229.695,-0.46095,2.54265,-0.0047
-9.0418,-1.2113,229.615,-0.45409,2.54287,-0.00488
-9.0276,-1.2889,229.576,-0.4567,2.55001,-0.00571
-9.0255,-1.3163,229.564,-0.45665,2.55168,-0.00472
-8.9799,-1.3,229.525,-0.45662,2.54626,-0.00532
-8.9859,-1.3583,229.621,-0.45623,2.54454,-0.00666
-9.0144,-1.3282,229.633,-0.45627,2.54364,-0.00625
-9.0117,-1.3173,229.544,-0.45718,2.54594,-0.00476
-9.0556,-1.2448,229.459,-0.45682,2.54949,-0.00485
-9.0595,-1.2484,229.501,-0.45699,2.55305,-0.00496
-9.0524,-1.2142,229.66,-0.44962,2.54373,-0.00673
-9.0263,-1.3125,229.671,-0.46045,2.54544,-0.00609
-8.994,-1.4185,229.741,-0.45924,2.53987,-0.00737
-9.1001,-1.2725,229.528,-0.4573,2.54441,-0.00432
-9.0171,-1.3097,229.605,-0.45333,2.54338,-0.00628
-9.0527,-1.2636,229.554,-0.45619,2.54598,-0.00629
-9.0051,-1.3422,229.59,-0.45682,2.54482,-0.00556
-9.0272,-1.2989,229.576,-0.45416,2.54572,-0.0058
-9.0288,-1.2733,229.537,-0.45365,2.54737,-0.00579
-9.0203,-1.3351,229.517,-0.45523,2.54998,-0.00534
-8.9924,-1.3395,229.684,-0.45666,2.54302,-0.00632
-8.981,-1.2699,229.627,-0.45193,2.54289,-0.0071
-8.9514,-1.3324,229.732,-0.45181,2.54052,-0.00753
-8.9697,-1.3514,229.495,-0.45701,2.5465,-0.00558
-8.9216,-1.4581,229.571,-0.4626,2.54124,-0.00589
-8.9622,-1.3805,229.671,-0.45511,2.53759,-0.00756
-8.9982,-1.3004,229.67,-0.45294,2.5417,-0.00607
-9.0197,-1.2101,229.481,-0.45187,2.5432,-0.00653
-9.058,-1.2842,229.579,-0.45658,2.54749,-0.00649
-9.0952,-1.2057,229.462,-0.45051,2.54978,-0.00564
-8.9565,-1.3535,229.508,-0.45624,2.54123,-0.00651
-8.9855,-1.2519,229.483,-0.45278,2.54452,-0.00559
-8.9813,-1.3017,229.517,-0.45284,2.54194,-0.0062
-8.9989,-1.3049,229.491,-0.45439,2.5391,-0.00617
-9.0382,-1.3345,229.533,-0.45946,2.54635,-0.00509
-9.012,-1.2487,229.495,-0.45076,2.54459,-0.00629
-9.062,-1.0947,229.525,-0.44177,2.54562,-0.00808
-9.0666,-1.2154,229.496,-0.45458,2.54787,-0.00547
-9.0134,-1.3142,229.573,-0.45694,2.54392,-0.00612
-9.0389,-1.2375,229.419,-0.45256,2.54943,-0.0048
-9.0296,-1.219,229.457,-0.45004,2.54471,-0.00638
-8.9977,-1.4011,229.555,-0.46273,2.53601,-0.00498
-9.007,-1.3745,229.593,-0.45955,2.54041,-0.00649
-8.9889,-1.2617,229.69,-0.45087,2.54218,-0.00884
-9.0471,-1.28,229.561,-0.45693,2.5491,-0.00569
-9.0282,-1.289,229.514,-0.46007,2.54624,-0.00587
-9.0323,-1.1718,229.532,-0.4515,2.54529,-0.00772
-9.0904,-1.0441,229.387,-0.44505,2.54935,-0.00744
-9.03,-1.259,229.54,-0.45419,2.54217,-0.00685
-8.9535,-1.4172,229.723,-0.45973,2.53857,-0.00874
-9.0245,-1.267,229.474,-0.45581,2.54622,-0.00736
-8.9918,-1.2613,229.549,-0.45091,2.54534,-0.00737
-9.0204,-1.2278,229.488,-0.45628,2.54562,-0.0058
-8.9591,-1.332,229.487,-0.45712,2.54013,-0.00521
-9.033,-1.3,229.52,-0.46351,2.5483,-0.00547
-9.0085,-1.208,229.542,-0.44887,2.54521,-0.00732
-8.996,-1.1969,229.607,-0.44872,2.54469,-0.00831
-9.0015,-1.2141,229.686,-0.44873,2.54547,-0.00761
-9.0438,-1.2604,229.542,-0.45744,2.54737,-0.00575
-9.0273,-1.2158,229.44,-0.45293,2.54754,-0.00476
-8.9865,-1.3053,229.583,-0.45525,2.54329,-0.00667
-9.0615,-1.1669,229.489,-0.44813,2.54837,-0.00734
-9.0146,-1.3214,229.483,-0.45823,2.54315,-0.0073
-9.0367,-1.3127,229.591,-0.45474,2.54064,-0.00962
-9.1115,-1.1761,229.378,-0.45654,2.54991,-0.00748
-9.0499,-1.293,229.524,-0.45916,2.54644,-0.00962
-9.0671,-1.4225,229.504,-0.46481,2.54513,-0.00871
-9.0744,-1.2743,229.543,-0.45449,2.5456,-0.01016
-9.1185,-1.2089,229.457,-0.45288,2.55224,-0.00885
-9.0661,-1.2967,229.588,-0.45478,2.54877,-0.01035
-9.0131,-1.3807,229.647,-0.45834,2.54949,-0.00994
-9.0543,-1.2002,229.513,-0.45326,2.55594,-0.00872
-9.0099,-1.3171,229.599,-0.45987,2.55463,-0.00701
-9.0518,-1.3674,229.297,-0.4674,2.55502,-0.00373
-9.0633,-1.2758,229.487,-0.46111,2.55504,-0.00315
-8.9526,-1.4089,229.572,-0.46231,2.54597,-0.00608
-9.007,-1.468,229.485,-0.47034,2.54679,-0.00319
-8.9688,-1.3642,229.655,-0.4631,2.53915,-0.00456
-8.964,-1.4249,229.663,-0.46371,2.54243,-0.00479
-8.957,-1.4923,229.7,-0.46552,2.54449,-0.00336
-9.056,-1.223,229.635,-0.45396,2.54831,-0.00414
-9.0935,-1.1881,229.458,-0.45909,2.56013,-0.00154
-9.0148,-1.3052,229.647,-0.45877,2.54954,-0.00337
-8.9594,-1.4084,229.674,-0.46215,2.54913,-0.0044
-8.9821,-1.3341,229.636,-0.45719,2.55338,-0.00533
-8.9977,-1.2858,229.554,-0.45727,2.55504,-0.00472
-8.9912,-1.2826,229.577,-0.45702,2.55218,-0.00424
-9.056,-1.1418,229.497,-0.44939,2.56161,-0.00456
-8.9946,-1.3284,229.614,-0.45822,2.55204,-0.00519
-8.9779,-1.4038,229.707,-0.46207,2.54873,-0.0064
-9.0228,-1.4163,229.547,-0.4642,2.54824,-0.0038
-9.0669,-1.3996,229.448,-0.46484,2.55021,-0.00373
-9.1056,-1.2209,229.406,-0.45763,2.55488,-0.0041
-9.0797,-1.2978,229.57,-0.45724,2.55253,-0.00544
-9.1346,-1.326,229.418,-0.46601,2.56179,-0.00222
-9.1047,-1.287,229.489,-0.45791,2.55931,-0.0042
-8.9998,-1.3456,229.59,-0.46078,2.55301,-0.00466
-8.9273,-1.4669,229.745,-0.4649,2.5458,-0.00583
-8.9687,-1.3757,229.641,-0.46449,2.55034,-0.0039
-8.9274,-1.3708,229.567,-0.46162,2.54512,-0.00613
-8.9538,-1.3367,229.519,-0.45951,2.54617,-0.00508
-8.9945,-1.1799,229.606,-0.45533,2.54697,-0.00574
-9.005,-1.2361,229.474,-0.46574,2.54886,-0.00368
-8.9459,-1.3709,229.548,-0.46534,2.54019,-0.00468
-8.9717,-1.244,229.588,-0.45862,2.54153,-0.00543
-8.912,-1.3067,229.636,-0.45933,2.5441,-0.00466
-8.9633,-1.3272,229.626,-0.45803,2.54789,-0.00439
-8.897,-1.3953,229.701,-0.46051,2.54332,-0.00671
-8.8862,-1.3663,229.751,-0.45748,2.54016,-0.00623
-8.8235,-1.5082,229.684,-0.45757,2.53659,-0.00775
-8.9201,-1.322,229.61,-0.45609,2.54455,-0.00607
-8.929,-1.3267,229.542,-0.46143,2.54583,-0.00559
-8.944,-1.3707,229.635,-0.46187,2.53992,-0.00626
-8.8686,-1.3678,229.63,-0.46015,2.53903,-0.00705
-8.9513,-1.3123,229.604,-0.46289,2.54412,-0.00626
-8.9013,-1.2879,229.618,-0.46246,2.53994,-0.00617
-8.9349,-1.2641,229.574,-0.45801,2.53952,-0.00787
-8.8885,-1.3253,229.653,-0.46175,2.53698,-0.00756
-8.8354,-1.3119,229.648,-0.45344,2.52823,-0.00875
-8.8806,-1.3289,229.626,-0.46105,2.53704,-0.00781
-8.8899,-1.1205,229.708,-0.44811,2.53934,-0.01075
-8.9069,-1.1368,229.581,-0.44701,2.54181,-0.00921
-8.8509,-1.1727,229.657,-0.44724,2.53786,-0.01123
-8.8948,-1.0909,229.655,-0.44798,2.54239,-0.0096
-8.8643,-1.1568,229.679,-0.44528,2.5381,-0.01127
-8.7555,-1.2645,229.779,-0.45177,2.53597,-0.01068
-8.8047,-1.1456,229.625,-0.44645,2.54402,-0.00905
-8.723,-1.2752,229.708,-0.45326,2.53627,-0.00903
-8.7751,-1.1401,229.526,-0.45397,2.54243,-0.00706
-8.725,-1.2177,229.623,-0.45845,2.5332,-0.01013
-8.7328,-1.0511,229.465,-0.45333,2.5386,-0.01021
-8.7111,-1.0201,229.446,-0.45101,2.53967,-0.01347
-8.6591,-1.0517,229.549,-0.44679,2.53605,-0.01593
-8.5863,-1.2634,229.697,-0.45711,2.5277,-0.01596
-8.7245,-0.9442,229.576,-0.44576,2.54028,-0.0148
-8.6772,-1.1174,229.773,-0.45493,2.5356,-0.01391
-8.6719,-0.9751,229.621,-0.44917,2.54122,-0.01277
-8.5979,-0.8653,229.665,-0.44693,2.54078,-0.01352
-8.4606,-0.9923,229.877,-0.45024,2.53636,-0.01308
-8.4771,-0.938,229.772,-0.4524,2.53795,-0.01069
-8.4386,-0.9777,229.75,-0.45622,2.53299,-0.00895
-8.4816,-1.0655,229.688,-0.46035,2.53356,-0.00835
-8.5566,-1.098,229.596,-0.45658,2.53879,-0.00897
-8.6952,-1.1869,229.565,-0.45767,2.54029,-0.00959
-8.7537,-1.1896,229.413,-0.45721,2.53841,-0.01057
-8.757,-1.4266,229.416,-0.46897,2.53711,-0.00887
-8.8142,-1.1597,229.159,-0.45924,2.54567,-0.0069
-8.723,-1.2925,229.235,-0.45805,2.53744,-0.00797
-8.692,-1.302,229.359,-0.46094,2.52855,-0.00915
-8.6802,-1.2238,229.348,-0.4553,2.5316,-0.00853
-8.6853,-1.2924,229.31,-0.45765,2.53045,-0.00883
-8.7412,-1.1717,229.257,-0.45768,2.53887,-0.00496
-8.6986,-1.338,229.395,-0.46269,2.53609,-0.00711
-8.7885,-1.4189,229.418,-0.47171,2.52989,0.00525
-8.7918,-1.3803,229.584,-0.464,2.53981,0.00843
-8.9189,-1.3381,229.69,-0.45688,2.54668,0.00667
-8.9857,-1.3246,229.563,-0.46083,2.5487,0.00621
-8.9804,-1.4029,229.541,-0.46857,2.53633,0.00976
-8.9986,-1.318,229.444,-0.46111,2.53785,0.01194
-8.8758,-1.2553,229.366,-0.46451,2.53669,0.01339
-8.7578,-1.4454,229.425,-0.47232,2.53595,0.01681
-8.7589,-1.2287,229.692,-0.4605,2.53738,0.0176
-8.7643,-1.2226,229.844,-0.46545,2.53755,0.02676
-8.7264,-1.1743,229.855,-0.45956,2.5454,0.02817
-8.7216,-1.1728,229.764,-0.46113,2.55632,0.0263
-8.6181,-1.1622,229.865,-0.45665,2.55257,0.02191
-8.6152,-1.1419,229.679,-0.45535,2.55452,0.02115
-8.5525,-1.1931,229.74,-0.45877,2.55126,0.0192
-8.5572,-1.2616,229.804,-0.46148,2.5523,0.01735
-8.6193,-1.162,229.694,-0.45719,2.55438,0.01289
-8.6833,-1.2131,229.732,-0.45936,2.55214,0.00774
-8.639,-1.2617,229.634,-0.45817,2.55013,0.00333
-8.566,-1.2643,229.825,-0.45596,2.54748,0.00027
-8.6278,-1.1155,229.682,-0.44963,2.55182,4e-05
-8.62,-1.0993,229.736,-0.44809,2.55268,-0.0008
-8.6293,-1.1791,229.743,-0.45028,2.55218,-0.00156
-8.5341,-1.4197,229.74,-0.46455,2.54236,-0.00207
-8.5864,-1.4702,229.734,-0.46259,2.54137,-0.00201
-8.6227,-1.3567,229.689,-0.45992,2.54362,-0.00187
-8.6926,-1.243,229.683,-0.45263,2.54478,-0.00363
-8.709,-1.2364,229.533,-0.44943,2.54881,-0.00312
-8.6679,-1.2639,229.584,-0.45218,2.54311,-0.0035
-8.6757,-1.3461,229.57,-0.45596,2.54093,-0.00321
-8.7362,-1.13,229.274,-0.45564,2.55279,-0.00234
-8.6692,-1.4146,229.436,-0.47139,2.54052,-0.00224
-8.6549,-1.2684,229.414,-0.46036,2.54155,-0.00355
-8.5838,-1.3349,229.586,-0.46069,2.53791,-0.00072
-8.6986,-1.3023,229.339,-0.46913,2.54444,0.00224
-8.6545,-1.1622,229.475,-0.45803,2.54595,0.00252
-8.579,-1.2042,229.555,-0.45914,2.5405,0.0032
-8.6021,-1.2679,229.532,-0.46816,2.54315,0.00398
-8.4813,-1.2862,229.625,-0.46345,2.53947,0.00038
-8.4445,-1.2459,229.625,-0.46322,2.53963,0.00045
-8.4621,-1.1892,229.571,-0.458,2.54388,0.00063
-8.389,-1.2401,229.581,-0.46186,2.53321,0.00457
-8.3593,-1.3421,229.443,-0.46493,2.53105,0.01132
-8.3932,-1.2908,229.419,-0.46366,2.52884,0.01489
-8.504,-1.2464,229.467,-0.46267,2.53346,0.01325
-8.5699,-1.1734,229.468,-0.46005,2.53646,0.01128
-8.5412,-1.2348,229.596,-0.46158,2.53128,0.00979
-8.5481,-1.4408,229.564,-0.47614,2.52642,0.01326
-8.5473,-1.1857,229.651,-0.45659,2.52991,0.01012
-8.5137,-1.315,229.718,-0.46398,2.5343,0.01033
-8.4531,-1.2378,229.775,-0.45501,2.53356,0.00653
-8.4132,-1.2472,229.886,-0.45546,2.54099,0.00303
-8.2984,-1.367,229.792,-0.45736,2.53322,0.0021
-8.3383,-1.3348,229.672,-0.46211,2.53783,0.00339
-8.3715,-1.2549,229.462,-0.45998,2.53245,0.00394
-8.4,-1.3123,229.522,-0.46611,2.52908,0.00497
-8.4519,-1.1807,229.499,-0.45973,2.5258,0.00389
-8.4766,-1.2322,229.457,-0.45863,2.52502,0.00367
-8.5487,-1.3197,229.367,-0.46557,2.52455,0.00412
-8.6739,-1.1669,229.283,-0.46141,2.53121,0.00392
-8.6097,-1.2246,229.335,-0.45738,2.52979,0.00067
-8.6137,-1.3265,229.432,-0.46029,2.52916,-0.00061
-8.6532,-1.2195,229.445,-0.44555,2.53383,-0.00394
-8.5873,-1.4651,229.545,-0.45358,2.52973,-0.00583
-8.6484,-1.4069,229.584,-0.45601,2.53882,-0.00627
-8.6831,-1.3139,229.443,-0.44575,2.54196,-0.00758
-8.6678,-1.2253,229.508,-0.43724,2.54494,-0.00933
-8.7258,-1.3949,229.652,-0.44569,2.54736,-0.00781
-8.7045,-1.4005,229.598,-0.44888,2.55489,-0.00757
-8.6638,-1.3984,229.688,-0.44288,2.55187,-0.01042
-8.7595,-1.2926,229.569,-0.44446,2.5584,-0.00861
-8.6894,-1.3193,229.553,-0.44663,2.55388,-0.0084
-8.7077,-1.2749,229.482,-0.44432,2.55799,-0.00879
-8.6783,-1.2854,229.44,-0.43997,2.54968,-0.00917
-8.7409,-1.2696,229.339,-0.44619,2.56049,-0.00546
-8.6969,-1.4253,229.464,-0.45252,2.55813,-0.00212
-8.7327,-1.4865,229.37,-0.46164,2.55482,-0.00041
-8.7816,-1.3247,229.369,-0.44947,2.55895,-0.00155
-8.7499,-1.2792,229.43,-0.44826,2.5585,-0.00155
-8.7448,-1.3395,229.298,-0.45387,2.56163,0.00071
-8.7155,-1.4078,229.337,-0.46114,2.55777,0.00157
-8.7266,-1.3496,229.411,-0.45562,2.5567,0.00178
-8.7985,-1.2499,229.613,-0.44957,2.56066,0.00067
-8.7921,-1.4565,229.606,-0.4604,2.56438,0.0024
-8.8037,-1.4053,229.514,-0.45464,2.57076,0.00391
-8.8218,-1.3377,229.617,-0.4473,2.57595,0.00527
-8.9241,-1.1789,229.633,-0.44525,2.57493,0.00434
-8.8922,-1.3319,229.581,-0.45418,2.57301,0.00447
-9.3538,-1.092,229.384,-0.44656,2.59146,-0.00207
-9.2435,-1.2997,229.357,-0.45379,2.58917,-0.00066
-9.1813,-1.3074,229.549,-0.44641,2.58414,-0.00183
-9.2112,-1.489,229.545,-0.44402,2.57985,-0.00309
-9.3502,-1.5954,229.452,-0.44226,2.58201,-0.00583
-9.3982,-1.6364,229.288,-0.43933,2.57562,-0.01091
-9.2654,-1.5182,229.377,-0.44636,2.5696,-0.00828
-9.136,-1.4153,229.545,-0.44663,2.56824,-0.0036
-9.0854,-1.4577,229.494,-0.44858,2.56997,0.0004
-9.1141,-1.3408,229.5,-0.44113,2.5684,0.00044
-9.0779,-1.2889,229.609,-0.43901,2.5702,-0.00136
-9.129,-1.3566,229.52,-0.44352,2.576,-0.00044
-9.1105,-1.3045,229.588,-0.43949,2.57428,-2e-05
-9.0605,-1.3144,229.582,-0.43774,2.57516,-0.00109
-9.095,-1.3052,229.448,-0.44443,2.58163,0.00178
-9.0363,-1.3811,229.607,-0.44103,2.57629,0.00118
-9.0696,-1.3182,229.619,-0.44277,2.57738,0.00343
-8.985,-1.3279,229.711,-0.44026,2.57194,0.00105
-9.0215,-1.3927,229.644,-0.45182,2.57879,0.0045
-9.0626,-1.3068,229.435,-0.45132,2.58097,0.00536
-9.0399,-1.2867,229.568,-0.44999,2.57442,0.00548
-9.05,-1.3541,229.553,-0.45948,2.57216,0.007
-8.9985,-1.4035,229.693,-0.45683,2.5667,0.00689
-9.1043,-1.1725,229.469,-0.45393,2.5779,0.00843
-9.0293,-1.3082,229.638,-0.45503,2.56736,0.0061
-9.0405,-1.2981,229.554,-0.45798,2.56163,0.00668
-9.073,-1.2421,229.514,-0.45224,2.56224,0.00475
-9.1503,-1.1087,229.406,-0.45201,2.57037,0.00599
-9.1389,-1.2709,229.455,-0.45936,2.56681,0.00687
-9.0973,-1.3143,229.465,-0.46185,2.55843,0.00794
-9.1008,-1.3285,229.476,-0.46559,2.5572,0.00748
-9.0628,-1.2835,229.485,-0.46056,2.55418,0.00787
-9.0788,-1.3004,229.476,-0.46056,2.55456,0.00877
-9.0063,-1.3475,229.579,-0.4616,2.54831,0.00842
-9.0861,-1.2603,229.382,-0.46235,2.55208,0.01005
-9.0576,-1.2785,229.595,-0.46012,2.55013,0.00845
-9.0793,-1.274,229.451,-0.45833,2.55273,0.0098
-9.1173,-1.2721,229.417,-0.46236,2.56072,0.01027
-9.1312,-1.2118,229.413,-0.45748,2.55784,0.00807
-9.1253,-1.2381,229.393,-0.45727,2.55645,0.00781
-9.0943,-1.3602,229.48,-0.46235,2.55251,0.00639
-9.0497,-1.3402,229.431,-0.4595,2.54946,0.00614
-9.0584,-1.2374,229.481,-0.45003,2.55371,0.00514
-9.04,-1.307,229.428,-0.45719,2.54818,0.00677
-8.9918,-1.2583,229.424,-0.4504,2.54419,0.00604
-8.9698,-1.2527,229.469,-0.44899,2.53946,0.00667
-9.0204,-1.1655,229.422,-0.45319,2.54576,0.00987
-8.8464,-1.4836,229.651,-0.4674,2.53513,0.00815
-8.8665,-1.2766,229.543,-0.45622,2.53766,0.00875
-8.88,-1.3171,229.536,-0.45684,2.5347,0.0094
-8.8641,-1.2594,229.505,-0.45455,2.5347,0.00973
-8.8916,-1.1295,229.452,-0.45748,2.53599,0.01035
-8.8888,-1.3186,229.594,-0.46255,2.53724,0.01126
-8.9191,-1.2613,229.545,-0.45826,2.53824,0.01068
-9.0106,-1.1588,229.291,-0.45056,2.54707,0.00868
-9.0263,-1.2891,229.42,-0.45923,2.54599,0.01033
-9.121,-1.2135,229.33,-0.45575,2.55488,0.01048
-9.0923,-1.2694,229.389,-0.45482,2.5562,0.01203
-9.0406,-1.3748,229.447,-0.45369,2.5571,0.01062
-8.9938,-1.4034,229.584,-0.45718,2.5586,0.00898
-9.0229,-1.3831,229.469,-0.45581,2.56402,0.00821
-8.9767,-1.4932,229.5,-0.4599,2.55595,0.00861
-8.9617,-1.241,229.518,-0.44293,2.55279,0.00563
-8.9708,-1.2248,229.588,-0.44419,2.54838,0.00359
-8.9528,-1.3846,229.607,-0.45924,2.54348,0.00292
-8.9425,-1.2787,229.55,-0.4519,2.53996,0.00138
-8.9138,-1.3407,229.536,-0.45482,2.53897,0.00095
-8.9152,-1.2983,229.586,-0.45694,2.5371,0.0015
-8.9287,-1.3049,229.544,-0.45427,2.53549,0.00095
-8.9658,-1.3143,229.441,-0.45952,2.53915,0.00283
-9.0202,-1.3249,229.472,-0.46093,2.53831,0.00507
-8.952,-1.3954,229.536,-0.45971,2.53238,0.0036
-8.8978,-1.4161,229.699,-0.45709,2.52617,0.0037
-8.9162,-1.41,229.577,-0.45974,2.52702,0.00573
-8.9408,-1.3985,229.479,-0.46196,2.53105,0.00692
-8.9513,-1.2819,229.474,-0.44951,2.53375,0.00525
-8.9067,-1.3485,229.551,-0.45485,2.53698,0.00461
-8.9251,-1.4221,229.629,-0.45781,2.54118,0.00707
-8.8649,-1.3843,229.629,-0.45129,2.53295,0.00529
-8.8088,-1.3884,229.509,-0.45334,2.53274,0.00513
-8.7596,-1.4632,229.605,-0.45057,2.52962,0.00416
-8.7966,-1.3916,229.62,-0.44728,2.53437,0.00488
-8.797,-1.4711,229.633,-0.45794,2.5315,0.00711
-8.7892,-1.4273,229.604,-0.45387,2.53465,0.00677
-8.791,-1.4377,229.675,-0.45061,2.53575,0.00632
-8.8224,-1.3619,229.591,-0.45449,2.53796,0.00627
-8.7662,-1.485,229.68,-0.45994,2.53538,0.00386
-8.7679,-1.2452,229.607,-0.44212,2.54039,0.00115
-8.6703,-1.5318,229.706,-0.45471,2.52462,0.00107
-8.6,-1.5141,229.81,-0.45376,2.52285,0.00011
-8.7037,-1.3787,229.631,-0.45013,2.53033,0.00138
-8.64,-1.4738,229.606,-0.44948,2.52544,1e-05
-8.6784,-1.2686,229.624,-0.44271,2.52547,0.00077
-8.7361,-1.3263,229.441,-0.45263,2.52522,0.00203
-8.7544,-1.3082,229.428,-0.45206,2.52462,0.00043
-8.8103,-1.282,229.34,-0.4522,2.52878,0.00118
-8.6612,-1.4224,229.44,-0.45164,2.52013,-0.00027
-8.7264,-1.4102,229.346,-0.45288,2.51847,-0.00096
-8.6917,-1.4446,229.41,-0.45439,2.52163,-0.00342
-8.6744,-1.3353,229.23,-0.44987,2.52273,-0.00737
-8.756,-1.3219,229.213,-0.45026,2.51876,-0.01244
-8.7306,-1.3139,229.249,-0.44944,2.51864,-0.01739
-8.7137,-1.2902,229.285,-0.44729,2.51821,-0.02114
-8.6495,-1.469,229.518,-0.44661,2.51714,-0.02442
-8.6721,-1.3825,229.597,-0.43807,2.52707,-0.02401
-8.583,-1.3331,229.51,-0.43569,2.52916,-0.02159
-8.6047,-1.2251,229.411,-0.43375,2.53397,-0.02011
-8.4789,-1.3686,229.445,-0.43469,2.52265,-0.02224
-8.5986,-1.2721,229.371,-0.43758,2.52576,-0.02231
-8.6386,-1.3497,229.19,-0.4476,2.53414,-0.02013
-8.5099,-1.3907,229.396,-0.44614,2.53213,-0.02211
-8.4181,-1.1447,229.424,-0.42608,2.5313,-0.02738
-8.466,-1.0867,229.513,-0.42352,2.53481,-0.03113
-8.4206,-1.2035,229.52,-0.42976,2.53388,-0.03142
-8.3871,-1.2442,229.554,-0.43313,2.52447,-0.03519
-8.4537,-1.2643,229.432,-0.4329,2.52636,-0.03697
-8.5086,-1.1545,229.307,-0.43108,2.53071,-0.03594
-8.5665,-1.1793,229.247,-0.43358,2.53141,-0.03656
-8.6855,-1.2138,228.969,-0.43574,2.5347,-0.03279
-8.6434,-1.3894,229.161,-0.44885,2.52585,-0.02404
-8.8098,-1.0924,229.329,-0.42861,2.53247,-0.02106
-8.8901,-1.2349,229.59,-0.43831,2.5449,-0.01003
-8.7768,-1.3785,229.547,-0.44563,2.53821,-0.00612
-8.762,-1.4475,229.399,-0.45252,2.53753,-0.00656
-8.7559,-1.3786,229.466,-0.45103,2.53882,-0.00721
-8.7212,-1.4048,229.442,-0.45176,2.53693,-0.00744
-8.6589,-1.4401,229.428,-0.45945,2.52903,-0.00825
-8.6805,-1.429,229.339,-0.4588,2.53215,-0.00478
-8.7474,-1.3169,229.422,-0.45503,2.53524,-0.00128
-8.6643,-1.5009,229.526,-0.45477,2.5292,0.00386
-8.7572,-1.3031,229.465,-0.45267,2.54008,0.00951
-8.695,-1.4151,229.464,-0.46149,2.53787,0.01247
-8.6665,-1.4431,229.48,-0.4618,2.53176,0.01354
-8.5759,-1.433,229.685,-0.44984,2.53266,0.01201
-8.6647,-1.4572,229.71,-0.4581,2.5302,0.01371
-8.7461,-1.402,229.558,-0.46141,2.52532,0.01595
-8.7216,-1.4812,229.459,-0.46992,2.52567,0.02035
-8.7975,-1.6471,229.503,-0.48123,2.51877,0.02465
-8.7163,-1.7472,229.633,-0.47708,2.50891,0.02636
-8.8129,-1.7259,229.636,-0.47671,2.51264,0.03295
-8.9265,-1.6604,229.695,-0.47617,2.52357,0.03773
-8.9247,-1.7907,229.607,-0.47956,2.5252,0.04071
-8.9816,-1.7188,229.524,-0.47676,2.52258,0.04121
-9.1147,-1.5442,229.267,-0.46947,2.53279,0.04165
-9.0771,-1.6284,229.481,-0.47288,2.5259,0.04143
-9.1675,-1.4916,229.357,-0.47049,2.53497,0.04304
-9.2163,-1.4352,229.375,-0.46764,2.5389,0.04554
-9.1693,-1.5156,229.601,-0.46474,2.53743,0.04419
-9.1516,-1.6337,229.583,-0.46726,2.53857,0.0433
-9.1285,-1.6253,229.544,-0.46438,2.5368,0.04258
-9.2322,-1.4537,229.395,-0.46436,2.54593,0.04205
-9.1493,-1.5931,229.416,-0.46725,2.54228,0.03909
-9.1253,-1.5425,229.427,-0.45932,2.53532,0.03533
-9.1176,-1.6785,229.459,-0.47315,2.5307,0.03568
-9.1477,-1.5846,229.32,-0.46767,2.5317,0.03681
-9.1221,-1.5769,229.346,-0.47055,2.53561,0.03851
-9.2097,-1.5042,229.352,-0.47499,2.53912,0.04016
-9.1499,-1.5555,229.343,-0.47561,2.53026,0.04177
-9.1363,-1.5607,229.422,-0.47949,2.52745,0.04215
-9.1269,-1.537,229.349,-0.47824,2.52931,0.04342
-9.1512,-1.5415,229.383,-0.47918,2.5287,0.04445
-9.1586,-1.5806,229.219,-0.48364,2.53019,0.0458
-9.1723,-1.4624,229.288,-0.47708,2.53111,0.04567
-9.1777,-1.5116,229.271,-0.47783,2.52953,0.04721
-9.1252,-1.5603,229.385,-0.47591,2.52477,0.04655
-9.1109,-1.6785,229.508,-0.48007,2.52359,0.04448
-9.1441,-1.4547,229.317,-0.4721,2.53216,0.04551
-9.1393,-1.5496,229.267,-0.47735,2.53335,0.04743
-9.1664,-1.4466,229.415,-0.4689,2.53253,0.04452
-9.124,-1.5939,229.415,-0.4772,2.52603,0.04471
-9.1829,-1.5315,229.412,-0.475,2.53266,0.04359
-9.2028,-1.4997,229.332,-0.47163,2.53504,0.04366
-9.1328,-1.5851,229.383,-0.4747,2.52893,0.04127
-9.1844,-1.6363,229.321,-0.47719,2.53303,0.04246
-9.1528,-1.5824,229.376,-0.47198,2.52766,0.03981
-9.2082,-1.5213,229.332,-0.47343,2.53228,0.03962
-9.2147,-1.5117,229.282,-0.47324,2.53244,0.03875
-9.2104,-1.4722,229.149,-0.46656,2.53275,0.0386
-9.1892,-1.4609,229.358,-0.46409,2.53384,0.0364
-9.1653,-1.595,229.295,-0.47001,2.53071,0.03727
-9.1695,-1.5336,229.337,-0.46142,2.52635,0.03468
-9.1925,-1.4412,229.231,-0.46368,2.53477,0.03706
-9.1184,-1.5711,229.409,-0.4683,2.5282,0.03611
-9.2243,-1.4873,229.245,-0.46625,2.54161,0.03816
-9.0883,-1.6019,229.393,-0.46883,2.5303,0.03814
-9.2065,-1.4083,229.286,-0.4671,2.53813,0.04049
-9.1531,-1.5475,229.453,-0.4704,2.52881,0.03776
-9.2454,-1.5353,229.425,-0.47742,2.53072,0.04037
-9.3101,-1.4316,229.176,-0.4752,2.53886,0.04134
-9.2139,-1.569,229.395,-0.47794,2.52786,0.03934
-9.262,-1.5107,229.287,-0.47283,2.53424,0.04061
-9.1882,-1.5727,229.44,-0.47808,2.52896,0.04012
-9.1933,-1.5415,229.306,-0.47528,2.53251,0.04069
-9.1526,-1.6379,229.381,-0.47702,2.52373,0.04091
-9.1895,-1.4977,229.276,-0.46897,2.52897,0.04212
-9.1428,-1.632,229.512,-0.47365,2.52112,0.04127
-9.1237,-1.7356,229.494,-0.48084,2.52684,0.0431
-9.1351,-1.6662,229.492,-0.47251,2.52963,0.04178
-9.2668,-1.517,229.244,-0.47514,2.53566,0.04464
-9.229,-1.512,229.364,-0.46702,2.53093,0.04432
-9.1942,-1.5238,229.394,-0.47043,2.53475,0.04443
-9.2353,-1.4898,229.29,-0.47226,2.53588,0.046
-9.1509,-1.6298,229.477,-0.47489,2.53185,0.04348
-9.196,-1.5332,229.374,-0.4733,2.53184,0.04443
-9.2052,-1.5661,229.309,-0.47328,2.53316,0.04483
-9.2049,-1.6036,229.416,-0.47407,2.53124,0.04295
-9.2103,-1.4661,229.336,-0.46706,2.53091,0.04322
-9.2024,-1.5325,229.261,-0.4728,2.53257,0.04348
-9.2101,-1.4968,229.259,-0.47029,2.53608,0.04239
-9.1441,-1.6209,229.384,-0.47303,2.52931,0.04164
-9.219,-1.4791,229.302,-0.46971,2.53483,0.04089
-9.1444,-1.5496,229.411,-0.472,2.53093,0.03932
-9.1484,-1.5575,229.444,-0.47084,2.52907,0.03895
-9.1752,-1.5101,229.335,-0.47128,2.52803,0.04009
-9.2192,-1.6283,229.346,-0.47963,2.53083,0.04027
-9.2971,-1.4294,229.239,-0.47012,2.53474,0.04054
-9.2392,-1.4791,229.333,-0.47198,2.53488,0.04082
-9.2468,-1.488,229.22,-0.47445,2.53787,0.04026
-9.1806,-1.6066,229.407,-0.47327,2.53093,0.0383
-9.2192,-1.5367,229.245,-0.47082,2.53255,0.03928
-9.1627,-1.578,229.381,-0.46957,2.52406,0.0382
-9.1377,-1.6499,229.415,-0.47382,2.52194,0.03802
-9.1491,-1.6369,229.389,-0.47168,2.5257,0.03829
-9.2029,-1.543,229.194,-0.47258,2.53063,0.04086
-9.2225,-1.519,229.274,-0.4719,2.53546,0.04058
-9.1572,-1.5641,229.227,-0.47229,2.53139,0.04073
-9.1497,-1.5577,229.36,-0.47166,2.52511,0.04035
-9.1195,-1.6408,229.386,-0.47313,2.52439,0.03989
-9.185,-1.5311,229.338,-0.46908,2.53036,0.03983
-9.1151,-1.6275,229.358,-0.47823,2.52286,0.04069
-9.1454,-1.5963,229.426,-0.47352,2.52717,0.04015
-9.2325,-1.4876,229.356,-0.47135,2.53418,0.04227
-9.1398,-1.6114,229.351,-0.46968,2.52774,0.0416
-9.1904,-1.4951,229.267,-0.4711,2.52711,0.04204
-9.1879,-1.5307,229.404,-0.46963,2.52828,0.04016
-9.1696,-1.6157,229.308,-0.47922,2.53154,0.04137
-9.2211,-1.5476,229.276,-0.47866,2.53405,0.04106
-9.1931,-1.5841,229.41,-0.47329,2.52892,0.04122
-9.2043,-1.5813,229.341,-0.47387,2.5306,0.04173
-9.1852,-1.4778,229.455,-0.4616,2.52829,0.03831
-9.1882,-1.4907,229.389,-0.46607,2.52685,0.04031
-9.1832,-1.4681,229.31,-0.46559,2.52582,0.04003
-9.182,-1.4985,229.295,-0.4687,2.52604,0.03988
-9.2478,-1.4732,229.285,-0.47029,2.53199,0.04065
-9.1766,-1.5908,229.407,-0.46712,2.52766,0.03827
-9.1867,-1.5415,229.48,-0.47069,2.52904,0.03849
-9.0641,-1.6519,229.51,-0.46974,2.52336,0.03891
-9.2324,-1.5106,229.299,-0.47199,2.53324,0.04128
-9.2761,-1.4935,229.212,-0.47645,2.5389,0.04316
-9.1981,-1.6513,229.407,-0.47786,2.52979,0.04152
-9.2175,-1.5431,229.304,-0.47527,2.53418,0.04174
-9.2366,-1.4125,229.209,-0.46744,2.53491,0.04112
-9.228,-1.4543,229.32,-0.46956,2.53169,0.04187
-9.1614,-1.6704,229.411,-0.47972,2.5291,0.04227
-9.1847,-1.5726,229.288,-0.47588,2.53027,0.04261
-9.2465,-1.5977,229.332,-0.48397,2.53125,0.0414
-9.1881,-1.619,229.389,-0.47906,2.52368,0.03945
-9.2085,-1.602,229.352,-0.47858,2.53211,0.04066
-9.2543,-1.4834,229.216,-0.47236,2.53613,0.04137
-9.1958,-1.4227,229.239,-0.4642,2.53111,0.03963
-9.2072,-1.5186,229.222,-0.47084,2.53733,0.04236
-9.2451,-1.4414,229.207,-0.47023,2.53495,0.04171
-9.2628,-1.4981,229.22,-0.47009,2.53591,0.04145
-9.2041,-1.5266,229.321,-0.47047,2.534,0.03987
-9.1789,-1.4814,229.397,-0.46109,2.53267,0.03858
-9.2537,-1.4951,229.216,-0.46949,2.53719,0.0414
-9.1953,-1.4363,229.371,-0.46434,2.52992,0.03949
-9.1602,-1.5628,229.382,-0.47093,2.52832,0.03933
-9.1624,-1.5008,229.46,-0.46483,2.52908,0.038
-9.1669,-1.5107,229.394,-0.47021,2.52805,0.03852
-9.2091,-1.4703,229.346,-0.46704,2.52938,0.03939
-9.2625,-1.4266,229.282,-0.46969,2.53545,0.03908
-9.2063,-1.5283,229.295,-0.46981,2.53375,0.03946
-9.246,-1.4375,229.384,-0.46998,2.53297,0.03905
-9.2312,-1.5666,229.404,-0.4784,2.53058,0.03954
-9.2688,-1.4927,229.403,-0.47038,2.53356,0.03947
-9.2196,-1.4977,229.537,-0.46611,2.52991,0.03772
-9.2694,-1.4646,229.336,-0.46919,2.53509,0.04074
-9.2866,-1.4881,229.341,-0.47031,2.53675,0.041
-9.3495,-1.4529,229.226,-0.47204,2.54002,0.04227
-9.2561,-1.5478,229.483,-0.47333,2.53227,0.04005
-9.1948,-1.6273,229.369,-0.47556,2.53223,0.04124
-9.2261,-1.5106,229.309,-0.46836,2.53852,0.04009
-9.3298,-1.2939,229.142,-0.46453,2.55031,0.04068
-9.1713,-1.5395,229.501,-0.46707,2.53393,0.03818
-9.2203,-1.405,229.486,-0.45991,2.53884,0.03797
-9.206,-1.4085,229.335,-0.46083,2.53775,0.03822
-9.1543,-1.5339,229.495,-0.46726,2.53249,0.0382
-9.2038,-1.5563,229.379,-0.46698,2.53765,0.03949
-9.1561,-1.5336,229.484,-0.46244,2.53614,0.03739
-9.1662,-1.5722,229.307,-0.46893,2.54036,0.04029
-9.1306,-1.589,229.479,-0.46157,2.53298,0.03815
-9.1266,-1.5702,229.41,-0.46495,2.53753,0.03892
-9.1712,-1.5079,229.32,-0.46606,2.54182,0.0401
-9.1588,-1.5085,229.38,-0.46333,2.54398,0.03994
-9.2208,-1.5592,229.266,-0.47137,2.54665,0.04231
-9.1581,-1.5272,229.437,-0.46472,2.54123,0.03994
-9.2151,-1.469,229.369,-0.46395,2.54272,0.04054
-9.1646,-1.5466,229.415,-0.46728,2.54241,0.04108
-9.1356,-1.4866,229.461,-0.4628,2.54051,0.03975
-9.1605,-1.384,229.423,-0.45512,2.54077,0.03741
-9.0705,-1.6606,229.559,-0.46548,2.53364,0.0377
-9.1722,-1.5943,229.466,-0.46817,2.54358,0.03956
-9.0657,-1.7138,229.597,-0.47131,2.53451,0.03801
-9.0953,-1.585,229.517,-0.46035,2.53785,0.03776
-9.1508,-1.4971,229.452,-0.45826,2.53919,0.03697
-9.1522,-1.5652,229.446,-0.465,2.53919,0.03743
-9.1795,-1.5308,229.428,-0.46718,2.54152,0.03888
-9.1236,-1.6056,229.424,-0.46968,2.53781,0.03869
-9.1637,-1.5092,229.481,-0.46345,2.54303,0.03834
-9.1269,-1.5752,229.503,-0.4631,2.53456,0.03651
-9.1637,-1.5529,229.363,-0.46999,2.53707,0.03776
-9.17,-1.5025,229.416,-0.46563,2.53412,0.0373
-9.2321,-1.5671,229.227,-0.47422,2.53901,0.04018
-9.1443,-1.5153,229.32,-0.46781,2.53077,0.03737
-9.186,-1.489,229.416,-0.46682,2.52717,0.0358
-9.2175,-1.3727,229.26,-0.4615,2.53194,0.03625
-9.1841,-1.5005,229.243,-0.47132,2.53674,0.03851
-9.1825,-1.5022,229.321,-0.47272,2.53346,0.03737
-9.1315,-1.6289,229.43,-0.47495,2.53053,0.03631
-9.165,-1.5106,229.414,-0.46917,2.52858,0.03668
-9.1629,-1.4891,229.482,-0.46393,2.52746,0.03579
-9.1294,-1.5973,229.461,-0.47192,2.53115,0.03644
-9.1899,-1.5872,229.344,-0.47416,2.53763,0.03713
-9.1945,-1.4377,229.251,-0.46766,2.53377,0.03697
-9.1626,-1.446,229.364,-0.46321,2.53528,0.03585
-9.1992,-1.5258,229.348,-0.47311,2.5356,0.03633
-9.1838,-1.5597,229.388,-0.46716,2.53425,0.0359
-9.1953,-1.496,229.417,-0.46625,2.53397,0.0359
-9.0981,-1.6797,229.499,-0.47589,2.52787,0.03548
-9.1457,-1.6163,229.396,-0.47332,2.52475,0.03548
-9.1965,-1.5537,229.398,-0.47205,2.53149,0.03643
-9.1495,-1.733,229.356,-0.48344,2.52842,0.03777
-9.1624,-1.5876,229.431,-0.47172,2.53073,0.03607
-9.2292,-1.4751,229.311,-0.47194,2.5368,0.0378
-9.1641,-1.4831,229.374,-0.46812,2.53527,0.03675
-9.2455,-1.4789,229.277,-0.47205,2.54106,0.0387
-9.1915,-1.5813,229.426,-0.47466,2.52842,0.03778
-9.1722,-1.6089,229.481,-0.47861,2.52676,0.03662
-9.1566,-1.616,229.442,-0.47737,2.52711,0.03684
-9.1466,-1.4605,229.435,-0.46492,2.53099,0.03637
-9.1756,-1.4883,229.435,-0.47103,2.5343,0.03708
-9.2581,-1.399,229.354,-0.46523,2.54127,0.03767
-9.2363,-1.5799,229.38,-0.47698,2.53231,0.03795
-9.1803,-1.5324,229.355,-0.47048,2.53091,0.03776
-9.188,-1.6292,229.364,-0.47961,2.53053,0.03933
-9.1399,-1.661,229.417,-0.47527,2.52896,0.03877
-9.1612,-1.5578,229.342,-0.46992,2.53422,0.03841
-9.1476,-1.567,229.435,-0.4689,2.53039,0.0382
-9.2019,-1.5851,229.351,-0.47088,2.54026,0.0403
-9.1765,-1.5366,229.295,-0.46984,2.54087,0.04062
-9.1863,-1.487,229.323,-0.46721,2.53573,0.03927
-9.128,-1.6551,229.421,-0.47649,2.53816,0.03904
-9.1982,-1.5272,229.363,-0.47201,2.53959,0.03848
-9.2353,-1.3833,229.271,-0.46826,2.54347,0.03804
-9.142,-1.5695,229.407,-0.46935,2.5302,0.03613
-9.1785,-1.4914,229.329,-0.46799,2.53201,0.03772
-9.1044,-1.5943,229.439,-0.4742,2.52825,0.0373
-9.1557,-1.5987,229.333,-0.47697,2.53435,0.0377
-9.1471,-1.6056,229.407,-0.47441,2.53069,0.03779
-9.1689,-1.5272,229.331,-0.4697,2.53162,0.03796
-9.2138,-1.4396,229.378,-0.46332,2.53759,0.0368
-9.2113,-1.4877,229.384,-0.46863,2.53755,0.03704
-9.2325,-1.4367,229.433,-0.46606,2.53614,0.03697
-9.2446,-1.4874,229.219,-0.46861,2.54004,0.03845
-9.2404,-1.5105,229.225,-0.47452,2.54303,0.03951
-9.2066,-1.4854,229.338,-0.46636,2.54072,0.0369
-9.0828,-1.6999,229.514,-0.47608,2.52786,0.03535
-9.1232,-1.5488,229.325,-0.47047,2.53014,0.03557
-9.2374,-1.4808,229.342,-0.47419,2.53052,0.03563
-9.2492,-1.3907,229.246,-0.46814,2.53252,0.03638
-9.2043,-1.4169,229.319,-0.4658,2.53403,0.03633
-9.1583,-1.4662,229.336,-0.46601,2.53123,0.03579
-9.1874,-1.4708,229.338,-0.46842,2.53376,0.03551
-9.1375,-1.4572,229.243,-0.46734,2.53199,0.03666
-9.0957,-1.5881,229.441,-0.47363,2.52295,0.03653
-9.1874,-1.4579,229.21,-0.46785,2.53489,0.03634
-9.1606,-1.4743,229.308,-0.46955,2.53286,0.03473
-9.1531,-1.6052,229.437,-0.47212,2.53124,0.03441
-9.2144,-1.526,229.401,-0.47118,2.53456,0.03471
-9.1907,-1.4464,229.363,-0.46873,2.53438,0.03487
-9.1564,-1.5138,229.378,-0.46862,2.53026,0.03452
-9.1901,-1.4245,229.182,-0.46511,2.53688,0.03465
-9.1571,-1.5803,229.267,-0.47608,2.53626,0.03603
-9.1547,-1.5855,229.328,-0.47708,2.53209,0.037
-9.17,-1.4179,229.238,-0.46706,2.53283,0.0363
-9.1422,-1.6473,229.388,-0.47589,2.52508,0.03652
-9.2064,-1.5618,229.339,-0.47913,2.53314,0.03796
-9.1933,-1.4771,229.252,-0.47326,2.53251,0.03593
-9.2232,-1.3737,229.28,-0.46734,2.53252,0.03543
-9.1877,-1.4308,229.448,-0.46414,2.53091,0.03325
-9.1428,-1.5129,229.469,-0.46578,2.53034,0.0329
-9.2384,-1.4676,229.214,-0.47109,2.53707,0.03563
-9.1533,-1.5914,229.36,-0.47695,2.53096,0.03596
-9.1235,-1.5662,229.434,-0.47068,2.52654,0.03416
-9.1459,-1.4985,229.315,-0.47064,2.52738,0.03458
-9.2116,-1.389,229.301,-0.46608,2.53817,0.03468
-9.1614,-1.4787,229.469,-0.46643,2.53399,0.03409
-9.1341,-1.62,229.469,-0.4706,2.53114,0.03355
-9.122,-1.4678,229.418,-0.45942,2.53222,0.03253
-9.0471,-1.604,229.478,-0.46591,2.52792,0.03305
-9.0125,-1.6778,229.504,-0.4706,2.5273,0.03297
-9.0861,-1.52,229.346,-0.46847,2.53381,0.03465
-9.1203,-1.4829,229.314,-0.46791,2.53118,0.03433
-9.1788,-1.4283,229.322,-0.46393,2.53705,0.03502
-9.2118,-1.4225,229.304,-0.46827,2.53634,0.03565
-9.1867,-1.4935,229.319,-0.46981,2.53628,0.03593
-9.1532,-1.482,229.418,-0.46491,2.53486,0.03553
-9.1698,-1.5486,229.279,-0.47057,2.53871,0.03716
-9.2217,-1.4798,229.229,-0.46852,2.53829,0.03721
-9.127,-1.705,229.291,-0.48089,2.53647,0.03813
-9.1864,-1.5738,229.345,-0.47477,2.53361,0.03596
-9.1756,-1.5465,229.232,-0.47478,2.53707,0.03628
-9.1563,-1.5329,229.266,-0.47152,2.53034,0.03552
-9.1288,-1.5069,229.276,-0.46876,2.52941,0.03447
-9.1628,-1.5403,229.368,-0.47117,2.52882,0.03492
-9.2107,-1.5544,229.317,-0.47734,2.52838,0.03589
-9.1948,-1.4322,229.21,-0.46622,2.53195,0.037
-9.2013,-1.4445,229.295,-0.46377,2.53404,0.03538
-9.1043,-1.5508,229.364,-0.46776,2.52522,0.0349
-9.2093,-1.436,229.245,-0.4644,2.53654,0.03659
-9.1297,-1.5224,229.469,-0.46229,2.52952,0.03435
-9.2418,-1.4581,229.323,-0.46995,2.53935,0.03773
-9.163,-1.6068,229.351,-0.46952,2.53762,0.03731
-9.1992,-1.5099,229.317,-0.46452,2.54,0.03748
-9.24,-1.4672,229.327,-0.46523,2.53706,0.0397
-9.2307,-1.5749,229.295,-0.46983,2.53816,0.0399
-9.1929,-1.6663,229.356,-0.47994,2.53521,0.04047
-9.1645,-1.6347,229.377,-0.47901,2.53519,0.03901
-9.1258,-1.6398,229.415,-0.47019,2.53361,0.03907
-9.1384,-1.6381,229.35,-0.46887,2.54117,0.03975
-9.0961,-1.6814,229.389,-0.47133,2.53579,0.03939
-9.0958,-1.5907,229.472,-0.46443,2.53603,0.03727
-9.0517,-1.6323,229.417,-0.46861,2.53963,0.03774
-9.0433,-1.7087,229.452,-0.46642,2.53794,0.03727
-9.0522,-1.614,229.41,-0.46713,2.53629,0.03892
-9.1191,-1.675,229.455,-0.47333,2.53886,0.03835
-9.1477,-1.5484,229.458,-0.46897,2.54008,0.03819
-9.1299,-1.5087,229.354,-0.46381,2.54177,0.03751
-9.1158,-1.5614,229.32,-0.46493,2.54261,0.03913
-9.2064,-1.3468,229.327,-0.4612,2.54706,0.03804
-9.1259,-1.6201,229.513,-0.46862,2.53694,0.03663
-9.1414,-1.4991,229.498,-0.46223,2.53654,0.03672
-9.065,-1.6795,229.508,-0.46786,2.52824,0.03659
-9.1514,-1.4782,229.396,-0.46411,2.53748,0.03794
-9.0787,-1.7334,229.621,-0.47222,2.52785,0.03696
-9.1277,-1.5483,229.412,-0.46737,2.53186,0.03735
-9.1419,-1.6319,229.424,-0.47091,2.53568,0.03735
-9.1884,-1.6034,229.246,-0.47431,2.54108,0.0386
-9.1206,-1.5106,229.41,-0.46633,2.5326,0.03615
-9.1521,-1.5692,229.417,-0.47017,2.53359,0.03576
-9.1376,-1.6361,229.418,-0.4765,2.53288,0.03802
-9.192,-1.529,229.293,-0.46844,2.53578,0.03704
-9.0844,-1.6589,229.521,-0.47089,2.53079,0.03475
-9.1678,-1.5174,229.351,-0.46671,2.53746,0.03806
-9.1658,-1.4709,229.336,-0.46415,2.5388,0.03553
-9.1025,-1.7361,229.418,-0.48011,2.52815,0.03676
-9.1867,-1.5428,229.368,-0.47354,2.53458,0.03691
-9.253,-1.4713,229.339,-0.47178,2.53559,0.03653
-9.1458,-1.5333,229.435,-0.47038,2.53001,0.03615
-9.2763,-1.3268,229.246,-0.46449,2.54176,0.03781
-9.2017,-1.4018,229.224,-0.46631,2.53687,0.03847
-9.2156,-1.5564,229.236,-0.47648,2.53944,0.03893
-9.1571,-1.6005,229.383,-0.4696,2.53401,0.03754
-9.1993,-1.5893,229.313,-0.47508,2.5378,0.0395
-9.1909,-1.4396,229.324,-0.46878,2.53623,0.03773
-9.1766,-1.5643,229.323,-0.4702,2.53521,0.03788
-9.2482,-1.424,229.296,-0.46345,2.53808,0.03787
-9.1681,-1.638,229.307,-0.47259,2.53293,0.03738
-9.1806,-1.5958,229.425,-0.47271,2.53303,0.03802
-9.1687,-1.5414,229.424,-0.46965,2.5324,0.03732
-9.1345,-1.5863,229.362,-0.4748,2.52948,0.0373
-9.2035,-1.5199,229.401,-0.46771,2.53317,0.03696
-9.2153,-1.4886,229.337,-0.47173,2.53667,0.03794
-9.2603,-1.3693,229.271,-0.46686,2.54035,0.03752
-9.2388,-1.4537,229.386,-0.47014,2.53242,0.03664
-9.2022,-1.5373,229.522,-0.46864,2.52919,0.03592
-9.2339,-1.4311,229.27,-0.47041,2.5345,0.03808
-9.1587,-1.5686,229.344,-0.47229,2.52966,0.0362
-9.2071,-1.4811,229.292,-0.46823,2.53289,0.0366
-9.1775,-1.5485,229.24,-0.47095,2.53104,0.03778
-9.1798,-1.6027,229.262,-0.47854,2.52858,0.03708
-9.1679,-1.5847,229.286,-0.47354,2.53216,0.03726
-9.119,-1.6135,229.475,-0.47012,2.53109,0.0354
-9.1831,-1.4148,229.262,-0.46067,2.53835,0.03618
-9.208,-1.4276,229.288,-0.46494,2.53679,0.03595
-9.1943,-1.5229,229.364,-0.47359,2.53064,0.03548
-9.1697,-1.4726,229.48,-0.46455,2.53205,0.034
-9.1916,-1.5035,229.343,-0.47408,2.53281,0.03741
-9.1173,-1.6003,229.4,-0.47704,2.52771,0.03588
-9.2139,-1.451,229.306,-0.47119,2.53302,0.03677
-9.1624,-1.5279,229.417,-0.47189,2.52402,0.03573
-9.1496,-1.6563,229.376,-0.4741,2.52442,0.03475
-9.1843,-1.483,229.339,-0.46716,2.53162,0.03531
-9.1256,-1.574,229.373,-0.46904,2.52672,0.03533
-9.2173,-1.3845,229.293,-0.46374,2.53299,0.03612
-9.2087,-1.3804,229.213,-0.46672,2.53568,0.03722
-9.1913,-1.5404,229.315,-0.47414,2.53057,0.03751
-9.2153,-1.4739,229.345,-0.46847,2.53169,0.0371
-9.1797,-1.5811,229.299,-0.47384,2.53556,0.03703
-9.1933,-1.5432,229.333,-0.47492,2.53454,0.03648
-9.1771,-1.6155,229.424,-0.47598,2.53284,0.03636
-9.1686,-1.6517,229.392,-0.47636,2.53245,0.03622
-9.2245,-1.4722,229.146,-0.47137,2.53891,0.03774
-9.222,-1.5071,229.238,-0.4708,2.53574,0.03693
-9.1783,-1.4215,229.286,-0.4655,2.53407,0.03727
-9.2075,-1.3561,229.254,-0.46303,2.53455,0.03602
-9.1558,-1.4979,229.388,-0.46781,2.5333,0.03568
-9.112,-1.5851,229.437,-0.47532,2.53164,0.03689
-9.1369,-1.6054,229.406,-0.47018,2.53762,0.03647
-9.1503,-1.5119,229.329,-0.46721,2.54199,0.0366
-9.095,-1.5858,229.465,-0.46668,2.53701,0.03628
-9.085,-1.6415,229.413,-0.46353,2.53856,0.03529
-9.1304,-1.4627,229.367,-0.46276,2.54057,0.03604
-9.1136,-1.6009,229.481,-0.46713,2.54211,0.03678
-9.1443,-1.5817,229.49,-0.4679,2.54239,0.03744
-9.08,-1.6559,229.42,-0.47063,2.54265,0.03846
-9.1057,-1.4594,229.456,-0.4636,2.54307,0.03705
-9.0871,-1.5861,229.562,-0.46553,2.5428,0.03785
-9.086,-1.554,229.539,-0.46197,2.5384,0.03852
-9.1364,-1.4471,229.334,-0.46315,2.54987,0.03912
-9.0728,-1.5895,229.44,-0.46422,2.54314,0.03824
-9.1449,-1.5128,229.277,-0.46806,2.54734,0.04031
-9.0705,-1.6174,229.368,-0.46677,2.54246,0.03981
-9.0633,-1.6037,229.458,-0.46629,2.5407,0.03831
-9.0761,-1.5729,229.534,-0.46688,2.53924,0.03856
-9.1205,-1.568,229.421,-0.46604,2.54603,0.03867
-9.0828,-1.6546,229.48,-0.47023,2.54287,0.03895
-9.015,-1.611,229.508,-0.46256,2.54134,0.03771
-9.1119,-1.5701,229.387,-0.46383,2.54711,0.03943
-9.0223,-1.6166,229.555,-0.46592,2.54111,0.03601
-9.0375,-1.6305,229.443,-0.46623,2.54541,0.03743
-8.9877,-1.6614,229.468,-0.4634,2.54301,0.03659
-9.072,-1.5351,229.385,-0.4618,2.54567,0.03658
-9.0546,-1.591,229.358,-0.46417,2.54116,0.03694
-9.0921,-1.6552,229.466,-0.46616,2.54321,0.038
-9.0153,-1.6828,229.507,-0.464,2.54272,0.03676
-9.1167,-1.5046,229.312,-0.46184,2.54787,0.03893
-9.1026,-1.5853,229.589,-0.46294,2.54043,0.03663
-9.0461,-1.7106,229.543,-0.47025,2.54006,0.03748
-9.1099,-1.5865,229.468,-0.46553,2.54257,0.03863
-9.1082,-1.6414,229.471,-0.47073,2.53563,0.0381
-9.1501,-1.5769,229.481,-0.46898,2.54071,0.03901
-9.1876,-1.5308,229.338,-0.4694,2.54091,0.04091
-9.1169,-1.6792,229.466,-0.47548,2.53845,0.03907
-9.1555,-1.6077,229.334,-0.47749,2.53912,0.03947
-9.2168,-1.4744,229.361,-0.46495,2.54169,0.03908
-9.1292,-1.6324,229.466,-0.46987,2.53256,0.03777
-9.1163,-1.5538,229.407,-0.46936,2.53156,0.03731
-9.183,-1.5289,229.343,-0.47126,2.53081,0.03732
-9.2094,-1.5145,229.292,-0.47433,2.53018,0.03888
-9.1996,-1.5657,229.308,-0.47638,2.53208,0.03797
-9.1287,-1.6773,229.444,-0.47683,2.52722,0.03654
-9.1841,-1.5224,229.398,-0.46883,2.53187,0.03611
-9.1705,-1.5382,229.408,-0.47216,2.53542,0.03694
-9.2132,-1.5452,229.372,-0.47384,2.53517,0.03702
-9.1535,-1.5423,229.32,-0.46991,2.53105,0.03631
-9.2264,-1.5718,229.319,-0.47341,2.54071,0.03782
-9.1244,-1.6092,229.45,-0.46908,2.53303,0.03515
-9.1919,-1.5086,229.307,-0.46961,2.5393,0.03751
-9.2018,-1.555,229.391,-0.47335,2.53964,0.03786
-9.1012,-1.6548,229.513,-0.47692,2.53359,0.0374
-9.1261,-1.5135,229.348,-0.4702,2.53768,0.037
-9.1839,-1.4453,229.418,-0.46409,2.54227,0.03654
-9.1786,-1.4118,229.332,-0.46064,2.54287,0.03526
-9.1273,-1.5404,229.367,-0.46987,2.53547,0.03547
-9.1448,-1.501,229.251,-0.46828,2.5401,0.0364
-9.1101,-1.5526,229.373,-0.47017,2.53153,0.03526
-9.1682,-1.4216,229.351,-0.46276,2.53528,0.03511
-9.0665,-1.672,229.466,-0.47626,2.53212,0.03555
-9.0723,-1.5762,229.549,-0.47021,2.53088,0.03534
-9.0501,-1.685,229.441,-0.47147,2.53264,0.03721
-9.1232,-1.4566,229.505,-0.46108,2.53811,0.0361
-9.1252,-1.391,229.398,-0.45967,2.54186,0.03705
-9.0821,-1.674,229.471,-0.47441,2.53588,0.03821
-9.0807,-1.5414,229.485,-0.4625,2.5375,0.03613
-9.0867,-1.5646,229.452,-0.46133,2.53092,0.03542
-9.1222,-1.4175,229.349,-0.45996,2.54094,0.03542
-9.0906,-1.6699,229.402,-0.47499,2.53808,0.03747
-9.1425,-1.4846,229.447,-0.46602,2.53973,0.03509
-9.2008,-1.5323,229.429,-0.47088,2.54004,0.03659
-9.091,-1.5097,229.515,-0.45773,2.52841,0.03327
-9.12,-1.4317,229.314,-0.46186,2.53633,0.03646
-9.1627,-1.4211,229.369,-0.46424,2.54058,0.03622
-9.1297,-1.5722,229.474,-0.4672,2.52719,0.03682
-9.1395,-1.6148,229.505,-0.47515,2.52744,0.03622
-9.1654,-1.5221,229.537,-0.47144,2.52564,0.03589
-9.15,-1.4478,229.406,-0.46284,2.52759,0.03453
-9.1125,-1.5523,229.41,-0.46752,2.52634,0.03458
-9.153,-1.4587,229.513,-0.46403,2.52741,0.03341
-9.1342,-1.5914,229.41,-0.47482,2.52693,0.03524
-9.1687,-1.3947,229.304,-0.46426,2.53187,0.03383
-9.1153,-1.6527,229.596,-0.4764,2.5247,0.03334
-9.1313,-1.5171,229.478,-0.46938,2.52934,0.0337
-9.2058,-1.5061,229.402,-0.4703,2.53087,0.0349
-9.1195,-1.587,229.371,-0.46871,2.52514,0.03397
-9.1029,-1.6633,229.445,-0.47865,2.52623,0.0359
-9.163,-1.5772,229.399,-0.47905,2.52913,0.03486
-9.1859,-1.5326,229.361,-0.47506,2.53243,0.03618
-9.1913,-1.4676,229.442,-0.47286,2.53322,0.0346
-9.1775,-1.4547,229.478,-0.46837,2.52795,0.03401
-9.183,-1.3611,229.387,-0.46744,2.53685,0.03498
-9.1203,-1.4866,229.491,-0.46891,2.52716,0.03373
-9.1335,-1.5314,229.392,-0.4699,2.52921,0.03411
-9.118,-1.6081,229.44,-0.47059,2.52933,0.03452
-9.1656,-1.5243,229.323,-0.478,2.53309,0.03561
-9.1122,-1.6698,229.45,-0.47935,2.52838,0.03569
-9.0961,-1.5866,229.405,-0.47399,2.52546,0.03565
-9.166,-1.4567,229.252,-0.47478,2.53475,0.03744
-9.1808,-1.5196,229.387,-0.478,2.53055,0.0389
-9.1946,-1.426,229.438,-0.46764,2.53652,0.03707
-9.1638,-1.5488,229.338,-0.47256,2.54015,0.03771
-9.2046,-1.3961,229.335,-0.4643,2.54286,0.03718
-9.0479,-1.559,229.544,-0.46534,2.53032,0.03479
-9.1019,-1.4643,229.473,-0.46513,2.53892,0.03661
-9.0129,-1.6741,229.58,-0.46983,2.53052,0.03536
-9.105,-1.5517,229.483,-0.46869,2.53808,0.0354
-9.0576,-1.4593,229.509,-0.46425,2.53673,0.03506
-9.0591,-1.4628,229.512,-0.46728,2.53537,0.03457
-9.0703,-1.5499,229.554,-0.47063,2.53333,0.03569
-9.1116,-1.5128,229.425,-0.46739,2.54144,0.03658
-9.0535,-1.6016,229.59,-0.46719,2.53144,0.03485
-9.0803,-1.5807,229.589,-0.4701,2.52966,0.03571
-9.1379,-1.5266,229.49,-0.47112,2.52873,0.03644
-9.1566,-1.5488,229.504,-0.47418,2.52429,0.03631
-9.1407,-1.5558,229.416,-0.47457,2.53162,0.03779
-9.157,-1.4934,229.438,-0.46834,2.53006,0.0366
